0.000000000000000000e+00 0.000000000000000000e+00
5.000000000000000278e-02 -4.574976413212776595e-11
1.000000000000000056e-01 -7.307559446222653855e-10
1.500000000000000222e-01 -3.689011263569743936e-09
2.000000000000000111e-01 -1.161306039592695329e-08
2.500000000000000000e-01 -2.820835752028752766e-08
3.000000000000000444e-01 -5.813040273975906419e-08
3.500000000000000333e-01 -1.069056727392322081e-07
4.000000000000000222e-01 -1.808376222396543931e-07
4.500000000000000111e-01 -2.868992729335576418e-07
5.000000000000000000e-01 -4.326141216299331890e-07
5.500000000000000444e-01 -6.259272856854563224e-07
6.000000000000000888e-01 -8.750689582940645793e-07
6.500000000000000222e-01 -1.188412366202240225e-06
7.000000000000000666e-01 -1.574328505831277571e-06
7.500000000000000000e-01 -2.041039979146008040e-06
8.000000000000000444e-01 -2.596476257080106654e-06
8.500000000000000888e-01 -3.248132665747120000e-06
9.000000000000000222e-01 -4.002935319552296123e-06
9.500000000000000666e-01 -4.867114116877305395e-06
1.000000000000000000e+00 -5.846085770118358953e-06
1.050000000000000044e+00 -6.944348665052404635e-06
1.100000000000000089e+00 -8.165391137938449962e-06
1.150000000000000133e+00 -9.511614526153067413e-06
1.200000000000000178e+00 -1.098427209373879262e-05
1.250000000000000000e+00 -1.258342466167258151e-05
1.300000000000000044e+00 -1.430791348894424741e-05
1.350000000000000089e+00 -1.615535065993048199e-05
1.400000000000000133e+00 -1.812212694146135078e-05
1.450000000000000178e+00 -2.020343678484411577e-05
1.500000000000000000e+00 -2.239331986929822796e-05
1.550000000000000044e+00 -2.468471831893865895e-05
1.600000000000000089e+00 -2.706954848049364940e-05
1.650000000000000133e+00 -2.953878592782010860e-05
1.700000000000000178e+00 -3.208256216593556310e-05
1.750000000000000000e+00 -3.469027134507825087e-05
1.800000000000000044e+00 -3.735068516691589279e-05
1.850000000000000089e+00 -4.005207407239978659e-05
1.900000000000000133e+00 -4.278233274507654637e-05
1.950000000000000178e+00 -4.552910794529978396e-05
2.000000000000000000e+00 -4.827992670929499131e-05
2.050000000000000266e+00 -5.102232300120962128e-05
2.100000000000000089e+00 -5.374396099414910203e-05
2.149999999999999911e+00 -5.643275327509601069e-05
2.200000000000000178e+00 -5.907697241523393518e-05
2.250000000000000000e+00 -6.166535451772126389e-05
2.300000000000000266e+00 -6.418719354511297464e-05
2.350000000000000089e+00 -6.663242543381528730e-05
2.400000000000000355e+00 -6.899170121838170400e-05
2.450000000000000178e+00 -7.125644860922940511e-05
2.500000000000000000e+00 -7.341892168863323263e-05
2.550000000000000266e+00 -7.547223860694397520e-05
2.600000000000000089e+00 -7.741040736946875733e-05
2.650000000000000355e+00 -7.922834000029402659e-05
2.700000000000000178e+00 -8.092185554894830283e-05
2.750000000000000000e+00 -8.248767256615147862e-05
2.800000000000000266e+00 -8.392339181353394503e-05
2.850000000000000089e+00 -8.522747008732531034e-05
2.900000000000000355e+00 -8.639918612646117822e-05
2.950000000000000178e+00 -8.743859964084035787e-05
3.000000000000000000e+00 -8.834650453574334115e-05
3.050000000000000266e+00 -8.912437742444522199e-05
3.100000000000000089e+00 -8.977432251414119158e-05
3.150000000000000355e+00 -9.029901392225349755e-05
3.200000000000000178e+00 -9.070163643322514248e-05
3.250000000000000000e+00 -9.098582564257763259e-05
3.300000000000000266e+00 -9.115560835810655694e-05
3.350000000000000089e+00 -9.121534404054891152e-05
3.400000000000000355e+00 -9.116966797086600502e-05
3.450000000000000178e+00 -9.102343673140420022e-05
3.500000000000000000e+00 -9.078167648646317102e-05
3.550000000000000266e+00 -9.044953444685705087e-05
3.600000000000000089e+00 -9.003223380529820955e-05
3.650000000000000355e+00 -8.953503233694239821e-05
3.700000000000000178e+00 -8.896318477395244060e-05
3.750000000000000000e+00 -8.832190898583084314e-05
3.800000000000000266e+00 -8.761635592952849512e-05
3.850000000000000089e+00 -8.685158327556856319e-05
3.900000000000000355e+00 -8.603253256887587316e-05
3.950000000000000178e+00 -8.516400974558258237e-05
4.000000000000000000e+00 -8.425066879940099345e-05
4.049999999999999822e+00 -8.329699837255847693e-05
4.100000000000000533e+00 -8.230731103592208516e-05
4.150000000000000355e+00 -8.128573501978126432e-05
4.200000000000000178e+00 -8.023620815968283200e-05
4.250000000000000000e+00 -7.916247382955312055e-05
4.299999999999999822e+00 -7.806807864591536737e-05
4.350000000000000533e+00 -7.695637174118748788e-05
4.400000000000000355e+00 -7.583050541977100114e-05
4.450000000000000178e+00 -7.469343702697822977e-05
4.500000000000000000e+00 -7.354793187699468367e-05
4.549999999999999822e+00 -7.239656710138438255e-05
4.600000000000000533e+00 -7.124173629364420959e-05
4.650000000000000355e+00 -7.008565483766859112e-05
4.700000000000000178e+00 -6.893036581854092477e-05
4.750000000000000000e+00 -6.777774642279442115e-05
4.800000000000000711e+00 -6.662951474228991815e-05
4.850000000000000533e+00 -6.548723690133502050e-05
4.900000000000000355e+00 -6.435233443090718523e-05
4.950000000000000178e+00 -6.322609181716085623e-05
5.000000000000000000e+00 -6.210966415415392571e-05
5.050000000000000711e+00 -6.100408483326756121e-05
5.100000000000000533e+00 -5.991027320444477898e-05
5.150000000000000355e+00 -5.882904214741586951e-05
5.200000000000000178e+00 -5.776110549473956288e-05
5.250000000000000000e+00 -5.670708525292217817e-05
5.300000000000000711e+00 -5.566751857315924785e-05
5.350000000000000533e+00 -5.464286442938360634e-05
5.400000000000000355e+00 -5.363350996822578980e-05
5.450000000000000178e+00 -5.263977650306284008e-05
5.500000000000000000e+00 -5.166192513236013564e-05
5.550000000000000711e+00 -5.070016197076161757e-05
5.600000000000000533e+00 -4.975464298959854104e-05
5.650000000000000355e+00 -4.882547847139335264e-05
5.700000000000000178e+00 -4.791273709026758367e-05
5.750000000000000000e+00 -4.701644963667334483e-05
5.800000000000000711e+00 -4.613661241034634547e-05
5.850000000000000533e+00 -4.527319030965410167e-05
5.900000000000000355e+00 -4.442611964847425192e-05
5.950000000000000178e+00 -4.359531073332799644e-05
6.000000000000000000e+00 -4.278065023371778800e-05
6.050000000000000711e+00 -4.198200337754500768e-05
6.100000000000000533e+00 -4.119921600123063786e-05
6.150000000000000355e+00 -4.043211648090304301e-05
6.200000000000000178e+00 -3.968051756696262859e-05
6.250000000000000000e+00 -3.894421813971727980e-05
6.300000000000000711e+00 -3.822300489886880294e-05
6.350000000000000533e+00 -3.751665399466764329e-05
6.400000000000000355e+00 -3.682493260379785611e-05
6.450000000000000178e+00 -3.614760044873335527e-05
6.500000000000000000e+00 -3.548441125561288523e-05
6.550000000000000711e+00 -3.483511414277934936e-05
6.600000000000000533e+00 -3.419945493012357013e-05
6.650000000000000355e+00 -3.357717735832773184e-05
6.700000000000000178e+00 -3.296802420702685894e-05
6.750000000000000000e+00 -3.237173830175825662e-05
6.800000000000000711e+00 -3.178806340125912464e-05
6.850000000000000533e+00 -3.121674495907743129e-05
6.900000000000000355e+00 -3.065753075641451436e-05
6.950000000000000178e+00 -3.011017140644306342e-05
7.000000000000000000e+00 -2.957442073383606456e-05
7.050000000000000711e+00 -2.905003603670797509e-05
7.100000000000000533e+00 -2.853677824141046226e-05
7.150000000000000355e+00 -2.803441196347073171e-05
7.200000000000000178e+00 -2.754270549025601567e-05
7.250000000000000000e+00 -2.706143070258091763e-05
7.300000000000000711e+00 -2.659036295335917178e-05
7.350000000000000533e+00 -2.612928092150472364e-05
7.400000000000000355e+00 -2.567796645860586120e-05
7.450000000000000178e+00 -2.523620444447694934e-05
7.500000000000000000e+00 -2.480378266561244095e-05
7.550000000000000711e+00 -2.438049172794134830e-05
7.600000000000000533e+00 -2.396612501224254583e-05
7.650000000000000355e+00 -2.356047867728940367e-05
7.700000000000000178e+00 -2.316335171241254927e-05
7.750000000000000000e+00 -2.277454603786438129e-05
7.800000000000000711e+00 -2.239386664830214782e-05
7.850000000000000533e+00 -2.202112179201861039e-05
7.900000000000000355e+00 -2.165612317636144194e-05
7.950000000000000178e+00 -2.129868618819099002e-05
8.000000000000000000e+00 -2.094863011728908593e-05
8.050000000000000711e+00 -2.060577837037917454e-05
8.099999999999999645e+00 -2.026995866384089914e-05
8.150000000000000355e+00 -1.994100318425941641e-05
8.200000000000001066e+00 -1.961874870757124629e-05
8.250000000000000000e+00 -1.930303666965087835e-05
8.300000000000000711e+00 -1.899371318361220578e-05
8.349999999999999645e+00 -1.869062900173737256e-05
8.400000000000000355e+00 -1.839363942265448502e-05
8.450000000000001066e+00 -1.810260414702221176e-05
8.500000000000000000e+00 -1.781738708740940335e-05
8.550000000000000711e+00 -1.753785614016320035e-05
8.599999999999999645e+00 -1.726388292873440457e-05
8.650000000000000355e+00 -1.699534252910188636e-05
8.700000000000001066e+00 -1.673211318855588088e-05
8.750000000000000000e+00 -1.647407604914374340e-05
8.800000000000000711e+00 -1.622111488656151297e-05
8.849999999999999645e+00 -1.597311587422724051e-05
8.900000000000000355e+00 -1.572996738076142163e-05
8.950000000000001066e+00 -1.549155980721337653e-05
9.000000000000000000e+00 -1.525778546821167699e-05
9.050000000000000711e+00 -1.502853851889765454e-05
9.099999999999999645e+00 -1.480371492714451215e-05
9.150000000000000355e+00 -1.458321248828913128e-05
9.200000000000001066e+00 -1.436693087752503731e-05
9.250000000000000000e+00 -1.415477173332075893e-05
9.300000000000000711e+00 -1.394663876382549768e-05
9.349999999999999645e+00 -1.374243786726335880e-05
9.400000000000000355e+00 -1.354207725683928597e-05
9.450000000000001066e+00 -1.334546758069719884e-05
9.500000000000000000e+00 -1.315252202797213996e-05
9.550000000000000711e+00 -1.296315641292816652e-05
9.600000000000001421e+00 -1.277728923051326951e-05
9.650000000000000355e+00 -1.259484167831594825e-05
9.700000000000001066e+00 -1.241573764178459735e-05
9.750000000000000000e+00 -1.223990364156959777e-05
9.800000000000000711e+00 -1.206726874386461679e-05
9.850000000000001421e+00 -1.189776443655551215e-05
9.900000000000000355e+00 -1.173132447573472461e-05
9.950000000000001066e+00 -1.156788470862112062e-05
1.000000000000000000e+01 -1.140738288006916276e-05
1.005000000000000071e+01 -1.124975843060586364e-05
1.010000000000000142e+01 -1.109495229426785006e-05
1.015000000000000036e+01 -1.094290670441520586e-05
1.020000000000000107e+01 -1.079356501518755017e-05
1.025000000000000000e+01 -1.064687154537361701e-05
1.030000000000000071e+01 -1.050277145024258350e-05
1.035000000000000142e+01 -1.036121062540195091e-05
1.040000000000000036e+01 -1.022213564508255136e-05
1.045000000000000107e+01 -1.008549373549560245e-05
1.050000000000000000e+01 -9.951232782150558649e-06
1.055000000000000071e+01 -9.819301368354217360e-06
1.060000000000000142e+01 -9.689648840616519365e-06
1.065000000000000036e+01 -9.562225395438018962e-06
1.070000000000000107e+01 -9.436982181007636081e-06
1.075000000000000000e+01 -9.313871406740641928e-06
1.080000000000000071e+01 -9.192846453358493298e-06
1.085000000000000142e+01 -9.073861976360256439e-06
1.090000000000000036e+01 -8.956873996244477283e-06
1.095000000000000107e+01 -8.841839969679113988e-06
1.100000000000000000e+01 -8.728718836935376893e-06
1.105000000000000071e+01 -8.617471042238384571e-06
1.110000000000000142e+01 -8.508058525170072479e-06
1.115000000000000036e+01 -8.400444682810831768e-06
1.120000000000000107e+01 -8.294594303843898442e-06
1.125000000000000000e+01 -8.190473477294568419e-06
1.130000000000000071e+01 -8.088049479860102582e-06
1.135000000000000142e+01 -7.987290646845514121e-06
1.140000000000000036e+01 -7.888166232502892390e-06
1.145000000000000107e+01 -7.790646266044775337e-06
1.150000000000000000e+01 -7.694701409744085963e-06
1.155000000000000071e+01 -7.600302825345134030e-06
1.160000000000000142e+01 -7.507422054505675348e-06
1.165000000000000036e+01 -7.416030918201390920e-06
1.170000000000000107e+01 -7.326101438995340334e-06
1.175000000000000000e+01 -7.237605788864531155e-06
1.180000000000000071e+01 -7.150516263945764588e-06
1.185000000000000142e+01 -7.064805286186543346e-06
1.190000000000000036e+01 -6.980445430532361855e-06
1.195000000000000107e+01 -6.897409475019819706e-06
1.200000000000000000e+01 -6.815670470037895885e-06
1.205000000000000071e+01 -6.735201822121207401e-06
1.210000000000000142e+01 -6.655977386992223939e-06
1.215000000000000036e+01 -6.577971566202833834e-06
1.220000000000000107e+01 -6.501159401653295455e-06
1.225000000000000000e+01 -6.425516662487699782e-06
1.230000000000000071e+01 -6.351019919363845325e-06
1.235000000000000142e+01 -6.277646601840730810e-06
1.240000000000000036e+01 -6.205375035578497336e-06
1.245000000000000107e+01 -6.134184457149760840e-06
1.250000000000000000e+01 -6.064055005460487170e-06
1.255000000000000071e+01 -5.994967690009158642e-06
1.260000000000000142e+01 -5.926904337412369431e-06
1.265000000000000036e+01 -5.859847518730936066e-06
1.270000000000000107e+01 -5.793780461090406018e-06
1.275000000000000000e+01 -5.728686947854133701e-06
1.280000000000000071e+01 -5.664551212141509129e-06
1.285000000000000142e+01 -5.601357828764508407e-06
1.290000000000000036e+01 -5.539091609671594203e-06
1.295000000000000107e+01 -5.477737507742354799e-06
1.300000000000000000e+01 -5.417280533286923307e-06
1.305000000000000071e+01 -5.357705686898027770e-06
1.310000000000000142e+01 -5.298997911421678566e-06
1.315000000000000036e+01 -5.241142064801774927e-06
1.320000000000000107e+01 -5.184122914468204190e-06
1.325000000000000000e+01 -5.127925152834182858e-06
1.330000000000000071e+01 -5.072533432403187123e-06
1.335000000000000142e+01 -5.017932418013042955e-06
1.340000000000000036e+01 -4.964106852912265828e-06
1.345000000000000107e+01 -4.911041634713652482e-06
1.350000000000000000e+01 -4.858721896830761844e-06
1.355000000000000071e+01 -4.807133090795846394e-06
1.360000000000000142e+01 -4.756261064888955886e-06
1.365000000000000036e+01 -4.706092134772016515e-06
1.370000000000000107e+01 -4.656613142303481788e-06
1.375000000000000000e+01 -4.607811499378413296e-06
1.380000000000000071e+01 -4.559675214460561275e-06
1.385000000000000142e+01 -4.512192900402422651e-06
1.390000000000000036e+01 -4.465353763136223800e-06
1.395000000000000107e+01 -4.419147571813745028e-06
1.400000000000000000e+01 -4.373564611923094381e-06
1.405000000000000071e+01 -4.328595623769245094e-06
1.410000000000000142e+01 -4.284231729428800054e-06
1.415000000000000036e+01 -4.240464351843438413e-06
1.420000000000000107e+01 -4.197285130074817238e-06
1.425000000000000000e+01 -4.154685834890238692e-06
1.430000000000000071e+01 -4.112658288779360010e-06
1.435000000000000142e+01 -4.071194294223717423e-06
1.440000000000000036e+01 -4.030285573569641781e-06
1.445000000000000107e+01 -3.989923723219559716e-06
1.450000000000000000e+01 -3.950100184089064158e-06
1.455000000000000071e+01 -3.910806229421621175e-06
1.460000000000000142e+01 -3.872032970151308358e-06
1.465000000000000036e+01 -3.833771377106413884e-06
1.470000000000000107e+01 -3.796012318496043412e-06
1.475000000000000000e+01 -3.758746610363556278e-06
1.480000000000000071e+01 -3.721965077060716544e-06
1.485000000000000142e+01 -3.685658618325899049e-06
1.490000000000000036e+01 -3.649818279261023902e-06
1.495000000000000107e+01 -3.614435319406202245e-06
1.500000000000000000e+01 -3.579501277212530801e-06
1.505000000000000071e+01 -3.545008026502224936e-06
1.510000000000000142e+01 -3.510947821965891852e-06
1.515000000000000036e+01 -3.477313331351855276e-06
1.520000000000000107e+01 -3.444097652720456303e-06
1.525000000000000000e+01 -3.411294315927440175e-06
1.530000000000000071e+01 -3.378897268325196486e-06
1.535000000000000142e+01 -3.346900845483936691e-06
1.540000000000000036e+01 -3.315299728497471463e-06
1.545000000000000107e+01 -3.284088890109734989e-06
1.550000000000000000e+01 -3.253263532446862505e-06
1.555000000000000071e+01 -3.222819019537970468e-06
1.560000000000000142e+01 -3.192750808037494355e-06
1.565000000000000036e+01 -3.163054379614066323e-06
1.570000000000000107e+01 -3.133725178343785496e-06
1.575000000000000000e+01 -3.104758556149301752e-06
1.580000000000000071e+01 -3.076149728877351267e-06
1.585000000000000142e+01 -3.047893745030777514e-06
1.590000000000000036e+01 -3.019985468498349403e-06
1.595000000000000107e+01 -2.992419575892629893e-06
1.600000000000000000e+01 -2.965190568350375272e-06
1.605000000000000071e+01 -2.938292796911247799e-06
1.610000000000000142e+01 -2.911720499906542451e-06
1.615000000000000213e+01 -2.885467850194032589e-06
1.619999999999999929e+01 -2.859529009598294511e-06
1.625000000000000000e+01 -2.833898187579879576e-06
1.630000000000000071e+01 -2.808569700978394078e-06
1.635000000000000142e+01 -2.783538031659374605e-06
1.640000000000000213e+01 -2.758797879043198035e-06
1.644999999999999929e+01 -2.734344204795909071e-06
1.650000000000000000e+01 -2.710172267398901477e-06
1.655000000000000071e+01 -2.686277644863989508e-06
1.660000000000000142e+01 -2.662656244491813616e-06
1.665000000000000213e+01 -2.639304299252394543e-06
1.669999999999999929e+01 -2.616218351060509715e-06
1.675000000000000000e+01 -2.593395221890375144e-06
1.680000000000000071e+01 -2.570831974289377120e-06
1.685000000000000142e+01 -2.548525863378505294e-06
1.690000000000000213e+01 -2.526474282841121040e-06
1.694999999999999929e+01 -2.504674707683191545e-06
1.700000000000000000e+01 -2.483124636682227016e-06
1.705000000000000071e+01 -2.461821537425843665e-06
1.710000000000000142e+01 -2.440762796675357293e-06
1.715000000000000213e+01 -2.419945678485031612e-06
1.719999999999999929e+01 -2.399367292083030188e-06
1.725000000000000000e+01 -2.379024570995840528e-06
1.730000000000000071e+01 -2.358914264304412260e-06
1.735000000000000142e+01 -2.339032940287779893e-06
1.740000000000000213e+01 -2.319377002071375216e-06
1.744999999999999929e+01 -2.299942714285892186e-06
1.750000000000000000e+01 -2.280726239188764288e-06
1.755000000000000071e+01 -2.261723680233058800e-06
1.760000000000000142e+01 -2.242931130709271724e-06
1.765000000000000213e+01 -2.224344724852748787e-06
1.769999999999999929e+01 -2.205960688713444253e-06
1.775000000000000000e+01 -2.187775388127686953e-06
1.780000000000000071e+01 -2.169785371312032054e-06
1.785000000000000142e+01 -2.151987403904056944e-06
1.790000000000000213e+01 -2.134378494688507311e-06
1.794999999999999929e+01 -2.116955910746677078e-06
1.800000000000000000e+01 -2.099717181325434666e-06
1.805000000000000071e+01 -2.082660090310982480e-06
1.810000000000000142e+01 -2.065782657780414087e-06
1.815000000000000213e+01 -2.049083111661442772e-06
1.819999999999999929e+01 -2.032559851028605970e-06
1.825000000000000000e+01 -2.016211402978527960e-06
1.830000000000000071e+01 -2.000036375336687378e-06
1.835000000000000142e+01 -1.984033407638369911e-06
1.840000000000000213e+01 -1.968201122889959838e-06
1.844999999999999929e+01 -1.952538082549881736e-06
1.850000000000000000e+01 -1.937042746977564637e-06
1.855000000000000071e+01 -1.921713443293935590e-06
1.860000000000000142e+01 -1.906548342195827774e-06
1.865000000000000213e+01 -1.891545444790225317e-06
1.869999999999999929e+01 -1.876702579988306503e-06
1.875000000000000000e+01 -1.862017412451144970e-06
1.880000000000000071e+01 -1.847487460536668567e-06
1.885000000000000142e+01 -1.833110123189881762e-06
1.890000000000000213e+01 -1.818882714269882952e-06
1.894999999999999929e+01 -1.804802502441089692e-06
1.900000000000000000e+01 -1.790866754490406638e-06
1.905000000000000071e+01 -1.777072779778357567e-06
1.910000000000000142e+01 -1.763417973498587313e-06
1.915000000000000213e+01 -1.749899856506110100e-06
1.920000000000000284e+01 -1.736516109674898391e-06
1.925000000000000000e+01 -1.723264601048269762e-06
1.930000000000000071e+01 -1.710143404434984928e-06
1.935000000000000142e+01 -1.697150808558028369e-06
1.940000000000000213e+01 -1.684285316358864360e-06
1.945000000000000284e+01 -1.671545634570723124e-06
1.950000000000000000e+01 -1.658930654174585702e-06
1.955000000000000071e+01 -1.646439422814321262e-06
1.960000000000000142e+01 -1.634071110651213935e-06
1.965000000000000213e+01 -1.621824971460274030e-06
1.970000000000000284e+01 -1.609700300998429549e-06
1.975000000000000000e+01 -1.597696394794349207e-06
1.980000000000000071e+01 -1.585812507518705691e-06
1.985000000000000142e+01 -1.574047815990852158e-06
1.990000000000000213e+01 -1.562401387670508227e-06
1.995000000000000284e+01 -1.550872156183074156e-06
2.000000000000000000e+01 -1.539458905050159962e-06
2.005000000000000071e+01 -1.528160260363193630e-06
2.010000000000000142e+01 -1.516974692671578050e-06
2.015000000000000213e+01 -1.505900527879629274e-06
2.020000000000000284e+01 -1.494935966486061276e-06
2.025000000000000000e+01 -1.484079110076984005e-06
2.030000000000000071e+01 -1.473327993621463782e-06
2.035000000000000142e+01 -1.462680621834459903e-06
2.040000000000000213e+01 -1.452135007680046832e-06
2.045000000000000284e+01 -1.441689210996678186e-06
2.050000000000000000e+01 -1.431341375239927392e-06
2.055000000000000071e+01 -1.421089760454762624e-06
2.060000000000000142e+01 -1.410932770801799679e-06
2.065000000000000213e+01 -1.400868975258804787e-06
2.070000000000000284e+01 -1.390897120483316817e-06
2.075000000000000000e+01 -1.381016135235672488e-06
2.080000000000000071e+01 -1.371225126201978162e-06
2.085000000000000142e+01 -1.361523365500820468e-06
2.090000000000000213e+01 -1.351910270583235879e-06
2.095000000000000284e+01 -1.342385377619833145e-06
2.100000000000000000e+01 -1.332948309794704934e-06
2.105000000000000071e+01 -1.323598742173878721e-06
2.110000000000000142e+01 -1.314336364977340543e-06
2.115000000000000213e+01 -1.305160847148408614e-06
2.120000000000000284e+01 -1.296071802081740542e-06
2.125000000000000000e+01 -1.287068757242203977e-06
2.130000000000000071e+01 -1.278151129191560272e-06
2.135000000000000142e+01 -1.269318205246482075e-06
2.140000000000000213e+01 -1.260569132640091885e-06
2.145000000000000284e+01 -1.251902915664029910e-06
2.150000000000000000e+01 -1.243318420853948261e-06
2.155000000000000071e+01 -1.234814389866466441e-06
2.160000000000000142e+01 -1.226389459303340506e-06
2.165000000000000213e+01 -1.218042186388172709e-06
2.170000000000000284e+01 -1.209771079109792261e-06
2.175000000000000000e+01 -1.201574629229727447e-06
2.180000000000000071e+01 -1.193451346418416060e-06
2.185000000000000142e+01 -1.185399791742786799e-06
2.190000000000000213e+01 -1.177418608777621453e-06
2.195000000000000284e+01 -1.169506550751458011e-06
2.200000000000000000e+01 -1.161662502356080962e-06
2.205000000000000071e+01 -1.153885495136483353e-06
2.210000000000000142e+01 -1.146174715718071972e-06
2.215000000000000213e+01 -1.138529506503775889e-06
2.220000000000000284e+01 -1.130949358864549112e-06
2.225000000000000000e+01 -1.123433899233363245e-06
2.230000000000000071e+01 -1.115982868874318518e-06
2.235000000000000142e+01 -1.108596098417418995e-06
2.240000000000000213e+01 -1.101273478509439368e-06
2.245000000000000284e+01 -1.094014928119433733e-06
2.250000000000000000e+01 -1.086820362144339367e-06
2.255000000000000071e+01 -1.079689659981999901e-06
2.260000000000000142e+01 -1.072622636674419556e-06
2.265000000000000213e+01 -1.065619018077625455e-06
2.270000000000000284e+01 -1.058678421294540557e-06
2.275000000000000000e+01 -1.051800341325720698e-06
2.280000000000000071e+01 -1.044984144564104913e-06
2.285000000000000142e+01 -1.038229069402714361e-06
2.290000000000000213e+01 -1.031534233855148346e-06
2.295000000000000284e+01 -1.024898649729444441e-06
2.300000000000000000e+01 -1.018321242561769014e-06
2.305000000000000071e+01 -1.011800876227627395e-06
2.310000000000000142e+01 -1.005336380916260922e-06
2.315000000000000213e+01 -9.989265829929749781e-07
2.320000000000000284e+01 -9.925703351888835803e-07
2.325000000000000000e+01 -9.862665455550853241e-07
2.330000000000000071e+01 -9.800142036950092723e-07
2.335000000000000142e+01 -9.738124029416454563e-07
2.340000000000000213e+01 -9.676603573669735787e-07
2.345000000000000284e+01 -9.615574127861597842e-07
2.350000000000000000e+01 -9.555030512360970431e-07
2.355000000000000071e+01 -9.494968887478154380e-07
2.360000000000000142e+01 -9.435386665796430906e-07
2.365000000000000213e+01 -9.376282364131328747e-07
2.370000000000000284e+01 -9.317655403205709009e-07
2.375000000000000000e+01 -9.259505865753547639e-07
2.380000000000000071e+01 -9.201834225815390435e-07
2.385000000000000142e+01 -9.144641063366239323e-07
2.390000000000000213e+01 -9.087926779052616945e-07
2.395000000000000284e+01 -9.031691323688170263e-07
2.400000000000000000e+01 -8.975933956273628531e-07
2.405000000000000071e+01 -8.920653042724041336e-07
2.410000000000000142e+01 -8.865845905290317013e-07
2.415000000000000213e+01 -8.811508729966560356e-07
2.420000000000000284e+01 -8.757636536129962796e-07
2.425000000000000000e+01 -8.704223209421256634e-07
2.430000000000000071e+01 -8.651261595607208903e-07
2.435000000000000142e+01 -8.598743650046380229e-07
2.440000000000000213e+01 -8.546660634561275350e-07
2.445000000000000284e+01 -8.495003351145177172e-07
2.450000000000000000e+01 -8.443762400123892469e-07
2.455000000000000071e+01 -8.392928449233883484e-07
2.460000000000000142e+01 -8.342492499629017850e-07
2.465000000000000213e+01 -8.292446135099405000e-07
2.470000000000000284e+01 -8.242781741764629167e-07
2.475000000000000000e+01 -8.193492687127570821e-07
2.480000000000000071e+01 -8.144573449560547190e-07
2.485000000000000142e+01 -8.096019691918096505e-07
2.490000000000000213e+01 -8.047828275905946441e-07
2.495000000000000284e+01 -7.999997216908884691e-07
2.500000000000000000e+01 -7.952525582054528099e-07
2.505000000000000071e+01 -7.905413337189195332e-07
2.510000000000000142e+01 -7.858661151030466115e-07
2.515000000000000213e+01 -7.812270166899286543e-07
2.520000000000000284e+01 -7.766241754023505292e-07
2.525000000000000000e+01 -7.720577251358402079e-07
2.530000000000000071e+01 -7.675277717156414136e-07
2.535000000000000142e+01 -7.630343697113178249e-07
2.540000000000000213e+01 -7.585775022861681208e-07
2.545000000000000284e+01 -7.541570650926462590e-07
2.550000000000000000e+01 -7.497728550088637795e-07
2.555000000000000071e+01 -7.454245642554443312e-07
2.560000000000000142e+01 -7.411117801506641279e-07
2.565000000000000213e+01 -7.368339904692105484e-07
2.570000000000000284e+01 -7.325905940817205293e-07
2.575000000000000000e+01 -7.283809162826893075e-07
2.580000000000000071e+01 -7.242042279772026087e-07
2.585000000000000142e+01 -7.200597677053780743e-07
2.590000000000000213e+01 -7.159467653443567115e-07
2.595000000000000284e+01 -7.118644662510488897e-07
2.600000000000000000e+01 -7.078121545953033993e-07
2.605000000000000071e+01 -7.037891746852511886e-07
2.610000000000000142e+01 -6.997949491985783521e-07
2.615000000000000213e+01 -6.958289934021661655e-07
2.620000000000000284e+01 -6.918909246558833400e-07
2.625000000000000000e+01 -6.879804667449171896e-07
2.630000000000000071e+01 -6.840974488552004609e-07
2.635000000000000142e+01 -6.802417992838766034e-07
2.640000000000000213e+01 -6.764135342472509967e-07
2.645000000000000284e+01 -6.726127423989577918e-07
2.650000000000000000e+01 -6.688395658870450988e-07
2.655000000000000071e+01 -6.650941789509823627e-07
2.660000000000000142e+01 -6.613767651786893573e-07
2.665000000000000213e+01 -6.576874946043152562e-07
2.670000000000000284e+01 -6.540265018265442794e-07
2.675000000000000000e+01 -6.503938662659604416e-07
2.680000000000000071e+01 -6.467895955609862648e-07
2.685000000000000142e+01 -6.432136129330068712e-07
2.690000000000000213e+01 -6.396657491400415930e-07
2.695000000000000284e+01 -6.361457393974173143e-07
2.700000000000000000e+01 -6.326532253852599555e-07
2.705000000000000071e+01 -6.291877621988953195e-07
2.710000000000000142e+01 -6.257488298455089122e-07
2.715000000000000213e+01 -6.223358486581798308e-07
2.720000000000000284e+01 -6.189481978019007467e-07
2.725000000000000000e+01 -6.155852358925052708e-07
2.730000000000000071e+01 -6.122463226481723144e-07
2.735000000000000142e+01 -6.089308404478250126e-07
2.740000000000000213e+01 -6.056382146840541685e-07
2.745000000000000284e+01 -6.023679318683403511e-07
2.750000000000000000e+01 -5.991195545704849527e-07
2.755000000000000071e+01 -5.958927324434565639e-07
2.760000000000000142e+01 -5.926872087929354200e-07
2.765000000000000213e+01 -5.895028223839586561e-07
2.770000000000000284e+01 -5.863395044252764448e-07
2.775000000000000000e+01 -5.831972709208508406e-07
2.780000000000000071e+01 -5.800762108156583769e-07
2.785000000000000142e+01 -5.769764705764075373e-07
2.790000000000000213e+01 -5.738982360272697798e-07
2.795000000000000284e+01 -5.708417123959467272e-07
2.800000000000000000e+01 -5.678071036110631471e-07
2.805000000000000071e+01 -5.647945919226806604e-07
2.810000000000000142e+01 -5.618043188935491989e-07
2.815000000000000213e+01 -5.588363687301668060e-07
2.820000000000000284e+01 -5.558907547955228278e-07
2.825000000000000000e+01 -5.529674099747806355e-07
2.830000000000000071e+01 -5.500661813620734102e-07
2.835000000000000142e+01 -5.471868295101722884e-07
2.840000000000000213e+01 -5.443290322477416657e-07
2.845000000000000284e+01 -5.414923928337165917e-07
2.850000000000000000e+01 -5.386764519955826677e-07
2.855000000000000071e+01 -5.358807032020993222e-07
2.860000000000000142e+01 -5.331046103582319614e-07
2.865000000000000213e+01 -5.303476269912464461e-07
2.870000000000000284e+01 -5.276092159264256718e-07
2.875000000000000000e+01 -5.248888684328286548e-07
2.880000000000000071e+01 -5.221861218539829621e-07
2.885000000000000142e+01 -5.195005748235488835e-07
2.890000000000000213e+01 -5.168318992968345002e-07
2.895000000000000284e+01 -5.141798487987134700e-07
2.900000000000000000e+01 -5.115442624878210332e-07
2.905000000000000071e+01 -5.089250648556087124e-07
2.910000000000000142e+01 -5.063222611051106408e-07
2.915000000000000213e+01 -5.037359284769372884e-07
2.920000000000000284e+01 -5.011662039971917430e-07
2.925000000000000000e+01 -4.986132693032021560e-07
2.930000000000000071e+01 -4.960773333493236329e-07
2.935000000000000142e+01 -4.935586138987139528e-07
2.940000000000000213e+01 -4.910573187634538935e-07
2.945000000000000284e+01 -4.885736277617945542e-07
2.950000000000000000e+01 -4.861076763175577244e-07
2.955000000000000071e+01 -4.836595415358009681e-07
2.960000000000000142e+01 -4.812292314552968238e-07
2.965000000000000213e+01 -4.788166780097532819e-07
2.970000000000000284e+01 -4.764217340348733166e-07
2.975000000000000000e+01 -4.740441744472357011e-07
2.980000000000000071e+01 -4.716837015048306085e-07
2.985000000000000142e+01 -4.693399538494303491e-07
2.990000000000000213e+01 -4.670125188377125404e-07
2.995000000000000284e+01 -4.647009475016954635e-07
3.000000000000000000e+01 -4.624047713480624149e-07
3.005000000000000071e+01 -4.601235201163644637e-07
3.010000000000000142e+01 -4.578567395722990031e-07
3.015000000000000213e+01 -4.556040084172892037e-07
3.020000000000000284e+01 -4.533649534465773676e-07
3.025000000000000000e+01 -4.511392621850046199e-07
3.030000000000000071e+01 -4.489266923643537119e-07
3.035000000000000142e+01 -4.467270777737999761e-07
3.040000000000000213e+01 -4.445403302049370953e-07
3.045000000000000284e+01 -4.423664374165309424e-07
3.050000000000000000e+01 -4.402054572497669678e-07
3.055000000000000071e+01 -4.380575082227904765e-07
3.060000000000000142e+01 -4.359227571125177893e-07
3.065000000000000213e+01 -4.338014041842070518e-07
3.070000000000000284e+01 -4.316936668459979064e-07
3.075000000000000000e+01 -4.295997625818085274e-07
3.080000000000000071e+01 -4.275198920479670900e-07
3.085000000000000142e+01 -4.254542232040585030e-07
3.090000000000000213e+01 -4.234028772902233987e-07
3.095000000000000284e+01 -4.213659173617532458e-07
3.100000000000000000e+01 -4.193433399558037672e-07
3.105000000000000071e+01 -4.173350702993721620e-07
3.110000000000000142e+01 -4.153409612823005212e-07
3.115000000000000213e+01 -4.133607962236239699e-07
3.120000000000000284e+01 -4.113942952629800091e-07
3.125000000000000000e+01 -4.094411250235154315e-07
3.130000000000000071e+01 -4.075009110256719129e-07
3.135000000000000142e+01 -4.055732521928664266e-07
3.140000000000000213e+01 -4.036577366861707984e-07
3.145000000000000284e+01 -4.017539582415529569e-07
3.150000000000000000e+01 -3.998615321625173864e-07
3.155000000000000071e+01 -3.979801101440836887e-07
3.160000000000000142e+01 -3.961093931699225249e-07
3.165000000000000213e+01 -3.942491418282755952e-07
3.170000000000000284e+01 -3.923991835301778741e-07
3.175000000000000000e+01 -3.905594162762179441e-07
3.180000000000000071e+01 -3.887298087988249728e-07
3.185000000000000142e+01 -3.869103970949597776e-07
3.190000000000000213e+01 -3.851012775504601375e-07
3.195000000000000284e+01 -3.833025970320652215e-07
3.200000000000000000e+01 -3.815145404769163796e-07
3.205000000000000426e+01 -3.797373166356830224e-07
3.210000000000000142e+01 -3.779711427163258662e-07
3.214999999999999858e+01 -3.762162287277304132e-07
3.220000000000000284e+01 -3.744727623329881907e-07
3.225000000000000000e+01 -3.727408949905345179e-07
3.230000000000000426e+01 -3.710207300905969474e-07
3.235000000000000142e+01 -3.693123136863491452e-07
3.239999999999999858e+01 -3.676156282819657554e-07
3.245000000000000284e+01 -3.659305899791026562e-07
3.250000000000000000e+01 -3.642570491079901856e-07
3.255000000000000426e+01 -3.625947942886137109e-07
3.260000000000000142e+01 -3.609435596911235575e-07
3.264999999999999858e+01 -3.593030351003006050e-07
3.270000000000000284e+01 -3.576728782471856646e-07
3.275000000000000000e+01 -3.560527287566767247e-07
3.280000000000000426e+01 -3.544422229810433563e-07
3.285000000000000142e+01 -3.528410089473587377e-07
3.289999999999999858e+01 -3.512487606463037416e-07
3.295000000000000284e+01 -3.496651909280011996e-07
3.300000000000000000e+01 -3.480900623471906015e-07
3.305000000000000426e+01 -3.465231954097757510e-07
3.310000000000000142e+01 -3.449644738102011089e-07
3.314999999999999858e+01 -3.434138464070756214e-07
3.320000000000000284e+01 -3.418713258541578895e-07
3.325000000000000000e+01 -3.403369839772192147e-07
3.330000000000000426e+01 -3.388109441545623744e-07
3.335000000000000142e+01 -3.372933711121867318e-07
3.339999999999999858e+01 -3.357844586756396732e-07
3.345000000000000284e+01 -3.342844161228130849e-07
3.350000000000000000e+01 -3.327934538503547289e-07
3.355000000000000426e+01 -3.313117690975422279e-07
3.360000000000000142e+01 -3.298395324642295793e-07
3.364999999999999858e+01 -3.283768759138018275e-07
3.370000000000000284e+01 -3.269238828718626247e-07
3.375000000000000000e+01 -3.254805809189343578e-07
3.380000000000000426e+01 -3.240469374392651451e-07
3.385000000000000142e+01 -3.226228584325601427e-07
3.389999999999999858e+01 -3.212081905312562598e-07
3.395000000000000284e+01 -3.198027261002364831e-07
3.400000000000000000e+01 -3.184062111371544040e-07
3.405000000000000426e+01 -3.170183555490941151e-07
3.410000000000000142e+01 -3.156388452606566864e-07
3.414999999999999858e+01 -3.142673555173025638e-07
3.420000000000000284e+01 -3.129035646900303221e-07
3.425000000000000000e+01 -3.115471678651558532e-07
3.430000000000000426e+01 -3.101978895185183427e-07
3.435000000000000142e+01 -3.088554946248175995e-07
3.439999999999999858e+01 -3.075197976369424604e-07
3.445000000000000284e+01 -3.061906688838035528e-07
3.450000000000000000e+01 -3.048680380707458125e-07
3.455000000000000426e+01 -3.035518947181835956e-07
3.460000000000000142e+01 -3.022422855330776069e-07
3.464999999999999858e+01 -3.009393088662011155e-07
3.470000000000000284e+01 -2.996431065577139078e-07
3.475000000000000000e+01 -2.983538536069030462e-07
3.480000000000000426e+01 -2.970717462113410002e-07
3.485000000000000142e+01 -2.957969888023245047e-07
3.489999999999999858e+01 -2.945297807513153393e-07
3.495000000000000284e+01 -2.932703034354899913e-07
3.500000000000000000e+01 -2.920187083279601611e-07
3.505000000000000426e+01 -2.907751067216972658e-07
3.510000000000000142e+01 -2.895395616081936705e-07
3.514999999999999858e+01 -2.883120821180706762e-07
3.520000000000000284e+01 -2.870926207958963902e-07
3.525000000000000000e+01 -2.858810738339301855e-07
3.530000000000000426e+01 -2.846772842358897554e-07
3.535000000000000142e+01 -2.834810477309368984e-07
3.539999999999999858e+01 -2.822921211166715222e-07
3.545000000000000284e+01 -2.811102325869699584e-07
3.550000000000000000e+01 -2.799350934998593859e-07
3.555000000000000426e+01 -2.787664109697842220e-07
3.560000000000000142e+01 -2.776039006292063117e-07
3.564999999999999858e+01 -2.764472988996007213e-07
3.570000000000000284e+01 -2.752963741405776766e-07
3.575000000000000000e+01 -2.741509361077632476e-07
3.580000000000000426e+01 -2.730108432399785902e-07
3.585000000000000142e+01 -2.718760074114432276e-07
3.589999999999999858e+01 -2.707463959172717364e-07
3.595000000000000284e+01 -2.696220306049635903e-07
3.600000000000000000e+01 -2.685029842120530312e-07
3.605000000000000426e+01 -2.673893741143240565e-07
3.610000000000000142e+01 -2.662813538213482189e-07
3.614999999999999858e+01 -2.651791026706368217e-07
3.620000000000000284e+01 -2.640828142623263254e-07
3.625000000000000000e+01 -2.629926842380917464e-07
3.630000000000000426e+01 -2.619088980389381246e-07
3.635000000000000142e+01 -2.608316192738680231e-07
3.639999999999999858e+01 -2.597609792964576627e-07
3.645000000000000284e+01 -2.586970685210395711e-07
3.650000000000000000e+01 -2.576399299170868899e-07
3.655000000000000426e+01 -2.565895550059486831e-07
3.660000000000000142e+01 -2.555458825528269316e-07
3.664999999999999858e+01 -2.545088000069266204e-07
3.670000000000000284e+01 -2.534781476003551078e-07
3.675000000000000000e+01 -2.524537248796986901e-07
3.680000000000000426e+01 -2.514352993197185951e-07
3.685000000000000142e+01 -2.504226165630229607e-07
3.689999999999999858e+01 -2.494154117481306232e-07
3.695000000000000284e+01 -2.484134213348878769e-07
3.700000000000000000e+01 -2.474163948138272671e-07
3.705000000000000426e+01 -2.464241056951613367e-07
3.710000000000000142e+01 -2.454363612137823155e-07
3.714999999999999858e+01 -2.444530102555759478e-07
3.720000000000000284e+01 -2.434739491051056985e-07
3.725000000000000000e+01 -2.424991247292993443e-07
3.730000000000000426e+01 -2.415285354403121831e-07
3.735000000000000142e+01 -2.405622289171266842e-07
3.739999999999999858e+01 -2.396002977018069450e-07
3.745000000000000284e+01 -2.386428724161663060e-07
3.750000000000000000e+01 -2.376901130609300900e-07
3.755000000000000426e+01 -2.367421988566346946e-07
3.760000000000000142e+01 -2.357993171585515623e-07
3.764999999999999858e+01 -2.348616520225455658e-07
3.770000000000000284e+01 -2.339293730142478680e-07
3.775000000000000000e+01 -2.330026248379370819e-07
3.780000000000000426e+01 -2.320815183163747187e-07
3.785000000000000142e+01 -2.311661231802003995e-07
3.789999999999999858e+01 -2.302564630299251770e-07
3.795000000000000284e+01 -2.293525089428933246e-07
3.800000000000000000e+01 -2.284541972146477461e-07
3.805000000000000426e+01 -2.275614010356243867e-07
3.810000000000000142e+01 -2.266739585671052757e-07
3.814999999999999858e+01 -2.257916734527576320e-07
3.820000000000000284e+01 -2.249142456214900567e-07
3.825000000000000000e+01 -2.240415919201003790e-07
3.830000000000000426e+01 -2.231733929396658751e-07
3.835000000000000142e+01 -2.223094120258752630e-07
3.840000000000000568e+01 -2.214494293051150130e-07
3.845000000000000284e+01 -2.205932514418847331e-07
3.850000000000000000e+01 -2.197406953228909588e-07
3.855000000000000426e+01 -2.188916909899096039e-07
3.860000000000000142e+01 -2.180461448280342484e-07
3.865000000000000568e+01 -2.172040333017782560e-07
3.870000000000000284e+01 -2.163653801365928450e-07
3.875000000000000000e+01 -2.155302534104596357e-07
3.880000000000000426e+01 -2.146987603811570825e-07
3.885000000000000142e+01 -2.138710403274451060e-07
3.890000000000000568e+01 -2.130472557840206712e-07
3.895000000000000284e+01 -2.122275826306697417e-07
3.900000000000000000e+01 -2.114121995532756160e-07
3.905000000000000426e+01 -2.106012774239020787e-07
3.910000000000000142e+01 -2.097949691486207718e-07
3.915000000000000568e+01 -2.089934157813387335e-07
3.920000000000000284e+01 -2.081966773039625519e-07
3.925000000000000000e+01 -2.074048195331459382e-07
3.930000000000000426e+01 -2.066178483215608206e-07
3.935000000000000142e+01 -2.058357237235901163e-07
3.940000000000000568e+01 -2.050583609842686872e-07
3.945000000000000284e+01 -2.042856338477224842e-07
3.950000000000000000e+01 -2.035173800023690028e-07
3.955000000000000426e+01 -2.027534083711210141e-07
3.960000000000000142e+01 -2.019935078606875555e-07
3.965000000000000568e+01 -2.012375008212449807e-07
3.970000000000000284e+01 -2.004850775046511653e-07
3.975000000000000000e+01 -1.997360712091827029e-07
3.980000000000000426e+01 -1.989902881672973414e-07
3.985000000000000142e+01 -1.982475714979647091e-07
3.990000000000000568e+01 -1.975077898802860311e-07
3.995000000000000284e+01 -1.967708564172071263e-07
