0.000000000000000000e+00 -1.305409267080857000e-06
5.000000000000000278e-02 -1.901609779566025093e-08
1.000000000000000056e-01 -1.507213544891584339e-07
1.500000000000000222e-01 -5.427206135562279336e-07
2.000000000000000111e-01 -1.295662728451618743e-06
2.500000000000000000e-01 -2.523782637642227469e-06
3.000000000000000444e-01 -4.322448438762267033e-06
3.500000000000000333e-01 -6.775481068486149593e-06
4.000000000000000222e-01 -9.950157904565168986e-06
4.500000000000000111e-01 -1.389613168447367944e-05
5.000000000000000000e-01 -1.864348255365245340e-05
5.500000000000000444e-01 -2.420169692825471102e-05
6.000000000000000888e-01 -3.055902964923843074e-05
6.500000000000000222e-01 -3.768180023006661235e-05
7.000000000000000666e-01 -4.551469308231769146e-05
7.500000000000000000e-01 -5.398124930789797201e-05
8.000000000000000444e-01 -6.298482682736320057e-05
8.500000000000000888e-01 -7.241151131416050817e-05
9.000000000000000222e-01 -8.212845810896662456e-05
9.500000000000000666e-01 -9.199044871862957344e-05
1.000000000000000000e+00 -1.018403472785437726e-04
1.050000000000000044e+00 -1.115128278847144221e-04
1.100000000000000089e+00 -1.208386210903384723e-04
1.150000000000000133e+00 -1.296453770714634456e-04
1.200000000000000178e+00 -1.377627787550422366e-04
1.250000000000000000e+00 -1.450280772442395772e-04
1.300000000000000044e+00 -1.512875815874332997e-04
1.350000000000000089e+00 -1.564007121443978209e-04
1.400000000000000133e+00 -1.602384948158122862e-04
1.450000000000000178e+00 -1.626995818708770920e-04
1.500000000000000000e+00 -1.636982998228416473e-04
1.550000000000000044e+00 -1.631706161239849183e-04
1.600000000000000089e+00 -1.610803877490682553e-04
1.650000000000000133e+00 -1.574163064138788199e-04
1.700000000000000178e+00 -1.521957672319987603e-04
1.750000000000000000e+00 -1.454555724282599670e-04
1.800000000000000044e+00 -1.372538400978966255e-04
1.850000000000000089e+00 -1.276925915027423450e-04
1.900000000000000133e+00 -1.168798880992756557e-04
1.950000000000000178e+00 -1.049318860872492715e-04
2.000000000000000000e+00 -9.200299060736685103e-05
2.050000000000000266e+00 -7.825391034473099189e-05
2.100000000000000089e+00 -6.385297951345759234e-05
2.149999999999999911e+00 -4.896755075851889715e-05
2.200000000000000178e+00 -3.379391868908322824e-05
2.250000000000000000e+00 -1.849957965121921876e-05
2.300000000000000266e+00 -3.271467340557627667e-06
2.350000000000000089e+00 1.172637805480853391e-05
2.400000000000000355e+00 2.631991514465905100e-05
2.450000000000000178e+00 4.035814374013759940e-05
2.500000000000000000e+00 5.370191085469449812e-05
2.550000000000000266e+00 6.621880051863435386e-05
2.600000000000000089e+00 7.779661127141750143e-05
2.650000000000000355e+00 8.834546594203160287e-05
2.700000000000000178e+00 9.778959022287387964e-05
2.750000000000000000e+00 1.060602910258299651e-04
2.800000000000000266e+00 1.131181254249244173e-04
2.850000000000000089e+00 1.189405151168812074e-04
2.900000000000000355e+00 1.235146700569351725e-04
2.950000000000000178e+00 1.268419145552158881e-04
3.000000000000000000e+00 1.289540169686639675e-04
3.050000000000000266e+00 1.298733306255684219e-04
3.100000000000000089e+00 1.296503341416202233e-04
3.150000000000000355e+00 1.283493730839738579e-04
3.200000000000000178e+00 1.260316790027517567e-04
3.250000000000000000e+00 1.227677066945280905e-04
3.300000000000000266e+00 1.186462876716258211e-04
3.350000000000000089e+00 1.137531081178407233e-04
3.400000000000000355e+00 1.081814161374765418e-04
3.450000000000000178e+00 1.020248616248183525e-04
3.500000000000000000e+00 9.537793200458516679e-05
3.550000000000000266e+00 8.833958495937753582e-05
3.600000000000000089e+00 8.100486137027469399e-05
3.650000000000000355e+00 7.346819796920893300e-05
3.700000000000000178e+00 6.581772794578786016e-05
3.750000000000000000e+00 5.814169764548121128e-05
3.800000000000000266e+00 5.052115132896961184e-05
3.850000000000000089e+00 4.303329785263377161e-05
3.900000000000000355e+00 3.574657603455409441e-05
3.950000000000000178e+00 2.872129473635302824e-05
4.000000000000000000e+00 2.201617760170561716e-05
4.049999999999999822e+00 1.567236280001326604e-05
4.100000000000000533e+00 9.735227933652682914e-06
4.150000000000000355e+00 4.232596901964451636e-06
4.200000000000000178e+00 -8.180002971239329487e-07
4.250000000000000000e+00 -5.393994754067927564e-06
4.299999999999999822e+00 -9.492258988543330594e-06
4.350000000000000533e+00 -1.311677276064415480e-05
4.400000000000000355e+00 -1.626573886973470054e-05
4.450000000000000178e+00 -1.896001070093161767e-05
4.500000000000000000e+00 -2.121333342455293628e-05
4.549999999999999822e+00 -2.304620293340149366e-05
4.600000000000000533e+00 -2.448788284527922030e-05
4.650000000000000355e+00 -2.556587178236586721e-05
4.700000000000000178e+00 -2.630749921599661592e-05
4.750000000000000000e+00 -2.674698708648260703e-05
4.800000000000000711e+00 -2.691586296563704532e-05
4.850000000000000533e+00 -2.684432907824505724e-05
4.900000000000000355e+00 -2.656424382209500286e-05
4.950000000000000178e+00 -2.610500618325573198e-05
5.000000000000000000e+00 -2.549407708884431767e-05
5.050000000000000711e+00 -2.475680274223010483e-05
5.100000000000000533e+00 -2.391825983348428141e-05
5.150000000000000355e+00 -2.300008672063584341e-05
5.200000000000000178e+00 -2.202044030472384618e-05
5.250000000000000000e+00 -2.099778003022476414e-05
5.300000000000000711e+00 -1.994704408531221415e-05
5.350000000000000533e+00 -1.888131156097390702e-05
5.400000000000000355e+00 -1.781228324886175853e-05
5.450000000000000178e+00 -1.674990840522634438e-05
5.500000000000000000e+00 -1.570237066647373441e-05
5.550000000000000711e+00 -1.467777783242402845e-05
5.600000000000000533e+00 -1.368119180674637887e-05
5.650000000000000355e+00 -1.271840093378431011e-05
5.700000000000000178e+00 -1.179351248785358889e-05
5.750000000000000000e+00 -1.090991838803340924e-05
5.800000000000000711e+00 -1.007099615209541427e-05
5.850000000000000533e+00 -9.278403476567338728e-06
5.900000000000000355e+00 -8.533616480867928808e-06
5.950000000000000178e+00 -7.837742640554850657e-06
6.000000000000000000e+00 -7.190831445546251836e-06
6.050000000000000711e+00 -6.592590445201474576e-06
6.100000000000000533e+00 -6.042286539211756677e-06
6.150000000000000355e+00 -5.538026576559074793e-06
6.200000000000000178e+00 -5.078075681568635992e-06
6.250000000000000000e+00 -4.660231815100841576e-06
6.300000000000000711e+00 -4.281379026287349297e-06
6.350000000000000533e+00 -3.938756013364477307e-06
6.400000000000000355e+00 -3.629113303151256143e-06
6.450000000000000178e+00 -3.349021936060227844e-06
6.500000000000000000e+00 -3.095354767585701228e-06
6.550000000000000711e+00 -2.865136305412385808e-06
6.600000000000000533e+00 -2.655104098862342685e-06
6.650000000000000355e+00 -2.462802905982710903e-06
6.700000000000000178e+00 -2.285844715789374875e-06
6.750000000000000000e+00 -2.122184235198001864e-06
6.800000000000000711e+00 -1.970345559870447262e-06
6.850000000000000533e+00 -1.829053918689919673e-06
6.900000000000000355e+00 -1.697383118020110260e-06
6.950000000000000178e+00 -1.574804305448266133e-06
7.000000000000000000e+00 -1.461051650141021271e-06
7.050000000000000711e+00 -1.355872915814137275e-06
7.100000000000000533e+00 -1.259352776903203906e-06
7.150000000000000355e+00 -1.171478602931617038e-06
7.200000000000000178e+00 -1.092222013536196650e-06
7.250000000000000000e+00 -1.021527037087788415e-06
7.300000000000000711e+00 -9.592003783132789019e-07
7.350000000000000533e+00 -9.048943159808379288e-07
7.400000000000000355e+00 -8.580157481589986034e-07
7.450000000000000178e+00 -8.179383392359415442e-07
7.500000000000000000e+00 -7.837779864863055382e-07
7.550000000000000711e+00 -7.545636584390335180e-07
7.600000000000000533e+00 -7.292422464027611804e-07
7.650000000000000355e+00 -7.067315944079463021e-07
