0.000000000000000000e+00 -0.000000000000000000e+00
5.000000000000000278e-02 2.927765686598008122e-09
1.000000000000000056e-01 4.666000969346929032e-08
1.500000000000000222e-01 2.346651626062314819e-07
2.000000000000000111e-01 7.348172239046337781e-07
2.500000000000000000e-01 1.772611190738532385e-06
3.000000000000000444e-01 3.621818793208436257e-06
3.500000000000000333e-01 6.592745538236738315e-06
4.000000000000000222e-01 1.101830482676809071e-05
4.500000000000000111e-01 1.723818449344801854e-05
5.000000000000000000e-01 2.558144481435673949e-05
5.500000000000000444e-01 3.634795327423203585e-05
6.000000000000000888e-01 4.978912778646644717e-05
6.500000000000000222e-01 6.608852348234766077e-05
7.000000000000000666e-01 8.534285490810906418e-05
7.500000000000000000e-01 1.075440913885207869e-04
8.000000000000000444e-01 1.325632942080084173e-04
8.500000000000000888e-01 1.601368760558062533e-04
9.000000000000000222e-01 1.898559543845532431e-04
9.500000000000000666e-01 2.211594191440788889e-04
1.000000000000000000e+00 2.533313148153026558e-04
1.050000000000000044e+00 2.855029731494336813e-04
1.100000000000000089e+00 3.166602838100527912e-04
1.150000000000000133e+00 3.456563038023564394e-04
1.200000000000000178e+00 3.712292538400918966e-04
1.250000000000000000e+00 3.920257627562998004e-04
1.300000000000000044e+00 4.066290439748107576e-04
1.350000000000000089e+00 4.135914433754572708e-04
1.400000000000000133e+00 4.114706889551351184e-04
1.450000000000000178e+00 3.988689122870140834e-04
1.500000000000000000e+00 3.744734060610138107e-04
1.550000000000000044e+00 3.370979388042853568e-04
1.600000000000000089e+00 2.857233604060060799e-04
1.650000000000000133e+00 2.195361843385432296e-04
1.700000000000000178e+00 1.379638310268962303e-04
1.750000000000000000e+00 4.070526396664260883e-05
1.800000000000000044e+00 -7.224415378960292761e-05
1.850000000000000089e+00 -2.005746120819622573e-04
1.900000000000000133e+00 -3.436514581041310115e-04
1.950000000000000178e+00 -5.005130724348669799e-04
2.000000000000000000e+00 -6.698773830246726717e-04
2.050000000000000266e+00 -8.501571097670487884e-04
2.100000000000000089e+00 -1.039483548106369653e-03
2.149999999999999911e+00 -1.235738416338666348e-03
2.200000000000000178e+00 -1.436593018826379372e-03
2.250000000000000000e+00 -1.639553726946533759e-03
2.300000000000000266e+00 -1.842012561116156437e-03
2.350000000000000089e+00 -2.041301479361972131e-03
2.400000000000000355e+00 -2.234748847690373567e-03
2.450000000000000178e+00 -2.419736490116279615e-03
2.500000000000000000e+00 -2.593755694630288291e-03
2.550000000000000266e+00 -2.754460586355952749e-03
2.600000000000000089e+00 -2.899717369114192343e-03
2.650000000000000355e+00 -3.027648077798846763e-03
2.700000000000000178e+00 -3.136667670575643291e-03
2.750000000000000000e+00 -3.225513514387115966e-03
2.800000000000000266e+00 -3.293266570606724619e-03
2.850000000000000089e+00 -3.339363859960022170e-03
2.900000000000000355e+00 -3.363602066479492742e-03
2.950000000000000178e+00 -3.366132418642734173e-03
3.000000000000000000e+00 -3.347447251673963710e-03
3.050000000000000266e+00 -3.308358898762970256e-03
3.100000000000000089e+00 -3.249971772335008818e-03
3.150000000000000355e+00 -3.173648672635712587e-03
3.200000000000000178e+00 -3.080972494651459514e-03
3.250000000000000000e+00 -2.973704592527291746e-03
3.300000000000000266e+00 -2.853741101885101834e-03
3.350000000000000089e+00 -2.723068515428204821e-03
3.400000000000000355e+00 -2.583719758410293280e-03
3.450000000000000178e+00 -2.437731922048501192e-03
3.500000000000000000e+00 -2.287106690255544250e-03
3.550000000000000266e+00 -2.133774344718659607e-03
3.600000000000000089e+00 -1.979562062667897162e-03
3.650000000000000355e+00 -1.826167038345077832e-03
3.700000000000000178e+00 -1.675134770931272811e-03
3.750000000000000000e+00 -1.527842675934841044e-03
3.800000000000000266e+00 -1.385489000596798600e-03
3.850000000000000089e+00 -1.249086862682872133e-03
3.900000000000000355e+00 -1.119463090982669327e-03
3.950000000000000178e+00 -9.972614285999514740e-04
4.000000000000000000e+00 -8.829495690869004938e-04
4.049999999999999822e+00 -7.768294317525148559e-04
4.100000000000000533e+00 -6.790500459259985171e-04
4.150000000000000355e+00 -5.896224033140687066e-04
4.200000000000000178e+00 -5.084356506127628902e-04
4.250000000000000000e+00 -4.352740281849390089e-04
4.299999999999999822e+00 -3.698340112800912105e-04
4.350000000000000533e+00 -3.117411739813558884e-04
4.400000000000000355e+00 -2.605663687049876009e-04
4.450000000000000178e+00 -2.158408916093861691e-04
4.500000000000000000e+00 -1.770703829072881356e-04
4.549999999999999822e+00 -1.437472874388149690e-04
4.600000000000000533e+00 -1.153617721062517051e-04
4.650000000000000355e+00 -9.141106065358891827e-05
