0.000000000000000000e+00 0.000000000000000000e+00
5.000000000000000278e-02 -2.493227245641702020e-09
1.000000000000000056e-01 -3.979405747152350238e-08
1.500000000000000222e-01 -2.006370075043085647e-07
2.000000000000000111e-01 -6.305011843576301164e-07
2.500000000000000000e-01 -1.528055135543296482e-06
3.000000000000000444e-01 -3.140302660782282509e-06
3.500000000000000333e-01 -5.756548149263601658e-06
4.000000000000000222e-01 -9.701327704750225015e-06
4.500000000000000111e-01 -1.532647570919373550e-05
5.000000000000000000e-01 -2.300251493735727836e-05
5.500000000000000444e-01 -3.310957143382015468e-05
6.000000000000000888e-01 -4.602802285586918881e-05
6.500000000000000222e-01 -6.212909082406194953e-05
7.000000000000000666e-01 -8.176558415185077944e-05
7.500000000000000000e-01 -1.052629909716746291e-04
8.000000000000000444e-01 -1.329111042227677200e-04
8.500000000000000888e-01 -1.649563473355938642e-04
9.000000000000000222e-01 -2.015949459634266581e-04
9.500000000000000666e-01 -2.429670680677701905e-04
1.000000000000000000e+00 -2.891520293910425365e-04
1.050000000000000044e+00 -3.401646351777113764e-04
1.100000000000000089e+00 -3.959527027318529395e-04
1.150000000000000133e+00 -4.563957837607654456e-04
1.200000000000000178e+00 -5.213050810996076173e-04
1.250000000000000000e+00 -5.904245318835122606e-04
1.300000000000000044e+00 -6.634330089543767931e-04
1.350000000000000089e+00 -7.399475745570772848e-04
1.400000000000000133e+00 -8.195277053663466192e-04
1.450000000000000178e+00 -9.016803956441848131e-04
1.500000000000000000e+00 -9.858660358047616722e-04
1.550000000000000044e+00 -1.071504956715040556e-03
1.600000000000000089e+00 -1.157984525469746414e-03
1.650000000000000133e+00 -1.244666675885068357e-03
1.700000000000000178e+00 -1.330895756265920021e-03
1.750000000000000000e+00 -1.416006577821816688e-03
1.800000000000000044e+00 -1.499332549156117637e-03
1.850000000000000089e+00 -1.580213785284504974e-03
1.900000000000000133e+00 -1.658005083447695307e-03
1.950000000000000178e+00 -1.732083662420434624e-03
2.000000000000000000e+00 -1.801856566990804034e-03
2.050000000000000266e+00 -1.866767644753757624e-03
2.100000000000000089e+00 -1.926304008343947705e-03
2.149999999999999911e+00 -1.980001902779863349e-03
2.200000000000000178e+00 -2.027451904786948915e-03
2.250000000000000000e+00 -2.068303388908448916e-03
2.300000000000000266e+00 -2.102268203993710397e-03
2.350000000000000089e+00 -2.129123513351194145e-03
2.400000000000000355e+00 -2.148713762511165765e-03
2.450000000000000178e+00 -2.160951750159448813e-03
2.500000000000000000e+00 -2.165818790321718135e-03
2.550000000000000266e+00 -2.163363967179654686e-03
2.600000000000000089e+00 -2.153702497804353255e-03
2.650000000000000355e+00 -2.137013232356323091e-03
2.700000000000000178e+00 -2.113535335628069327e-03
2.750000000000000000e+00 -2.083564207853101473e-03
2.800000000000000266e+00 -2.047446716101833288e-03
2.850000000000000089e+00 -2.005575819943190494e-03
2.900000000000000355e+00 -1.958384685986621319e-03
2.950000000000000178e+00 -1.906340395069906551e-03
3.000000000000000000e+00 -1.849937352900599000e-03
3.050000000000000266e+00 -1.789690519625889873e-03
3.100000000000000089e+00 -1.726128575900798138e-03
3.150000000000000355e+00 -1.659787142433084665e-03
3.200000000000000178e+00 -1.591202166679807220e-03
3.250000000000000000e+00 -1.520903584422494872e-03
3.300000000000000266e+00 -1.449409355514839600e-03
3.350000000000000089e+00 -1.377219962424306105e-03
3.400000000000000355e+00 -1.304813447601038852e-03
3.450000000000000178e+00 -1.232641051591404574e-03
3.500000000000000000e+00 -1.161123498607104622e-03
3.550000000000000266e+00 -1.090647960432223696e-03
3.600000000000000089e+00 -1.021565713580823440e-03
3.650000000000000355e+00 -9.541904889811016460e-04
3.700000000000000178e+00 -8.887974986075222218e-04
3.750000000000000000e+00 -8.256231098167156638e-04
3.800000000000000266e+00 -7.648651260163864428e-04
3.850000000000000089e+00 -7.066836219906519594e-04
3.900000000000000355e+00 -6.512022739250328610e-04
3.950000000000000178e+00 -5.985101180434501374e-04
4.000000000000000000e+00 -5.486636678293499957e-04
4.049999999999999822e+00 -5.016893180155568548e-04
4.100000000000000533e+00 -4.575859637814258052e-04
4.150000000000000355e+00 -4.163277657157140612e-04
4.200000000000000178e+00 -3.778669948610397173e-04
4.250000000000000000e+00 -3.421368972823777849e-04
4.299999999999999822e+00 -3.090545238033686392e-04
4.350000000000000533e+00 -2.785234775240595499e-04
4.400000000000000355e+00 -2.504365391673068152e-04
4.450000000000000178e+00 -2.246781379081256940e-04
4.500000000000000000e+00 -2.011266428552696529e-04
4.549999999999999822e+00 -1.796564575455890519e-04
4.600000000000000533e+00 -1.601399064878065634e-04
4.650000000000000355e+00 -1.424489088056567763e-04
4.700000000000000178e+00 -1.264564392789978037e-04
4.750000000000000000e+00 -1.120377815079358374e-04
4.800000000000000711e+00 -9.907158151327614504e-05
4.850000000000000533e+00 -8.744071285750647986e-05
4.900000000000000355e+00 -7.703296637539220140e-05
4.950000000000000178e+00 -6.774157891725578196e-05
5.000000000000000000e+00 -5.946561622253220361e-05
5.050000000000000711e+00 -5.211022525669831824e-05
5.100000000000000533e+00 -4.558677116390627868e-05
5.150000000000000355e+00 -3.981287350942089401e-05
5.200000000000000178e+00 -3.471235580050210045e-05
5.250000000000000000e+00 -3.021512145940089455e-05
5.300000000000000711e+00 -2.625696854064287698e-05
5.350000000000000533e+00 -2.277935458407628672e-05
5.400000000000000355e+00 -1.972912210694373114e-05
5.450000000000000178e+00 -1.705819438009003531e-05
5.500000000000000000e+00 -1.472325031084398160e-05
5.550000000000000711e+00 -1.268538646434437707e-05
5.600000000000000533e+00 -1.090977348621840902e-05
5.650000000000000355e+00 -9.365313429601391111e-06
5.700000000000000178e+00 -8.024303725536911574e-06
5.750000000000000000e+00 -6.862112757271260948e-06
5.800000000000000711e+00 -5.856871199868581482e-06
5.850000000000000533e+00 -4.989182466587372612e-06
5.900000000000000355e+00 -4.241854768683903111e-06
5.950000000000000178e+00 -3.599656457888530302e-06
6.000000000000000000e+00 -3.049095498332121334e-06
6.050000000000000711e+00 -2.578223128632548302e-06
6.100000000000000533e+00 -2.176461048930959498e-06
6.150000000000000355e+00 -1.834450825740952017e-06
6.200000000000000178e+00 -1.543923671606461772e-06
6.250000000000000000e+00 -1.297588344978669215e-06
6.300000000000000711e+00 -1.089034641249195034e-06
6.350000000000000533e+00 -9.126498146764747338e-07
6.400000000000000355e+00 -7.635452817861574430e-07
6.450000000000000178e+00 -6.374911009438448355e-07
6.500000000000000000e+00 -5.308559842596067778e-07
6.550000000000000711e+00 -4.405509546142831997e-07
6.600000000000000533e+00 -3.639751853937151657e-07
6.650000000000000355e+00 -2.989630233159937200e-07
6.700000000000000178e+00 -2.437316642062474144e-07
6.750000000000000000e+00 -1.968293971985740426e-07
6.800000000000000711e+00 -1.570847268810041222e-07
6.850000000000000533e+00 -1.235570020980297764e-07
6.900000000000000355e+00 -9.548940714362030884e-08
6.950000000000000178e+00 -7.226529546307099682e-08
7.000000000000000000e+00 -5.336886465595528716e-08
7.050000000000000711e+00 -3.835108880694185086e-08
7.100000000000000533e+00 -2.680165114120338204e-08
7.150000000000000355e+00 -1.832737368490690613e-08
7.200000000000000178e+00 -1.253734261281923656e-08
7.250000000000000000e+00 -9.034602724339531691e-09
7.300000000000000711e+00 -7.413967634013970209e-09
7.350000000000000533e+00 -7.265188715250148079e-09
7.400000000000000355e+00 -8.180468111455839158e-09
7.450000000000000178e+00 -9.765107873477235915e-09
7.500000000000000000e+00 -1.164997197490145203e-08
7.550000000000000711e+00 -1.350440823168901541e-08
7.600000000000000533e+00 -1.504833427924121349e-08
7.650000000000000355e+00 -1.606233081669522261e-08
7.700000000000000178e+00 -1.639479566287985803e-08
7.750000000000000000e+00 -1.596547825863320674e-08
7.800000000000000711e+00 -1.476501696943153284e-08
7.850000000000000533e+00 -1.285041952920377429e-08
7.900000000000000355e+00 -1.033673821432127352e-08
7.950000000000000178e+00 -7.385474727568390003e-09
8.000000000000000000e+00 -4.190486546782376820e-09
8.050000000000000711e+00 -9.623415204853682387e-10
8.099999999999999645e+00 2.087829774594657663e-09
8.150000000000000355e+00 4.763909258989638953e-09
8.200000000000001066e+00 6.898771764491521381e-09
8.250000000000000000e+00 8.365772349007349842e-09
8.300000000000000711e+00 9.087027767135796132e-09
8.349999999999999645e+00 9.038011858993009256e-09
8.400000000000000355e+00 8.248246734025617594e-09
8.450000000000001066e+00 6.798144253414463810e-09
8.500000000000000000e+00 4.812316114904214084e-09
8.550000000000000711e+00 2.449907482081387234e-09
8.599999999999999645e+00 -1.072974399585823454e-10
8.650000000000000355e+00 -2.668111864507172550e-09
8.700000000000001066e+00 -5.045565615280580892e-09
8.750000000000000000e+00 -7.069942611127981880e-09
8.800000000000000711e+00 -8.600334209850576185e-09
8.849999999999999645e+00 -9.533929431619827802e-09
8.900000000000000355e+00 -9.812438144004497634e-09
8.950000000000001066e+00 -9.425256714793265776e-09
9.000000000000000000e+00 -8.409221775974940080e-09
9.050000000000000711e+00 -6.845039679927467833e-09
9.099999999999999645e+00 -4.850710009202844323e-09
9.150000000000000355e+00 -2.572465259489059933e-09
9.200000000000001066e+00 -1.739119252502088390e-10
9.250000000000000000e+00 2.175829871898473352e-09
9.300000000000000711e+00 4.314137109422629900e-09
9.349999999999999645e+00 6.096200418124767809e-09
9.400000000000000355e+00 7.404867382422253050e-09
9.450000000000001066e+00 8.158352045853058925e-09
9.500000000000000000e+00 8.315312426724616414e-09
9.550000000000000711e+00 7.876991763151308007e-09
9.600000000000001421e+00 6.886330579331893911e-09
9.650000000000000355e+00 5.424170373222279274e-09
9.700000000000001066e+00 3.602870833554771629e-09
9.750000000000000000e+00 1.557837219788921387e-09
9.800000000000000711e+00 -5.624088133987967298e-10
9.850000000000001421e+00 -2.606891871698740020e-09
9.900000000000000355e+00 -4.432818322723140164e-09
9.950000000000001066e+00 -5.915440298003613745e-09
1.000000000000000000e+01 -6.956471828099254501e-09
1.005000000000000071e+01 -7.490494685092718194e-09
1.010000000000000142e+01 -7.488942605843255124e-09
1.015000000000000036e+01 -6.961429569469058787e-09
1.020000000000000107e+01 -5.954377888375733030e-09
1.025000000000000000e+01 -4.547091524506218598e-09
1.030000000000000071e+01 -2.845596048811169570e-09
1.035000000000000142e+01 -9.747169832767708512e-10
1.040000000000000036e+01 9.310171064129818409e-10
1.045000000000000107e+01 2.736988812916053557e-09
1.050000000000000000e+01 4.317941092982134770e-09
1.055000000000000071e+01 5.566602951411809017e-09
1.060000000000000142e+01 6.400902402493218353e-09
1.065000000000000036e+01 6.769286758549218202e-09
1.070000000000000107e+01 6.653811118183801949e-09
1.075000000000000000e+01 6.070817945300922700e-09
1.080000000000000071e+01 5.069202164044890382e-09
1.085000000000000142e+01 3.726425103738992453e-09
1.090000000000000036e+01 2.142595183336205586e-09
1.095000000000000107e+01 4.330628826988193436e-10
1.100000000000000000e+01 -1.279926290103819398e-09
1.105000000000000071e+01 -2.875920598444921041e-09
1.110000000000000142e+01 -4.244678773191476183e-09
1.115000000000000036e+01 -5.293730191935744389e-09
1.120000000000000107e+01 -5.954563913370721298e-09
1.125000000000000000e+01 -6.187036462171781018e-09
1.130000000000000071e+01 -5.981719669275436805e-09
1.135000000000000142e+01 -5.360058523295883594e-09
1.140000000000000036e+01 -4.372364235244946306e-09
1.145000000000000107e+01 -3.093818614537122247e-09
1.150000000000000000e+01 -1.618801942396134604e-09
1.155000000000000071e+01 -5.396856932962375478e-11
1.160000000000000142e+01 1.489424965883657302e-09
1.165000000000000036e+01 2.903390499769979678e-09
1.170000000000000107e+01 4.090723730159217362e-09
1.175000000000000000e+01 4.971644646381859724e-09
1.180000000000000071e+01 5.489112466804812558e-09
1.185000000000000142e+01 5.612464508657248366e-09
1.190000000000000036e+01 5.339151145382991393e-09
1.195000000000000107e+01 4.694475682096027999e-09
1.200000000000000000e+01 3.729388823907646913e-09
1.205000000000000071e+01 2.516522560157566058e-09
1.210000000000000142e+01 1.144768377977173640e-09
1.215000000000000036e+01 -2.871983659011014082e-10
1.220000000000000107e+01 -1.677978751400167221e-09
1.225000000000000000e+01 -2.930592584394939867e-09
1.230000000000000071e+01 -3.959202061395717370e-09
1.235000000000000142e+01 -4.694953191194550701e-09
1.240000000000000036e+01 -5.090540143686440295e-09
1.245000000000000107e+01 -5.123192969291654390e-09
1.250000000000000000e+01 -4.795903848618834549e-09
1.255000000000000071e+01 -4.136832891591507828e-09
1.260000000000000142e+01 -3.196962548907758125e-09
1.265000000000000036e+01 -2.046190972463345025e-09
1.270000000000000107e+01 -7.681608081652479013e-10
1.275000000000000000e+01 5.457962522663980137e-10
1.280000000000000071e+01 1.803162793067711412e-09
1.285000000000000142e+01 2.916725765721225158e-09
1.290000000000000036e+01 3.810600049705859609e-09
1.295000000000000107e+01 4.425371511360311646e-09
1.300000000000000000e+01 4.722013208531756835e-09
1.305000000000000071e+01 4.684319185136204594e-09
1.310000000000000142e+01 4.319707565228687290e-09
1.315000000000000036e+01 3.658360701792381259e-09
1.320000000000000107e+01 2.750786702638864510e-09
1.325000000000000000e+01 1.663995642899690797e-09
1.330000000000000071e+01 4.765776649687146463e-10
1.335000000000000142e+01 -7.269573508229198291e-10
1.340000000000000036e+01 -1.862172524991388399e-09
1.345000000000000107e+01 -2.850605780580507249e-09
1.350000000000000000e+01 -3.625169815568828436e-09
1.355000000000000071e+01 -4.134680300796479936e-09
1.360000000000000142e+01 -4.347208520814931668e-09
1.365000000000000036e+01 -4.252041086202440099e-09
1.370000000000000107e+01 -3.860129676099109505e-09
1.375000000000000000e+01 -3.203020838478598533e-09
1.380000000000000071e+01 -2.330362107345694766e-09
1.385000000000000142e+01 -1.306178702069583074e-09
1.390000000000000036e+01 -2.041981370779149147e-10
1.395000000000000107e+01 8.974373926305843883e-10
1.400000000000000000e+01 1.921693039009041458e-09
1.405000000000000071e+01 2.798008881163013783e-09
1.410000000000000142e+01 3.467140428285429679e-09
1.415000000000000036e+01 3.885141416399873198e-09
1.420000000000000107e+01 4.026222753205277546e-09
1.425000000000000000e+01 3.884303607785142919e-09
1.430000000000000071e+01 3.473164487073543325e-09
1.435000000000000142e+01 2.825210961505404757e-09
1.440000000000000036e+01 1.988953557366785064e-09
1.445000000000000107e+01 1.025397478883847913e-09
1.450000000000000000e+01 3.609244014953424130e-12
1.455000000000000071e+01 -1.004218910980768175e-09
1.460000000000000142e+01 -1.927855351180178042e-09
1.465000000000000036e+01 -2.703908883320065162e-09
1.470000000000000107e+01 -3.280164210936457283e-09
1.475000000000000000e+01 -3.619077708167629725e-09
1.480000000000000071e+01 -3.700200859674202722e-09
1.485000000000000142e+01 -3.521376724379899798e-09
1.490000000000000036e+01 -3.098642536646531738e-09
1.495000000000000107e+01 -2.464862779392207624e-09
