0.000000000000000000e+00 -1.106538641265061461e-03
5.000000000000000278e-02 -6.075098537215478829e-05
1.000000000000000056e-01 -2.248924127709082477e-04
1.500000000000000222e-01 -5.154597724501049777e-04
2.000000000000000111e-01 -9.172623056647259123e-04
2.500000000000000000e-01 -1.415819059300688293e-03
3.000000000000000444e-01 -2.028812259223362890e-03
3.500000000000000333e-01 -2.715238566463505469e-03
4.000000000000000222e-01 -3.494854425547526400e-03
4.500000000000000111e-01 -4.347566471650489255e-03
5.000000000000000000e-01 -5.269172225928417386e-03
5.500000000000000444e-01 -6.234901401268165555e-03
6.000000000000000888e-01 -7.247787426198624462e-03
6.500000000000000222e-01 -8.290003100840005398e-03
7.000000000000000666e-01 -9.346828335663626836e-03
7.500000000000000000e-01 -1.040717512708190344e-02
8.000000000000000444e-01 -1.146601658092287132e-02
8.500000000000000888e-01 -1.249859575963657710e-02
9.000000000000000222e-01 -1.349733354320824252e-02
9.500000000000000666e-01 -1.446142485372470081e-02
1.000000000000000000e+00 -1.537098641185737080e-02
1.050000000000000044e+00 -1.621727199501695957e-02
1.100000000000000089e+00 -1.699321823664469433e-02
1.150000000000000133e+00 -1.768867366487709286e-02
1.200000000000000178e+00 -1.829979506479552029e-02
1.250000000000000000e+00 -1.882025271824103868e-02
1.300000000000000044e+00 -1.924511205805128078e-02
1.350000000000000089e+00 -1.957062964916763889e-02
1.400000000000000133e+00 -1.979287853052926968e-02
1.450000000000000178e+00 -1.991247303437039193e-02
1.500000000000000000e+00 -1.993095740486043252e-02
1.550000000000000044e+00 -1.985065136418314238e-02
1.600000000000000089e+00 -1.966887480888354980e-02
1.650000000000000133e+00 -1.939173860711692829e-02
1.700000000000000178e+00 -1.902115357727171899e-02
1.750000000000000000e+00 -1.856703934075570536e-02
1.800000000000000044e+00 -1.803219715606971946e-02
1.850000000000000089e+00 -1.742119362038162603e-02
1.900000000000000133e+00 -1.674253330977077195e-02
1.950000000000000178e+00 -1.600399721890002555e-02
2.000000000000000000e+00 -1.521195478494200871e-02
2.050000000000000266e+00 -1.437640821499156125e-02
2.100000000000000089e+00 -1.350316343797591800e-02
2.149999999999999911e+00 -1.259968887621997283e-02
2.200000000000000178e+00 -1.167652486390223163e-02
2.250000000000000000e+00 -1.073938829350342891e-02
2.300000000000000266e+00 -9.794307554845985489e-03
2.350000000000000089e+00 -8.852029817868674669e-03
2.400000000000000355e+00 -7.917096716067554413e-03
2.450000000000000178e+00 -6.997138927651667256e-03
2.500000000000000000e+00 -6.096323024173956086e-03
2.550000000000000266e+00 -5.221028313665515390e-03
2.600000000000000089e+00 -4.376572262107043983e-03
2.650000000000000355e+00 -3.565759525115588108e-03
2.700000000000000178e+00 -2.793118766260255150e-03
2.750000000000000000e+00 -2.062311286543171834e-03
2.800000000000000266e+00 -1.374057125539630917e-03
2.850000000000000089e+00 -7.321108091528377325e-04
2.900000000000000355e+00 -1.372752101360702633e-04
2.950000000000000178e+00 4.097459085817892741e-04
3.000000000000000000e+00 9.085627809515519271e-04
3.050000000000000266e+00 1.359546459520769197e-03
3.100000000000000089e+00 1.762918911002184751e-03
3.150000000000000355e+00 2.119027713997491229e-03
3.200000000000000178e+00 2.429860302276026091e-03
3.250000000000000000e+00 2.697031273874516289e-03
3.300000000000000266e+00 2.921824307309172850e-03
3.350000000000000089e+00 3.106650226483107739e-03
3.400000000000000355e+00 3.253575217276287544e-03
3.450000000000000178e+00 3.365100213608542522e-03
3.500000000000000000e+00 3.443595573974038686e-03
3.550000000000000266e+00 3.491520083898286449e-03
3.600000000000000089e+00 3.511775527691966912e-03
3.650000000000000355e+00 3.506611051039314024e-03
3.700000000000000178e+00 3.478706542278231680e-03
3.750000000000000000e+00 3.430756995088294400e-03
3.800000000000000266e+00 3.365050386864411238e-03
3.850000000000000089e+00 3.283834666352853336e-03
3.900000000000000355e+00 3.189586887160273960e-03
3.950000000000000178e+00 3.084391393251170038e-03
4.000000000000000000e+00 2.970215396639469974e-03
4.049999999999999822e+00 2.849084982619039946e-03
4.100000000000000533e+00 2.722498780437438044e-03
4.150000000000000355e+00 2.592192965062425913e-03
4.200000000000000178e+00 2.459765307414982401e-03
4.250000000000000000e+00 2.326246914691770806e-03
4.299999999999999822e+00 2.192961574499603054e-03
4.350000000000000533e+00 2.061033085299413242e-03
4.400000000000000355e+00 1.931158289563173662e-03
4.450000000000000178e+00 1.804248729257875708e-03
4.500000000000000000e+00 1.680910575463802565e-03
4.549999999999999822e+00 1.561664682774949360e-03
4.600000000000000533e+00 1.447003953044782507e-03
4.650000000000000355e+00 1.337237733216622418e-03
4.700000000000000178e+00 1.232589592569634934e-03
4.750000000000000000e+00 1.133288714561569944e-03
4.800000000000000711e+00 1.039408812453771922e-03
4.850000000000000533e+00 9.509722551961357229e-04
4.900000000000000355e+00 8.679903307065487501e-04
4.950000000000000178e+00 7.903886301233271558e-04
5.000000000000000000e+00 7.180536434776378912e-04
5.050000000000000711e+00 6.508401865919222207e-04
5.100000000000000533e+00 5.885949920225837717e-04
5.150000000000000355e+00 5.311204345817312211e-04
5.200000000000000178e+00 4.781978748832908430e-04
5.250000000000000000e+00 4.296186148531716781e-04
5.300000000000000711e+00 3.851454107042208896e-04
5.350000000000000533e+00 3.445384591586197359e-04
5.400000000000000355e+00 3.075667971330517348e-04
5.450000000000000178e+00 2.739906603184969814e-04
5.500000000000000000e+00 2.435745000019120350e-04
5.550000000000000711e+00 2.160953713171347244e-04
5.600000000000000533e+00 1.913244355108492396e-04
5.650000000000000355e+00 1.690530205358006896e-04
5.700000000000000178e+00 1.490762226268866188e-04
5.750000000000000000e+00 1.311984581309840901e-04
5.800000000000000711e+00 1.152384529804368891e-04
5.850000000000000533e+00 1.010222680680263367e-04
5.900000000000000355e+00 8.838729800766440925e-05
5.950000000000000178e+00 7.718405602907167998e-05
6.000000000000000000e+00 6.727163432478716826e-05
6.050000000000000711e+00 5.852017420326051573e-05
6.100000000000000533e+00 5.081146632148691663e-05
6.150000000000000355e+00 4.403457707569890481e-05
6.200000000000000178e+00 3.809002019641223352e-05
6.250000000000000000e+00 3.288695494608023627e-05
6.300000000000000711e+00 2.834167451416257753e-05
6.350000000000000533e+00 2.437949385927513828e-05
6.400000000000000355e+00 2.093290564565948459e-05
6.450000000000000178e+00 1.794054314345608819e-05
6.500000000000000000e+00 1.534792506076378645e-05
6.550000000000000711e+00 1.310630904468942762e-05
6.600000000000000533e+00 1.117176198028356467e-05
6.650000000000000355e+00 9.505674230179565276e-06
6.700000000000000178e+00 8.073569021379388010e-06
6.750000000000000000e+00 6.844952833757335552e-06
6.800000000000000711e+00 5.793005598066770373e-06
6.850000000000000533e+00 4.894034313282750952e-06
6.900000000000000355e+00 4.127245234868368468e-06
6.950000000000000178e+00 3.474482762003468052e-06
7.000000000000000000e+00 2.919827636967421172e-06
7.050000000000000711e+00 2.449411989889117756e-06
7.100000000000000533e+00 2.051210651592763968e-06
7.150000000000000355e+00 1.714755818100249215e-06
7.200000000000000178e+00 1.431004281123348863e-06
7.250000000000000000e+00 1.192137020927984544e-06
7.300000000000000711e+00 9.914322331132526245e-07
7.350000000000000533e+00 8.230996699707516075e-07
7.400000000000000355e+00 6.821729315886613933e-07
7.450000000000000178e+00 5.644089187620292756e-07
7.500000000000000000e+00 4.661777066593773500e-07
7.550000000000000711e+00 3.843869312631314210e-07
7.600000000000000533e+00 3.164066631880700380e-07
7.650000000000000355e+00 2.600081191358950175e-07
7.700000000000000178e+00 2.133011404522610035e-07
7.750000000000000000e+00 1.746889069738068199e-07
7.800000000000000711e+00 1.428249531027179104e-07
7.850000000000000533e+00 1.165771451495457799e-07
7.900000000000000355e+00 9.499337097866485950e-08
7.950000000000000178e+00 7.727593771872133221e-08
8.000000000000000000e+00 6.275828688035603442e-08
8.050000000000000711e+00 5.088258499434022823e-08
8.099999999999999645e+00 4.118562303306396214e-08
8.150000000000000355e+00 3.328125113973303608e-08
8.200000000000001066e+00 2.684913035068219448e-08
8.250000000000000000e+00 2.162444247352200422e-08
8.300000000000000711e+00 1.738757064704648499e-08
8.349999999999999645e+00 1.395766764857446911e-08
8.400000000000000355e+00 1.118593708623084401e-08
8.450000000000001066e+00 8.949859900151073699e-09
8.500000000000000000e+00 7.149012930429249177e-09
8.550000000000000711e+00 5.701145498532028331e-09
8.599999999999999645e+00 4.539063517163682263e-09
8.650000000000000355e+00 3.607936220341201215e-09
8.700000000000001066e+00 2.863121394524124280e-09
8.750000000000000000e+00 2.268363068457514579e-09
8.800000000000000711e+00 1.794235724677653176e-09
8.849999999999999645e+00 1.416886228047902985e-09
8.900000000000000355e+00 1.117083382816426731e-09
8.950000000000001066e+00 8.792878155166603780e-10
9.000000000000000000e+00 6.909868595349042395e-10
9.050000000000000711e+00 5.421334067545934277e-10
9.099999999999999645e+00 4.246600663211366746e-10
9.150000000000000355e+00 3.321017075558522454e-10
9.200000000000001066e+00 2.592984625517071118e-10
9.250000000000000000e+00 2.021301256915302997e-10
9.300000000000000711e+00 1.573097986856480683e-10
9.349999999999999645e+00 1.222331969195759478e-10
9.400000000000000355e+00 9.482442407606706046e-11
9.450000000000001066e+00 7.344364986713073509e-11
9.500000000000000000e+00 5.679206971278668815e-11
9.550000000000000711e+00 4.384624168082921785e-11
9.600000000000001421e+00 3.379641399159928301e-11
9.650000000000000355e+00 2.600949175432157752e-11
9.700000000000001066e+00 1.998369982843730790e-11
9.750000000000000000e+00 1.533003447910935091e-11
9.800000000000000711e+00 1.174117853007890089e-11
9.850000000000001421e+00 8.978061444100613953e-12
9.900000000000000355e+00 6.854886859936421770e-12
9.950000000000001066e+00 5.224495680477640635e-12
1.000000000000000000e+01 3.976057432387661578e-12
1.005000000000000071e+01 3.021372029597954154e-12
1.010000000000000142e+01 2.291925625777717199e-12
1.015000000000000036e+01 1.735868742383902974e-12
1.020000000000000107e+01 1.313096223885954495e-12
1.025000000000000000e+01 9.910695394745656194e-13
1.030000000000000071e+01 7.467854309448282926e-13
1.035000000000000142e+01 5.628163588191653625e-13
1.040000000000000036e+01 4.222116620690735610e-13
1.045000000000000107e+01 3.173374011388849789e-13
1.050000000000000000e+01 2.373607054860759489e-13
1.055000000000000071e+01 1.776965965689721727e-13
1.060000000000000142e+01 1.325513062306426130e-13
1.065000000000000036e+01 9.897556671363911921e-14
1.070000000000000107e+01 7.338568203484296202e-14
1.075000000000000000e+01 5.496123867435700452e-14
1.080000000000000071e+01 4.029778087595721218e-14
1.085000000000000142e+01 3.043319005450142433e-14
1.090000000000000036e+01 2.188905427079998088e-14
1.095000000000000107e+01 1.684602980647343416e-14
1.100000000000000000e+01 1.167260690493357232e-14
1.105000000000000071e+01 9.168884670403151262e-15
1.110000000000000142e+01 6.563139055230052115e-15
1.115000000000000036e+01 4.591715182265414139e-15
1.120000000000000107e+01 4.060243661373722396e-15
1.125000000000000000e+01 1.773475062970808240e-15
1.130000000000000071e+01 2.758944779003244809e-15
1.135000000000000142e+01 4.152016785027527652e-16
1.140000000000000036e+01 1.955978226992723594e-15
1.145000000000000107e+01 9.919213852190438526e-18
1.150000000000000000e+01 9.092894203083112332e-16
1.155000000000000071e+01 4.306164063251721731e-16
1.160000000000000142e+01 6.335995058378345206e-17
1.165000000000000036e+01 4.143757695521254170e-16
1.170000000000000107e+01 -1.064024155057886562e-16
1.175000000000000000e+01 2.422219947775297914e-16
1.180000000000000071e+01 -8.903478953676710113e-18
1.185000000000000142e+01 8.193896875949679525e-17
1.190000000000000036e+01 1.140420795277458755e-16
1.195000000000000107e+01 1.451720283039606693e-16
1.200000000000000000e+01 -4.043627622873605935e-16
1.205000000000000071e+01 2.814472155680473255e-16
1.210000000000000142e+01 1.647706888493254396e-16
1.215000000000000036e+01 -3.387180126035395938e-16
1.220000000000000107e+01 2.639368051821406257e-16
1.225000000000000000e+01 -4.808259828529123941e-17
1.230000000000000071e+01 5.830398111922578600e-17
1.235000000000000142e+01 -1.026128182204571613e-17
1.240000000000000036e+01 -2.376188962322534944e-16
1.245000000000000107e+01 2.041676851298578648e-16
1.250000000000000000e+01 -1.500295115641337763e-17
1.255000000000000071e+01 1.554231683804269396e-16
1.260000000000000142e+01 -4.257336405963276206e-16
1.265000000000000036e+01 3.099645379283368611e-16
1.270000000000000107e+01 5.833702107693123531e-17
1.275000000000000000e+01 -2.857289748247805307e-16
1.280000000000000071e+01 2.177596407011251297e-16
1.285000000000000142e+01 1.619617240680971980e-16
1.290000000000000036e+01 -4.311862135639194002e-16
1.295000000000000107e+01 4.479491291482360860e-16
1.300000000000000000e+01 -2.110935183382749820e-16
1.305000000000000071e+01 -2.214717318345551126e-16
1.310000000000000142e+01 2.596854816667357515e-16
1.315000000000000036e+01 -1.091053471174701911e-16
1.320000000000000107e+01 9.836985684976582877e-17
1.325000000000000000e+01 -2.593775719877690145e-17
1.330000000000000071e+01 7.650066090248191217e-17
1.335000000000000142e+01 -1.362979910645373544e-16
1.340000000000000036e+01 1.064200033019544789e-16
1.345000000000000107e+01 -2.287011723520668714e-16
1.350000000000000000e+01 6.486688792285158287e-17
1.355000000000000071e+01 2.832771337266604787e-16
1.360000000000000142e+01 -2.166469485818838185e-16
1.365000000000000036e+01 3.300039752273549142e-17
1.370000000000000107e+01 -1.200618216603688303e-18
1.375000000000000000e+01 -1.730958448165030282e-18
1.380000000000000071e+01 -4.546099954544261410e-17
1.385000000000000142e+01 2.684043906141902698e-16
1.390000000000000036e+01 -2.257360662255695341e-16
1.395000000000000107e+01 -2.950903989143056315e-16
1.400000000000000000e+01 5.300802014159808609e-16
1.405000000000000071e+01 -2.434715869485712391e-16
1.410000000000000142e+01 -5.184321451271340398e-17
1.415000000000000036e+01 2.614215426003993473e-16
1.420000000000000107e+01 -3.805643051072070639e-16
1.425000000000000000e+01 2.777255665312067144e-16
1.430000000000000071e+01 -2.849016085017565281e-16
1.435000000000000142e+01 4.413025507830570352e-16
1.440000000000000036e+01 -2.887156236187835737e-16
1.445000000000000107e+01 5.890710028330363835e-17
1.450000000000000000e+01 -9.139824493801628886e-17
1.455000000000000071e+01 1.270290383949712917e-16
1.460000000000000142e+01 -8.727861444096228167e-17
1.465000000000000036e+01 2.056411340038453248e-17
1.470000000000000107e+01 8.856787030215705128e-17
1.475000000000000000e+01 -1.209680728111122687e-16
1.480000000000000071e+01 1.864962954252700142e-17
1.485000000000000142e+01 5.938489218840286095e-17
1.490000000000000036e+01 9.728248906030288399e-19
1.495000000000000107e+01 -5.783266139006792028e-17
1.500000000000000000e+01 7.600657269342828896e-30
1.505000000000000071e+01 1.077282754518868727e-64
1.510000000000000142e+01 1.526891815079860989e-99
1.515000000000000036e+01 2.164147354266558920e-134
1.520000000000000107e+01 3.067364486261929688e-169
1.525000000000000000e+01 4.347543575170259683e-204
1.530000000000000071e+01 6.162011462287760211e-239
1.535000000000000142e+01 8.733756066033304712e-274
1.540000000000000036e+01 1.237883620199530680e-308
1.545000000000000107e+01 -0.000000000000000000e+00
1.550000000000000000e+01 -0.000000000000000000e+00
1.555000000000000071e+01 -0.000000000000000000e+00
1.560000000000000142e+01 -0.000000000000000000e+00
1.565000000000000036e+01 -0.000000000000000000e+00
1.570000000000000107e+01 -0.000000000000000000e+00
1.575000000000000000e+01 -0.000000000000000000e+00
1.580000000000000071e+01 -0.000000000000000000e+00
1.585000000000000142e+01 -0.000000000000000000e+00
1.590000000000000036e+01 -0.000000000000000000e+00
1.595000000000000107e+01 -0.000000000000000000e+00
1.600000000000000000e+01 -0.000000000000000000e+00
1.605000000000000071e+01 -0.000000000000000000e+00
1.610000000000000142e+01 -0.000000000000000000e+00
1.615000000000000213e+01 -0.000000000000000000e+00
1.619999999999999929e+01 -0.000000000000000000e+00
1.625000000000000000e+01 -0.000000000000000000e+00
1.630000000000000071e+01 -0.000000000000000000e+00
1.635000000000000142e+01 -0.000000000000000000e+00
1.640000000000000213e+01 -0.000000000000000000e+00
1.644999999999999929e+01 -0.000000000000000000e+00
