0.000000000000000000e+00 -9.063565311761704116e-03
5.000000000000000278e-02 -9.062527189419000359e-03
1.000000000000000056e-01 -9.059410508507982629e-03
1.500000000000000222e-01 -9.054208391081002005e-03
2.000000000000000111e-01 -9.046909584848340444e-03
2.500000000000000000e-01 -9.037498774815886510e-03
3.000000000000000444e-01 -9.025957010109752696e-03
3.500000000000000333e-01 -9.012262312577054568e-03
4.000000000000000222e-01 -8.996389984126869008e-03
4.500000000000000111e-01 -8.978313775004088601e-03
5.000000000000000000e-01 -8.958006564230833191e-03
5.500000000000000444e-01 -8.935440724042344532e-03
6.000000000000000888e-01 -8.910589451149353996e-03
6.500000000000000222e-01 -8.883427598423846230e-03
7.000000000000000666e-01 -8.853932677977464222e-03
7.500000000000000000e-01 -8.822084825535486327e-03
8.000000000000000444e-01 -8.787868903569313883e-03
8.500000000000000888e-01 -8.751274462434234860e-03
9.000000000000000222e-01 -8.712296453400800861e-03
9.500000000000000666e-01 -8.670936254296096948e-03
1.000000000000000000e+00 -8.627201911260878528e-03
1.050000000000000044e+00 -8.581108635868760909e-03
1.100000000000000089e+00 -8.532679347280863399e-03
1.150000000000000133e+00 -8.481944430268666124e-03
1.200000000000000178e+00 -8.428942511060012049e-03
1.250000000000000000e+00 -8.373719855999450096e-03
1.300000000000000044e+00 -8.316330784301526752e-03
1.350000000000000089e+00 -8.256837036597037410e-03
1.400000000000000133e+00 -8.195308143165656520e-03
1.450000000000000178e+00 -8.131820390667302001e-03
1.500000000000000000e+00 -8.066456752066693270e-03
1.550000000000000044e+00 -7.999306304496332093e-03
1.600000000000000089e+00 -7.930463666991474647e-03
1.650000000000000133e+00 -7.860028368336404586e-03
1.700000000000000178e+00 -7.788104353918055139e-03
1.750000000000000000e+00 -7.714798879514264511e-03
1.800000000000000044e+00 -7.640222472033855912e-03
1.850000000000000089e+00 -7.564487705340712867e-03
1.900000000000000133e+00 -7.487708736679606243e-03
1.950000000000000178e+00 -7.410000547778457063e-03
2.000000000000000000e+00 -7.331478564541721310e-03
2.050000000000000266e+00 -7.252257373762777473e-03
2.100000000000000089e+00 -7.172450857404132421e-03
2.149999999999999911e+00 -7.092171342340347455e-03
2.200000000000000178e+00 -7.011528915895833512e-03
2.250000000000000000e+00 -6.930631772434281065e-03
2.300000000000000266e+00 -6.849583437497270416e-03
2.350000000000000089e+00 -6.768485762439130360e-03
2.400000000000000355e+00 -6.687436298551767237e-03
2.450000000000000178e+00 -6.606528707374646238e-03
2.500000000000000000e+00 -6.525852423316210599e-03
2.550000000000000266e+00 -6.445492492988223743e-03
2.600000000000000089e+00 -6.365529470177767359e-03
2.650000000000000355e+00 -6.286039149581733494e-03
2.700000000000000178e+00 -6.207092646338988398e-03
2.750000000000000000e+00 -6.128756641294248568e-03
2.800000000000000266e+00 -6.051092569989663210e-03
2.850000000000000089e+00 -5.974157498426948924e-03
2.900000000000000355e+00 -5.898003733978304103e-03
2.950000000000000178e+00 -5.822679093426272670e-03
3.000000000000000000e+00 -5.748226834395752521e-03
3.050000000000000266e+00 -5.674685897042601283e-03
3.100000000000000089e+00 -5.602091006395352145e-03
3.150000000000000355e+00 -5.530472820035778683e-03
3.200000000000000178e+00 -5.459858086345252721e-03
3.250000000000000000e+00 -5.390269773911757212e-03
3.300000000000000266e+00 -5.321727392303911633e-03
3.350000000000000089e+00 -5.254246952295104495e-03
3.400000000000000355e+00 -5.187841286386517259e-03
3.450000000000000178e+00 -5.122520224191298537e-03
3.500000000000000000e+00 -5.058290658385735696e-03
3.550000000000000266e+00 -4.995156909550171886e-03
3.600000000000000089e+00 -4.933120776318852124e-03
3.650000000000000355e+00 -4.872181743763991102e-03
3.700000000000000178e+00 -4.812337154868246564e-03
3.750000000000000000e+00 -4.753582377481701399e-03
3.800000000000000266e+00 -4.695910966228353592e-03
3.850000000000000089e+00 -4.639314818928570207e-03
3.900000000000000355e+00 -4.583784327195156855e-03
3.950000000000000178e+00 -4.529308520941934674e-03
4.000000000000000000e+00 -4.475875206615040867e-03
4.049999999999999822e+00 -4.423471099019103681e-03
4.100000000000000533e+00 -4.372081946663570334e-03
4.150000000000000355e+00 -4.321692650599460832e-03
4.200000000000000178e+00 -4.272287376754509147e-03
4.250000000000000000e+00 -4.223849661805946856e-03
4.299999999999999822e+00 -4.176362512656140065e-03
4.350000000000000533e+00 -4.129808499597738616e-03
4.400000000000000355e+00 -4.084169843273063698e-03
4.450000000000000178e+00 -4.039428495547936308e-03
4.500000000000000000e+00 -3.995566214433969587e-03
4.549999999999999822e+00 -3.952564633205983731e-03
4.600000000000000533e+00 -3.910405323873513556e-03
4.650000000000000355e+00 -3.869069855177366575e-03
4.700000000000000178e+00 -3.828539845294339026e-03
4.750000000000000000e+00 -3.788797009445424042e-03
4.800000000000000711e+00 -3.749823202615030441e-03
4.850000000000000533e+00 -3.711600457600613013e-03
4.900000000000000355e+00 -3.674111018623488038e-03
4.950000000000000178e+00 -3.637337370741824429e-03
5.000000000000000000e+00 -3.601262265315664443e-03
5.050000000000000711e+00 -3.565868741780747319e-03
5.100000000000000533e+00 -3.531140145992551702e-03
5.150000000000000355e+00 -3.497060145404070914e-03
5.200000000000000178e+00 -3.463612741340091339e-03
5.250000000000000000e+00 -3.430782278627122518e-03
5.300000000000000711e+00 -3.398553452831691753e-03
5.350000000000000533e+00 -3.366911315350445619e-03
5.400000000000000355e+00 -3.335841276584008714e-03
5.450000000000000178e+00 -3.305329107412750649e-03
5.500000000000000000e+00 -3.275360939177468164e-03
5.550000000000000711e+00 -3.245923262351545820e-03
5.600000000000000533e+00 -3.217002924074304111e-03
5.650000000000000355e+00 -3.188587124698351576e-03
5.700000000000000178e+00 -3.160663413487245499e-03
5.750000000000000000e+00 -3.133219683584318946e-03
5.800000000000000711e+00 -3.106244166359269868e-03
5.850000000000000533e+00 -3.079725050982310992e-03
5.900000000000000355e+00 -3.053651973063420313e-03
5.950000000000000178e+00 -3.028014144981433856e-03
