0.000000000000000000e+00 -0.000000000000000000e+00
5.000000000000000278e-02 1.041113892278749014e-08
1.000000000000000056e-01 1.662889469242930230e-07
1.500000000000000222e-01 8.393991917253660769e-07
2.000000000000000111e-01 2.642140438294665842e-06
2.500000000000000000e-01 6.416776216828841467e-06
3.000000000000000444e-01 1.322046107794810011e-05
3.500000000000000333e-01 2.430616954327753675e-05
4.000000000000000222e-01 4.109967882968763224e-05
4.500000000000000111e-01 6.517280497668905784e-05
5.000000000000000000e-01 9.821314426410390763e-05
5.500000000000000444e-01 1.419906589310055583e-04
6.000000000000000888e-01 1.983214462747298179e-04
6.500000000000000222e-01 2.690292112898967679e-04
7.000000000000000666e-01 3.559049460281472443e-04
7.500000000000000000e-01 4.606653838554025096e-04
8.000000000000000444e-01 5.849110442117679519e-04
8.500000000000000888e-01 7.300844438748156856e-04
9.000000000000000222e-01 8.974293547915658531e-04
9.500000000000000666e-01 1.087951998646175715e-03
1.000000000000000000e+00 1.302384912227297570e-03
1.050000000000000044e+00 1.541154423742447255e-03
1.100000000000000089e+00 1.804352570102879571e-03
1.150000000000000133e+00 2.091714210242262995e-03
1.200000000000000178e+00 2.402600083101503504e-03
1.250000000000000000e+00 2.735986422464985451e-03
1.300000000000000044e+00 3.090461635359434845e-03
1.350000000000000089e+00 3.464230408648742449e-03
1.400000000000000133e+00 3.855125449932379593e-03
1.450000000000000178e+00 4.260626895934271213e-03
1.500000000000000000e+00 4.677889238913859361e-03
1.550000000000000044e+00 5.103775434493854589e-03
1.600000000000000089e+00 5.534897668344702926e-03
1.650000000000000133e+00 5.967664080268251375e-03
1.700000000000000178e+00 6.398330578248599861e-03
1.750000000000000000e+00 6.823056727622701760e-03
1.800000000000000044e+00 7.237964576853304216e-03
1.850000000000000089e+00 7.639199185992432556e-03
1.900000000000000133e+00 8.022989560494792408e-03
1.950000000000000178e+00 8.385708664270425522e-03
2.000000000000000000e+00 8.723931193331955353e-03
2.050000000000000266e+00 9.034487835478418119e-03
2.100000000000000089e+00 9.314514821321066146e-03
2.149999999999999911e+00 9.561497686436113211e-03
2.200000000000000178e+00 9.773308301370299891e-03
2.250000000000000000e+00 9.948234421625833448e-03
2.300000000000000266e+00 1.008500115110715252e-02
2.350000000000000089e+00 1.018278398179643315e-02
2.400000000000000355e+00 1.024121323781868216e-02
2.450000000000000178e+00 1.026036999473434359e-02
2.500000000000000000e+00 1.024077374014478216e-02
2.550000000000000266e+00 1.018336233823067226e-02
2.600000000000000089e+00 1.008946469421596881e-02
2.650000000000000355e+00 9.960767412154278300e-03
2.700000000000000178e+00 9.799275898077972752e-03
2.750000000000000000e+00 9.607271456227254453e-03
2.800000000000000266e+00 9.387264929786613352e-03
2.850000000000000089e+00 9.141948660317270048e-03
2.900000000000000355e+00 8.874147773565340888e-03
2.950000000000000178e+00 8.586771343298740117e-03
3.000000000000000000e+00 8.282765497740807864e-03
3.050000000000000266e+00 7.965068680711855434e-03
3.100000000000000089e+00 7.636570233154097234e-03
3.150000000000000355e+00 7.300072953087655137e-03
3.200000000000000178e+00 6.958260240783301250e-03
3.250000000000000000e+00 6.613668167090644770e-03
3.300000000000000266e+00 6.268662778361701847e-03
3.350000000000000089e+00 5.925422675638179586e-03
3.400000000000000355e+00 5.585926809236799705e-03
3.450000000000000178e+00 5.251947272816749959e-03
3.500000000000000000e+00 4.925046744179172910e-03
3.550000000000000266e+00 4.606580226254332854e-03
3.600000000000000089e+00 4.297700291201868826e-03
3.650000000000000355e+00 3.999365709298235982e-03
3.700000000000000178e+00 3.712352307129324069e-03
3.750000000000000000e+00 3.437265919238530892e-03
3.800000000000000266e+00 3.174556478238554046e-03
3.850000000000000089e+00 2.924532841558582889e-03
3.900000000000000355e+00 2.687377792627823961e-03
3.950000000000000178e+00 2.463162732726495874e-03
4.000000000000000000e+00 2.251861707540518329e-03
4.049999999999999822e+00 2.053364496046586416e-03
4.100000000000000533e+00 1.867488455182321786e-03
4.150000000000000355e+00 1.693989145647332648e-03
4.200000000000000178e+00 1.532569480986631285e-03
4.250000000000000000e+00 1.382887724896037906e-03
4.299999999999999822e+00 1.244564086075118691e-03
4.350000000000000533e+00 1.117186298870728560e-03
4.400000000000000355e+00 1.000314264455494807e-03
4.450000000000000178e+00 8.934839688714703949e-04
4.500000000000000000e+00 7.962108878710034933e-04
4.549999999999999822e+00 7.079930711275939093e-04
4.600000000000000533e+00 6.283141194362271186e-04
4.650000000000000355e+00 5.566462006553778890e-04
4.700000000000000178e+00 4.924531592539326420e-04
4.750000000000000000e+00 4.351940272735301354e-04
4.800000000000000711e+00 3.843266832956359399e-04
4.850000000000000533e+00 3.393119177853552194e-04
4.900000000000000355e+00 2.996176379219689530e-04
4.950000000000000178e+00 2.647234660933209141e-04
5.000000000000000000e+00 2.341251688162009667e-04
5.050000000000000711e+00 2.073391438093218336e-04
5.100000000000000533e+00 1.839068309083878680e-04
5.150000000000000355e+00 1.633985804229351750e-04
5.200000000000000178e+00 1.454171377570078751e-04
5.250000000000000000e+00 1.296004809071162999e-04
5.300000000000000711e+00 1.156239188396927683e-04
5.350000000000000533e+00 1.032013638948079532e-04
5.400000000000000355e+00 9.208574942425138549e-05
5.450000000000000178e+00 8.206842013626624568e-05
5.500000000000000000e+00 7.297788337600087790e-05
5.550000000000000711e+00 6.467749417422159460e-05
5.600000000000000533e+00 5.706250980187407265e-05
5.650000000000000355e+00 5.005648189467075675e-05
5.700000000000000178e+00 4.360722808499466197e-05
5.750000000000000000e+00 3.768235837477063759e-05
5.800000000000000711e+00 3.226475957405661475e-05
5.850000000000000533e+00 2.734801680490113899e-05
5.900000000000000355e+00 2.293210595886837141e-05
5.950000000000000178e+00 1.901926531033097125e-05
6.000000000000000000e+00 1.561058194547463928e-05
6.050000000000000711e+00 1.270294464096623854e-05
6.100000000000000533e+00 1.028677325688269292e-05
6.150000000000000355e+00 8.344445720272961381e-06
6.200000000000000178e+00 6.849460631448633797e-06
6.250000000000000000e+00 5.766318869499433398e-06
6.300000000000000711e+00 5.051076088656317855e-06
6.350000000000000533e+00 4.652489716859988628e-06
6.400000000000000355e+00 4.513641866741447229e-06
6.450000000000000178e+00 4.574034075965921435e-06
6.500000000000000000e+00 4.771725034555824243e-06
6.550000000000000711e+00 5.045793342159422427e-06
6.600000000000000533e+00 5.338657508084949611e-06
6.650000000000000355e+00 5.598218969349900546e-06
6.700000000000000178e+00 5.779869865611216202e-06
6.750000000000000000e+00 5.847968527664984846e-06
6.800000000000000711e+00 5.776977426258975220e-06
6.850000000000000533e+00 5.552078761213985188e-06
6.900000000000000355e+00 5.169258212099959449e-06
6.950000000000000178e+00 4.634975167807895692e-06
7.000000000000000000e+00 3.965226492746924371e-06
7.050000000000000711e+00 3.184216021785949093e-06
7.100000000000000533e+00 2.322754372012276149e-06
7.150000000000000355e+00 1.416325294522358396e-06
7.200000000000000178e+00 5.030097289095020721e-07
7.250000000000000000e+00 -3.786450925662356519e-07
7.300000000000000711e+00 -1.191702873235754789e-06
7.350000000000000533e+00 -1.902779549260231869e-06
7.400000000000000355e+00 -2.483706405208932408e-06
7.450000000000000178e+00 -2.912914808264577967e-06
7.500000000000000000e+00 -3.176415863926286259e-06
7.550000000000000711e+00 -3.268396248532675581e-06
7.600000000000000533e+00 -3.191345078817432625e-06
7.650000000000000355e+00 -2.955734767918758789e-06
7.700000000000000178e+00 -2.579406272779102298e-06
7.750000000000000000e+00 -2.086480056594570884e-06
7.800000000000000711e+00 -1.506015093774629917e-06
7.850000000000000533e+00 -8.705283143740988500e-07
7.900000000000000355e+00 -2.141911819218928557e-07
7.950000000000000178e+00 4.288404591545741869e-07
