0.000000000000000000e+00 0.000000000000000000e+00
5.000000000000000278e-02 -9.620929110489126530e-11
1.000000000000000056e-01 -7.669348852307784316e-10
1.500000000000000222e-01 -2.573071451007532181e-09
2.000000000000000111e-01 -6.048620709011014385e-09
2.500000000000000000e-01 -1.168811025541163369e-08
3.000000000000000444e-01 -1.993502150773554964e-08
3.500000000000000333e-01 -3.117151561760117978e-08
4.000000000000000222e-01 -4.570970754634096219e-08
4.500000000000000111e-01 -6.378469283239302120e-08
5.000000000000000000e-01 -8.554948040854541916e-08
5.500000000000000444e-01 -1.110719299062893448e-07
6.000000000000000888e-01 -1.403337350540905804e-07
6.500000000000000222e-01 -1.732314379080758273e-07
7.000000000000000666e-01 -2.095794035785111213e-07
7.500000000000000000e-01 -2.491146335565118792e-07
8.000000000000000444e-01 -2.915032492561967249e-07
8.500000000000000888e-01 -3.363484372991966131e-07
9.000000000000000222e-01 -3.831996154476420067e-07
9.500000000000000666e-01 -4.315625537100113169e-07
1.000000000000000000e+00 -4.809101694604741761e-07
1.050000000000000044e+00 -5.306937085684866921e-07
1.100000000000000089e+00 -5.803540263644374856e-07
1.150000000000000133e+00 -6.293326923134307339e-07
1.200000000000000178e+00 -6.770826598189181594e-07
1.250000000000000000e+00 -7.230782666980229609e-07
1.300000000000000044e+00 -7.668243614547119268e-07
1.350000000000000089e+00 -8.078643842961588268e-07
1.400000000000000133e+00 -8.457872685907966874e-07
1.450000000000000178e+00 -8.802330668333325525e-07
1.500000000000000000e+00 -9.108972438714339434e-07
1.550000000000000044e+00 -9.375336179443057839e-07
1.600000000000000089e+00 -9.599559658814988787e-07
1.650000000000000133e+00 -9.780383416526637200e-07
1.700000000000000178e+00 -9.917141865558901162e-07
1.750000000000000000e+00 -1.000974334078542501e-06
1.800000000000000044e+00 -1.005864032446352638e-06
1.850000000000000089e+00 -1.006479122871168610e-06
1.900000000000000133e+00 -1.002961521475133855e-06
1.950000000000000178e+00 -9.954941579378390290e-07
2.000000000000000000e+00 -9.842955243608217505e-07
2.050000000000000266e+00 -9.696139840741766978e-07
2.100000000000000089e+00 -9.517219826261600450e-07
2.149999999999999911e+00 -9.309102925742620963e-07
2.200000000000000178e+00 -9.074824105561052187e-07
2.250000000000000000e+00 -8.817492101004077726e-07
2.300000000000000266e+00 -8.540239373764123439e-07
2.350000000000000089e+00 -8.246176201819193611e-07
2.400000000000000355e+00 -7.938349434975619160e-07
2.450000000000000178e+00 -7.619706283907942556e-07
2.500000000000000000e+00 -7.293063353694872630e-07
2.550000000000000266e+00 -6.961080988173444823e-07
2.600000000000000089e+00 -6.626242861666711197e-07
2.650000000000000355e+00 -6.290840641729157848e-07
2.700000000000000178e+00 -5.956963451729413077e-07
2.750000000000000000e+00 -5.626491785637114462e-07
2.800000000000000266e+00 -5.301095469563109121e-07
2.850000000000000089e+00 -4.982235224063704504e-07
2.900000000000000355e+00 -4.671167357429057888e-07
2.950000000000000178e+00 -4.368951111191809780e-07
3.000000000000000000e+00 -4.076458183321030346e-07
3.050000000000000266e+00 -3.794383970033939785e-07
3.100000000000000089e+00 -3.523260091865658961e-07
3.150000000000000355e+00 -3.263467801589633349e-07
3.200000000000000178e+00 -3.015251908852433937e-07
3.250000000000000000e+00 -2.778734897175310757e-07
3.300000000000000266e+00 -2.553930951644636392e-07
3.350000000000000089e+00 -2.340759658720779544e-07
3.400000000000000355e+00 -2.139059181907809664e-07
3.450000000000000178e+00 -1.948598757529128256e-07
3.500000000000000000e+00 -1.769090392747456668e-07
3.550000000000000266e+00 -1.600199682658695231e-07
3.600000000000000089e+00 -1.441555694376700588e-07
3.650000000000000355e+00 -1.292759893281620163e-07
3.700000000000000178e+00 -1.153394109949965962e-07
3.750000000000000000e+00 -1.023027565769695164e-07
3.800000000000000266e+00 -9.012229910211105656e-08
3.850000000000000089e+00 -7.875418815079960364e-08
3.900000000000000355e+00 -6.815489489450336340e-08
3.950000000000000178e+00 -5.828158265786898125e-08
4.000000000000000000e+00 -4.909240952913210041e-08
4.049999999999999822e+00 -4.054676970714228777e-08
4.100000000000000533e+00 -3.260548025791518030e-08
4.150000000000000355e+00 -2.523091979322248274e-08
4.200000000000000178e+00 -1.838712530967384058e-08
4.250000000000000000e+00 -1.203985306749853032e-08
4.299999999999999822e+00 -6.156608969140363368e-09
4.350000000000000533e+00 -7.066534408453419373e-10
4.400000000000000355e+00 4.339014655686002851e-09
4.450000000000000178e+00 9.007691034325205601e-09
4.500000000000000000e+00 1.332501234207280063e-08
4.549999999999999822e+00 1.731501273976012254e-08
4.600000000000000533e+00 2.100018800977531259e-08
4.650000000000000355e+00 2.440156489150628216e-08
4.700000000000000178e+00 2.753877370844896666e-08
4.750000000000000000e+00 3.043012267907947693e-08
4.800000000000000711e+00 3.309267259638112663e-08
4.850000000000000533e+00 3.554231081903604115e-08
4.900000000000000355e+00 3.779382374224910925e-08
4.950000000000000178e+00 3.986096710995070135e-08
5.000000000000000000e+00 4.175653369514473423e-08
5.050000000000000711e+00 4.349241801398627173e-08
5.100000000000000533e+00 4.507967785449392805e-08
5.150000000000000355e+00 4.652859249529602576e-08
5.200000000000000178e+00 4.784871756604603894e-08
5.250000000000000000e+00 4.904893656160864292e-08
5.300000000000000711e+00 5.013750906905014011e-08
5.350000000000000533e+00 5.112211580198358569e-08
5.400000000000000355e+00 5.200990056276265677e-08
5.450000000000000178e+00 5.280750927107736803e-08
5.500000000000000000e+00 5.352112620911306583e-08
5.550000000000000711e+00 5.415650763987737316e-08
5.600000000000000533e+00 5.471901295764717738e-08
5.650000000000000355e+00 5.521363352865551628e-08
5.700000000000000178e+00 5.564501937690181110e-08
5.750000000000000000e+00 5.601750386495870830e-08
5.800000000000000711e+00 5.633512651338274022e-08
5.850000000000000533e+00 5.660165409523590633e-08
5.900000000000000355e+00 5.682060013463093175e-08
5.950000000000000178e+00 5.699524293037066559e-08
6.000000000000000000e+00 5.712864221788484590e-08
6.050000000000000711e+00 5.722365457490598306e-08
6.100000000000000533e+00 5.728294766879876287e-08
6.150000000000000355e+00 5.730901343623071083e-08
6.200000000000000178e+00 5.730418027900013191e-08
6.250000000000000000e+00 5.727062435336307713e-08
6.300000000000000711e+00 5.721038002411969608e-08
6.350000000000000533e+00 5.712534954904956129e-08
6.400000000000000355e+00 5.701731205402433757e-08
6.450000000000000178e+00 5.688793185424180720e-08
6.500000000000000000e+00 5.673876617252373115e-08
6.550000000000000711e+00 5.657127230147081638e-08
6.600000000000000533e+00 5.638681425244982620e-08
6.650000000000000355e+00 5.618666893087875233e-08
6.700000000000000178e+00 5.597203187406761824e-08
6.750000000000000000e+00 5.574402258491580235e-08
6.800000000000000711e+00 5.550368949207061739e-08
6.850000000000000533e+00 5.525201456467783809e-08
6.900000000000000355e+00 5.498991760758745473e-08
6.950000000000000178e+00 5.471826026080013174e-08
7.000000000000000000e+00 5.443784972509584672e-08
7.050000000000000711e+00 5.414944223388093675e-08
7.100000000000000533e+00 5.385374628997383367e-08
7.150000000000000355e+00 5.355142568432182308e-08
7.200000000000000178e+00 5.324310231246095338e-08
7.250000000000000000e+00 5.292935880325992432e-08
7.300000000000000711e+00 5.261074097336702815e-08
7.350000000000000533e+00 5.228776011975213605e-08
7.400000000000000355e+00 5.196089516178953399e-08
7.450000000000000178e+00 5.163059464345670181e-08
7.500000000000000000e+00 5.129727860542829550e-08
7.550000000000000711e+00 5.096134033610989778e-08
7.600000000000000533e+00 5.062314800998055971e-08
7.650000000000000355e+00 5.028304622099471001e-08
7.700000000000000178e+00 4.994135741822005102e-08
7.750000000000000000e+00 4.959838325036258874e-08
7.800000000000000711e+00 4.925440582534567342e-08
7.850000000000000533e+00 4.890968889066125097e-08
7.900000000000000355e+00 4.856447893979988063e-08
7.950000000000000178e+00 4.821900624968435386e-08
8.000000000000000000e+00 4.787348585368306945e-08
8.050000000000000711e+00 4.752811845444964542e-08
8.099999999999999645e+00 4.718309128054089773e-08
8.150000000000000355e+00 4.683857889048297587e-08
8.200000000000001066e+00 4.649474392770319509e-08
8.250000000000000000e+00 4.615173782950440855e-08
8.300000000000000711e+00 4.580970149304112842e-08
8.349999999999999645e+00 4.546876590105291311e-08
8.400000000000000355e+00 4.512905270992267523e-08
8.450000000000001066e+00 4.479067480245127639e-08
8.500000000000000000e+00 4.445373680758141243e-08
8.550000000000000711e+00 4.411833558914928907e-08
8.599999999999999645e+00 4.378456070560937171e-08
8.650000000000000355e+00 4.345249484252762159e-08
8.700000000000001066e+00 4.312221421961457592e-08
8.750000000000000000e+00 4.279378897369885422e-08
8.800000000000000711e+00 4.246728351875303325e-08
8.849999999999999645e+00 4.214275688832044054e-08
8.900000000000000355e+00 4.182026304931142035e-08
8.950000000000001066e+00 4.149985120899941397e-08
9.000000000000000000e+00 4.118156609570931500e-08
9.050000000000000711e+00 4.086544822663329294e-08
9.099999999999999645e+00 4.055153415963124866e-08
9.150000000000000355e+00 4.023985673052936432e-08
9.200000000000001066e+00 3.993044527681992320e-08
9.250000000000000000e+00 3.962332584830815987e-08
9.300000000000000711e+00 3.931852140613431107e-08
9.349999999999999645e+00 3.901605200997167565e-08
9.400000000000000355e+00 3.871593499475207157e-08
9.450000000000001066e+00 3.841818513730353423e-08
9.500000000000000000e+00 3.812281481339625338e-08
9.550000000000000711e+00 3.782983414598965088e-08
9.600000000000001421e+00 3.753925114498435991e-08
9.650000000000000355e+00 3.725107183907134045e-08
9.700000000000001066e+00 3.696530040012176456e-08
9.750000000000000000e+00 3.668193926055391985e-08
9.800000000000000711e+00 3.640098922408840541e-08
9.850000000000001421e+00 3.612244957027889288e-08
9.900000000000000355e+00 3.584631815318060558e-08
9.950000000000001066e+00 3.557259149449665236e-08
1.000000000000000000e+01 3.530126487152164686e-08
1.005000000000000071e+01 3.503233240017641351e-08
1.010000000000000142e+01 3.476578711341011814e-08
1.015000000000000036e+01 3.450162103522345662e-08
1.020000000000000107e+01 3.423982525020343574e-08
1.025000000000000000e+01 3.398038997092829643e-08
1.030000000000000071e+01 3.372330459817190911e-08
1.035000000000000142e+01 3.346855778019152055e-08
1.040000000000000036e+01 3.321613746922559923e-08
1.045000000000000107e+01 3.296603097255505269e-08
1.050000000000000000e+01 3.271822500192404640e-08
1.055000000000000071e+01 3.247270571980550585e-08
1.060000000000000142e+01 3.222945878295301620e-08
1.065000000000000036e+01 3.198846938339601916e-08
1.070000000000000107e+01 3.174972228703181861e-08
1.075000000000000000e+01 3.151320186997045411e-08
1.080000000000000071e+01 3.127889215278791918e-08
1.085000000000000142e+01 3.104677683283561105e-08
1.090000000000000036e+01 3.081683931475937771e-08
1.095000000000000107e+01 3.058906273936121271e-08
1.100000000000000000e+01 3.036343001093516563e-08
1.105000000000000071e+01 3.013992382318687454e-08
1.110000000000000142e+01 2.991852668383178657e-08
1.115000000000000036e+01 2.969922093794470308e-08
1.120000000000000107e+01 2.948198879010813281e-08
1.125000000000000000e+01 2.926681232539051207e-08
1.130000000000000071e+01 2.905367352915824244e-08
1.135000000000000142e+01 2.884255430571330088e-08
1.140000000000000036e+01 2.863343649573367459e-08
1.145000000000000107e+01 2.842630189249295992e-08
1.150000000000000000e+01 2.822113225683734427e-08
1.155000000000000071e+01 2.801790933091166904e-08
1.160000000000000142e+01 2.781661485065039956e-08
1.165000000000000036e+01 2.761723055707567809e-08
1.170000000000000107e+01 2.741973820648176010e-08
1.175000000000000000e+01 2.722411957962140757e-08
1.180000000000000071e+01 2.703035649004500441e-08
1.185000000000000142e+01 2.683843079177649148e-08
1.190000000000000036e+01 2.664832438652672565e-08
1.195000000000000107e+01 2.646001923065677880e-08
1.200000000000000000e+01 2.627349734209226448e-08
1.205000000000000071e+01 2.608874080736240341e-08
1.210000000000000142e+01 2.590573177484737420e-08
1.215000000000000036e+01 2.572445253261622744e-08
1.220000000000000107e+01 2.554488537589514099e-08
1.225000000000000000e+01 2.536701275565614989e-08
1.230000000000000071e+01 2.519081721656696357e-08
1.235000000000000142e+01 2.501628141900196740e-08
1.240000000000000036e+01 2.484338814648955135e-08
1.245000000000000107e+01 2.467212031230313152e-08
1.250000000000000000e+01 2.450246096485924803e-08
1.255000000000000071e+01 2.433439329162372033e-08
1.260000000000000142e+01 2.416790062130843380e-08
1.265000000000000036e+01 2.400296642424876572e-08
1.270000000000000107e+01 2.383957431099961818e-08
1.275000000000000000e+01 2.367770802934501133e-08
1.280000000000000071e+01 2.351735146008108350e-08
1.285000000000000142e+01 2.335848861208421211e-08
1.290000000000000036e+01 2.320110361729384558e-08
1.295000000000000107e+01 2.304518072631174038e-08
1.300000000000000000e+01 2.289070430532982546e-08
1.305000000000000071e+01 2.273765883503221261e-08
1.310000000000000142e+01 2.258602891198242470e-08
1.315000000000000036e+01 2.243579925279343151e-08
1.320000000000000107e+01 2.228695470111372601e-08
1.325000000000000000e+01 2.213948023715474765e-08
1.330000000000000071e+01 2.199336098917012433e-08
1.335000000000000142e+01 2.184858224600222218e-08
1.340000000000000036e+01 2.170512946957503452e-08
1.345000000000000107e+01 2.156298830606079586e-08
1.350000000000000000e+01 2.142214459441601267e-08
1.355000000000000071e+01 2.128258437108080883e-08
1.360000000000000142e+01 2.114429386987925362e-08
1.365000000000000036e+01 2.100725951653027060e-08
1.370000000000000107e+01 2.087146791766216294e-08
1.375000000000000000e+01 2.073690584477833596e-08
1.380000000000000071e+01 2.060356021419734008e-08
1.385000000000000142e+01 2.047141806452815382e-08
1.390000000000000036e+01 2.034046653367836777e-08
1.395000000000000107e+01 2.021069283767241515e-08
1.400000000000000000e+01 2.008208425363025283e-08
1.405000000000000071e+01 1.995462810908565714e-08
1.410000000000000142e+01 1.982831177940923859e-08
1.415000000000000036e+01 1.970312269444564320e-08
1.420000000000000107e+01 1.957904835463160347e-08
1.425000000000000000e+01 1.945607635589279432e-08
1.430000000000000071e+01 1.933419442161335462e-08
1.435000000000000142e+01 1.921339043903608588e-08
1.440000000000000036e+01 1.909365249669316569e-08
1.445000000000000107e+01 1.897496891898111948e-08
1.450000000000000000e+01 1.885732829386926335e-08
1.455000000000000071e+01 1.874071949001261842e-08
1.460000000000000142e+01 1.862513166025243994e-08
1.465000000000000036e+01 1.851055422958609616e-08
1.470000000000000107e+01 1.839697686711382354e-08
1.475000000000000000e+01 1.828438944309276664e-08
1.480000000000000071e+01 1.817278197389904369e-08
1.485000000000000142e+01 1.806214455925581237e-08
1.490000000000000036e+01 1.795246731732996913e-08
1.495000000000000107e+01 1.784374032409374873e-08
1.500000000000000000e+01 1.773595356353626980e-08
1.505000000000000071e+01 1.762909689483707083e-08
1.510000000000000142e+01 1.752316004144148617e-08
1.515000000000000036e+01 1.741813260517874963e-08
1.520000000000000107e+01 1.731400410625711679e-08
1.525000000000000000e+01 1.721076404735823274e-08
1.530000000000000071e+01 1.710840199737307869e-08
1.535000000000000142e+01 1.700690768786371198e-08
1.540000000000000036e+01 1.690627111336160531e-08
1.545000000000000107e+01 1.680648262539874289e-08
1.550000000000000000e+01 1.670753300988384861e-08
1.555000000000000071e+01 1.660941353822406027e-08
1.560000000000000142e+01 1.651211598444325373e-08
1.565000000000000036e+01 1.641563260337839247e-08
1.570000000000000107e+01 1.631995606862387217e-08
1.575000000000000000e+01 1.622507937293446858e-08
1.580000000000000071e+01 1.613099569791441060e-08
1.585000000000000142e+01 1.603769826356529387e-08
1.590000000000000036e+01 1.594518017125231988e-08
1.595000000000000107e+01 1.585343425546278021e-08
1.600000000000000000e+01 1.576245296011495023e-08
1.605000000000000071e+01 1.567222825395899604e-08
1.610000000000000142e+01 1.558275159679324728e-08
1.615000000000000213e+01 1.549401396395795149e-08
1.619999999999999929e+01 1.540600593120851470e-08
1.625000000000000000e+01 1.531871781605559134e-08
1.630000000000000071e+01 1.523213986558608063e-08
1.635000000000000142e+01 1.514626247525554187e-08
1.640000000000000213e+01 1.506107641878695208e-08
1.644999999999999929e+01 1.497657306667354522e-08
1.650000000000000000e+01 1.489274457020652869e-08
1.655000000000000071e+01 1.480958398978015012e-08
1.660000000000000142e+01 1.472708535025011629e-08
1.665000000000000213e+01 1.464524361228680484e-08
1.669999999999999929e+01 1.456405455635114628e-08
1.675000000000000000e+01 1.448351458452090135e-08
1.680000000000000071e+01 1.440362045405523318e-08
1.685000000000000142e+01 1.432436896445341195e-08
1.690000000000000213e+01 1.424575662595829162e-08
1.694999999999999929e+01 1.416777934124710217e-08
1.700000000000000000e+01 1.409043213289503194e-08
1.705000000000000071e+01 1.401370894679721092e-08
1.710000000000000142e+01 1.393760255614321928e-08
1.715000000000000213e+01 1.386210458209889891e-08
1.719999999999999929e+01 1.378720563674953589e-08
1.725000000000000000e+01 1.371289558201659543e-08
1.730000000000000071e+01 1.363916388631033444e-08
1.735000000000000142e+01 1.356600004980637988e-08
1.740000000000000213e+01 1.349339406060354837e-08
1.744999999999999929e+01 1.342133683862371941e-08
1.750000000000000000e+01 1.334982062273365407e-08
1.755000000000000071e+01 1.327883925939793001e-08
1.760000000000000142e+01 1.320838835858269081e-08
1.765000000000000213e+01 1.313846529353091426e-08
1.769999999999999929e+01 1.306906903514512737e-08
1.775000000000000000e+01 1.300019982740752922e-08
1.780000000000000071e+01 1.293185872624633583e-08
1.785000000000000142e+01 1.286404703890248322e-08
1.790000000000000213e+01 1.279676571265379721e-08
1.794999999999999929e+01 1.273001472938896638e-08
1.800000000000000000e+01 1.266379256502123198e-08
1.805000000000000071e+01 1.259809576958666874e-08
1.810000000000000142e+01 1.253291871509355572e-08
1.815000000000000213e+01 1.246825354436855618e-08
1.819999999999999929e+01 1.240409033637745989e-08
1.825000000000000000e+01 1.234041748333469697e-08
1.830000000000000071e+01 1.227722225420535833e-08
1.835000000000000142e+01 1.221449149995156251e-08
1.840000000000000213e+01 1.215221244000682204e-08
1.844999999999999929e+01 1.209037345870224957e-08
1.850000000000000000e+01 1.202896483597570288e-08
1.855000000000000071e+01 1.196797933939580352e-08
1.860000000000000142e+01 1.190741261438032933e-08
1.865000000000000213e+01 1.184726332583685709e-08
1.869999999999999929e+01 1.178753302608964488e-08
1.875000000000000000e+01 1.172822574873267579e-08
1.880000000000000071e+01 1.166934735436223045e-08
1.885000000000000142e+01 1.161090467861069418e-08
1.890000000000000213e+01 1.155290455401856862e-08
1.894999999999999929e+01 1.149535279207255379e-08
1.900000000000000000e+01 1.143825321975430145e-08
1.905000000000000071e+01 1.138160686285269615e-08
1.910000000000000142e+01 1.132541135915565698e-08
1.915000000000000213e+01 1.126966066605150383e-08
1.920000000000000284e+01 1.121434510195157171e-08
1.925000000000000000e+01 1.115945173147336627e-08
1.930000000000000071e+01 1.110496507237948111e-08
1.935000000000000142e+01 1.105086807140395111e-08
1.940000000000000213e+01 1.099714326896615888e-08
1.945000000000000284e+01 1.094377405214076844e-08
1.950000000000000000e+01 1.089074588326445516e-08
1.955000000000000071e+01 1.083804738964874062e-08
1.960000000000000142e+01 1.078567120854564841e-08
1.965000000000000213e+01 1.073361450033762525e-08
1.970000000000000284e+01 1.068187907048178072e-08
1.975000000000000000e+01 1.063047107462546992e-08
1.980000000000000071e+01 1.057940031911707389e-08
1.985000000000000142e+01 1.052867920625070593e-08
1.990000000000000213e+01 1.047832140836340427e-08
1.995000000000000284e+01 1.042834038225603796e-08
2.000000000000000000e+01 1.037874785394354686e-08
2.005000000000000071e+01 1.032955241029005248e-08
2.010000000000000142e+01 1.028075832933230785e-08
2.015000000000000213e+01 1.023236476303670713e-08
2.020000000000000284e+01 1.018436535782141644e-08
2.025000000000000000e+01 1.013674836168044048e-08
2.030000000000000071e+01 1.008949722305494465e-08
2.035000000000000142e+01 1.004259164328670044e-08
2.040000000000000213e+01 9.996009001776468170e-09
2.045000000000000284e+01 9.949726037292964869e-09
2.050000000000000000e+01 9.903720641306298675e-09
2.055000000000000071e+01 9.857973608789112822e-09
2.060000000000000142e+01 9.812470183833696043e-09
2.065000000000000213e+01 9.767201260726806555e-09
2.070000000000000284e+01 9.722164120534671359e-09
2.075000000000000000e+01 9.677362625332470128e-09
2.080000000000000071e+01 9.632806837421811969e-09
2.085000000000000142e+01 9.588512081316733573e-09
2.090000000000000213e+01 9.544497516982928601e-09
2.095000000000000284e+01 9.500784335730669646e-09
2.100000000000000000e+01 9.457393731041767002e-09
2.105000000000000071e+01 9.414344814670794136e-09
2.110000000000000142e+01 9.371652662029291029e-09
2.115000000000000213e+01 9.329326661639380252e-09
2.120000000000000284e+01 9.287369321527571626e-09
2.125000000000000000e+01 9.245775648754885715e-09
2.130000000000000071e+01 9.204533170617441643e-09
2.135000000000000142e+01 9.163622611300376402e-09
2.140000000000000213e+01 9.123019180611051413e-09
2.145000000000000284e+01 9.082694376836839690e-09
2.150000000000000000e+01 9.042618158630261717e-09
2.155000000000000071e+01 9.002761305399490561e-09
2.160000000000000142e+01 8.963097765310278825e-09
2.165000000000000213e+01 8.923606786765722079e-09
2.170000000000000284e+01 8.884274643720591766e-09
2.175000000000000000e+01 8.845095796481929608e-09
2.180000000000000071e+01 8.806073375317284368e-09
2.185000000000000142e+01 8.767218930790278261e-09
2.190000000000000213e+01 8.728551454947360689e-09
2.195000000000000284e+01 8.690095747728592123e-09
2.200000000000000000e+01 8.651880246514821092e-09
2.205000000000000071e+01 8.613934503233160368e-09
2.210000000000000142e+01 8.576286512793802858e-09
2.215000000000000213e+01 8.538960120612411197e-09
2.220000000000000284e+01 8.501972732148809799e-09
2.225000000000000000e+01 8.465333526068700036e-09
2.230000000000000071e+01 8.429042333080607874e-09
2.235000000000000142e+01 8.393089288588192902e-09
2.240000000000000213e+01 8.357455303036998124e-09
2.245000000000000284e+01 8.322113325421061551e-09
2.250000000000000000e+01 8.287030306391156166e-09
2.255000000000000071e+01 8.252169708008050859e-09
2.260000000000000142e+01 8.217494356521441971e-09
2.265000000000000213e+01 8.182969403342449640e-09
2.270000000000000284e+01 8.148565145799107240e-09
2.275000000000000000e+01 8.114259467434561756e-09
2.280000000000000071e+01 8.080039685503695803e-09
2.285000000000000142e+01 8.045903640716895704e-09
2.290000000000000213e+01 8.011859923976097285e-09
2.295000000000000284e+01 7.977927213304123486e-09
2.300000000000000000e+01 7.944132744057948065e-09
2.305000000000000071e+01 7.910510057184186693e-09
2.310000000000000142e+01 7.877096172210352040e-09
2.315000000000000213e+01 7.843928430676278527e-09
2.320000000000000284e+01 7.811041262194918972e-09
2.325000000000000000e+01 7.778463142755765412e-09
2.330000000000000071e+01 7.746214000613884549e-09
2.335000000000000142e+01 7.714303293022656615e-09
2.340000000000000213e+01 7.682728922552993024e-09
2.345000000000000284e+01 7.651477094800380757e-09
2.350000000000000000e+01 7.620523143423927610e-09
2.355000000000000071e+01 7.589833265926935293e-09
2.360000000000000142e+01 7.559367040729424999e-09
2.365000000000000213e+01 7.529080527107044481e-09
2.370000000000000284e+01 7.498929700350501843e-09
2.375000000000000000e+01 7.468873943188113987e-09
2.380000000000000071e+01 7.438879311738919647e-09
2.385000000000000142e+01 7.408921270651315152e-09
2.390000000000000213e+01 7.378986766779846112e-09
2.395000000000000284e+01 7.349075294954858530e-09
2.400000000000000000e+01 7.319199025276365401e-09
2.405000000000000071e+01 7.289381866968770760e-09
2.410000000000000142e+01 7.259657568153603691e-09
2.415000000000000213e+01 7.230066989951151745e-09
2.420000000000000284e+01 7.200654767918742335e-09
2.425000000000000000e+01 7.171465626052124213e-09
2.430000000000000071e+01 7.142540639695936663e-09
2.435000000000000142e+01 7.113913750923854710e-09
2.440000000000000213e+01 7.085608822516053069e-09
2.445000000000000284e+01 7.057637475395480906e-09
2.450000000000000000e+01 7.029997893904430042e-09
2.455000000000000071e+01 7.002674705410488735e-09
2.460000000000000142e+01 6.975639955515669379e-09
2.465000000000000213e+01 6.948855110904991697e-09
2.470000000000000284e+01 6.922273939760688891e-09
2.475000000000000000e+01 6.895846042617316984e-09
2.480000000000000071e+01 6.869520759629481555e-09
2.485000000000000142e+01 6.843251139846683347e-09
2.490000000000000213e+01 6.816997654812019825e-09
2.495000000000000284e+01 6.790731355181457491e-09
2.500000000000000000e+01 6.764436211535027323e-09
2.505000000000000071e+01 6.738110444850399657e-09
2.510000000000000142e+01 6.711766724678034490e-09
2.515000000000000213e+01 6.685431227194033418e-09
2.520000000000000284e+01 6.659141588268683756e-09
2.525000000000000000e+01 6.632943935903074747e-09
2.530000000000000071e+01 6.606889212638702967e-09
2.535000000000000142e+01 6.581029084248373163e-09
2.540000000000000213e+01 6.555411748921588453e-09
2.545000000000000284e+01 6.530077992936337935e-09
2.550000000000000000e+01 6.505057795907479659e-09
2.555000000000000071e+01 6.480367767766215527e-09
2.560000000000000142e+01 6.456009625042446159e-09
2.565000000000000213e+01 6.431969835824750210e-09
2.570000000000000284e+01 6.408220470441520731e-09
2.575000000000000000e+01 6.384721199467074231e-09
2.580000000000000071e+01 6.361422289289734549e-09
2.585000000000000142e+01 6.338268365473475214e-09
2.590000000000000213e+01 6.315202651894594209e-09
2.595000000000000284e+01 6.292171354167913518e-09
2.600000000000000000e+01 6.269127842420790525e-09
2.605000000000000071e+01 6.246036302211301240e-09
2.610000000000000142e+01 6.222874562358751098e-09
2.615000000000000213e+01 6.199635871610652498e-09
2.620000000000000284e+01 6.176329477532665477e-09
2.625000000000000000e+01 6.152979954418367012e-09
2.630000000000000071e+01 6.129625325074522579e-09
2.635000000000000142e+01 6.106314116330122150e-09
2.640000000000000213e+01 6.083101572570865327e-09
2.645000000000000284e+01 6.060045318824055446e-09
2.650000000000000000e+01 6.037200809581870837e-09
2.655000000000000071e+01 6.014616918049577174e-09
2.660000000000000142e+01 5.992332011310066099e-09
2.665000000000000213e+01 5.970370820620975512e-09
2.670000000000000284e+01 5.948742355454350169e-09
2.675000000000000000e+01 5.927439029611500126e-09
2.680000000000000071e+01 5.906437074006851413e-09
2.685000000000000142e+01 5.885698210789075857e-09
2.690000000000000213e+01 5.865172465135766025e-09
2.695000000000000284e+01 5.844801901988830988e-09
2.700000000000000000e+01 5.824525002161162384e-09
2.705000000000000071e+01 5.804281341352106030e-09
2.710000000000000142e+01 5.784016210686994923e-09
2.715000000000000213e+01 5.763684820446795467e-09
2.720000000000000284e+01 5.743255759519123524e-09
2.725000000000000000e+01 5.722713439456557228e-09
2.730000000000000071e+01 5.702059329568009648e-09
2.735000000000000142e+01 5.681311882235901661e-09
2.740000000000000213e+01 5.660505148500173932e-09
2.745000000000000284e+01 5.639686185099891836e-09
2.750000000000000000e+01 5.618911447783967044e-09
2.755000000000000071e+01 5.598242444561567319e-09
2.760000000000000142e+01 5.577740980524799814e-09
2.765000000000000213e+01 5.557464358438020313e-09
2.770000000000000284e+01 5.537460903885788359e-09
2.775000000000000000e+01 5.517766159994557068e-09
2.780000000000000071e+01 5.498400046377204487e-09
2.785000000000000142e+01 5.479365203807290253e-09
2.790000000000000213e+01 5.460646655811367242e-09
2.795000000000000284e+01 5.442212817766576484e-09
2.800000000000000000e+01 5.424017780919459730e-09
2.805000000000000071e+01 5.406004700911164668e-09
2.810000000000000142e+01 5.388110035405295927e-09
2.815000000000000213e+01 5.370268309801143738e-09
2.820000000000000284e+01 5.352417048822350717e-09
2.825000000000000000e+01 5.334501498184714299e-09
2.830000000000000071e+01 5.316478775637245314e-09
2.835000000000000142e+01 5.298321133324679415e-09
2.840000000000000213e+01 5.280018080405810114e-09
2.845000000000000284e+01 5.261577201103142415e-09
2.850000000000000000e+01 5.243023602299048698e-09
2.855000000000000071e+01 5.224398028902257692e-09
2.860000000000000142e+01 5.205753786572426448e-09
2.865000000000000213e+01 5.187152702286578111e-09
2.870000000000000284e+01 5.168660426745535912e-09
2.875000000000000000e+01 5.150341433146440969e-09
2.880000000000000071e+01 5.132254090539282215e-09
2.885000000000000142e+01 5.114446185018772572e-09
2.890000000000000213e+01 5.096951228745833472e-09
2.895000000000000284e+01 5.079785837738662295e-09
2.900000000000000000e+01 5.062948378990829723e-09
2.905000000000000071e+01 5.046418991832200798e-09
2.910000000000000142e+01 5.030160984782217895e-09
2.915000000000000213e+01 5.014123505281705302e-09
2.920000000000000284e+01 4.998245283490176353e-09
2.925000000000000000e+01 4.982459170052539206e-09
2.930000000000000071e+01 4.966697127522948572e-09
2.935000000000000142e+01 4.950895300529540851e-09
2.940000000000000213e+01 4.934998783372005864e-09
2.945000000000000284e+01 4.918965726070098231e-09
2.950000000000000000e+01 4.902770469225070155e-09
2.955000000000000071e+01 4.886405470719521161e-09
2.960000000000000142e+01 4.869881877787259435e-09
2.965000000000000213e+01 4.853228699539898775e-09
2.970000000000000284e+01 4.836490639996103640e-09
2.975000000000000000e+01 4.819724752156904305e-09
2.980000000000000071e+01 4.802996162150095855e-09
2.985000000000000142e+01 4.786373182310023442e-09
2.990000000000000213e+01 4.769922178024441439e-09
2.995000000000000284e+01 4.753702571841458629e-09
3.000000000000000000e+01 4.737762358296166087e-09
3.005000000000000071e+01 4.722134464955795928e-09
3.010000000000000142e+01 4.706834232141686404e-09
3.015000000000000213e+01 4.691858200402156409e-09
3.020000000000000284e+01 4.677184297313427695e-09
3.025000000000000000e+01 4.662773410874560391e-09
3.030000000000000071e+01 4.648572233416595501e-09
3.035000000000000142e+01 4.634517165287203234e-09
3.040000000000000213e+01 4.620538988628419669e-09
3.045000000000000284e+01 4.606567964227692563e-09
3.050000000000000000e+01 4.592538972922834533e-09
3.055000000000000071e+01 4.578396319708403091e-09
3.060000000000000142e+01 4.564097843742159592e-09
3.065000000000000213e+01 4.549618028991934389e-09
3.070000000000000284e+01 4.534949884440886852e-09
3.075000000000000000e+01 4.520105454041931844e-09
3.080000000000000071e+01 4.505114918197572167e-09
3.085000000000000142e+01 4.490024352879675769e-09
3.090000000000000213e+01 4.474892311868852254e-09
3.095000000000000284e+01 4.459785484625634196e-09
3.100000000000000000e+01 4.444773750575791432e-09
3.105000000000000071e+01 4.429924995087107041e-09
3.110000000000000142e+01 4.415300069862986988e-09
3.115000000000000213e+01 4.400948269647027695e-09
3.120000000000000284e+01 4.386903658852457700e-09
3.125000000000000000e+01 4.373182518878998677e-09
3.130000000000000071e+01 4.359782104131315375e-09
3.135000000000000142e+01 4.346680798234076071e-09
3.140000000000000213e+01 4.333839658799541039e-09
3.145000000000000284e+01 4.321205236931881750e-09
3.150000000000000000e+01 4.308713463977469241e-09
3.155000000000000071e+01 4.296294319724567954e-09
3.160000000000000142e+01 4.283876939044190645e-09
3.165000000000000213e+01 4.271394782014588730e-09
3.170000000000000284e+01 4.258790488184921557e-09
3.175000000000000000e+01 4.246020059078300813e-09
3.180000000000000071e+01 4.233056062548659361e-09
3.185000000000000142e+01 4.219889624503103381e-09
3.190000000000000213e+01 4.206531062488636687e-09
3.195000000000000284e+01 4.193009115164532910e-09
3.200000000000000000e+01 4.179368824445969574e-09
3.205000000000000426e+01 4.165668225588954666e-09
3.210000000000000142e+01 4.151974087503855845e-09
3.214999999999999858e+01 4.138357014794466924e-09
3.220000000000000284e+01 4.124886269407172415e-09
3.225000000000000000e+01 4.111624689981847025e-09
3.230000000000000426e+01 4.098624079604867852e-09
3.235000000000000142e+01 4.085921398243940146e-09
3.239999999999999858e+01 4.073536037251646213e-09
3.245000000000000284e+01 4.061468374283501877e-09
3.250000000000000000e+01 4.049699713566661287e-09
3.255000000000000426e+01 4.038193615499021277e-09
3.260000000000000142e+01 4.026898518405949180e-09
3.264999999999999858e+01 4.015751461292998486e-09
3.270000000000000284e+01 4.004682636430846396e-09
3.275000000000000000e+01 3.993620440387733472e-09
3.280000000000000426e+01 3.982496656052834593e-09
3.285000000000000142e+01 3.971251388845334137e-09
3.289999999999999858e+01 3.959837398357523546e-09
3.295000000000000284e+01 3.948223510774502403e-09
3.300000000000000000e+01 3.936396864345793779e-09
3.305000000000000426e+01 3.924363825062822569e-09
3.310000000000000142e+01 3.912149506351261721e-09
3.314999999999999858e+01 3.899795927995042388e-09
3.320000000000000284e+01 3.887358948300806187e-09
3.325000000000000000e+01 3.874904192522273225e-09
3.330000000000000426e+01 3.862502273333210543e-09
3.335000000000000142e+01 3.850223650396975445e-09
3.339999999999999858e+01 3.838133502118136310e-09
3.345000000000000284e+01 3.826286981595918244e-09
3.350000000000000000e+01 3.814725200732764396e-09
3.355000000000000426e+01 3.803472233426549888e-09
3.360000000000000142e+01 3.792533354660390750e-09
3.364999999999999858e+01 3.781894642499296491e-09
3.370000000000000284e+01 3.771523971031404810e-09
3.375000000000000000e+01 3.761373492995957856e-09
3.380000000000000426e+01 3.751382340964916531e-09
3.385000000000000142e+01 3.741482224739306249e-09
3.389999999999999858e+01 3.731601488577456593e-09
3.395000000000000284e+01 3.721670505960378722e-09
3.400000000000000000e+01 3.711626690872763509e-09
3.405000000000000426e+01 3.701418995006683200e-09
3.410000000000000142e+01 3.691011565887658164e-09
3.414999999999999858e+01 3.680386302217897461e-09
3.420000000000000284e+01 3.669544123080242630e-09
3.425000000000000000e+01 3.658505373365878425e-09
3.430000000000000426e+01 3.647306292814136798e-09
3.435000000000000142e+01 3.635999362596751863e-09
3.439999999999999858e+01 3.624647491822549456e-09
3.445000000000000284e+01 3.613319946851086024e-09
3.450000000000000000e+01 3.602087113226131429e-09
3.455000000000000426e+01 3.591016394807966341e-09
3.460000000000000142e+01 3.580165717252776864e-09
3.464999999999999858e+01 3.569580552688417395e-09
3.470000000000000284e+01 3.559290333765007313e-09
3.475000000000000000e+01 3.549306355469454378e-09
3.480000000000000426e+01 3.539620987454709720e-09
3.485000000000000142e+01 3.530208249428781136e-09
3.489999999999999858e+01 3.521025703625123236e-09
3.495000000000000284e+01 3.512017523604889249e-09
3.500000000000000000e+01 3.503118514471164718e-09
3.505000000000000426e+01 3.494258792038113550e-09
3.510000000000000142e+01 3.485368782398593690e-09
3.514999999999999858e+01 3.476384181869476112e-09
3.520000000000000284e+01 3.467250521874350153e-09
3.525000000000000000e+01 3.457927013451188582e-09
3.530000000000000426e+01 3.448389399409167362e-09
3.535000000000000142e+01 3.438631614701726532e-09
3.539999999999999858e+01 3.428666141982617181e-09
3.545000000000000284e+01 3.418523043256982506e-09
3.550000000000000000e+01 3.408247743224979053e-09
3.555000000000000426e+01 3.397897728559721846e-09
3.560000000000000142e+01 3.387538403654914468e-09
3.564999999999999858e+01 3.377238401976809173e-09
3.570000000000000284e+01 3.367064689016943569e-09
3.575000000000000000e+01 3.357077805534484609e-09
3.580000000000000426e+01 3.347328696514659040e-09
3.585000000000000142e+01 3.337849663960649695e-09
3.589999999999999858e+01 3.328662974387353310e-09
3.595000000000000284e+01 3.319768478661356508e-09
3.600000000000000000e+01 3.311149140966209388e-09
3.605000000000000426e+01 3.302771183717896485e-09
3.610000000000000142e+01 3.294586515639532808e-09
3.614999999999999858e+01 3.286536156844225687e-09
3.620000000000000284e+01 3.278554414860870223e-09
3.625000000000000000e+01 3.270573514366536662e-09
3.630000000000000426e+01 3.262528353576529819e-09
3.635000000000000142e+01 3.254361053349058923e-09
3.639999999999999858e+01 3.246024981652156975e-09
3.645000000000000284e+01 3.237487974556487604e-09
3.650000000000000000e+01 3.228734532599745526e-09
3.655000000000000426e+01 3.219766843960871566e-09
3.660000000000000142e+01 3.210604568350475658e-09
3.664999999999999858e+01 3.201283401977844453e-09
3.670000000000000284e+01 3.191852528472579768e-09
3.675000000000000000e+01 3.182371137387640121e-09
3.680000000000000426e+01 3.172904255686413606e-09
3.685000000000000142e+01 3.163518184057492554e-09
3.689999999999999858e+01 3.154275856124177156e-09
3.695000000000000284e+01 3.145232442654863077e-09
3.700000000000000000e+01 3.136431504881383622e-09
3.705000000000000426e+01 3.127901962145027360e-09
3.710000000000000142e+01 3.119656082146070748e-09
3.714999999999999858e+01 3.111688631033398324e-09
3.720000000000000284e+01 3.103977240276908612e-09
3.725000000000000000e+01 3.096486403516077207e-09
3.730000000000000426e+01 3.089160047726603405e-09
3.735000000000000142e+01 3.081940505862238476e-09
3.739999999999999858e+01 3.074762281653396383e-09
3.745000000000000284e+01 3.067558656666764393e-09
3.750000000000000000e+01 3.060269203924095168e-09
3.755000000000000426e+01 3.052838753316253920e-09
3.760000000000000142e+01 3.045225324468239909e-09
3.764999999999999858e+01 3.037401874649591045e-09
3.770000000000000284e+01 3.029358188532627060e-09
3.775000000000000000e+01 3.021101600089226250e-09
3.780000000000000426e+01 3.012652865003456971e-09
3.785000000000000142e+01 3.004058796209742726e-09
3.789999999999999858e+01 2.995368491395319961e-09
3.795000000000000284e+01 2.986643276151071192e-09
3.800000000000000000e+01 2.977949150167440978e-09
3.805000000000000426e+01 2.969352171340765306e-09
3.810000000000000142e+01 2.960913823339375615e-09
3.814999999999999858e+01 2.952686689679417474e-09
3.820000000000000284e+01 2.944711058000319019e-09
3.825000000000000000e+01 2.937009792605821247e-09
3.830000000000000426e+01 2.929591471267357896e-09
3.835000000000000142e+01 2.922445616049984588e-09
3.840000000000000568e+01 2.915544627721287183e-09
3.845000000000000284e+01 2.908845666465854998e-09
3.850000000000000000e+01 2.902293610209226720e-09
3.855000000000000426e+01 2.895824887218445650e-09
3.860000000000000142e+01 2.889371917133422330e-09
3.865000000000000568e+01 2.882867850270020424e-09
3.870000000000000284e+01 2.876251272347072401e-09
3.875000000000000000e+01 2.869474900715663357e-09
3.880000000000000426e+01 2.862490927392441656e-09
3.885000000000000142e+01 2.855279970402210947e-09
3.890000000000000568e+01 2.847843798621785094e-09
3.895000000000000284e+01 2.840192748199711231e-09
3.900000000000000000e+01 2.832356070516594555e-09
3.905000000000000426e+01 2.824384857761821584e-09
3.910000000000000142e+01 2.816331699070422759e-09
3.915000000000000568e+01 2.808263718766832945e-09
3.920000000000000284e+01 2.800242775645943578e-09
3.925000000000000000e+01 2.792355363948848649e-09
3.930000000000000426e+01 2.784641760485242753e-09
3.935000000000000142e+01 2.777157838464580158e-09
3.940000000000000568e+01 2.769938485816043684e-09
3.945000000000000284e+01 2.762995143186231822e-09
3.950000000000000000e+01 2.756341829687428403e-09
3.955000000000000426e+01 2.749952799602180372e-09
3.960000000000000142e+01 2.743792661964778900e-09
3.965000000000000568e+01 2.737811578343385624e-09
3.970000000000000284e+01 2.731948795286805821e-09
3.975000000000000000e+01 2.726136959754809977e-09
3.980000000000000426e+01 2.720301538084054528e-09
3.985000000000000142e+01 2.714385475496812510e-09
3.990000000000000568e+01 2.708335764596985850e-09
3.995000000000000284e+01 2.702090137081169882e-09
