0.000000000000000000e+00 0.000000000000000000e+00
5.000000000000000278e-02 -6.005954775727791254e-05
1.000000000000000056e-01 -4.780273662289537479e-04
1.500000000000000222e-01 -1.599652089245847926e-03
2.000000000000000111e-01 -3.746758785373443135e-03
2.500000000000000000e-01 -7.206262958338397959e-03
3.000000000000000444e-01 -1.222031820462121665e-02
3.500000000000000333e-01 -1.897791471154253867e-02
4.000000000000000222e-01 -2.760819656224243468e-02
4.500000000000000111e-01 -3.817570768500056638e-02
5.000000000000000000e-01 -5.067771131602093887e-02
5.500000000000000444e-01 -6.504365834510428268e-02
6.000000000000000888e-01 -8.113680833993966446e-02
6.500000000000000222e-01 -9.875793591271511684e-02
7.000000000000000666e-01 -1.176509868834740569e-01
7.500000000000000000e-01 -1.375104857637828859e-01
8.000000000000000444e-01 -1.579904405764885056e-01
8.500000000000000888e-01 -1.787144447993775920e-01
9.000000000000000222e-01 -1.992866407757992731e-01
9.500000000000000666e-01 -2.193031853722984259e-01
1.000000000000000000e+00 -2.383638476398875494e-01
1.050000000000000044e+00 -2.560833699501787741e-01
1.100000000000000089e+00 -2.721022382678807694e-01
1.150000000000000133e+00 -2.860965331801819111e-01
1.200000000000000178e+00 -2.977865699123182219e-01
1.250000000000000000e+00 -3.069440813339244789e-01
1.300000000000000044e+00 -3.133977511158085316e-01
1.350000000000000089e+00 -3.170369627125932954e-01
1.400000000000000133e+00 -3.178136915509238714e-01
1.450000000000000178e+00 -3.157425304533811317e-01
1.500000000000000000e+00 -3.108988996972451013e-01
1.550000000000000044e+00 -3.034155510641567410e-01
1.600000000000000089e+00 -2.934775278250833508e-01
1.650000000000000133e+00 -2.813157881114689562e-01
1.700000000000000178e+00 -2.671997361361774792e-01
1.750000000000000000e+00 -2.514289331818876927e-01
1.800000000000000044e+00 -2.343242774833478870e-01
1.850000000000000089e+00 -2.162189488010252680e-01
1.900000000000000133e+00 -1.974494097198308817e-01
1.950000000000000178e+00 -1.783467419907900642e-01
2.000000000000000000e+00 -1.592285734002868158e-01
2.050000000000000266e+00 -1.403918198452979438e-01
2.100000000000000089e+00 -1.221064299157157695e-01
2.149999999999999911e+00 -1.046102769346844152e-01
2.200000000000000178e+00 -8.810529781263025384e-02
2.250000000000000000e+00 -7.275493101752115999e-02
2.300000000000000266e+00 -5.868285922925622206e-02
2.350000000000000089e+00 -4.597301752776206812e-02
2.400000000000000355e+00 -3.467078681899094655e-02
2.450000000000000178e+00 -2.478525599099531962e-02
2.500000000000000000e+00 -1.629240613212537200e-02
2.550000000000000266e+00 -9.139046877336425359e-03
2.600000000000000089e+00 -3.247319119861800420e-03
2.650000000000000355e+00 1.480429831337193650e-03
2.700000000000000178e+00 5.156593124283535834e-03
2.750000000000000000e+00 7.903261061128073056e-03
2.800000000000000266e+00 9.847362121789549061e-03
2.850000000000000089e+00 1.111614377027329847e-02
2.900000000000000355e+00 1.183312474282869828e-02
2.950000000000000178e+00 1.211462322769284346e-02
3.000000000000000000e+00 1.206693578617216642e-02
3.050000000000000266e+00 1.178421132463196470e-02
3.100000000000000089e+00 1.134703417207905303e-02
3.150000000000000355e+00 1.082170153864436650e-02
3.200000000000000178e+00 1.026015439610563490e-02
3.250000000000000000e+00 9.700498043414737190e-03
3.300000000000000266e+00 9.168030019629366464e-03
3.350000000000000089e+00 8.676679115050123584e-03
3.400000000000000355e+00 8.230750298397575965e-03
3.450000000000000178e+00 7.826866489894088869e-03
3.500000000000000000e+00 7.455999118058945913e-03
3.550000000000000266e+00 7.105484954020103820e-03
3.600000000000000089e+00 6.760936298939144648e-03
3.650000000000000355e+00 6.407964541885023332e-03
3.700000000000000178e+00 6.033652633320437352e-03
3.750000000000000000e+00 5.627729290122903717e-03
3.800000000000000266e+00 5.183415889264197246e-03
3.850000000000000089e+00 4.697935156596244090e-03
3.900000000000000355e+00 4.172688099776568869e-03
3.950000000000000178e+00 3.613121436354244792e-03
4.000000000000000000e+00 3.028321405063319309e-03
4.049999999999999822e+00 2.430380827943486120e-03
4.100000000000000533e+00 1.833594267918285453e-03
4.150000000000000355e+00 1.253540911449430723e-03
4.200000000000000178e+00 7.061163659488082708e-04
4.250000000000000000e+00 2.065730142682529905e-04
4.299999999999999822e+00 -2.313758309823671453e-04
4.350000000000000533e+00 -5.963396077266206385e-04
4.400000000000000355e+00 -8.798825376008361518e-04
4.450000000000000178e+00 -1.076974879801214161e-03
4.500000000000000000e+00 -1.186245505962382502e-03
4.549999999999999822e+00 -1.210029417027421112e-03
4.600000000000000533e+00 -1.154215052534049045e-03
4.650000000000000355e+00 -1.027906644320217278e-03
4.700000000000000178e+00 -8.429259693254398042e-04
4.750000000000000000e+00 -6.131852739611156526e-04
4.800000000000000711e+00 -3.539685890168741984e-04
4.850000000000000533e+00 -8.116195161572494518e-05
4.900000000000000355e+00 1.895258658056623387e-04
4.950000000000000178e+00 4.433116044990042907e-04
5.000000000000000000e+00 6.670173353172593111e-04
5.050000000000000711e+00 8.496493115097056813e-04
5.100000000000000533e+00 9.828496678894562463e-04
5.150000000000000355e+00 1.061202196927128272e-03
5.200000000000000178e+00 1.082381520306695179e-03
5.250000000000000000e+00 1.047143298677519945e-03
5.300000000000000711e+00 9.591612575068036821e-04
5.350000000000000533e+00 8.247243537867139955e-04
5.400000000000000355e+00 6.523140119796382854e-04
5.450000000000000178e+00 4.520867231344607670e-04
5.500000000000000000e+00 2.352912059072625073e-04
5.550000000000000711e+00 1.365163002782804295e-05
5.600000000000000533e+00 -2.012509562153897325e-04
5.650000000000000355e+00 -3.985678461744746807e-04
5.700000000000000178e+00 -5.687139155717505640e-04
5.750000000000000000e+00 -7.038161272474439305e-04
5.800000000000000711e+00 -7.980595244947260225e-04
5.850000000000000533e+00 -8.479167431762621660e-04
5.900000000000000355e+00 -8.522533858810820524e-04
5.950000000000000178e+00 -8.123080902462420953e-04
6.000000000000000000e+00 -7.315524588605799633e-04
6.050000000000000711e+00 -6.154418889496053244e-04
6.100000000000000533e+00 -4.710734685221864551e-04
6.150000000000000355e+00 -3.067712598508380117e-04
6.200000000000000178e+00 -1.316222948418091379e-04
6.250000000000000000e+00 4.501165347314294084e-05
6.300000000000000711e+00 2.139810305694805643e-04
6.350000000000000533e+00 3.668095615981426688e-04
6.400000000000000355e+00 4.961068562733474303e-04
6.450000000000000178e+00 5.959131394289557924e-04
6.500000000000000000e+00 6.619607074866757550e-04
6.550000000000000711e+00 6.918413804543266854e-04
6.600000000000000533e+00 6.850742864920332563e-04
6.650000000000000355e+00 6.430735162246791880e-04
6.700000000000000178e+00 5.690202527475094960e-04
6.750000000000000000e+00 4.676486708662270239e-04
6.800000000000000711e+00 3.449589820116382116e-04
6.850000000000000533e+00 2.078742925645287918e-04
6.900000000000000355e+00 6.386030096644781050e-05
6.950000000000000178e+00 -7.947180843146201760e-05
7.000000000000000000e+00 -2.147586469697585886e-04
7.050000000000000711e+00 -3.352542273010550929e-04
7.100000000000000533e+00 -4.351577959376974050e-04
7.150000000000000355e+00 -5.098844126775796621e-04
7.200000000000000178e+00 -5.562661213955173668e-04
7.250000000000000000e+00 -5.726754023800744928e-04
7.300000000000000711e+00 -5.590667559002320463e-04
7.350000000000000533e+00 -5.169365225548930862e-04
7.400000000000000355e+00 -4.492051817545256480e-04
7.450000000000000178e+00 -3.600301807519179975e-04
7.500000000000000000e+00 -2.545606500066130169e-04
7.550000000000000711e+00 -1.386480036185502884e-04
7.600000000000000533e+00 -1.852829047459198040e-05
7.650000000000000355e+00 9.950682109405927325e-05
7.700000000000000178e+00 2.094334041360188111e-04
7.750000000000000000e+00 3.057966834617237371e-04
7.800000000000000711e+00 3.839757294583457737e-04
7.850000000000000533e+00 4.403989062365640836e-04
7.900000000000000355e+00 4.727003587097791085e-04
7.950000000000000178e+00 4.798110573355586278e-04
