0.000000000000000000e+00 0.000000000000000000e+00
5.000000000000000278e-02 7.800834722410755140e-13
1.000000000000000056e-01 2.492486471897765256e-11
1.500000000000000222e-01 1.887955901705218976e-10
2.000000000000000111e-01 7.927732373141022637e-10
2.500000000000000000e-01 2.408367874254089647e-09
3.000000000000000444e-01 5.959539123029800547e-09
3.500000000000000333e-01 1.279644963958219567e-08
4.000000000000000222e-01 2.476000081194272941e-08
4.500000000000000111e-01 4.423565574454168177e-08
5.000000000000000000e-01 7.419523690077598945e-08
5.500000000000000444e-01 1.182255919757979443e-07
6.000000000000000888e-01 1.805432487382298219e-07
6.500000000000000222e-01 2.659944244191658169e-07
7.000000000000000666e-01 3.800400141063307506e-07
7.500000000000000000e-01 5.287254515809499475e-07
8.000000000000000444e-01 7.186356109076168647e-07
8.500000000000000888e-01 9.568351934250849305e-07
9.000000000000000222e-01 1.250795317993459331e-06
9.500000000000000666e-01 1.608307297730982467e-06
1.000000000000000000e+00 2.037384839286377102e-06
1.050000000000000044e+00 2.546156136247894346e-06
1.100000000000000089e+00 3.142747542020235490e-06
1.150000000000000133e+00 3.835160695053188982e-06
1.200000000000000178e+00 4.631145126635922707e-06
1.250000000000000000e+00 5.538068504936759635e-06
1.300000000000000044e+00 6.562786755423985306e-06
1.350000000000000089e+00 7.711516344693003164e-06
1.400000000000000133e+00 8.989711020166268586e-06
1.450000000000000178e+00 1.040194526099305947e-05
1.500000000000000000e+00 1.195180661544117926e-05
1.550000000000000044e+00 1.364179897769021198e-05
1.600000000000000089e+00 1.547325869365157218e-05
1.650000000000000133e+00 1.744628518360805391e-05
1.700000000000000178e+00 1.955968753233142810e-05
1.750000000000000000e+00 2.181094822901176886e-05
1.800000000000000044e+00 2.419620494472251554e-05
1.850000000000000089e+00 2.671025091987321075e-05
1.900000000000000133e+00 2.934655420439480529e-05
1.950000000000000178e+00 3.209729565595835526e-05
2.000000000000000000e+00 3.495342526337022926e-05
2.050000000000000266e+00 3.790473603059619373e-05
2.100000000000000089e+00 4.093995433879620287e-05
2.149999999999999911e+00 4.404684540626099246e-05
2.200000000000000178e+00 4.721233219578722338e-05
2.250000000000000000e+00 5.042262588181219027e-05
2.300000000000000266e+00 5.366336579080594084e-05
2.350000000000000089e+00 5.691976657236174188e-05
2.400000000000000355e+00 6.017677024849316889e-05
2.450000000000000178e+00 6.341920072706995883e-05
2.500000000000000000e+00 6.663191835316663065e-05
2.550000000000000266e+00 6.979997210917612902e-05
2.600000000000000089e+00 7.290874715947102578e-05
2.650000000000000355e+00 7.594410556559619849e-05
2.700000000000000178e+00 7.889251816975965297e-05
2.750000000000000000e+00 8.174118585306626970e-05
2.800000000000000266e+00 8.447814861494881125e-05
2.850000000000000089e+00 8.709238118534302767e-05
2.900000000000000355e+00 8.957387416454713628e-05
2.950000000000000178e+00 9.191369998032488211e-05
3.000000000000000000e+00 9.410406325044843646e-05
3.050000000000000266e+00 9.613833543444510598e-05
3.100000000000000089e+00 9.801107394401521137e-05
3.150000000000000355e+00 9.971802615111784792e-05
3.200000000000000178e+00 1.012561189804380449e-04
3.250000000000000000e+00 1.026234349939961828e-04
3.300000000000000266e+00 1.038191760661162253e-04
3.350000000000000089e+00 1.048436159038859287e-04
3.400000000000000355e+00 1.056980427897272770e-04
3.450000000000000178e+00 1.063846940078962665e-04
3.500000000000000000e+00 1.069066834658298260e-04
3.550000000000000266e+00 1.072679240353874601e-04
3.600000000000000089e+00 1.074730461202381819e-04
3.650000000000000355e+00 1.075273139066984073e-04
3.700000000000000178e+00 1.074365406796753541e-04
3.750000000000000000e+00 1.072070044869357985e-04
3.800000000000000266e+00 1.068453653179633235e-04
3.850000000000000089e+00 1.063585848326293465e-04
3.900000000000000355e+00 1.057538495342611910e-04
3.950000000000000178e+00 1.050384981357979435e-04
4.000000000000000000e+00 1.042199537206981184e-04
4.049999999999999822e+00 1.033056611558623726e-04
4.100000000000000533e+00 1.023030300753805536e-04
4.150000000000000355e+00 1.012193836242016812e-04
4.200000000000000178e+00 1.000619130321229051e-04
4.250000000000000000e+00 9.883763798247533665e-05
4.299999999999999822e+00 9.755337264766198813e-05
4.350000000000000533e+00 9.621569718585238414e-05
4.400000000000000355e+00 9.483093442972727837e-05
4.450000000000000178e+00 9.340513144882039303e-05
4.500000000000000000e+00 9.194404563097881245e-05
4.549999999999999822e+00 9.045313490470444182e-05
4.600000000000000533e+00 8.893755171137795058e-05
4.650000000000000355e+00 8.740214033318833534e-05
4.700000000000000178e+00 8.585143718750290346e-05
4.750000000000000000e+00 8.428967370992589234e-05
4.800000000000000711e+00 8.272078146496384613e-05
4.850000000000000533e+00 8.114839914370778034e-05
4.900000000000000355e+00 7.957588113104346395e-05
4.950000000000000178e+00 7.800630734957441877e-05
5.000000000000000000e+00 7.644249411280703709e-05
5.050000000000000711e+00 7.488700574550868623e-05
5.100000000000000533e+00 7.334216675397285689e-05
5.150000000000000355e+00 7.181007435283132448e-05
5.200000000000000178e+00 7.029261117779492132e-05
5.250000000000000000e+00 6.879145803514461540e-05
5.300000000000000711e+00 6.730810655887622474e-05
5.350000000000000533e+00 6.584387166513895313e-05
5.400000000000000355e+00 6.439990371103180720e-05
5.450000000000000178e+00 6.297720028100441765e-05
5.500000000000000000e+00 6.157661753909839759e-05
5.550000000000000711e+00 6.019888109911745625e-05
5.600000000000000533e+00 5.884459637755734486e-05
5.650000000000000355e+00 5.751425840577111746e-05
5.700000000000000178e+00 5.620826108837720375e-05
5.750000000000000000e+00 5.492690590431797986e-05
5.800000000000000711e+00 5.367041005520863952e-05
5.850000000000000533e+00 5.243891407264681271e-05
5.900000000000000355e+00 5.123248890195921377e-05
5.950000000000000178e+00 5.005114248443722532e-05
6.000000000000000000e+00 4.889482586346861860e-05
6.050000000000000711e+00 4.776343884216102524e-05
6.100000000000000533e+00 4.665683522114072522e-05
6.150000000000000355e+00 4.557482764530994002e-05
6.200000000000000178e+00 4.451719208758996206e-05
6.250000000000000000e+00 4.348367199622142854e-05
6.300000000000000711e+00 4.247398213021278697e-05
6.350000000000000533e+00 4.148781210520391686e-05
6.400000000000000355e+00 4.052482966952295081e-05
6.450000000000000178e+00 3.958468372773327703e-05
6.500000000000000000e+00 3.866700712664228806e-05
6.550000000000000711e+00 3.777141921670011253e-05
6.600000000000000533e+00 3.689752820004926022e-05
6.650000000000000355e+00 3.604493327525056076e-05
6.700000000000000178e+00 3.521322658793072681e-05
6.750000000000000000e+00 3.440199499625592458e-05
6.800000000000000711e+00 3.361082166018937575e-05
6.850000000000000533e+00 3.283928746386635200e-05
6.900000000000000355e+00 3.208697228102101842e-05
6.950000000000000178e+00 3.135345609412532692e-05
7.000000000000000000e+00 3.063831997863721490e-05
7.050000000000000711e+00 2.994114696439938709e-05
7.100000000000000533e+00 2.926152278668928109e-05
7.150000000000000355e+00 2.859903653961703702e-05
7.200000000000000178e+00 2.795328124445104571e-05
7.250000000000000000e+00 2.732385434499284523e-05
7.300000000000000711e+00 2.671035814132581692e-05
7.350000000000000533e+00 2.611240017215374861e-05
7.400000000000000355e+00 2.552959355457350528e-05
7.450000000000000178e+00 2.496155728856809322e-05
7.500000000000000000e+00 2.440791653183634218e-05
7.550000000000000711e+00 2.386830284889662502e-05
7.600000000000000533e+00 2.334235443679673339e-05
7.650000000000000355e+00 2.282971632832245536e-05
7.700000000000000178e+00 2.233004057239773097e-05
7.750000000000000000e+00 2.184298639046387494e-05
7.800000000000000711e+00 2.136822030705530945e-05
7.850000000000000533e+00 2.090541625256595170e-05
7.900000000000000355e+00 2.045425563631630538e-05
7.950000000000000178e+00 2.001442738845422565e-05
8.000000000000000000e+00 1.958562796990224707e-05
8.050000000000000711e+00 1.916756135043443967e-05
8.099999999999999645e+00 1.875993895594822174e-05
8.150000000000000355e+00 1.836247958701143549e-05
8.200000000000001066e+00 1.797490931172762084e-05
8.250000000000000000e+00 1.759696133680031460e-05
8.300000000000000711e+00 1.722837586132393555e-05
8.349999999999999645e+00 1.686889991823844093e-05
8.400000000000000355e+00 1.651828720852381626e-05
8.450000000000001066e+00 1.617629793307154341e-05
8.500000000000000000e+00 1.584269862676099033e-05
8.550000000000000711e+00 1.551726199861915744e-05
8.599999999999999645e+00 1.519976678109765467e-05
8.650000000000000355e+00 1.488999759051830083e-05
8.700000000000001066e+00 1.458774479968726950e-05
8.750000000000000000e+00 1.429280442262509245e-05
8.800000000000000711e+00 1.400497801037730597e-05
8.849999999999999645e+00 1.372407255602045457e-05
8.900000000000000355e+00 1.344990040631205515e-05
8.950000000000001066e+00 1.318227917699292319e-05
9.000000000000000000e+00 1.292103166855378647e-05
9.050000000000000711e+00 1.266598577933665210e-05
9.099999999999999645e+00 1.241697441313712374e-05
9.150000000000000355e+00 1.217383537898177940e-05
9.200000000000001066e+00 1.193641128143251569e-05
9.250000000000000000e+00 1.170454940056192670e-05
9.300000000000000711e+00 1.147810156159452512e-05
9.349999999999999645e+00 1.125692399505212775e-05
9.400000000000000355e+00 1.104087718902030992e-05
9.450000000000001066e+00 1.082982573581116780e-05
9.500000000000000000e+00 1.062363817579065646e-05
9.550000000000000711e+00 1.042218684143597204e-05
9.600000000000001421e+00 1.022534770477011346e-05
9.650000000000000355e+00 1.003300023118600505e-05
9.700000000000001066e+00 9.845027242334385004e-06
9.750000000000000000e+00 9.661314790233662309e-06
9.800000000000000711e+00 9.481752044106370929e-06
9.850000000000001421e+00 9.306231190702023238e-06
9.900000000000000355e+00 9.134647348084729536e-06
9.950000000000001066e+00 8.966898492097668511e-06
1.000000000000000000e+01 8.802885394021491119e-06
1.005000000000000071e+01 8.642511567363070485e-06
1.010000000000000142e+01 8.485683221284453078e-06
1.015000000000000036e+01 8.332309217934868268e-06
1.020000000000000107e+01 8.182301030894837922e-06
1.025000000000000000e+01 8.035572702079743133e-06
1.030000000000000071e+01 7.892040794768211828e-06
1.035000000000000142e+01 7.751624340891319454e-06
1.040000000000000036e+01 7.614244781307140505e-06
1.045000000000000107e+01 7.479825898446748549e-06
1.050000000000000000e+01 7.348293741407358125e-06
1.055000000000000071e+01 7.219576544234102882e-06
1.060000000000000142e+01 7.093604638731241248e-06
1.065000000000000036e+01 6.970310363633614100e-06
1.070000000000000107e+01 6.849627972319460872e-06
1.075000000000000000e+01 6.731493541433583481e-06
1.080000000000000071e+01 6.615844882806140958e-06
1.085000000000000142e+01 6.502621460898553441e-06
1.090000000000000036e+01 6.391764317698500206e-06
1.095000000000000107e+01 6.283216006545153027e-06
1.100000000000000000e+01 6.176920535826928356e-06
1.105000000000000071e+01 6.072823322895791776e-06
1.110000000000000142e+01 5.970871157929108069e-06
1.115000000000000036e+01 5.871012176882287629e-06
1.120000000000000107e+01 5.773195842156989092e-06
1.125000000000000000e+01 5.677372929192078703e-06
1.130000000000000071e+01 5.583495516897509575e-06
1.135000000000000142e+01 5.491516979711086418e-06
1.140000000000000036e+01 5.401391979072451268e-06
1.145000000000000107e+01 5.313076452274010633e-06
1.150000000000000000e+01 5.226527596949980065e-06
1.155000000000000071e+01 5.141703849879981817e-06
1.160000000000000142e+01 5.058564859280862413e-06
1.165000000000000036e+01 4.977071450304188745e-06
1.170000000000000107e+01 4.897185584008489495e-06
1.175000000000000000e+01 4.818870310596213591e-06
1.180000000000000071e+01 4.742089718159502296e-06
1.185000000000000142e+01 4.666808878537240981e-06
1.190000000000000036e+01 4.592993792122939461e-06
1.195000000000000107e+01 4.520611333566725919e-06
1.200000000000000000e+01 4.449629200279080175e-06
1.205000000000000071e+01 4.380015865473219358e-06
1.210000000000000142e+01 4.311740537193778829e-06
1.215000000000000036e+01 4.244773124390579513e-06
1.220000000000000107e+01 4.179084210639942328e-06
1.225000000000000000e+01 4.114645035622551803e-06
1.230000000000000071e+01 4.051427483973200765e-06
1.235000000000000142e+01 3.989404080656778183e-06
1.240000000000000036e+01 3.928547991629678233e-06
1.245000000000000107e+01 3.868833028241595900e-06
1.250000000000000000e+01 3.810233653639949865e-06
1.255000000000000071e+01 3.752724989369560046e-06
1.260000000000000142e+01 3.696282820416217188e-06
1.265000000000000036e+01 3.640883597118248182e-06
1.270000000000000107e+01 3.586504432652810275e-06
1.275000000000000000e+01 3.533123095168851914e-06
1.280000000000000071e+01 3.480717994063166878e-06
1.285000000000000142e+01 3.429268160346797785e-06
1.290000000000000036e+01 3.378753221495503879e-06
1.295000000000000107e+01 3.329153371588954054e-06
1.300000000000000000e+01 3.280449337890867008e-06
1.305000000000000071e+01 3.232622345282305316e-06
1.310000000000000142e+01 3.185654080118087111e-06
1.315000000000000036e+01 3.139526655119901317e-06
1.320000000000000107e+01 3.094222576850170043e-06
1.325000000000000000e+01 3.049724717133287813e-06
1.330000000000000071e+01 3.006016289520255900e-06
1.335000000000000142e+01 2.963080831548744873e-06
1.340000000000000036e+01 2.920902193159286740e-06
1.345000000000000107e+01 2.879464531216133058e-06
1.350000000000000000e+01 2.838752309679301303e-06
1.355000000000000071e+01 2.798750304608388967e-06
1.360000000000000142e+01 2.759443612875390358e-06
1.365000000000000036e+01 2.720817663242221009e-06
1.370000000000000107e+01 2.682858228333764712e-06
1.375000000000000000e+01 2.645551436015896840e-06
1.380000000000000071e+01 2.608883778770130765e-06
1.385000000000000142e+01 2.572842119835488059e-06
1.390000000000000036e+01 2.537413695149036153e-06
1.395000000000000107e+01 2.502586110441051103e-06
1.400000000000000000e+01 2.468347333204625171e-06
1.405000000000000071e+01 2.434685679636869668e-06
1.410000000000000142e+01 2.401589797013966890e-06
1.415000000000000036e+01 2.369048642288548707e-06
1.420000000000000107e+01 2.337051457964853560e-06
1.425000000000000000e+01 2.305587746495314180e-06
1.430000000000000071e+01 2.274647244541114357e-06
1.435000000000000142e+01 2.244219898442564989e-06
1.440000000000000036e+01 2.214295842153892837e-06
1.445000000000000107e+01 2.184865378719894591e-06
1.450000000000000000e+01 2.155918966120796592e-06
1.455000000000000071e+01 2.127447208007558808e-06
1.460000000000000142e+01 2.099440849511801468e-06
1.465000000000000036e+01 2.071890777969518059e-06
1.470000000000000107e+01 2.044788028067581452e-06
1.475000000000000000e+01 2.018123790631026740e-06
1.480000000000000071e+01 1.991889424036105315e-06
1.485000000000000142e+01 1.966076467075279612e-06
1.490000000000000036e+01 1.940676652024875573e-06
1.495000000000000107e+01 1.915681916678944104e-06
1.500000000000000000e+01 1.891084414211218241e-06
1.505000000000000071e+01 1.866876519903386179e-06
1.510000000000000142e+01 1.843050834018192505e-06
1.515000000000000036e+01 1.819600180383392449e-06
1.520000000000000107e+01 1.796517600565583776e-06
1.525000000000000000e+01 1.773796343830073479e-06
1.530000000000000071e+01 1.751429853381683267e-06
1.535000000000000142e+01 1.729411749641139213e-06
1.540000000000000036e+01 1.707735811514931408e-06
1.545000000000000107e+01 1.686395956750203748e-06
1.550000000000000000e+01 1.665386222520963980e-06
1.555000000000000071e+01 1.644700747366739392e-06
1.560000000000000142e+01 1.624333755500256603e-06
1.565000000000000036e+01 1.604279544327630177e-06
1.570000000000000107e+01 1.584532475794113286e-06
1.575000000000000000e+01 1.565086971898215884e-06
1.580000000000000071e+01 1.545937514426638657e-06
1.585000000000000142e+01 1.527078648672081686e-06
1.590000000000000036e+01 1.508504990626058500e-06
1.595000000000000107e+01 1.490211236907710402e-06
1.600000000000000000e+01 1.472192176513633641e-06
1.605000000000000071e+01 1.454442703363223402e-06
1.610000000000000142e+01 1.436957828577256428e-06
1.615000000000000213e+01 1.419732691464652459e-06
1.619999999999999929e+01 1.402762568301007234e-06
1.625000000000000000e+01 1.386042878153622395e-06
1.630000000000000071e+01 1.369569185228246272e-06
1.635000000000000142e+01 1.353337197467415191e-06
1.640000000000000213e+01 1.337342761399846660e-06
1.644999999999999929e+01 1.321581853506797075e-06
1.650000000000000000e+01 1.306050568614943929e-06
1.655000000000000071e+01 1.290745106030817304e-06
1.660000000000000142e+01 1.275661754283491008e-06
1.665000000000000213e+01 1.260796875432280995e-06
1.669999999999999929e+01 1.246146889917186296e-06
1.675000000000000000e+01 1.231708262882216053e-06
1.680000000000000071e+01 1.217477492789980489e-06
1.685000000000000142e+01 1.203451102977453224e-06
1.690000000000000213e+01 1.189625636591733449e-06
1.694999999999999929e+01 1.175997655104709696e-06
1.700000000000000000e+01 1.162563740355113339e-06
1.705000000000000071e+01 1.149320499822615192e-06
1.710000000000000142e+01 1.136264574618358887e-06
1.715000000000000213e+01 1.123392649494987026e-06
1.719999999999999929e+01 1.110701464048901148e-06
1.725000000000000000e+01 1.098187824216824563e-06
1.730000000000000071e+01 1.085848613161331504e-06
1.735000000000000142e+01 1.073680800696989114e-06
1.740000000000000213e+01 1.061681450523236373e-06
1.744999999999999929e+01 1.049847724696031533e-06
1.750000000000000000e+01 1.038176884972389663e-06
1.755000000000000071e+01 1.026666290888578811e-06
1.760000000000000142e+01 1.015313394665606041e-06
1.765000000000000213e+01 1.004115733258841887e-06
1.769999999999999929e+01 9.930709180679858614e-07
1.775000000000000000e+01 9.821766229829993107e-07
1.780000000000000071e+01 9.714305715525902831e-07
1.785000000000000142e+01 9.608305241160303351e-07
1.790000000000000213e+01 9.503742657334169959e-07
1.794999999999999929e+01 9.400595956854937867e-07
1.800000000000000000e+01 9.298843191965795747e-07
1.805000000000000071e+01 9.198462418721017253e-07
1.810000000000000142e+01 9.099431671473581707e-07
1.815000000000000213e+01 9.001728968309132914e-07
1.819999999999999929e+01 8.905332346089183798e-07
1.825000000000000000e+01 8.810219921716205848e-07
1.830000000000000071e+01 8.716369974443860956e-07
1.835000000000000142e+01 8.623761042644114186e-07
1.840000000000000213e+01 8.532372027516817045e-07
1.844999999999999929e+01 8.442182295831196689e-07
1.850000000000000000e+01 8.353171773957295792e-07
1.855000000000000071e+01 8.265321026150573362e-07
1.860000000000000142e+01 8.178611311249822186e-07
1.865000000000000213e+01 8.093024613534324988e-07
1.869999999999999929e+01 8.008543645363581790e-07
1.875000000000000000e+01 7.925151821233911521e-07
1.880000000000000071e+01 7.842833204916182454e-07
1.885000000000000142e+01 7.761572433214862608e-07
1.890000000000000213e+01 7.681354621511347098e-07
1.894999999999999929e+01 7.602165257482729899e-07
1.900000000000000000e+01 7.523990090167250817e-07
1.905000000000000071e+01 7.446815021807089380e-07
1.910000000000000142e+01 7.370626009637308655e-07
1.915000000000000213e+01 7.295408984028744742e-07
1.920000000000000284e+01 7.221149788186599417e-07
1.925000000000000000e+01 7.147834143050063951e-07
1.930000000000000071e+01 7.075447639240441912e-07
1.935000000000000142e+01 7.003975755995123338e-07
1.940000000000000213e+01 6.933403905140221279e-07
1.945000000000000284e+01 6.863717496422842417e-07
1.950000000000000000e+01 6.794902019070011259e-07
1.955000000000000071e+01 6.726943133357842408e-07
1.960000000000000142e+01 6.659826765342711182e-07
1.965000000000000213e+01 6.593539197756206714e-07
1.970000000000000284e+01 6.528067150409874235e-07
1.975000000000000000e+01 6.463397844264170982e-07
1.980000000000000071e+01 6.399519044522245720e-07
1.985000000000000142e+01 6.336419079634942970e-07
1.990000000000000213e+01 6.274086834826213391e-07
1.995000000000000284e+01 6.212511720556000871e-07
