0.000000000000000000e+00 -0.000000000000000000e+00
5.000000000000000278e-02 -2.889679813721174675e-04
1.000000000000000056e-01 -5.740806750727135829e-04
1.500000000000000222e-01 -8.515413060862609762e-04
2.000000000000000111e-01 -1.117669098658040459e-03
2.500000000000000000e-01 -1.368954731416103382e-03
3.000000000000000444e-01 -1.602112796349431430e-03
3.500000000000000333e-01 -1.814130356978644731e-03
4.000000000000000222e-01 -2.002310778921715523e-03
4.500000000000000111e-01 -2.164312100035500983e-03
5.000000000000000000e-01 -2.298179315293207795e-03
5.500000000000000444e-01 -2.402370071125054657e-03
6.000000000000000888e-01 -2.475773392449383877e-03
6.500000000000000222e-01 -2.517721200223492408e-03
7.000000000000000666e-01 -2.527992515109621797e-03
7.500000000000000000e-01 -2.506810380809468535e-03
8.000000000000000444e-01 -2.454831675833628844e-03
8.500000000000000888e-01 -2.373130112110165540e-03
9.000000000000000222e-01 -2.263172840240509041e-03
9.500000000000000666e-01 -2.126791191954845520e-03
1.000000000000000000e+00 -1.966146188263099333e-03
1.050000000000000044e+00 -1.783689525133156338e-03
1.100000000000000089e+00 -1.582120815814551558e-03
1.150000000000000133e+00 -1.364341919117124458e-03
1.200000000000000178e+00 -1.133409215413910820e-03
1.250000000000000000e+00 -8.924847066441969623e-04
1.300000000000000044e+00 -6.447868133348149192e-04
1.350000000000000089e+00 -3.935417212175026762e-04
1.400000000000000133e+00 -1.419360933488501386e-04
1.450000000000000178e+00 1.069280879764409958e-04
1.500000000000000000e+00 3.500758502077848020e-04
1.550000000000000044e+00 5.846981076205056381e-04
1.600000000000000089e+00 8.081865497291667189e-04
1.650000000000000133e+00 1.018164097641513152e-03
1.700000000000000178e+00 1.212510583441169052e-03
1.750000000000000000e+00 1.389383408994303163e-03
1.800000000000000044e+00 1.547233042464193692e-03
1.850000000000000089e+00 1.684813311122450351e-03
1.900000000000000133e+00 1.801186545729399147e-03
1.950000000000000178e+00 1.895723722952845575e-03
2.000000000000000000e+00 1.968099836346644347e-03
2.050000000000000266e+00 2.018284801898472935e-03
2.100000000000000089e+00 2.046530269920576305e-03
2.149999999999999911e+00 2.053352770214209293e-03
2.200000000000000178e+00 2.039513661386412394e-03
2.250000000000000000e+00 2.005996387617294940e-03
2.300000000000000266e+00 1.953981567022529224e-03
2.350000000000000089e+00 1.884820445245439851e-03
2.400000000000000355e+00 1.800007246503149225e-03
2.450000000000000178e+00 1.701150942675229557e-03
2.500000000000000000e+00 1.589946940022174534e-03
2.550000000000000266e+00 1.468149153771613688e-03
2.600000000000000089e+00 1.337542904251064809e-03
2.650000000000000355e+00 1.199919025702840059e-03
2.700000000000000178e+00 1.057049531667644598e-03
2.750000000000000000e+00 9.106651301645601838e-04
2.800000000000000266e+00 7.624348291096113553e-04
2.850000000000000089e+00 6.139478187423862750e-04
2.900000000000000355e+00 4.666977644405933667e-04
2.950000000000000178e+00 3.220695912739056734e-04
3.000000000000000000e+00 1.813287919480081715e-04
3.050000000000000266e+00 4.561324325933618917e-05
3.100000000000000089e+00 -8.407252647360325597e-05
3.150000000000000355e+00 -2.068607147504346821e-04
3.200000000000000178e+00 -3.220213961011395985e-04
3.250000000000000000e+00 -4.289616044821215860e-04
3.300000000000000266e+00 -5.272225270947475569e-04
3.350000000000000089e+00 -6.164750074921298640e-04
3.400000000000000355e+00 -6.965135682687851682e-04
3.450000000000000178e+00 -7.672491710645252963e-04
3.500000000000000000e+00 -8.287009343541477946e-04
3.550000000000000266e+00 -8.809870279086246979e-04
3.600000000000000089e+00 -9.243149573309280458e-04
3.650000000000000355e+00 -9.589714431628216292e-04
3.700000000000000178e+00 -9.853120872286198501e-04
3.750000000000000000e+00 -1.003751004642096812e-03
3.800000000000000266e+00 -1.014750583768122194e-03
3.850000000000000089e+00 -1.018811518904040722e-03
3.900000000000000355e+00 -1.016463242008554691e-03
3.950000000000000178e+00 -1.008254860908384173e-03
4.000000000000000000e+00 -9.947466924683839775e-04
4.049999999999999822e+00 -9.765024605894270272e-04
4.100000000000000533e+00 -9.540822109242403986e-04
4.150000000000000355e+00 -9.280359771501472694e-04
4.200000000000000178e+00 -8.988982177360946421e-04
4.250000000000000000e+00 -8.671830275677711941e-04
4.299999999999999822e+00 -8.333801156808806664e-04
4.350000000000000533e+00 -7.979515287866401031e-04
4.400000000000000355e+00 -7.613290903024365775e-04
4.450000000000000178e+00 -7.239125162348576540e-04
4.500000000000000000e+00 -6.860681624798336967e-04
4.549999999999999822e+00 -6.481283528549999784e-04
4.600000000000000533e+00 -6.103912333886521045e-04
4.650000000000000355e+00 -5.731210959642011075e-04
4.700000000000000178e+00 -5.365491132502872833e-04
4.750000000000000000e+00 -5.008744268147602950e-04
4.800000000000000711e+00 -4.662655312980420693e-04
4.850000000000000533e+00 -4.328618993763953403e-04
4.900000000000000355e+00 -4.007757948451538582e-04
4.950000000000000178e+00 -3.700942243644770408e-04
5.000000000000000000e+00 -3.408809821074682694e-04
5.050000000000000711e+00 -3.131787456098514776e-04
5.100000000000000533e+00 -2.870111854262380512e-04
5.150000000000000355e+00 -2.623850556428756857e-04
5.200000000000000178e+00 -2.392922367826468195e-04
5.250000000000000000e+00 -2.177117070768508085e-04
5.300000000000000711e+00 -1.976114223924484809e-04
5.350000000000000533e+00 -1.789500892262924645e-04
5.400000000000000355e+00 -1.616788190535997161e-04
5.450000000000000178e+00 -1.457426559017302556e-04
5.500000000000000000e+00 -1.310819722779406002e-04
5.550000000000000711e+00 -1.176337314872844984e-04
5.600000000000000533e+00 -1.053326169200437100e-04
5.650000000000000355e+00 -9.411203106196656650e-05
5.700000000000000178e+00 -8.390496878852324140e-05
5.750000000000000000e+00 -7.464477095722015507e-05
5.800000000000000711e+00 -6.626576542723085130e-05
5.850000000000000533e+00 -5.870380343622739577e-05
5.900000000000000355e+00 -5.189669977789737739e-05
5.950000000000000178e+00 -4.578458548118123086e-05
6.000000000000000000e+00 -4.031018172707297718e-05
6.050000000000000711e+00 -3.541900358545399676e-05
6.100000000000000533e+00 -3.105950184763783627e-05
6.150000000000000355e+00 -2.718315080413804424e-05
6.200000000000000178e+00 -2.374448930401978203e-05
6.250000000000000000e+00 -2.070112186209553578e-05
6.300000000000000711e+00 -1.801368598017636451e-05
6.350000000000000533e+00 -1.564579124213248313e-05
6.400000000000000355e+00 -1.356393514929870975e-05
6.450000000000000178e+00 -1.173740009849110101e-05
6.500000000000000000e+00 -1.013813538118944897e-05
6.550000000000000711e+00 -8.740627607019411976e-06
6.600000000000000533e+00 -7.521762531590815068e-06
6.650000000000000355e+00 -6.460680898780579601e-06
6.700000000000000178e+00 -5.538630588620083387e-06
6.750000000000000000e+00 -4.738817089684770975e-06
6.800000000000000711e+00 -4.046254083222690149e-06
6.850000000000000533e+00 -3.447615727968215637e-06
6.900000000000000355e+00 -2.931092061909425059e-06
6.950000000000000178e+00 -2.486248782494668665e-06
7.000000000000000000e+00 -2.103892522591932952e-06
7.050000000000000711e+00 -1.775942599639292675e-06
7.100000000000000533e+00 -1.495310074770382412e-06
7.150000000000000355e+00 -1.255784813613746284e-06
7.200000000000000178e+00 -1.051931088946673615e-06
7.250000000000000000e+00 -8.789921070062303820e-07
7.300000000000000711e+00 -7.328036751209352225e-07
7.350000000000000533e+00 -6.097170609089440798e-07
7.400000000000000355e+00 -5.065309261826428499e-07
7.450000000000000178e+00 -4.204320563057386668e-07
7.500000000000000000e+00 -3.489444529809225481e-07
7.550000000000000711e+00 -2.898862203207240060e-07
7.600000000000000533e+00 -2.413335553942838672e-07
7.650000000000000355e+00 -2.015910595055379270e-07
7.700000000000000178e+00 -1.691675186925994337e-07
7.750000000000000000e+00 -1.427562636941115636e-07
7.800000000000000711e+00 -1.212192120704697231e-07
7.850000000000000533e+00 -1.035737180768946379e-07
7.900000000000000355e+00 -8.898140775994455520e-08
7.950000000000000178e+00 -7.673825475161730979e-08
8.000000000000000000e+00 -6.626525242526944045e-08
8.050000000000000711e+00 -5.709915549935483443e-08
8.099999999999999645e+00 -4.888289321507720044e-08
8.150000000000000355e+00 -4.135539077298111895e-08
8.200000000000001066e+00 -3.434066958245546958e-08
8.250000000000000000e+00 -2.773622401996884436e-08
8.300000000000000711e+00 -2.150078721082293379e-08
8.349999999999999645e+00 -1.564169601460891066e-08
8.400000000000000355e+00 -1.020214200353631944e-08
8.450000000000001066e+00 -5.248648018204033245e-09
8.500000000000000000e+00 -8.591373667210462930e-10
8.550000000000000711e+00 2.888035337256042361e-09
8.599999999999999645e+00 5.923745228395057844e-09
8.650000000000000355e+00 8.196148430487655963e-09
8.700000000000001066e+00 9.676885419888111349e-09
8.750000000000000000e+00 1.036527682662747602e-08
8.800000000000000711e+00 1.029044026659796666e-08
8.849999999999999645e+00 9.511349802586844181e-09
8.900000000000000355e+00 8.114952088331657755e-09
8.950000000000001066e+00 6.212540030657960204e-09
9.000000000000000000e+00 3.934661256943323996e-09
9.050000000000000711e+00 1.424900762515893393e-09
9.099999999999999645e+00 -1.167078304992250211e-09
9.150000000000000355e+00 -3.692826872720320209e-09
9.200000000000001066e+00 -6.012322174872525726e-09
9.250000000000000000e+00 -8.000703551248651245e-09
9.300000000000000711e+00 -9.554171506523295994e-09
9.349999999999999645e+00 -1.059474328598352458e-08
9.400000000000000355e+00 -1.107362619912909501e-08
9.450000000000001066e+00 -1.097304856856703977e-08
9.500000000000000000e+00 -1.030647330480678800e-08
9.550000000000000711e+00 -9.117206202706850350e-09
9.600000000000001421e+00 -7.475495632017971062e-09
9.650000000000000355e+00 -5.474298040609328498e-09
9.700000000000001066e+00 -3.223950747038340665e-09
9.750000000000000000e+00 -8.460466021120679078e-10
9.800000000000000711e+00 1.533158205347648785e-09
9.850000000000001421e+00 3.789453223218162150e-09
9.900000000000000355e+00 5.807149631004786585e-09
9.950000000000001066e+00 7.484991064494404780e-09
1.000000000000000000e+01 8.741202628499952521e-09
1.005000000000000071e+01 9.517431313904506035e-09
1.010000000000000142e+01 9.781392969907048128e-09
1.015000000000000036e+01 9.528111416086934234e-09
1.020000000000000107e+01 8.779710433116983353e-09
1.025000000000000000e+01 7.583795236378851954e-09
1.030000000000000071e+01 6.010532668936522454e-09
1.035000000000000142e+01 4.148605040843801606e-09
1.040000000000000036e+01 2.100267997722250660e-09
1.045000000000000107e+01 -2.421467323951950947e-11
1.050000000000000000e+01 -2.112458768561731918e-09
1.055000000000000071e+01 -4.055857852432257827e-09
1.060000000000000142e+01 -5.755184689274843409e-09
1.065000000000000036e+01 -7.125609423906526361e-09
1.070000000000000107e+01 -8.100883246572829475e-09
1.075000000000000000e+01 -8.636483939711702860e-09
1.080000000000000071e+01 -8.711577120838954093e-09
1.085000000000000142e+01 -8.329711022076990308e-09
1.090000000000000036e+01 -7.518229837356136903e-09
1.095000000000000107e+01 -6.326457516144364552e-09
1.100000000000000000e+01 -4.822766891745102820e-09
1.105000000000000071e+01 -3.090705034430590663e-09
1.110000000000000142e+01 -1.224391909882073799e-09
1.115000000000000036e+01 6.765564148871787096e-10
1.120000000000000107e+01 2.512308227893748100e-09
1.125000000000000000e+01 4.188022377035210183e-09
1.130000000000000071e+01 5.618710722904825698e-09
1.135000000000000142e+01 6.733509584802142075e-09
1.140000000000000036e+01 7.479147635251573415e-09
1.145000000000000107e+01 7.822442869951518832e-09
1.150000000000000000e+01 7.751714401589881318e-09
1.155000000000000071e+01 7.277053005441057519e-09
1.160000000000000142e+01 6.429454507029578696e-09
1.165000000000000036e+01 5.258879073558071221e-09
1.170000000000000107e+01 3.831354238352050538e-09
1.175000000000000000e+01 2.225287261311015996e-09
1.180000000000000071e+01 5.271908643176613421e-10
1.185000000000000142e+01 -1.172946379066302070e-09
1.190000000000000036e+01 -2.786398900649305219e-09
1.195000000000000107e+01 -4.230304314054998730e-09
