0.000000000000000000e+00 -0.000000000000000000e+00
5.000000000000000278e-02 -2.853293322537912543e-08
1.000000000000000056e-01 -2.271785558637915994e-07
1.500000000000000222e-01 -7.606609876302256697e-07
2.000000000000000111e-01 -1.783093889619811369e-06
2.500000000000000000e-01 -3.433086464276907594e-06
3.000000000000000444e-01 -5.829327798158682802e-06
3.500000000000000333e-01 -9.066784340827491583e-06
4.000000000000000222e-01 -1.321362529175350225e-05
4.500000000000000111e-01 -1.830896698050173195e-05
5.000000000000000000e-01 -2.436150079420484787e-05
5.500000000000000444e-01 -3.134904074564949039e-05
6.000000000000000888e-01 -3.921899736193990601e-05
6.500000000000000222e-01 -4.788975521040042982e-05
7.000000000000000666e-01 -5.725290305779035107e-05
7.500000000000000000e-01 -6.717623932807547337e-05
8.000000000000000444e-01 -7.750745205082144645e-05
8.500000000000000888e-01 -8.807835263513157770e-05
9.000000000000000222e-01 -9.870952718582820149e-05
9.500000000000000666e-01 -1.092152581658714156e-04
1.000000000000000000e+00 -1.194085632973897231e-04
1.050000000000000044e+00 -1.291061977994075567e-04
1.100000000000000089e+00 -1.381334703187490345e-04
1.150000000000000133e+00 -1.463287319812770903e-04
1.200000000000000178e+00 -1.535474114689803604e-04
1.250000000000000000e+00 -1.596654863630604453e-04
1.300000000000000044e+00 -1.645823015085166440e-04
1.350000000000000089e+00 -1.682226680787800310e-04
1.400000000000000133e+00 -1.705382015092407437e-04
1.450000000000000178e+00 -1.715078816499271603e-04
1.500000000000000000e+00 -1.711378434809532399e-04
1.550000000000000044e+00 -1.694604306894044899e-04
1.600000000000000089e+00 -1.665325665320034631e-04
1.650000000000000133e+00 -1.624335159996547287e-04
1.700000000000000178e+00 -1.572621297633277411e-04
1.750000000000000000e+00 -1.511336732500813537e-04
1.800000000000000044e+00 -1.441763531501584050e-04
1.850000000000000089e+00 -1.365276585179997081e-04
1.900000000000000133e+00 -1.283306343810014646e-04
1.950000000000000178e+00 -1.197302025374895947e-04
2.000000000000000000e+00 -1.108696372764290272e-04
2.050000000000000266e+00 -1.018872934772676973e-04
2.100000000000000089e+00 -9.291367144661161822e-05
2.149999999999999911e+00 -8.406888750066044162e-05
2.200000000000000178e+00 -7.546060234943103434e-05
2.250000000000000000e+00 -6.718244145484669890e-05
2.300000000000000266e+00 -5.931292340058768019e-05
2.350000000000000089e+00 -5.191489458869983492e-05
2.400000000000000355e+00 -4.503545188431754730e-05
2.450000000000000178e+00 -3.870631971812455243e-05
2.500000000000000000e+00 -3.294463509517724884e-05
2.550000000000000266e+00 -2.775408331898822635e-05
2.600000000000000089e+00 -2.312631928332924228e-05
2.650000000000000355e+00 -1.904260405910352015e-05
2.700000000000000178e+00 -1.547558424307093840e-05
2.750000000000000000e+00 -1.239114206130191626e-05
2.800000000000000266e+00 -9.750247352049222862e-06
2.850000000000000089e+00 -7.510748017988223968e-06
2.900000000000000355e+00 -5.629042987868190131e-06
2.950000000000000178e+00 -4.061590754929779090e-06
3.000000000000000000e+00 -2.766216716412401233e-06
3.050000000000000266e+00 -1.703193357413542655e-06
3.100000000000000089e+00 -8.360783352367946265e-07
3.150000000000000355e+00 -1.323062777502835662e-07
3.200000000000000178e+00 4.364598023237834810e-07
3.250000000000000000e+00 8.942025183357730472e-07
3.300000000000000266e+00 1.260626860705446809e-06
3.350000000000000089e+00 1.551410833958065306e-06
3.400000000000000355e+00 1.778596662994554289e-06
3.450000000000000178e+00 1.951086563643451023e-06
3.500000000000000000e+00 2.075206148702011922e-06
3.550000000000000266e+00 2.155299296617606791e-06
3.600000000000000089e+00 2.194320594520306355e-06
3.650000000000000355e+00 2.194395072742642092e-06
3.700000000000000178e+00 2.157319621912885523e-06
3.750000000000000000e+00 2.084985942614948442e-06
3.800000000000000266e+00 1.979710820727585784e-06
3.850000000000000089e+00 1.844465645104096620e-06
3.900000000000000355e+00 1.683003094985845153e-06
3.950000000000000178e+00 1.499884552205836103e-06
4.000000000000000000e+00 1.300416801404741707e-06
4.049999999999999822e+00 1.090510776358046860e-06
4.100000000000000533e+00 8.764783473991216170e-07
4.150000000000000355e+00 6.647853321810433597e-07
4.200000000000000178e+00 4.617800124237676589e-07
4.250000000000000000e+00 2.734164688812288534e-07
4.299999999999999822e+00 1.049910712860769173e-07
4.350000000000000533e+00 -3.909141067469565105e-08
4.400000000000000355e+00 -1.555082287202065967e-07
4.450000000000000178e+00 -2.421549567253137430e-07
4.500000000000000000e+00 -2.982205931111158599e-07
4.549999999999999822e+00 -3.241981428152039782e-07
4.600000000000000533e+00 -3.218310936251450020e-07
4.650000000000000355e+00 -2.939997314473454055e-07
4.700000000000000178e+00 -2.445543932023464337e-07
4.750000000000000000e+00 -1.781053926482867362e-07
4.800000000000000711e+00 -9.978136406333184167e-08
4.850000000000000533e+00 -1.496907806936977653e-08
4.900000000000000355e+00 7.095164224525460208e-08
4.950000000000000178e+00 1.528644354282384453e-07
5.000000000000000000e+00 2.261517285217248534e-07
5.050000000000000711e+00 2.868977324716421194e-07
5.100000000000000533e+00 3.320499564091522354e-07
5.150000000000000355e+00 3.595324850549672555e-07
5.200000000000000178e+00 3.683069199748408895e-07
5.250000000000000000e+00 3.583796599222331585e-07
5.300000000000000711e+00 3.307569432660644374e-07
5.350000000000000533e+00 2.873516586335106796e-07
5.400000000000000355e+00 2.308482239278985658e-07
5.450000000000000178e+00 1.645337333976246290e-07
5.500000000000000000e+00 9.210499556363354879e-08
5.550000000000000711e+00 1.746197642353863223e-08
5.600000000000000533e+00 -5.550150421097712388e-08
5.650000000000000355e+00 -1.230991979808931730e-07
5.700000000000000178e+00 -1.820360984044660288e-07
5.750000000000000000e+00 -2.295657000109731292e-07
5.800000000000000711e+00 -2.636138042280738890e-07
5.850000000000000533e+00 -2.828637452656634788e-07
5.900000000000000355e+00 -2.868000194609798575e-07
5.950000000000000178e+00 -2.757094948595387429e-07
6.000000000000000000e+00 -2.506415417625975313e-07
6.050000000000000711e+00 -2.133304522253732495e-07
6.100000000000000533e+00 -1.660853099346457245e-07
6.150000000000000355e+00 -1.116539491649089260e-07
6.200000000000000178e+00 -5.306873859902474379e-08
6.250000000000000000e+00 6.517400348447201625e-09
6.300000000000000711e+00 6.399610105448610427e-08
6.350000000000000533e+00 1.164613570683817617e-07
6.400000000000000355e+00 1.613522265554411938e-07
6.450000000000000178e+00 1.965736394966914758e-07
6.500000000000000000e+00 2.205898255754101465e-07
6.550000000000000711e+00 2.324864314060474612e-07
6.600000000000000533e+00 2.319990981365368637e-07
6.650000000000000355e+00 2.195080345764768863e-07
6.700000000000000178e+00 1.959998565183426213e-07
6.750000000000000000e+00 1.629995835391712388e-07
6.800000000000000711e+00 1.224771122518845712e-07
6.850000000000000533e+00 7.673365357054767132e-08
6.900000000000000355e+00 2.827447976756776988e-08
6.950000000000000178e+00 -2.032515936891710977e-08
7.000000000000000000e+00 -6.655393920080686049e-08
7.050000000000000711e+00 -1.080913752036393420e-07
7.100000000000000533e+00 -1.429214872472347886e-07
7.150000000000000355e+00 -1.694277950462027068e-07
7.200000000000000178e+00 -1.864653219531977231e-07
7.250000000000000000e+00 -1.934065680956844157e-07
7.300000000000000711e+00 -1.901598164353851235e-07
7.350000000000000533e+00 -1.771595828185088467e-07
7.400000000000000355e+00 -1.553304393638944130e-07
7.450000000000000178e+00 -1.260267589184072684e-07
7.500000000000000000e+00 -9.095208298868556160e-08
7.550000000000000711e+00 -5.206275262669573717e-08
7.600000000000000533e+00 -1.146111963119166330e-08
7.650000000000000355e+00 2.871595333998895535e-08
7.700000000000000178e+00 6.640750292132912027e-08
7.750000000000000000e+00 9.973218840098168120e-08
7.800000000000000711e+00 1.270802131971036954e-07
7.850000000000000533e+00 1.471890581388989581e-07
7.900000000000000355e+00 1.591995728560528741e-07
7.950000000000000178e+00 1.626900558371892306e-07
