0.000000000000000000e+00 0.000000000000000000e+00
5.000000000000000278e-02 -1.768341037750102700e-06
1.000000000000000056e-01 -3.539550159782860145e-06
1.500000000000000222e-01 -5.316361464442020343e-06
2.000000000000000111e-01 -7.101243736724923115e-06
2.500000000000000000e-01 -8.896274385152642535e-06
3.000000000000000444e-01 -1.070302114423679684e-05
3.500000000000000333e-01 -1.252243389005246910e-05
4.000000000000000222e-01 -1.435474871655572230e-05
4.500000000000000111e-01 -1.619940617865536509e-05
5.000000000000000000e-01 -1.805498532984614395e-05
5.500000000000000444e-01 -1.991915487337404372e-05
6.000000000000000888e-01 -2.178864241299241278e-05
6.500000000000000222e-01 -2.365922243939886207e-05
7.000000000000000666e-01 -2.552572332873895002e-05
7.500000000000000000e-01 -2.738205326757202755e-05
8.000000000000000444e-01 -2.922124466182981104e-05
8.500000000000000888e-01 -3.103551624276419126e-05
9.000000000000000222e-01 -3.281635175751579391e-05
9.500000000000000666e-01 -3.455459383206795234e-05
1.000000000000000000e+00 -3.624055132565586298e-05
1.050000000000000044e+00 -3.786411826309773532e-05
1.100000000000000089e+00 -3.941490223905652287e-05
1.150000000000000133e+00 -4.088236003905346778e-05
1.200000000000000178e+00 -4.225593811827974212e-05
1.250000000000000000e+00 -4.352521552202522867e-05
1.300000000000000044e+00 -4.468004682099142578e-05
1.350000000000000089e+00 -4.571070267001872266e-05
1.400000000000000133e+00 -4.660800567803879372e-05
1.450000000000000178e+00 -4.736345939768718235e-05
1.500000000000000000e+00 -4.796936840151505809e-05
1.550000000000000044e+00 -4.841894760397183548e-05
1.600000000000000089e+00 -4.870641920956101680e-05
1.650000000000000133e+00 -4.882709591262108525e-05
1.700000000000000178e+00 -4.877744923754446653e-05
1.750000000000000000e+00 -4.855516218422402982e-05
1.800000000000000044e+00 -4.815916562635281980e-05
1.850000000000000089e+00 -4.758965819420922646e-05
1.900000000000000133e+00 -4.684810965323962963e-05
1.950000000000000178e+00 -4.593724805990655684e-05
2.000000000000000000e+00 -4.486103123211043384e-05
2.050000000000000266e+00 -4.362460330870945575e-05
2.100000000000000089e+00 -4.223423738751690674e-05
2.149999999999999911e+00 -4.069726542051477019e-05
2.200000000000000178e+00 -3.902199670642166550e-05
2.250000000000000000e+00 -3.721762645239147987e-05
2.300000000000000266e+00 -3.529413597739044421e-05
2.350000000000000089e+00 -3.326218619926003172e-05
2.400000000000000355e+00 -3.113300608583086294e-05
2.450000000000000178e+00 -2.891827775852551339e-05
2.500000000000000000e+00 -2.663001991604479346e-05
2.550000000000000266e+00 -2.428047119785187998e-05
2.600000000000000089e+00 -2.188197503454768531e-05
2.650000000000000355e+00 -1.944686743753307811e-05
2.700000000000000178e+00 -1.698736906651819654e-05
2.750000000000000000e+00 -1.451548278360518989e-05
2.800000000000000266e+00 -1.204289776010542665e-05
2.850000000000000089e+00 -9.580901050265196097e-06
2.900000000000000355e+00 -7.140297387953053524e-06
2.950000000000000178e+00 -4.731337801302225727e-06
3.000000000000000000e+00 -2.363657479345322142e-06
3.050000000000000266e+00 -4.622316666891333654e-08
3.100000000000000089e+00 2.212709790362310030e-06
3.150000000000000355e+00 4.405630766896961956e-06
3.200000000000000178e+00 6.525797708288942420e-06
3.250000000000000000e+00 8.567251783374432838e-06
3.300000000000000266e+00 1.052482323198876242e-05
3.350000000000000089e+00 1.239412889303750762e-05
3.400000000000000355e+00 1.417156198162776155e-05
3.450000000000000178e+00 1.585427475116355653e-05
3.500000000000000000e+00 1.744015472888293063e-05
3.550000000000000266e+00 1.892779525131401300e-05
3.600000000000000089e+00 2.031646105005789317e-05
3.650000000000000355e+00 2.160604964888334525e-05
3.700000000000000178e+00 2.279704933125629261e-05
3.750000000000000000e+00 2.389049442418180578e-05
3.800000000000000266e+00 2.488791862079055742e-05
3.850000000000000089e+00 2.579130703171691563e-05
3.900000000000000355e+00 2.660304761530934544e-05
3.950000000000000178e+00 2.732588259042096788e-05
4.000000000000000000e+00 2.796286038427986460e-05
4.049999999999999822e+00 2.851728861303162122e-05
4.100000000000000533e+00 2.899268853522237734e-05
4.150000000000000355e+00 2.939275135991848556e-05
4.200000000000000178e+00 2.972129673241611674e-05
4.250000000000000000e+00 2.998223366255670921e-05
4.299999999999999822e+00 3.017952410440089713e-05
4.350000000000000533e+00 3.031714934216853951e-05
4.400000000000000355e+00 3.039907928656177054e-05
4.450000000000000178e+00 3.042924473835721100e-05
4.500000000000000000e+00 3.041151263288363260e-05
4.549999999999999822e+00 3.034966423996941789e-05
4.600000000000000533e+00 3.024737625933431441e-05
4.650000000000000355e+00 3.010820472128871252e-05
4.700000000000000178e+00 2.993557157698765520e-05
4.750000000000000000e+00 2.973275384127850604e-05
4.800000000000000711e+00 2.950287513422982614e-05
4.850000000000000533e+00 2.924889945452477879e-05
4.900000000000000355e+00 2.897362700878788254e-05
4.950000000000000178e+00 2.867969191529964683e-05
5.000000000000000000e+00 2.836956159811764871e-05
5.050000000000000711e+00 2.804553768803332202e-05
5.100000000000000533e+00 2.770975824970233332e-05
5.150000000000000355e+00 2.736420115935093693e-05
5.200000000000000178e+00 2.701068846433911057e-05
5.250000000000000000e+00 2.665089156422509008e-05
5.300000000000000711e+00 2.628633706251206210e-05
5.350000000000000533e+00 2.591841314867307074e-05
5.400000000000000355e+00 2.554837638107480553e-05
5.450000000000000178e+00 2.517735875280651428e-05
5.500000000000000000e+00 2.480637493395107974e-05
5.550000000000000711e+00 2.443632959531353690e-05
5.600000000000000533e+00 2.406802472988503087e-05
5.650000000000000355e+00 2.370216689922538799e-05
5.700000000000000178e+00 2.333937434237781311e-05
5.750000000000000000e+00 2.298018389479700722e-05
5.800000000000000711e+00 2.262505767400215824e-05
5.850000000000000533e+00 2.227438949721361329e-05
5.900000000000000355e+00 2.192851100406097270e-05
5.950000000000000178e+00 2.158769746454929929e-05
6.000000000000000000e+00 2.125217325883332857e-05
6.050000000000000711e+00 2.092211702099242476e-05
6.100000000000000533e+00 2.059766644393774815e-05
6.150000000000000355e+00 2.027892274685037964e-05
6.200000000000000178e+00 1.996595481017809557e-05
6.250000000000000000e+00 1.965880298625133772e-05
6.300000000000000711e+00 1.935748259605798251e-05
6.350000000000000533e+00 1.906198712469061484e-05
6.400000000000000355e+00 1.877229112949345359e-05
6.450000000000000178e+00 1.848835287603935954e-05
6.500000000000000000e+00 1.821011671780584080e-05
6.550000000000000711e+00 1.793751523583831284e-05
6.600000000000000533e+00 1.767047115483309314e-05
6.650000000000000355e+00 1.740889905198352927e-05
6.700000000000000178e+00 1.715270687464717919e-05
6.750000000000000000e+00 1.690179728244764568e-05
6.800000000000000711e+00 1.665606882885253069e-05
6.850000000000000533e+00 1.641541699659975758e-05
6.900000000000000355e+00 1.617973510060221430e-05
6.950000000000000178e+00 1.594891507117133023e-05
7.000000000000000000e+00 1.572284812958045139e-05
7.050000000000000711e+00 1.550142536715815264e-05
7.100000000000000533e+00 1.528453823827274625e-05
7.150000000000000355e+00 1.507207897675482922e-05
7.200000000000000178e+00 1.486394094451272384e-05
7.250000000000000000e+00 1.466001892033508989e-05
7.300000000000000711e+00 1.446020933614926250e-05
7.350000000000000533e+00 1.426441046731817959e-05
7.400000000000000355e+00 1.407252258291428770e-05
7.450000000000000178e+00 1.388444806130728085e-05
7.500000000000000000e+00 1.370009147584410562e-05
7.550000000000000711e+00 1.351935965488294637e-05
7.600000000000000533e+00 1.334216171996814476e-05
7.650000000000000355e+00 1.316840910549673261e-05
7.700000000000000178e+00 1.299801556283009421e-05
7.750000000000000000e+00 1.283089715144156906e-05
7.800000000000000711e+00 1.266697221936221684e-05
7.850000000000000533e+00 1.250616137489052859e-05
7.900000000000000355e+00 1.234838745126399192e-05
7.950000000000000178e+00 1.219357546575127234e-05
8.000000000000000000e+00 1.204165257440943409e-05
8.050000000000000711e+00 1.189254802356144424e-05
8.099999999999999645e+00 1.174619309888138144e-05
8.150000000000000355e+00 1.160252107282831148e-05
8.200000000000001066e+00 1.146146715104286096e-05
8.250000000000000000e+00 1.132296841821023130e-05
8.300000000000000711e+00 1.118696378380039300e-05
8.349999999999999645e+00 1.105339392801733952e-05
8.400000000000000355e+00 1.092220124822348592e-05
8.450000000000001066e+00 1.079332980605149746e-05
8.500000000000000000e+00 1.066672527537180276e-05
8.550000000000000711e+00 1.054233489124918724e-05
8.599999999999999645e+00 1.042010739999363977e-05
8.650000000000000355e+00 1.029999301038890026e-05
8.700000000000001066e+00 1.018194334616466340e-05
8.750000000000000000e+00 1.006591139976470050e-05
8.800000000000000711e+00 9.951851487451463744e-06
8.849999999999999645e+00 9.839719205778440321e-06
8.900000000000000355e+00 9.729471389452167422e-06
8.950000000000001066e+00 9.621066070597907895e-06
9.000000000000000000e+00 9.514462439434116176e-06
9.050000000000000711e+00 9.409620806352629940e-06
9.099999999999999645e+00 9.306502565392918734e-06
9.150000000000000355e+00 9.205070159089620354e-06
9.200000000000001066e+00 9.105287044664432019e-06
9.250000000000000000e+00 9.007117661524878500e-06
9.300000000000000711e+00 8.910527400025140720e-06
9.349999999999999645e+00 8.815482571437492635e-06
9.400000000000000355e+00 8.721950379077757820e-06
9.450000000000001066e+00 8.629898890524349977e-06
9.500000000000000000e+00 8.539297010868594681e-06
9.550000000000000711e+00 8.450114456933768828e-06
9.600000000000001421e+00 8.362321732401791795e-06
9.650000000000000355e+00 8.275890103789636330e-06
9.700000000000001066e+00 8.190791577222561972e-06
9.750000000000000000e+00 8.106998875956579608e-06
9.800000000000000711e+00 8.024485418609657298e-06
9.850000000000001421e+00 7.943225298068285785e-06
9.900000000000000355e+00 7.863193261042898368e-06
9.950000000000001066e+00 7.784364688252951332e-06
1.000000000000000000e+01 7.706715575228176814e-06
1.005000000000000071e+01 7.630222513717879957e-06
1.010000000000000142e+01 7.554862673703889345e-06
1.015000000000000036e+01 7.480613786015124445e-06
1.020000000000000107e+01 7.407454125542645882e-06
1.025000000000000000e+01 7.335362495053630002e-06
1.030000000000000071e+01 7.264318209600495051e-06
1.035000000000000142e+01 7.194301081518645782e-06
1.040000000000000036e+01 7.125291406002225736e-06
1.045000000000000107e+01 7.057269947242797445e-06
1.050000000000000000e+01 6.990217925111287548e-06
1.055000000000000071e+01 6.924117002358921704e-06
1.060000000000000142e+01 6.858949272308991370e-06
1.065000000000000036e+01 6.794697247007878467e-06
1.070000000000000107e+01 6.731343845801803877e-06
1.075000000000000000e+01 6.668872384304492666e-06
1.080000000000000071e+01 6.607266563721487607e-06
1.085000000000000142e+01 6.546510460498221559e-06
1.090000000000000036e+01 6.486588516261758725e-06
1.095000000000000107e+01 6.427485528029909470e-06
1.100000000000000000e+01 6.369186638666200690e-06
1.105000000000000071e+01 6.311677327563966905e-06
1.110000000000000142e+01 6.254943401548616702e-06
1.115000000000000036e+01 6.198970985992148703e-06
1.120000000000000107e+01 6.143746516139013255e-06
1.125000000000000000e+01 6.089256728646580935e-06
1.130000000000000071e+01 6.035488653346880624e-06
1.135000000000000142e+01 5.982429605238435776e-06
1.140000000000000036e+01 5.930067176718007517e-06
1.145000000000000107e+01 5.878389230062066780e-06
1.150000000000000000e+01 5.827383890166372626e-06
1.155000000000000071e+01 5.777039537549676607e-06
1.160000000000000142e+01 5.727344801624435637e-06
1.165000000000000036e+01 5.678288554233553349e-06
1.170000000000000107e+01 5.629859903447962699e-06
1.175000000000000000e+01 5.582048187615832420e-06
1.180000000000000071e+01 5.534842969650031982e-06
1.185000000000000142e+01 5.488234031537061791e-06
1.190000000000000036e+01 5.442211369048062571e-06
1.195000000000000107e+01 5.396765186630456223e-06
1.200000000000000000e+01 5.351885892458277458e-06
1.205000000000000071e+01 5.307564093619263133e-06
1.210000000000000142e+01 5.263790591418273095e-06
1.215000000000000036e+01 5.220556376778933807e-06
1.220000000000000107e+01 5.177852625728408947e-06
1.225000000000000000e+01 5.135670694954093265e-06
1.230000000000000071e+01 5.094002117424988415e-06
1.235000000000000142e+01 5.052838598074957093e-06
1.240000000000000036e+01 5.012172009548903240e-06
1.245000000000000107e+01 4.971994388016929195e-06
1.250000000000000000e+01 4.932297929064292963e-06
1.255000000000000071e+01 4.893074983667539245e-06
1.260000000000000142e+01 4.854318054268414473e-06
1.265000000000000036e+01 4.816019790957567499e-06
1.270000000000000107e+01 4.778172987779468305e-06
1.275000000000000000e+01 4.740770579168442344e-06
1.280000000000000071e+01 4.703805636523264215e-06
1.285000000000000142e+01 4.667271364924949041e-06
1.290000000000000036e+01 4.631161099998735955e-06
1.295000000000000107e+01 4.595468304917812388e-06
1.300000000000000000e+01 4.560186567542643248e-06
1.305000000000000071e+01 4.525309597686425000e-06
1.310000000000000142e+01 4.490831224494475844e-06
1.315000000000000036e+01 4.456745393923065859e-06
1.320000000000000107e+01 4.423046166301956035e-06
1.325000000000000000e+01 4.389727713964336558e-06
1.330000000000000071e+01 4.356784318928353636e-06
1.335000000000000142e+01 4.324210370615744843e-06
1.340000000000000036e+01 4.292000363595007921e-06
1.345000000000000107e+01 4.260148895339549359e-06
1.350000000000000000e+01 4.228650663994122045e-06
1.355000000000000071e+01 4.197500466146538224e-06
1.360000000000000142e+01 4.166693194605047429e-06
1.365000000000000036e+01 4.136223836185000421e-06
1.370000000000000107e+01 4.106087469511429733e-06
1.375000000000000000e+01 4.076279262846521967e-06
1.380000000000000071e+01 4.046794471952450334e-06
1.385000000000000142e+01 4.017628438001099775e-06
1.390000000000000036e+01 3.988776585542054407e-06
1.395000000000000107e+01 3.960234420539489398e-06
1.400000000000000000e+01 3.931997528487026300e-06
1.405000000000000071e+01 3.904061572607353505e-06
1.410000000000000142e+01 3.876422292140803804e-06
1.415000000000000036e+01 3.849075500723948666e-06
1.420000000000000107e+01 3.822017084856241603e-06
1.425000000000000000e+01 3.795243002449667795e-06
1.430000000000000071e+01 3.768749281453657248e-06
1.435000000000000142e+01 3.742532018545120392e-06
1.440000000000000036e+01 3.716587377872018696e-06
1.445000000000000107e+01 3.690911589837641153e-06
1.450000000000000000e+01 3.665500949912793880e-06
1.455000000000000071e+01 3.640351817463469254e-06
1.460000000000000142e+01 3.615460614583015326e-06
1.465000000000000036e+01 3.590823824919585148e-06
1.470000000000000107e+01 3.566437992492187155e-06
1.475000000000000000e+01 3.542299720491341570e-06
1.480000000000000071e+01 3.518405670063314952e-06
1.485000000000000142e+01 3.494752559079805269e-06
1.490000000000000036e+01 3.471337160897689146e-06
1.495000000000000107e+01 3.448156303115614350e-06
