0.000000000000000000e+00 0.000000000000000000e+00
5.000000000000000278e-02 -1.574744026972538444e-09
1.000000000000000056e-01 -1.258709605627571557e-08
1.500000000000000222e-01 -4.242035383222486121e-08
2.000000000000000111e-01 -1.003490613932225425e-07
2.500000000000000000e-01 -1.954843183840449177e-07
3.000000000000000444e-01 -3.367187655906876177e-07
3.500000000000000333e-01 -5.326712245374667682e-07
4.000000000000000222e-01 -7.916310380359015001e-07
4.500000000000000111e-01 -1.121502239498998279e-06
5.000000000000000000e-01 -1.529747768330253911e-06
5.500000000000000444e-01 -2.023334043076421961e-06
6.000000000000000888e-01 -2.608676299357567129e-06
6.500000000000000222e-01 -3.291585191808844177e-06
7.000000000000000666e-01 -4.077215244374081443e-06
7.500000000000000000e-01 -4.970015807451738885e-06
8.000000000000000444e-01 -5.973685240098964692e-06
8.500000000000000888e-01 -7.091129077685465738e-06
9.000000000000000222e-01 -8.324422967548548980e-06
9.500000000000000666e-01 -9.674781155475247775e-06
1.000000000000000000e+00 -1.114253128308244650e-05
1.050000000000000044e+00 -1.272709620999653658e-05
1.100000000000000089e+00 -1.442698350553875603e-05
1.150000000000000133e+00 -1.623978316355381888e-05
1.200000000000000178e+00 -1.816217398295697804e-05
1.250000000000000000e+00 -2.018993892806495916e-05
1.300000000000000044e+00 -2.231798963994471684e-05
1.350000000000000089e+00 -2.454040011646993697e-05
1.400000000000000133e+00 -2.685044941848722599e-05
1.450000000000000178e+00 -2.924067309666397480e-05
1.500000000000000000e+00 -3.170292287252168432e-05
1.550000000000000044e+00 -3.422843395211451576e-05
1.600000000000000089e+00 -3.680789920588741859e-05
1.650000000000000133e+00 -3.943154931724067024e-05
1.700000000000000178e+00 -4.208923788862418063e-05
1.750000000000000000e+00 -4.477053040046965218e-05
1.800000000000000044e+00 -4.746479584723386309e-05
1.850000000000000089e+00 -5.016129982792037479e-05
1.900000000000000133e+00 -5.284929784663617072e-05
1.950000000000000178e+00 -5.551812758228976395e-05
2.000000000000000000e+00 -5.815729891502767094e-05
2.050000000000000266e+00 -6.075658054935952057e-05
2.100000000000000089e+00 -6.330608214844255551e-05
2.149999999999999911e+00 -6.579633098846320494e-05
2.200000000000000178e+00 -6.821834225376526234e-05
2.250000000000000000e+00 -7.056368221928710689e-05
2.300000000000000266e+00 -7.282452370365355594e-05
2.350000000000000089e+00 -7.499369332045060317e-05
2.400000000000000355e+00 -7.706471020325767331e-05
2.450000000000000178e+00 -7.903181602844137573e-05
2.500000000000000000e+00 -8.088999630519590027e-05
2.550000000000000266e+00 -8.263499304174479058e-05
2.600000000000000089e+00 -8.426330902721061635e-05
2.650000000000000355e+00 -8.577220408799524705e-05
2.700000000000000178e+00 -8.715968378359533473e-05
2.750000000000000000e+00 -8.842448109806380445e-05
2.800000000000000266e+00 -8.956603175873260935e-05
2.850000000000000089e+00 -9.058444387272934230e-05
2.900000000000000355e+00 -9.148046261408883969e-05
2.950000000000000178e+00 -9.225543072014741829e-05
3.000000000000000000e+00 -9.291124556606800090e-05
3.050000000000000266e+00 -9.345031358177423005e-05
3.100000000000000089e+00 -9.387550275754966752e-05
3.150000000000000355e+00 -9.419009395459065339e-05
3.200000000000000178e+00 -9.439773169656235936e-05
3.250000000000000000e+00 -9.450237506946665260e-05
3.300000000000000266e+00 -9.450824930171108083e-05
3.350000000000000089e+00 -9.441979853597451866e-05
3.400000000000000355e+00 -9.424164024104341689e-05
3.450000000000000178e+00 -9.397852164688620972e-05
3.500000000000000000e+00 -9.363527852134100765e-05
3.550000000000000266e+00 -9.321679654325124931e-05
3.600000000000000089e+00 -9.272797546583865999e-05
3.650000000000000355e+00 -9.217369620650908268e-05
3.700000000000000178e+00 -9.155879094588712094e-05
3.750000000000000000e+00 -9.088801627022739479e-05
3.800000000000000266e+00 -9.016602934781908698e-05
3.850000000000000089e+00 -8.939736709177030949e-05
3.900000000000000355e+00 -8.858642822867954887e-05
3.950000000000000178e+00 -8.773745816506596225e-05
4.000000000000000000e+00 -8.685453652083849091e-05
4.049999999999999822e+00 -8.594156718124331957e-05
4.100000000000000533e+00 -8.500227070527827241e-05
4.150000000000000355e+00 -8.404017891910498374e-05
4.200000000000000178e+00 -8.305863151709927850e-05
4.250000000000000000e+00 -8.206077449042808623e-05
4.299999999999999822e+00 -8.104956020300321069e-05
4.350000000000000533e+00 -8.002774893693666259e-05
4.400000000000000355e+00 -7.899791173383178611e-05
4.450000000000000178e+00 -7.796243436404264190e-05
4.500000000000000000e+00 -7.692352226311873333e-05
4.549999999999999822e+00 -7.588320628274220858e-05
4.600000000000000533e+00 -7.484334911233141174e-05
4.650000000000000355e+00 -7.380565223691493832e-05
4.700000000000000178e+00 -7.277166330670530947e-05
4.750000000000000000e+00 -7.174278380386502486e-05
4.800000000000000711e+00 -7.072027690213064698e-05
4.850000000000000533e+00 -6.970527542513427590e-05
4.900000000000000355e+00 -6.869878981932728919e-05
4.950000000000000178e+00 -6.770171606729104145e-05
5.000000000000000000e+00 -6.671484347682291797e-05
5.050000000000000711e+00 -6.573886229044468156e-05
5.100000000000000533e+00 -6.477437106882749348e-05
5.150000000000000355e+00 -6.382188380999897928e-05
5.200000000000000178e+00 -6.288183677404137048e-05
5.250000000000000000e+00 -6.195459499025932884e-05
5.300000000000000711e+00 -6.104045843044967332e-05
5.350000000000000533e+00 -6.013966783792140631e-05
5.400000000000000355e+00 -5.925241020726560397e-05
5.450000000000000178e+00 -5.837882391456397077e-05
5.500000000000000000e+00 -5.751900350175128020e-05
5.550000000000000711e+00 -5.667300412222562298e-05
5.600000000000000533e+00 -5.584084565756566876e-05
5.650000000000000355e+00 -5.502251651739472851e-05
5.700000000000000178e+00 -5.421797713607977190e-05
5.750000000000000000e+00 -5.342716318111880654e-05
5.800000000000000711e+00 -5.264998848880973688e-05
5.850000000000000533e+00 -5.188634774317154956e-05
5.900000000000000355e+00 -5.113611891415957220e-05
5.950000000000000178e+00 -5.039916547104559408e-05
6.000000000000000000e+00 -4.967533838647336387e-05
6.050000000000000711e+00 -4.896447794620142912e-05
6.100000000000000533e+00 -4.826641537895672344e-05
6.150000000000000355e+00 -4.758097432017536360e-05
6.200000000000000178e+00 -4.690797212273946056e-05
6.250000000000000000e+00 -4.624722102714604131e-05
6.300000000000000711e+00 -4.559852920288800604e-05
6.350000000000000533e+00 -4.496170167219166184e-05
6.400000000000000355e+00 -4.433654112664717054e-05
6.450000000000000178e+00 -4.372284864668643181e-05
6.500000000000000000e+00 -4.312042433330020094e-05
6.550000000000000711e+00 -4.252906786084086722e-05
6.600000000000000533e+00 -4.194857895921802265e-05
6.650000000000000355e+00 -4.137875783325940549e-05
6.700000000000000178e+00 -4.081940552646766125e-05
6.750000000000000000e+00 -4.027032423585801007e-05
6.800000000000000711e+00 -3.973131758400557143e-05
6.850000000000000533e+00 -3.920219085386982601e-05
6.900000000000000355e+00 -3.868275119139674484e-05
6.950000000000000178e+00 -3.817280778033781081e-05
7.000000000000000000e+00 -3.767217199317154393e-05
7.050000000000000711e+00 -3.718065752147818907e-05
7.100000000000000533e+00 -3.669808048861262139e-05
7.150000000000000355e+00 -3.622425954704884890e-05
7.200000000000000178e+00 -3.575901596234318328e-05
7.250000000000000000e+00 -3.530217368528637664e-05
7.300000000000000711e+00 -3.485355941349335896e-05
7.350000000000000533e+00 -3.441300264341356151e-05
7.400000000000000355e+00 -3.398033571353686812e-05
7.450000000000000178e+00 -3.355539383941506646e-05
7.500000000000000000e+00 -3.313801514101419538e-05
7.550000000000000711e+00 -3.272804066285112687e-05
7.600000000000000533e+00 -3.232531438734059630e-05
7.650000000000000355e+00 -3.192968324177898224e-05
7.700000000000000178e+00 -3.154099709940886431e-05
7.750000000000000000e+00 -3.115910877503354052e-05
7.800000000000000711e+00 -3.078387401567816382e-05
7.850000000000000533e+00 -3.041515148681488568e-05
7.900000000000000355e+00 -3.005280275467803812e-05
7.950000000000000178e+00 -2.969669226518985904e-05
8.000000000000000000e+00 -2.934668731999396607e-05
8.050000000000000711e+00 -2.900265805005417647e-05
8.099999999999999645e+00 -2.866447738722138305e-05
8.150000000000000355e+00 -2.833202103410286095e-05
8.200000000000001066e+00 -2.800516743249490483e-05
8.250000000000000000e+00 -2.768379773055916709e-05
8.300000000000000711e+00 -2.736779574884753288e-05
8.349999999999999645e+00 -2.705704794521084265e-05
8.400000000000000355e+00 -2.675144337856673262e-05
8.450000000000001066e+00 -2.645087367145934531e-05
8.500000000000000000e+00 -2.615523297131630006e-05
8.550000000000000711e+00 -2.586441791030009703e-05
8.599999999999999645e+00 -2.557832756366151632e-05
8.650000000000000355e+00 -2.529686340652888274e-05
8.700000000000001066e+00 -2.501992926910895059e-05
8.750000000000000000e+00 -2.474743129032659156e-05
8.800000000000000711e+00 -2.447927786999015405e-05
8.849999999999999645e+00 -2.421537961962901019e-05
8.900000000000000355e+00 -2.395564931220953644e-05
8.950000000000001066e+00 -2.370000183098649709e-05
9.000000000000000000e+00 -2.344835411778873181e-05
9.050000000000000711e+00 -2.320062512106564444e-05
9.099999999999999645e+00 -2.295673574403350270e-05
9.150000000000000355e+00 -2.271660879325716718e-05
9.200000000000001066e+00 -2.248016892798314857e-05
9.250000000000000000e+00 -2.224734261050605538e-05
9.300000000000000711e+00 -2.201805805780371732e-05
9.349999999999999645e+00 -2.179224519462150423e-05
9.400000000000000355e+00 -2.156983560812426919e-05
9.450000000000001066e+00 -2.135076250417208759e-05
9.500000000000000000e+00 -2.113496066521443573e-05
9.550000000000000711e+00 -2.092236640974273377e-05
9.600000000000001421e+00 -2.071291755319429662e-05
9.650000000000000355e+00 -2.050655337016545892e-05
9.700000000000001066e+00 -2.030321455776906191e-05
9.750000000000000000e+00 -2.010284319996283309e-05
9.800000000000000711e+00 -1.990538273267825620e-05
9.850000000000001421e+00 -1.971077790959702147e-05
9.900000000000000355e+00 -1.951897476844751352e-05
9.950000000000001066e+00 -1.932992059772851553e-05
1.000000000000000000e+01 -1.914356390380641772e-05
1.005000000000000071e+01 -1.895985437837235043e-05
1.010000000000000142e+01 -1.877874286628573020e-05
1.015000000000000036e+01 -1.860018133386535783e-05
1.020000000000000107e+01 -1.842412283771766737e-05
1.025000000000000000e+01 -1.825052149421195586e-05
1.030000000000000071e+01 -1.807933244972179503e-05
1.035000000000000142e+01 -1.791051185175272746e-05
1.040000000000000036e+01 -1.774401682106505361e-05
1.045000000000000107e+01 -1.757980542488291834e-05
1.050000000000000000e+01 -1.741783665125350890e-05
1.055000000000000071e+01 -1.725807038458936481e-05
1.060000000000000142e+01 -1.710046738239214624e-05
1.065000000000000036e+01 -1.694498925312157745e-05
1.070000000000000107e+01 -1.679159843514093508e-05
1.075000000000000000e+01 -1.664025817664207941e-05
1.080000000000000071e+01 -1.649093251643128096e-05
1.085000000000000142e+01 -1.634358626544342444e-05
1.090000000000000036e+01 -1.619818498884551374e-05
1.095000000000000107e+01 -1.605469498859484734e-05
1.100000000000000000e+01 -1.591308328632719092e-05
1.105000000000000071e+01 -1.577331760647003716e-05
1.110000000000000142e+01 -1.563536635949943084e-05
1.115000000000000036e+01 -1.549919862528794480e-05
1.120000000000000107e+01 -1.536478413652127243e-05
1.125000000000000000e+01 -1.523209326219066684e-05
1.130000000000000071e+01 -1.510109699119630573e-05
1.135000000000000142e+01 -1.497176691611997990e-05
1.140000000000000036e+01 -1.484407521724301131e-05
1.145000000000000107e+01 -1.471799464689614710e-05
1.150000000000000000e+01 -1.459349851423206207e-05
1.155000000000000071e+01 -1.447056067050633326e-05
1.160000000000000142e+01 -1.434915549494310967e-05
1.165000000000000036e+01 -1.422925788124386785e-05
1.170000000000000107e+01 -1.411084322477670269e-05
1.175000000000000000e+01 -1.399388741045957364e-05
1.180000000000000071e+01 -1.387836680132486523e-05
1.185000000000000142e+01 -1.376425822772811954e-05
1.190000000000000036e+01 -1.365153897714176696e-05
1.195000000000000107e+01 -1.354018678445561468e-05
1.200000000000000000e+01 -1.343017982269369080e-05
1.205000000000000071e+01 -1.332149669404919856e-05
1.210000000000000142e+01 -1.321411642113908408e-05
1.215000000000000036e+01 -1.310801843838570479e-05
1.220000000000000107e+01 -1.300318258344404463e-05
1.225000000000000000e+01 -1.289958908861017917e-05
1.230000000000000071e+01 -1.279721857216647086e-05
1.235000000000000142e+01 -1.269605202964135284e-05
1.240000000000000036e+01 -1.259607082498492274e-05
1.245000000000000107e+01 -1.249725668168328926e-05
1.250000000000000000e+01 -1.239959167385418912e-05
1.255000000000000071e+01 -1.230305821738205034e-05
1.260000000000000142e+01 -1.220763906116183829e-05
1.265000000000000036e+01 -1.211331727852578122e-05
1.270000000000000107e+01 -1.202007625892757855e-05
1.275000000000000000e+01 -1.192789969995205957e-05
1.280000000000000071e+01 -1.183677159970781620e-05
1.285000000000000142e+01 -1.174667624964496163e-05
1.290000000000000036e+01 -1.165759822782215010e-05
1.295000000000000107e+01 -1.156952239262707951e-05
1.300000000000000000e+01 -1.148243387693470342e-05
1.305000000000000071e+01 -1.139631808266844431e-05
1.310000000000000142e+01 -1.131116067571295947e-05
1.315000000000000036e+01 -1.122694758111453553e-05
1.320000000000000107e+01 -1.114366497849611941e-05
1.325000000000000000e+01 -1.106129929761090533e-05
1.330000000000000071e+01 -1.097983721395940001e-05
1.335000000000000142e+01 -1.089926564440161419e-05
1.340000000000000036e+01 -1.081957174270647367e-05
1.345000000000000107e+01 -1.074074289499512256e-05
1.350000000000000000e+01 -1.066276671505112550e-05
1.355000000000000071e+01 -1.058563103948917293e-05
1.360000000000000142e+01 -1.050932392279149688e-05
1.365000000000000036e+01 -1.043383363223840248e-05
1.370000000000000107e+01 -1.035914864277358810e-05
1.375000000000000000e+01 -1.028525763185654656e-05
1.380000000000000071e+01 -1.021214947436089927e-05
1.385000000000000142e+01 -1.013981323758097772e-05
1.390000000000000036e+01 -1.006823817640677318e-05
1.395000000000000107e+01 -9.997413728721403584e-06
1.400000000000000000e+01 -9.927329511065594042e-06
1.405000000000000071e+01 -9.857975314600489101e-06
1.410000000000000142e+01 -9.789341101385418982e-06
1.415000000000000036e+01 -9.721417000970989069e-06
1.420000000000000107e+01 -9.654193307292256230e-06
1.425000000000000000e+01 -9.587660475831913834e-06
1.430000000000000071e+01 -9.521809121011257481e-06
1.435000000000000142e+01 -9.456630013756830441e-06
1.440000000000000036e+01 -9.392114079185552068e-06
1.445000000000000107e+01 -9.328252394348540515e-06
1.450000000000000000e+01 -9.265036185976717600e-06
1.455000000000000071e+01 -9.202456828176643717e-06
1.460000000000000142e+01 -9.140505840034639405e-06
1.465000000000000036e+01 -9.079174883098976523e-06
1.470000000000000107e+01 -9.018455758723193291e-06
1.475000000000000000e+01 -8.958340405268381740e-06
1.480000000000000071e+01 -8.898820895175845228e-06
1.485000000000000142e+01 -8.839889431934673059e-06
1.490000000000000036e+01 -8.781538346979439959e-06
1.495000000000000107e+01 -8.723760096561244352e-06
1.500000000000000000e+01 -8.666547258640220600e-06
1.505000000000000071e+01 -8.609892529848571835e-06
1.510000000000000142e+01 -8.553788722571345444e-06
1.515000000000000036e+01 -8.498228762186181388e-06
1.520000000000000107e+01 -8.443205684495135418e-06
1.525000000000000000e+01 -8.388712633371123484e-06
1.530000000000000071e+01 -8.334742858629244939e-06
1.535000000000000142e+01 -8.281289714121088842e-06
1.540000000000000036e+01 -8.228346656037633996e-06
1.545000000000000107e+01 -8.175907241395511285e-06
1.550000000000000000e+01 -8.123965126672179487e-06
1.555000000000000071e+01 -8.072514066548911436e-06
1.560000000000000142e+01 -8.021547912717063718e-06
1.565000000000000036e+01 -7.971060612702145909e-06
1.570000000000000107e+01 -7.921046208662959945e-06
1.575000000000000000e+01 -7.871498836128314853e-06
1.580000000000000071e+01 -7.822412722641565669e-06
1.585000000000000142e+01 -7.773782186292964530e-06
1.590000000000000036e+01 -7.725601634130105092e-06
1.595000000000000107e+01 -7.677865560448255986e-06
1.600000000000000000e+01 -7.630568544972790739e-06
1.605000000000000071e+01 -7.583705250955257612e-06
1.610000000000000142e+01 -7.537270423212671966e-06
1.615000000000000213e+01 -7.491258886144725640e-06
1.619999999999999929e+01 -7.445665541766600358e-06
1.625000000000000000e+01 -7.400485367795221303e-06
1.630000000000000071e+01 -7.355713415823961253e-06
1.635000000000000142e+01 -7.311344809616087729e-06
1.640000000000000213e+01 -7.267374743539890799e-06
1.644999999999999929e+01 -7.223798481160160459e-06
1.650000000000000000e+01 -7.180611353991069536e-06
1.655000000000000071e+01 -7.137808760406060915e-06
1.660000000000000142e+01 -7.095386164691227237e-06
1.665000000000000213e+01 -7.053339096220748886e-06
1.669999999999999929e+01 -7.011663148726481390e-06
1.675000000000000000e+01 -6.970353979629924246e-06
1.680000000000000071e+01 -6.929407309402409506e-06
1.685000000000000142e+01 -6.888818920920260673e-06
1.690000000000000213e+01 -6.848584658784089924e-06
1.694999999999999929e+01 -6.808700428576565155e-06
1.700000000000000000e+01 -6.769162196039212548e-06
1.705000000000000071e+01 -6.729965986156738373e-06
1.710000000000000142e+01 -6.691107882145470906e-06
1.715000000000000213e+01 -6.652584024350937731e-06
1.719999999999999929e+01 -6.614390609067239027e-06
1.725000000000000000e+01 -6.576523887297415702e-06
1.730000000000000071e+01 -6.538980163479243329e-06
1.735000000000000142e+01 -6.501755794203712797e-06
1.740000000000000213e+01 -6.464847186954883309e-06
1.744999999999999929e+01 -6.428250798898421129e-06
1.750000000000000000e+01 -6.391963135743471900e-06
1.755000000000000071e+01 -6.355980750697610885e-06
1.760000000000000142e+01 -6.320300243528556610e-06
1.765000000000000213e+01 -6.284918259739547871e-06
1.769999999999999929e+01 -6.249831489857902976e-06
1.775000000000000000e+01 -6.215036668829032890e-06
1.780000000000000071e+01 -6.180530575502150781e-06
1.785000000000000142e+01 -6.146310032188104731e-06
1.790000000000000213e+01 -6.112371904266345127e-06
1.794999999999999929e+01 -6.078713099815835989e-06
1.800000000000000000e+01 -6.045330569244490755e-06
1.805000000000000071e+01 -6.012221304893413081e-06
1.810000000000000142e+01 -5.979382340595469855e-06
1.815000000000000213e+01 -5.946810751172460252e-06
1.819999999999999929e+01 -5.914503651861001034e-06
1.825000000000000000e+01 -5.882458197663519750e-06
1.830000000000000071e+01 -5.850671582627205226e-06
1.835000000000000142e+01 -5.819141039060164973e-06
1.840000000000000213e+01 -5.787863836699027273e-06
1.844999999999999929e+01 -5.756837281846782770e-06
1.850000000000000000e+01 -5.726058716502169271e-06
1.855000000000000071e+01 -5.695525517503063095e-06
1.860000000000000142e+01 -5.665235095705710926e-06
1.865000000000000213e+01 -5.635184895219596476e-06
1.869999999999999929e+01 -5.605372392713677305e-06
1.875000000000000000e+01 -5.575795096805434357e-06
1.880000000000000071e+01 -5.546450547538089152e-06
1.885000000000000142e+01 -5.517336315945832787e-06
1.890000000000000213e+01 -5.488450003700519176e-06
1.894999999999999929e+01 -5.459789242828583251e-06
1.900000000000000000e+01 -5.431351695481734743e-06
1.905000000000000071e+01 -5.403135053742386244e-06
1.910000000000000142e+01 -5.375137039442588903e-06
1.915000000000000213e+01 -5.347355403975091564e-06
1.920000000000000284e+01 -5.319787928076687524e-06
1.925000000000000000e+01 -5.292432421566504223e-06
1.930000000000000071e+01 -5.265286723026145814e-06
1.935000000000000142e+01 -5.238348699413624867e-06
1.940000000000000213e+01 -5.211616245608294760e-06
1.945000000000000284e+01 -5.185087283890012512e-06
1.950000000000000000e+01 -5.158759763360965949e-06
1.955000000000000071e+01 -5.132631659323511064e-06
1.960000000000000142e+01 -5.106700972631058485e-06
1.965000000000000213e+01 -5.080965729031557715e-06
1.970000000000000284e+01 -5.055423978524147659e-06
1.975000000000000000e+01 -5.030073794749071828e-06
1.980000000000000071e+01 -5.004913274428970319e-06
1.985000000000000142e+01 -4.979940536876351340e-06
1.990000000000000213e+01 -4.955153723577583677e-06
1.995000000000000284e+01 -4.930550997858760832e-06
2.000000000000000000e+01 -4.906130544632961643e-06
2.005000000000000071e+01 -4.881890570223152628e-06
2.010000000000000142e+01 -4.857829302249777403e-06
2.015000000000000213e+01 -4.833944989567512113e-06
2.020000000000000284e+01 -4.810235902232886755e-06
2.025000000000000000e+01 -4.786700331482230982e-06
2.030000000000000071e+01 -4.763336589699004884e-06
2.035000000000000142e+01 -4.740143010350834800e-06
2.040000000000000213e+01 -4.717117947878916221e-06
2.045000000000000284e+01 -4.694259777526300733e-06
2.050000000000000000e+01 -4.671566895096165518e-06
2.055000000000000071e+01 -4.649037716636669666e-06
2.060000000000000142e+01 -4.626670678054574162e-06
2.065000000000000213e+01 -4.604464234665148065e-06
2.070000000000000284e+01 -4.582416860691021462e-06
2.075000000000000000e+01 -4.560527048726413411e-06
2.080000000000000071e+01 -4.538793309186238656e-06
2.085000000000000142e+01 -4.517214169760978394e-06
2.090000000000000213e+01 -4.495788174898058099e-06
2.095000000000000284e+01 -4.474513885329165018e-06
2.100000000000000000e+01 -4.453389877659813275e-06
2.105000000000000071e+01 -4.432414744033597800e-06
2.110000000000000142e+01 -4.411587091878443584e-06
2.115000000000000213e+01 -4.390905543736621416e-06
2.120000000000000284e+01 -4.370368737174834485e-06
2.125000000000000000e+01 -4.349975324764965325e-06
2.130000000000000071e+01 -4.329723974121608690e-06
2.135000000000000142e+01 -4.309613367978417174e-06
2.140000000000000213e+01 -4.289642204282907916e-06
2.145000000000000284e+01 -4.269809196288129353e-06
2.150000000000000000e+01 -4.250113072620045229e-06
2.155000000000000071e+01 -4.230552577301214252e-06
2.160000000000000142e+01 -4.211126469714816602e-06
2.165000000000000213e+01 -4.191833524496966400e-06
2.170000000000000284e+01 -4.172672531351066646e-06
2.175000000000000000e+01 -4.153642294782991995e-06
2.180000000000000071e+01 -4.134741633762116332e-06
2.185000000000000142e+01 -4.115969381318310595e-06
2.190000000000000213e+01 -4.097324384089948202e-06
2.195000000000000284e+01 -4.078805501841458801e-06
2.200000000000000000e+01 -4.060411606971607012e-06
2.205000000000000071e+01 -4.042141584034338595e-06
2.210000000000000142e+01 -4.023994329293740018e-06
2.215000000000000213e+01 -4.005968750332294191e-06
2.220000000000000284e+01 -3.988063765728355734e-06
2.225000000000000000e+01 -3.970278304814323065e-06
2.230000000000000071e+01 -3.952611307521345925e-06
2.235000000000000142e+01 -3.935061724310869019e-06
2.240000000000000213e+01 -3.917628516187470499e-06
2.245000000000000284e+01 -3.900310654781891514e-06
2.250000000000000000e+01 -3.883107122488590981e-06
2.255000000000000071e+01 -3.866016912638313296e-06
2.260000000000000142e+01 -3.849039029684114557e-06
2.265000000000000213e+01 -3.832172489378101074e-06
2.270000000000000284e+01 -3.815416318917156303e-06
2.275000000000000000e+01 -3.798769557037865711e-06
2.280000000000000071e+01 -3.782231254044517990e-06
2.285000000000000142e+01 -3.765800471758667637e-06
2.290000000000000213e+01 -3.749476283384176344e-06
2.295000000000000284e+01 -3.733257773287456652e-06
2.300000000000000000e+01 -3.717144036698678542e-06
2.305000000000000071e+01 -3.701134179344958424e-06
2.310000000000000142e+01 -3.685227317031522947e-06
2.315000000000000213e+01 -3.669422575190445421e-06
2.320000000000000284e+01 -3.653719088418826932e-06
2.325000000000000000e+01 -3.638116000029358127e-06
2.330000000000000071e+01 -3.622612461635244685e-06
2.335000000000000142e+01 -3.607207632789674952e-06
2.340000000000000213e+01 -3.591900680696185486e-06
2.345000000000000284e+01 -3.576690780001797409e-06
2.350000000000000000e+01 -3.561577112679383851e-06
2.355000000000000071e+01 -3.546558867999770810e-06
2.360000000000000142e+01 -3.531635242588376544e-06
2.365000000000000213e+01 -3.516805440555417059e-06
2.370000000000000284e+01 -3.502068673684018143e-06
2.375000000000000000e+01 -3.487424161656965672e-06
2.380000000000000071e+01 -3.472871132300069599e-06
2.385000000000000142e+01 -3.458408821819468293e-06
2.390000000000000213e+01 -3.444036475010386151e-06
2.395000000000000284e+01 -3.429753345417270268e-06
2.400000000000000000e+01 -3.415558695428308295e-06
2.405000000000000071e+01 -3.401451796291897306e-06
2.410000000000000142e+01 -3.387431928048063347e-06
2.415000000000000213e+01 -3.373498379373395544e-06
2.420000000000000284e+01 -3.359650447344061949e-06
2.425000000000000000e+01 -3.345887437126820392e-06
2.430000000000000071e+01 -3.332208661612878754e-06
2.435000000000000142e+01 -3.318613441013308400e-06
2.440000000000000213e+01 -3.305101102436998587e-06
2.445000000000000284e+01 -3.291670979473752348e-06
2.450000000000000000e+01 -3.278322411804294313e-06
2.455000000000000071e+01 -3.265054744857413370e-06
2.460000000000000142e+01 -3.251867329531391321e-06
2.465000000000000213e+01 -3.238759521992295109e-06
2.470000000000000284e+01 -3.225730683557030369e-06
2.475000000000000000e+01 -3.212780180663141742e-06
2.480000000000000071e+01 -3.199907384921912517e-06
2.485000000000000142e+01 -3.187111673245739336e-06
2.490000000000000213e+01 -3.174392428036131572e-06
2.495000000000000284e+01 -3.161749037414684090e-06
