0.000000000000000000e+00 -0.000000000000000000e+00
5.000000000000000278e-02 1.592269925266237738e-08
1.000000000000000056e-01 2.542578424200699052e-07
1.500000000000000222e-01 1.282921598176369017e-06
2.000000000000000111e-01 4.035856582782607646e-06
2.500000000000000000e-01 9.794270038858236149e-06
3.000000000000000444e-01 2.016060323616013076e-05
3.500000000000000333e-01 3.702548280871940809e-05
4.000000000000000222e-01 6.252799588084438968e-05
4.500000000000000111e-01 9.900973393520655494e-05
5.000000000000000000e-01 1.489631653452914712e-04
5.500000000000000444e-01 2.149750218664710981e-04
6.000000000000000888e-01 2.996655157775939861e-04
6.500000000000000222e-01 4.056243509242331855e-04
7.000000000000000666e-01 5.353445957195012784e-04
7.500000000000000000e-01 6.911556597324981701e-04
8.000000000000000444e-01 8.751566812462518823e-04
8.500000000000000888e-01 1.089151748703467721e-03
9.000000000000000222e-01 1.334588430982431868e-03
9.500000000000000666e-01 1.612501117953054133e-03
1.000000000000000000e+00 1.923460657739014829e-03
1.050000000000000044e+00 2.267531717783339423e-03
1.100000000000000089e+00 2.644239190901118315e-03
1.150000000000000133e+00 3.052544814606246958e-03
1.200000000000000178e+00 3.490834973744194169e-03
1.250000000000000000e+00 3.956920416541996263e-03
1.300000000000000044e+00 4.448048338298012452e-03
1.350000000000000089e+00 4.960926982619082506e-03
1.400000000000000133e+00 5.491762586496673135e-03
1.450000000000000178e+00 6.036308162960252709e-03
1.500000000000000000e+00 6.589923286092753789e-03
1.550000000000000044e+00 7.147643716507779722e-03
1.600000000000000089e+00 7.704259446937563108e-03
1.650000000000000133e+00 8.254399433812863174e-03
1.700000000000000178e+00 8.792621134841555053e-03
1.750000000000000000e+00 9.313502767932526141e-03
1.800000000000000044e+00 9.811736151706718090e-03
1.850000000000000089e+00 1.028221791305295417e-02
1.900000000000000133e+00 1.072013692001024844e-02
1.950000000000000178e+00 1.112105587689322418e-02
2.000000000000000000e+00 1.148098518655892193e-02
2.050000000000000266e+00 1.179644740196859193e-02
2.100000000000000089e+00 1.206453085434459720e-02
2.149999999999999911e+00 1.228293136457972619e-02
2.200000000000000178e+00 1.244998123974781594e-02
2.250000000000000000e+00 1.256466517792828412e-02
2.300000000000000266e+00 1.262662299127018800e-02
2.350000000000000089e+00 1.263613945154879598e-02
2.400000000000000355e+00 1.259412187878118476e-02
2.450000000000000178e+00 1.250206640692900877e-02
2.500000000000000000e+00 1.236201410375309395e-02
2.550000000000000266e+00 1.217649837705296091e-02
2.600000000000000089e+00 1.194848523527857094e-02
2.650000000000000355e+00 1.168130810328336239e-02
2.700000000000000178e+00 1.137859894836929647e-02
2.750000000000000000e+00 1.104421746409200294e-02
2.800000000000000266e+00 1.068218004617114622e-02
2.850000000000000089e+00 1.029659013680364436e-02
2.900000000000000355e+00 9.891571436875462933e-03
2.950000000000000178e+00 9.471205274299057328e-03
3.000000000000000000e+00 9.039473229180493286e-03
3.050000000000000266e+00 8.600205897231396474e-03
3.100000000000000089e+00 8.157038438508085881e-03
3.150000000000000355e+00 7.713373347346426726e-03
3.200000000000000178e+00 7.272350628053562624e-03
3.250000000000000000e+00 6.836825376741171613e-03
3.300000000000000266e+00 6.409352575228343361e-03
3.350000000000000089e+00 5.992178709009681609e-03
3.400000000000000355e+00 5.587239735435177955e-03
3.450000000000000178e+00 5.196164764556849766e-03
3.500000000000000000e+00 4.820284767324644129e-03
3.550000000000000266e+00 4.460645564661244039e-03
3.600000000000000089e+00 4.118024329839905032e-03
3.650000000000000355e+00 3.792948839414219536e-03
3.700000000000000178e+00 3.485718732197514488e-03
3.750000000000000000e+00 3.196428085397312775e-03
3.800000000000000266e+00 2.924988658677409384e-03
3.850000000000000089e+00 2.671153254223439071e-03
3.900000000000000355e+00 2.434538682694858524e-03
3.950000000000000178e+00 2.214647945315648819e-03
4.000000000000000000e+00 2.010891273006751214e-03
4.049999999999999822e+00 1.822605784650240326e-03
4.100000000000000533e+00 1.649073572198165184e-03
4.150000000000000355e+00 1.489538094093776060e-03
4.200000000000000178e+00 1.343218814783536837e-03
4.250000000000000000e+00 1.209324077399608760e-03
4.299999999999999822e+00 1.087062237662694613e-03
4.350000000000000533e+00 9.756511207928469844e-04
4.400000000000000355e+00 8.743258819667468294e-04
4.450000000000000178e+00 7.823453928146304782e-04
4.500000000000000000e+00 6.989972427085959809e-04
4.549999999999999822e+00 6.236015097220593689e-04
4.600000000000000533e+00 5.555134134886098802e-04
4.650000000000000355e+00 4.941249862230962181e-04
4.700000000000000178e+00 4.388658898194314423e-04
4.750000000000000000e+00 3.892035042169019214e-04
4.800000000000000711e+00 3.446424072623248142e-04
4.850000000000000533e+00 3.047233602383897532e-04
4.900000000000000355e+00 2.690219062833709793e-04
4.950000000000000178e+00 2.371466812126152702e-04
5.000000000000000000e+00 2.087375278289822268e-04
5.050000000000000711e+00 1.834634957141026890e-04
5.100000000000000533e+00 1.610207987646969363e-04
5.150000000000000355e+00 1.411307924452071363e-04
5.200000000000000178e+00 1.235380219825458245e-04
5.250000000000000000e+00 1.080083816976158158e-04
5.300000000000000711e+00 9.432741457490693569e-05
5.350000000000000533e+00 8.229877028825993864e-05
5.400000000000000355e+00 7.174282953583682319e-05
5.450000000000000178e+00 6.249549301472397957e-05
5.500000000000000000e+00 5.440712500320213482e-05
5.550000000000000711e+00 4.734163460382127413e-05
5.600000000000000533e+00 4.117567246644638317e-05
5.650000000000000355e+00 3.579791741705905164e-05
5.700000000000000178e+00 3.110842593541476739e-05
5.750000000000000000e+00 2.701801782447174461e-05
5.800000000000000711e+00 2.344767356764688364e-05
5.850000000000000533e+00 2.032792255174276655e-05
5.900000000000000355e+00 1.759820623551757205e-05
5.950000000000000178e+00 1.520620609277587272e-05
6.000000000000000000e+00 1.310713233882083892e-05
6.050000000000000711e+00 1.126297562843090482e-05
6.100000000000000533e+00 9.641729672312378559e-06
6.150000000000000355e+00 8.216597675763488777e-06
6.200000000000000178e+00 6.965199339350424377e-06
6.250000000000000000e+00 5.868797640829725892e-06
6.300000000000000711e+00 4.911565601122252011e-06
6.350000000000000533e+00 4.079912690245625764e-06
6.400000000000000355e+00 3.361888521768785868e-06
6.450000000000000178e+00 2.746678184840927486e-06
6.500000000000000000e+00 2.224199224267083850e-06
6.550000000000000711e+00 1.784805220538827017e-06
6.600000000000000533e+00 1.419095505408393754e-06
6.650000000000000355e+00 1.117825154162967970e-06
6.700000000000000178e+00 8.719043940040981802e-07
6.750000000000000000e+00 6.724722956977738829e-07
6.800000000000000711e+00 5.110263532340507108e-07
6.850000000000000533e+00 3.795875092449773235e-07
6.900000000000000355e+00 2.708794708565375940e-07
6.950000000000000178e+00 1.785018061077720818e-07
7.000000000000000000e+00 9.707824618781945434e-08
7.050000000000000711e+00 2.236468756269601894e-08
7.100000000000000533e+00 -4.869463980932347820e-08
7.150000000000000355e+00 -1.179697843423730872e-07
7.200000000000000178e+00 -1.862085316382985017e-07
7.250000000000000000e+00 -2.531579435665950833e-07
7.300000000000000711e+00 -3.177367499370983817e-07
7.350000000000000533e+00 -3.782475711996791951e-07
7.400000000000000355e+00 -4.326150661025230821e-07
7.450000000000000178e+00 -4.786342974014422276e-07
7.500000000000000000e+00 -5.142129877235042887e-07
7.550000000000000711e+00 -5.375919088395954928e-07
7.600000000000000533e+00 -5.475293409284131941e-07
7.650000000000000355e+00 -5.434382077464405406e-07
7.700000000000000178e+00 -5.254679282952302708e-07
7.750000000000000000e+00 -4.945269668038932160e-07
7.800000000000000711e+00 -4.522462218845005955e-07
7.850000000000000533e+00 -4.008874752845643029e-07
7.900000000000000355e+00 -3.432048350521851891e-07
7.950000000000000178e+00 -2.822702031055728044e-07
8.000000000000000000e+00 -2.212760675799405432e-07
8.050000000000000711e+00 -1.633302219196094053e-07
8.099999999999999645e+00 -1.112572723691904892e-07
8.150000000000000355e+00 -6.742101417379884224e-08
8.200000000000001066e+00 -3.358000810022909382e-08
8.250000000000000000e+00 -1.078611276451230993e-08
8.300000000000000711e+00 6.674802375502417386e-10
8.349999999999999645e+00 1.245766825528441803e-09
8.400000000000000355e+00 -7.880191772264586099e-09
8.450000000000001066e+00 -2.493261484857431729e-08
8.500000000000000000e+00 -4.766591127029909872e-08
8.550000000000000711e+00 -7.353484556967870214e-08
8.599999999999999645e+00 -9.987977854900811754e-08
8.650000000000000355e+00 -1.241158101227147685e-07
8.700000000000001066e+00 -1.439126021900100688e-07
8.750000000000000000e+00 -1.573525359312562128e-07
8.800000000000000711e+00 -1.630565834131693292e-07
8.849999999999999645e+00 -1.602697122489015375e-07
8.900000000000000355e+00 -1.489006114853753786e-07
8.950000000000001066e+00 -1.295138101213138354e-07
9.000000000000000000e+00 -1.032756219279207484e-07
9.050000000000000711e+00 -7.185855526520190854e-08
9.099999999999999645e+00 -3.731165305592085256e-08
9.150000000000000355e+00 -1.906484949146507333e-09
9.200000000000001066e+00 3.202994718570061410e-08
9.250000000000000000e+00 6.228340348913538351e-08
9.300000000000000711e+00 8.690983785972276441e-08
9.349999999999999645e+00 1.043711575632707316e-07
9.400000000000000355e+00 1.136401012904450826e-07
9.450000000000001066e+00 1.142673432753504399e-07
9.500000000000000000e+00 1.064066929552396350e-07
9.550000000000000711e+00 9.079726637301110293e-08
9.600000000000001421e+00 6.870454298049361410e-08
9.650000000000000355e+00 4.182507711324373938e-08
9.700000000000001066e+00 1.216211045516258602e-08
9.750000000000000000e+00 -1.811873684216885083e-08
9.800000000000000711e+00 -4.684325948262918693e-08
9.850000000000001421e+00 -7.198099842285112313e-08
9.900000000000000355e+00 -9.178542835921647060e-08
9.950000000000001066e+00 -1.049123273029589244e-07
1.000000000000000000e+01 -1.105083242096612049e-07
1.005000000000000071e+01 -1.082638259940218400e-07
1.010000000000000142e+01 -9.842710397490439098e-08
1.015000000000000036e+01 -8.177908632485139079e-08
1.020000000000000107e+01 -5.957116136376801979e-08
1.025000000000000000e+01 -3.343085418325693124e-08
1.030000000000000071e+01 -5.242420291705929347e-09
1.035000000000000142e+01 2.298894197226244993e-08
1.040000000000000036e+01 4.927953200823421732e-08
1.045000000000000107e+01 7.180617990581477266e-08
1.050000000000000000e+01 8.903218638641306805e-08
1.055000000000000071e+01 9.981153103354501940e-08
1.060000000000000142e+01 1.034643458448938317e-07
1.065000000000000036e+01 9.981875365580801267e-08
1.070000000000000107e+01 8.921658717185366248e-08
1.075000000000000000e+01 7.248306138531920278e-08
1.080000000000000071e+01 5.086298977199084750e-08
1.085000000000000142e+01 2.592843786687915020e-08
1.090000000000000036e+01 -5.353611272421122865e-10
1.095000000000000107e+01 -2.665757474370359927e-08
1.100000000000000000e+01 -5.061373511747538064e-08
1.105000000000000071e+01 -7.075282016546915070e-08
1.110000000000000142e+01 -8.571063395412889249e-08
1.115000000000000036e+01 -9.450173731545858165e-08
1.120000000000000107e+01 -9.658377544574763839e-08
1.125000000000000000e+01 -9.189005359129720117e-08
1.130000000000000071e+01 -8.082847984453097543e-08
1.135000000000000142e+01 -6.424736433976658371e-08
1.140000000000000036e+01 -4.337087023301169964e-08
1.145000000000000107e+01 -1.970899403027036621e-08
1.150000000000000000e+01 5.051331034787690786e-09
1.155000000000000071e+01 2.916617970373596185e-08
1.160000000000000142e+01 5.095712429930192826e-08
1.165000000000000036e+01 6.892769252682986435e-08
1.170000000000000107e+01 8.186574167936550188e-08
1.175000000000000000e+01 8.892477678350717550e-08
1.180000000000000071e+01 8.967879203270030753e-08
1.185000000000000142e+01 8.414712531814604731e-08
1.190000000000000036e+01 7.278794745802396989e-08
1.195000000000000107e+01 5.646120976258533299e-08
1.200000000000000000e+01 3.636399188243541822e-08
1.205000000000000071e+01 1.394307999334162144e-08
1.210000000000000142e+01 -9.208865198649012213e-09
1.215000000000000036e+01 -3.146612254866107634e-08
1.220000000000000107e+01 -5.128373962283058282e-08
1.225000000000000000e+01 -6.730443174103677296e-08
1.230000000000000071e+01 -7.845118029886716796e-08
1.235000000000000142e+01 -8.399924058431094198e-08
1.240000000000000036e+01 -8.362277519580076955e-08
1.245000000000000107e+01 -7.741315062673862466e-08
1.250000000000000000e+01 -6.586794118679137390e-08
1.255000000000000071e+01 -4.985173458889479596e-08
1.260000000000000142e+01 -3.053178423977198774e-08
1.265000000000000036e+01 -9.293270071703275522e-09
1.270000000000000107e+01 1.235970403001331988e-08
1.275000000000000000e+01 3.291032344843411361e-08
1.280000000000000071e+01 5.093501008780423837e-08
1.285000000000000142e+01 6.520172775880016496e-08
1.290000000000000036e+01 7.475388234481036176e-08
1.295000000000000107e+01 7.897412936796939734e-08
1.300000000000000000e+01 7.762386123861372691e-08
1.305000000000000071e+01 7.085588402931612670e-08
1.310000000000000142e+01 5.919968550291045621e-08
1.315000000000000036e+01 4.352060906591807679e-08
1.320000000000000107e+01 2.495604942968302668e-08
1.325000000000000000e+01 4.833350985877766643e-09
1.330000000000000071e+01 -1.542468674101685103e-08
1.335000000000000142e+01 -3.439999206877104282e-08
1.340000000000000036e+01 -5.077806218697279518e-08
1.345000000000000107e+01 -6.343859777467641214e-08
1.350000000000000000e+01 -7.153170777523130514e-08
1.355000000000000071e+01 -7.453452752129608116e-08
1.360000000000000142e+01 -7.228450718047474260e-08
1.365000000000000036e+01 -6.498728666123680301e-08
1.370000000000000107e+01 -5.319886006966102239e-08
1.375000000000000000e+01 -3.778352217924859866e-08
1.380000000000000071e+01 -1.985075710615945869e-08
1.385000000000000142e+01 -6.756609756912733097e-10
1.390000000000000036e+01 1.839141102473243664e-08
1.395000000000000107e+01 3.601958998798650121e-08
1.400000000000000000e+01 5.099000474965428417e-08
1.405000000000000071e+01 6.227965216140071932e-08
1.410000000000000142e+01 6.913088018656583607e-08
1.415000000000000036e+01 7.110179114788334319e-08
1.420000000000000107e+01 6.809424096863243920e-08
1.425000000000000000e+01 6.035769605218021991e-08
1.430000000000000071e+01 4.846890047166809637e-08
1.435000000000000142e+01 3.328898434452650484e-08
1.440000000000000036e+01 1.590119344452711585e-08
1.445000000000000107e+01 -2.466265679734009933e-09
1.450000000000000000e+01 -2.052678030710038956e-08
1.455000000000000071e+01 -3.702519974721680755e-08
1.460000000000000142e+01 -5.082475675100091291e-08
1.465000000000000036e+01 -6.098504244919092235e-08
1.470000000000000107e+01 -6.682570875779077871e-08
1.475000000000000000e+01 -6.797160818736267106e-08
1.480000000000000071e+01 -6.437640422674965121e-08
1.485000000000000142e+01 -5.632320190925124488e-08
1.490000000000000036e+01 -4.440235098845118110e-08
1.495000000000000107e+01 -2.946815194181980002e-08
