0.000000000000000000e+00 3.794743362598615999e-01
5.000000000000000278e-02 8.469626004057012603e-03
1.000000000000000056e-01 5.547423135323100059e-03
1.500000000000000222e-01 5.131013845782585701e-03
2.000000000000000111e-01 5.314139572436777509e-03
2.500000000000000000e-01 5.706495355721139841e-03
3.000000000000000444e-01 6.172223249339595097e-03
3.500000000000000333e-01 6.648147053115738454e-03
4.000000000000000222e-01 7.099227687742878760e-03
4.500000000000000111e-01 7.503384854475752402e-03
5.000000000000000000e-01 7.845914120364430935e-03
5.500000000000000444e-01 8.116373317454149416e-03
6.000000000000000888e-01 8.307514302434686887e-03
6.500000000000000222e-01 8.414657825641339017e-03
7.000000000000000666e-01 8.435166282380227726e-03
7.500000000000000000e-01 8.368257945496752545e-03
8.000000000000000444e-01 8.214615103359098822e-03
8.500000000000000888e-01 7.976664360600823137e-03
9.000000000000000222e-01 7.657621572819660501e-03
9.500000000000000666e-01 7.262751579713668144e-03
1.000000000000000000e+00 6.797745989804010458e-03
1.050000000000000044e+00 6.269519866492898573e-03
1.100000000000000089e+00 5.686063565508065604e-03
1.150000000000000133e+00 5.055207828251638211e-03
1.200000000000000178e+00 4.386256118000881471e-03
1.250000000000000000e+00 3.688230578231040113e-03
1.300000000000000044e+00 2.970428825792533530e-03
1.350000000000000089e+00 2.242450224543565164e-03
1.400000000000000133e+00 1.513526317765981344e-03
1.450000000000000178e+00 7.931266560154471602e-04
1.500000000000000000e+00 8.948004898762858695e-05
1.550000000000000044e+00 -5.888685674360314174e-04
1.600000000000000089e+00 -1.234731733288125296e-03
1.650000000000000133e+00 -1.841114972576440205e-03
1.700000000000000178e+00 -2.401487117091109704e-03
1.750000000000000000e+00 -2.911254743872460429e-03
1.800000000000000044e+00 -3.366320356544852573e-03
1.850000000000000089e+00 -3.763047236788411628e-03
1.900000000000000133e+00 -4.099053586794797720e-03
1.950000000000000178e+00 -4.372993997313682525e-03
2.000000000000000000e+00 -4.584906140556943392e-03
2.050000000000000266e+00 -4.734802326990917611e-03
2.100000000000000089e+00 -4.824543644642296722e-03
2.149999999999999911e+00 -4.855906127587633278e-03
2.200000000000000178e+00 -4.832126034917779561e-03
2.250000000000000000e+00 -4.756657678745038545e-03
2.300000000000000266e+00 -4.633456156377651486e-03
2.350000000000000089e+00 -4.467247253067694983e-03
2.400000000000000355e+00 -4.262955474228860737e-03
2.450000000000000178e+00 -4.025843882121267828e-03
2.500000000000000000e+00 -3.760955599650475396e-03
2.550000000000000266e+00 -3.473916599556492631e-03
2.600000000000000089e+00 -3.170033557893618074e-03
2.650000000000000355e+00 -2.854444836909555364e-03
2.700000000000000178e+00 -2.532343375523942505e-03
2.750000000000000000e+00 -2.208421961739524732e-03
2.800000000000000266e+00 -1.886945384365948690e-03
2.850000000000000089e+00 -1.572106344397994912e-03
2.900000000000000355e+00 -1.267456909199173552e-03
2.950000000000000178e+00 -9.760937088378790526e-04
3.000000000000000000e+00 -7.007497537483666416e-04
3.050000000000000266e+00 -4.434914773708656150e-04
3.100000000000000089e+00 -2.061833686977931088e-04
3.150000000000000355e+00 9.866530538418261402e-06
3.200000000000000178e+00 2.040621061032367098e-04
3.250000000000000000e+00 3.759421343669410625e-04
3.300000000000000266e+00 5.255478301243803833e-04
3.350000000000000089e+00 6.532805738772963847e-04
3.400000000000000355e+00 7.597145480215005591e-04
3.450000000000000178e+00 8.458765367724223718e-04
3.500000000000000000e+00 9.129141298419182716e-04
3.550000000000000266e+00 9.621667421924523294e-04
3.600000000000000089e+00 9.951184895550797653e-04
3.650000000000000355e+00 1.013320855667271692e-03
3.700000000000000178e+00 1.018412789458064032e-03
3.750000000000000000e+00 1.012031328629464611e-03
3.800000000000000266e+00 9.957493632168205357e-04
3.850000000000000089e+00 9.711219398612748813e-04
3.900000000000000355e+00 9.396861605964837178e-04
3.950000000000000178e+00 9.028104026391704697e-04
4.000000000000000000e+00 8.617456841424759846e-04
4.049999999999999822e+00 8.177435357222673359e-04
4.100000000000000533e+00 7.717601955704761789e-04
4.150000000000000355e+00 7.247365028695323865e-04
4.200000000000000178e+00 6.775138829764346202e-04
4.250000000000000000e+00 6.306792053961871296e-04
4.299999999999999822e+00 5.848190804170058307e-04
4.350000000000000533e+00 5.403868827293636847e-04
4.400000000000000355e+00 4.976778530838564573e-04
4.450000000000000178e+00 4.569657602953822477e-04
4.500000000000000000e+00 4.184124213550512780e-04
4.549999999999999822e+00 3.821041533576558652e-04
4.600000000000000533e+00 3.481142026172985983e-04
4.650000000000000355e+00 3.163977417011643533e-04
4.700000000000000178e+00 2.869540530179852020e-04
4.750000000000000000e+00 2.596908341344797248e-04
4.800000000000000711e+00 2.345346175900870093e-04
4.850000000000000533e+00 2.113599082936975723e-04
4.900000000000000355e+00 1.901062484881204057e-04
4.950000000000000178e+00 1.706126622293517039e-04
5.000000000000000000e+00 1.527777091295257344e-04
5.050000000000000711e+00 1.365180384009008637e-04
5.100000000000000533e+00 1.217050684615163101e-04
5.150000000000000355e+00 1.082491006930467553e-04
5.200000000000000178e+00 9.605253788966451210e-05
5.250000000000000000e+00 8.503041677920719263e-05
5.300000000000000711e+00 7.509825960981864642e-05
5.350000000000000533e+00 6.617723746243205573e-05
5.400000000000000355e+00 5.819434024787706566e-05
5.450000000000000178e+00 5.107780872974460946e-05
5.500000000000000000e+00 4.475900415117798692e-05
5.550000000000000711e+00 3.917313173194144179e-05
5.600000000000000533e+00 3.425473592648854584e-05
5.650000000000000355e+00 2.994278537158823753e-05
5.700000000000000178e+00 2.617674672100412335e-05
5.750000000000000000e+00 2.289861538971231262e-05
5.800000000000000711e+00 2.005219851314586675e-05
5.850000000000000533e+00 1.758810400981733495e-05
5.900000000000000355e+00 1.544242595946826818e-05
5.950000000000000178e+00 1.360368479773067063e-05
6.000000000000000000e+00 1.198199960476542604e-05
6.050000000000000711e+00 1.057594289043791877e-05
6.100000000000000533e+00 9.336800961581073608e-06
6.150000000000000355e+00 8.239779702899821450e-06
6.200000000000000178e+00 7.259716613148544322e-06
6.250000000000000000e+00 6.377650648110041926e-06
6.300000000000000711e+00 5.576910184288974197e-06
6.350000000000000533e+00 4.849989840378091509e-06
6.400000000000000355e+00 4.174118193073511251e-06
6.450000000000000178e+00 3.578301701928709194e-06
6.500000000000000000e+00 3.014836609428913394e-06
6.550000000000000711e+00 2.514677304574918190e-06
6.600000000000000533e+00 2.064304857482880373e-06
6.650000000000000355e+00 1.667512900685118489e-06
6.700000000000000178e+00 1.323597420180789738e-06
6.750000000000000000e+00 1.032662050360661608e-06
6.800000000000000711e+00 7.937764316155597823e-07
6.850000000000000533e+00 6.051312740927011738e-07
6.900000000000000355e+00 4.638205331655329569e-07
6.950000000000000178e+00 3.658610927106349265e-07
7.000000000000000000e+00 3.062148247201683919e-07
7.050000000000000711e+00 2.790601919185596553e-07
7.100000000000000533e+00 2.776122129089225074e-07
7.150000000000000355e+00 2.958823832014381877e-07
7.200000000000000178e+00 3.234015870797699999e-07
7.250000000000000000e+00 3.663182649051557821e-07
7.300000000000000711e+00 3.868333644912120389e-07
7.350000000000000533e+00 4.228316523192354340e-07
7.400000000000000355e+00 4.366688254660224708e-07
7.450000000000000178e+00 4.390885678030301013e-07
7.500000000000000000e+00 4.242487463148813825e-07
7.550000000000000711e+00 3.923910317342540734e-07
7.600000000000000533e+00 3.437135108463423764e-07
7.650000000000000355e+00 2.800091665240590954e-07
7.700000000000000178e+00 2.036381131995309189e-07
7.750000000000000000e+00 1.190934335496417595e-07
7.800000000000000711e+00 2.655203057125055856e-08
7.850000000000000533e+00 -5.530273928512108566e-08
7.900000000000000355e+00 -1.559535078657605080e-07
7.950000000000000178e+00 -2.268385813963678229e-07
8.000000000000000000e+00 -2.965868613382069477e-07
8.050000000000000711e+00 -3.488368592602892346e-07
8.099999999999999645e+00 -3.848886989062084583e-07
8.150000000000000355e+00 -4.024328198363828245e-07
8.200000000000001066e+00 -4.013354414134076632e-07
8.250000000000000000e+00 -3.821127440021850005e-07
8.300000000000000711e+00 -3.462523247223376072e-07
8.349999999999999645e+00 -2.961210039894283106e-07
8.400000000000000355e+00 -2.344253371061104524e-07
8.450000000000001066e+00 -1.656064357589854312e-07
8.500000000000000000e+00 -8.977104360277962891e-08
8.550000000000000711e+00 -2.441070229346630754e-08
8.599999999999999645e+00 5.979471673138732973e-08
8.650000000000000355e+00 1.142944111436632990e-07
8.700000000000001066e+00 1.703337351746661214e-07
8.750000000000000000e+00 2.111190393771251494e-07
8.800000000000000711e+00 2.388936653169508853e-07
8.849999999999999645e+00 2.517711351060654905e-07
8.900000000000000355e+00 2.499805407925420133e-07
8.950000000000001066e+00 2.341730963527932917e-07
9.000000000000000000e+00 2.057986605613361320e-07
9.050000000000000711e+00 1.669146976471472756e-07
9.099999999999999645e+00 1.199768831271920178e-07
9.150000000000000355e+00 6.811012824446140486e-08
9.200000000000001066e+00 1.334569897874334343e-08
9.250000000000000000e+00 -3.758457016249988012e-08
9.300000000000000711e+00 -9.563413902981068523e-08
9.349999999999999645e+00 -1.255080727084046609e-07
9.400000000000000355e+00 -1.682534511424259822e-07
9.450000000000001066e+00 -1.906196060167311464e-07
9.500000000000000000e+00 -2.046657374484533750e-07
9.550000000000000711e+00 -2.065164879564167050e-07
9.600000000000001421e+00 -1.973885310568106727e-07
9.650000000000000355e+00 -1.778158771721161017e-07
9.700000000000001066e+00 -1.495142723714934094e-07
9.750000000000000000e+00 -1.133132004249743376e-07
9.800000000000000711e+00 -7.501573820652255814e-08
9.850000000000001421e+00 -2.335331402171907777e-08
9.900000000000000355e+00 6.373288914640275951e-09
9.950000000000001066e+00 5.643078951780734729e-08
1.000000000000000000e+01 9.100740984552172493e-08
1.005000000000000071e+01 1.224002806655872609e-07
1.010000000000000142e+01 1.453436685529016507e-07
1.015000000000000036e+01 1.598406139820719499e-07
1.020000000000000107e+01 1.651051010279724599e-07
1.025000000000000000e+01 1.612087355406002657e-07
1.030000000000000071e+01 1.486275765163007237e-07
1.035000000000000142e+01 1.283182866695787538e-07
1.040000000000000036e+01 1.016207387378281092e-07
1.045000000000000107e+01 7.018362247249504896e-08
1.050000000000000000e+01 3.586550065847610533e-08
1.055000000000000071e+01 6.238755052451607770e-10
1.060000000000000142e+01 -3.358464856041636677e-08
1.065000000000000036e+01 -6.493150922769964273e-08
1.070000000000000107e+01 -9.173885779777478765e-08
1.075000000000000000e+01 -1.128398677912815734e-07
1.080000000000000071e+01 -1.265993160259177680e-07
1.085000000000000142e+01 -1.348574109165998487e-07
1.090000000000000036e+01 -1.283953194704041396e-07
1.095000000000000107e+01 -1.218520860798626528e-07
1.100000000000000000e+01 3.371144931177188774e-08
1.105000000000000071e+01 2.949563975410290024e-08
1.110000000000000142e+01 2.580683025263875948e-08
1.115000000000000036e+01 2.257939890418619200e-08
1.120000000000000107e+01 1.975554107775958757e-08
1.125000000000000000e+01 1.728469613280227369e-08
1.130000000000000071e+01 1.512300217010827995e-08
1.135000000000000142e+01 1.323154162121679403e-08
1.140000000000000036e+01 1.157657085322612157e-08
1.145000000000000107e+01 1.012861688874123761e-08
1.150000000000000000e+01 8.861740875648779174e-09
1.155000000000000071e+01 7.753309164444259410e-09
1.160000000000000142e+01 6.783495617333729628e-09
1.165000000000000036e+01 5.934977497264143284e-09
1.170000000000000107e+01 5.192558376002709171e-09
1.175000000000000000e+01 4.543019462179888059e-09
1.180000000000000071e+01 3.974724049930868122e-09
1.185000000000000142e+01 3.477506590222171022e-09
1.190000000000000036e+01 3.042482446864291451e-09
1.195000000000000107e+01 2.661869409744587812e-09
1.200000000000000000e+01 2.328856632432317396e-09
1.205000000000000071e+01 2.037508621377650681e-09
1.210000000000000142e+01 1.782613681462570264e-09
