0.000000000000000000e+00 7.791771392773212408e-06
5.000000000000000278e-02 1.132738502127908470e-07
1.000000000000000056e-01 8.990401120783896352e-07
1.500000000000000222e-01 3.247476567715155477e-06
2.000000000000000111e-01 7.786086927980850168e-06
2.500000000000000000e-01 1.524776696827738081e-05
3.000000000000000444e-01 2.628146805018687304e-05
3.500000000000000333e-01 4.149717412094787715e-05
4.000000000000000222e-01 6.143441247627880848e-05
4.500000000000000111e-01 8.654987815995634722e-05
5.000000000000000000e-01 1.171972464290867139e-04
5.500000000000000444e-01 1.536096829269876921e-04
6.000000000000000888e-01 1.958787816670885026e-04
6.500000000000000222e-01 2.439385161883264521e-04
7.000000000000000666e-01 2.975434611861543636e-04
7.500000000000000000e-01 3.562575118273605111e-04
8.000000000000000444e-01 4.194438127970840616e-04
8.500000000000000888e-01 4.862647397890633200e-04
9.000000000000000222e-01 5.556617804563749197e-04
9.500000000000000666e-01 6.263825955042978720e-04
1.000000000000000000e+00 6.970032300889633659e-04
1.050000000000000044e+00 7.659157854669098719e-04
1.100000000000000089e+00 8.314046842751445735e-04
1.150000000000000133e+00 8.916264569026749465e-04
1.200000000000000178e+00 9.447269025785115038e-04
1.250000000000000000e+00 9.888007400525745255e-04
1.300000000000000044e+00 1.022051486113728647e-03
1.350000000000000089e+00 1.042770250439851304e-03
1.400000000000000133e+00 1.049378203705755288e-03
1.450000000000000178e+00 1.040620133403662162e-03
1.500000000000000000e+00 1.015432795679739467e-03
1.550000000000000044e+00 9.731088861690416654e-04
1.600000000000000089e+00 9.133529045626850428e-04
1.650000000000000133e+00 8.361985603550227105e-04
1.700000000000000178e+00 7.422125967944588100e-04
1.750000000000000000e+00 6.322863886505784327e-04
1.800000000000000044e+00 5.078196321394919674e-04
1.850000000000000089e+00 3.706457247704621921e-04
1.900000000000000133e+00 2.229286907171363231e-04
1.950000000000000178e+00 6.722589229280708683e-05
2.000000000000000000e+00 -9.364640611358651667e-05
2.050000000000000266e+00 -2.566385399945739633e-04
2.100000000000000089e+00 -4.185424998529482495e-04
2.149999999999999911e+00 -5.761330520343833613e-04
2.200000000000000178e+00 -7.261216882985484017e-04
2.250000000000000000e+00 -8.654291952401205364e-04
2.300000000000000266e+00 -9.910581400943293227e-04
2.350000000000000089e+00 -1.100399252709528168e-03
2.400000000000000355e+00 -1.191143127422772613e-03
2.450000000000000178e+00 -1.261434221862227888e-03
2.500000000000000000e+00 -1.309856522477876586e-03
2.550000000000000266e+00 -1.335497551146679019e-03
2.600000000000000089e+00 -1.338100541924955918e-03
2.650000000000000355e+00 -1.317770174359196144e-03
2.700000000000000178e+00 -1.275344123710085232e-03
2.750000000000000000e+00 -1.212102031615838260e-03
2.800000000000000266e+00 -1.129759839386171826e-03
2.850000000000000089e+00 -1.030553492972487942e-03
2.900000000000000355e+00 -9.170642742856318459e-04
2.950000000000000178e+00 -7.920980531927999686e-04
3.000000000000000000e+00 -6.587421495871798038e-04
3.050000000000000266e+00 -5.201501967950176043e-04
3.100000000000000089e+00 -3.795457431438721899e-04
3.150000000000000355e+00 -2.400723909980874784e-04
3.200000000000000178e+00 -1.047141042089362806e-04
3.250000000000000000e+00 2.378189861848062340e-05
3.300000000000000266e+00 1.429179598571595486e-04
3.350000000000000089e+00 2.506004638523570975e-04
3.400000000000000355e+00 3.451032171456654141e-04
3.450000000000000178e+00 4.251601498382927085e-04
3.500000000000000000e+00 4.899337342663636534e-04
3.550000000000000266e+00 5.390558303320839954e-04
3.600000000000000089e+00 5.726018329954577152e-04
3.650000000000000355e+00 5.910432657408918287e-04
3.700000000000000178e+00 5.952498063046806351e-04
3.750000000000000000e+00 5.864165574249567562e-04
3.800000000000000266e+00 5.660046310567379496e-04
3.850000000000000089e+00 5.356857556060263615e-04
3.900000000000000355e+00 4.972930615190512436e-04
3.950000000000000178e+00 4.527188588057894070e-04
4.000000000000000000e+00 4.038714235480158157e-04
4.049999999999999822e+00 3.526157054029544435e-04
4.100000000000000533e+00 3.006954922406316851e-04
4.150000000000000355e+00 2.497066586355929890e-04
4.200000000000000178e+00 2.010421267629731285e-04
4.250000000000000000e+00 1.558685611130318309e-04
4.299999999999999822e+00 1.150983879611296406e-04
4.350000000000000533e+00 7.938684621035358119e-05
4.400000000000000355e+00 4.913166634726885424e-05
4.450000000000000178e+00 2.447620370484420243e-05
4.500000000000000000e+00 5.338666217038774602e-06
4.549999999999999822e+00 -8.567866302022594289e-06
4.600000000000000533e+00 -1.770577841442597943e-05
4.650000000000000355e+00 -2.266726296105200656e-05
4.700000000000000178e+00 -2.414366668791797846e-05
4.750000000000000000e+00 -2.288354267441484620e-05
4.800000000000000711e+00 -1.965203506045146747e-05
4.850000000000000533e+00 -1.519489450369736567e-05
4.900000000000000355e+00 -1.020925933746741143e-05
4.950000000000000178e+00 -5.312377344449334178e-06
5.000000000000000000e+00 -1.021823610245174527e-06
5.050000000000000711e+00 2.259233501276866466e-06
5.100000000000000533e+00 4.250668798979221245e-06
5.150000000000000355e+00 4.798698999137272460e-06
5.200000000000000178e+00 3.871091195629593254e-06
5.250000000000000000e+00 1.545284767492655285e-06
5.300000000000000711e+00 -2.003024707307700044e-06
5.350000000000000533e+00 -6.520023248683730808e-06
5.400000000000000355e+00 -1.169532571016306480e-05
5.450000000000000178e+00 -1.718262651394759309e-05
5.500000000000000000e+00 -2.262340895825409865e-05
5.550000000000000711e+00 -2.767007083356733840e-05
5.600000000000000533e+00 -3.200262300257905991e-05
5.650000000000000355e+00 -3.535006918012189583e-05
5.700000000000000178e+00 -3.750110232739442052e-05
5.750000000000000000e+00 -3.831518052855189367e-05
5.800000000000000711e+00 -3.772832532665717630e-05
5.850000000000000533e+00 -3.575355454805232975e-05
5.900000000000000355e+00 -3.247850422571897465e-05
5.950000000000000178e+00 -2.805852649883304096e-05
6.000000000000000000e+00 -2.270647541199613960e-05
6.050000000000000711e+00 -1.668011514216333744e-05
6.100000000000000533e+00 -1.026708084062382228e-05
6.150000000000000355e+00 -3.769868832098865387e-06
6.200000000000000178e+00 2.511027961080982141e-06
6.250000000000000000e+00 8.292101140498058857e-06
6.300000000000000711e+00 1.332038720496637072e-05
6.350000000000000533e+00 1.738641168376669634e-05
6.400000000000000355e+00 2.033309108348863481e-05
6.450000000000000178e+00 2.206209359196220339e-05
6.500000000000000000e+00 2.253769525333378757e-05
6.550000000000000711e+00 2.178642095169553325e-05
6.600000000000000533e+00 1.989425147137481386e-05
6.650000000000000355e+00 1.700051549348175961e-05
6.700000000000000178e+00 1.328948629454970578e-05
6.750000000000000000e+00 8.980000670821190493e-06
6.800000000000000711e+00 4.313283037393418898e-06
6.850000000000000533e+00 -4.593458354895325536e-07
6.900000000000000355e+00 -5.089457474323297907e-06
6.950000000000000178e+00 -9.344000829024808923e-06
7.000000000000000000e+00 -1.301607441126301497e-05
7.050000000000000711e+00 -1.593470144067573940e-05
7.100000000000000533e+00 -1.797238031816336898e-05
7.150000000000000355e+00 -1.904993979984878586e-05
7.200000000000000178e+00 -1.913923274511556341e-05
7.250000000000000000e+00 -1.826299479203443872e-05
7.300000000000000711e+00 -1.649221661554257465e-05
7.350000000000000533e+00 -1.394116614801883807e-05
7.400000000000000355e+00 -1.076045022887128013e-05
7.450000000000000178e+00 -7.128257298477529970e-06
7.500000000000000000e+00 -3.240805718261568590e-06
7.550000000000000711e+00 6.981736034553497764e-07
7.600000000000000533e+00 4.487830796722304753e-06
7.650000000000000355e+00 7.940410086286082609e-06
7.700000000000000178e+00 1.089009919128450001e-05
7.750000000000000000e+00 1.320098786590546534e-05
7.800000000000000711e+00 1.477302211858473716e-05
7.850000000000000533e+00 1.554620859759616981e-05
7.900000000000000355e+00 1.550246387881804648e-05
7.950000000000000178e+00 1.466549846070705943e-05
8.000000000000000000e+00 1.309850828203375533e-05
8.050000000000000711e+00 1.090009160168047701e-05
8.099999999999999645e+00 8.198104129556992308e-06
8.150000000000000355e+00 5.142755606934512204e-06
8.200000000000001066e+00 1.898389839936215557e-06
8.250000000000000000e+00 -1.365465079895743430e-06
8.300000000000000711e+00 -4.482135441431847001e-06
8.349999999999999645e+00 -7.296728923889522604e-06
8.400000000000000355e+00 -9.673556275015908875e-06
8.450000000000001066e+00 -1.150224997968774829e-05
8.500000000000000000e+00 -1.270294338284691097e-05
8.550000000000000711e+00 -1.322951706781515772e-05
8.599999999999999645e+00 -1.307111034494856544e-05
8.650000000000000355e+00 -1.225183581875982526e-05
8.700000000000001066e+00 -1.082875729767577980e-05
8.750000000000000000e+00 -8.888130387835269230e-06
8.800000000000000711e+00 -6.540456522037837742e-06
8.849999999999999645e+00 -3.914462660938080553e-06
8.900000000000000355e+00 -1.149767187055992125e-06
8.950000000000001066e+00 1.610007785464793250e-06
9.000000000000000000e+00 4.224754631345086350e-06
9.050000000000000711e+00 6.565022603279589243e-06
9.099999999999999645e+00 8.518088313795430091e-06
9.150000000000000355e+00 9.993308511000104774e-06
9.200000000000001066e+00 1.092646617191283948e-05
9.250000000000000000e+00 1.128214336414307669e-05
9.300000000000000711e+00 1.105502286537371461e-05
9.349999999999999645e+00 1.026944318003622403e-05
9.400000000000000355e+00 8.977563861839078790e-06
9.450000000000001066e+00 7.256115601827447876e-06
9.500000000000000000e+00 5.201883978467459929e-06
9.550000000000000711e+00 2.926529704291900285e-06
9.600000000000001421e+00 5.505645345437121006e-07
9.650000000000000355e+00 -1.803108389042501132e-06
9.700000000000001066e+00 -4.015110146244904395e-06
9.750000000000000000e+00 -5.975884962436786211e-06
9.800000000000000711e+00 -7.590987886796250075e-06
9.850000000000001421e+00 -8.785402834366287219e-06
9.900000000000000355e+00 -9.507077770174280032e-06
9.950000000000001066e+00 -9.729048011942157428e-06
1.000000000000000000e+01 -9.450284246800912631e-06
1.005000000000000071e+01 -8.695235818376459032e-06
1.010000000000000142e+01 -7.512026390194845154e-06
1.015000000000000036e+01 -5.969579470630376159e-06
1.020000000000000107e+01 -4.153684011192175953e-06
1.025000000000000000e+01 -2.162305718096168967e-06
1.030000000000000071e+01 -1.003694579036344619e-07
1.035000000000000142e+01 1.925672023792444947e-06
1.040000000000000036e+01 3.813379719178527021e-06
1.045000000000000107e+01 5.469310120179594446e-06
1.050000000000000000e+01 6.813586295144609933e-06
1.055000000000000071e+01 7.783866124242559386e-06
1.060000000000000142e+01 8.337949801199814179e-06
1.065000000000000036e+01 8.455720023368343811e-06
1.070000000000000107e+01 8.139383924146529153e-06
1.075000000000000000e+01 7.414174575365190509e-06
1.080000000000000071e+01 6.321953893883512249e-06
1.085000000000000142e+01 4.936414518344209004e-06
1.090000000000000036e+01 3.292537001225880918e-06
1.095000000000000107e+01 1.633048153117135497e-06
1.100000000000000000e+01 -6.310313839076889470e-04
1.105000000000000071e+01 -7.535039788304168643e-12
1.110000000000000142e+01 -8.997463994948767607e-20
1.115000000000000036e+01 -1.074372023382595546e-27
1.120000000000000107e+01 -1.282889513722416137e-35
1.125000000000000000e+01 -1.531876653046188284e-43
1.130000000000000071e+01 -1.829188067335097873e-51
1.135000000000000142e+01 -2.184202496974217054e-59
1.140000000000000036e+01 -2.608119084972057102e-67
1.145000000000000107e+01 -3.114310717663374442e-75
1.150000000000000000e+01 -3.718745484056282311e-83
1.155000000000000071e+01 -4.440490681628874312e-91
1.160000000000000142e+01 -5.302314257889611019e-99
1.165000000000000036e+01 -6.331402976459950315e-107
1.170000000000000107e+01 -7.560219902371774578e-115
1.175000000000000000e+01 -9.027529268657322866e-123
1.180000000000000071e+01 -1.077961814422753537e-130
1.185000000000000142e+01 -1.287175715500296074e-138
1.190000000000000036e+01 -1.536994429843375475e-146
1.195000000000000107e+01 -1.835298639006368728e-154
1.200000000000000000e+01 -2.191498467515373614e-162
1.205000000000000071e+01 -2.616830574688856765e-170
1.210000000000000142e+01 -3.124712369863198025e-178
