0.000000000000000000e+00 -0.000000000000000000e+00
5.000000000000000278e-02 5.801872490709011719e-06
1.000000000000000056e-01 2.365140839660217500e-05
1.500000000000000222e-01 5.486078403575151026e-05
2.000000000000000111e-01 1.015524263773153103e-04
2.500000000000000000e-01 1.665646822265157991e-04
3.000000000000000444e-01 2.533245064208909290e-04
3.500000000000000333e-01 3.656917621797479371e-04
4.000000000000000222e-01 5.077808442907740059e-04
4.500000000000000111e-01 6.837657832698085204e-04
5.000000000000000000e-01 8.976761614725339410e-04
5.500000000000000444e-01 1.153191005467996523e-03
6.000000000000000888e-01 1.453438164833286165e-03
6.500000000000000222e-01 1.800806446365856017e-03
7.000000000000000666e-01 2.196777342307794541e-03
7.500000000000000000e-01 2.641782523493748421e-03
8.000000000000000444e-01 3.135092386275061763e-03
8.500000000000000888e-01 3.674739889330249851e-03
9.000000000000000222e-01 4.257482650010614711e-03
9.500000000000000666e-01 4.878805083159077662e-03
1.000000000000000000e+00 5.532961217479349068e-03
1.050000000000000044e+00 6.213056259226452591e-03
1.100000000000000089e+00 6.911166006083872826e-03
1.150000000000000133e+00 7.618489393967754243e-03
1.200000000000000178e+00 8.325530428146120376e-03
1.250000000000000000e+00 9.022303318050595156e-03
1.300000000000000044e+00 9.698555036233258778e-03
1.350000000000000089e+00 1.034399837177854727e-02
1.400000000000000133e+00 1.094854849876808651e-02
1.450000000000000178e+00 1.150255601986539290e-02
1.500000000000000000e+00 1.199702964299488236e-02
1.550000000000000044e+00 1.242384202975853856e-02
1.600000000000000089e+00 1.277591322532421747e-02
1.650000000000000133e+00 1.304736635662349584e-02
1.700000000000000178e+00 1.323365190556138361e-02
1.750000000000000000e+00 1.333163752422284083e-02
1.800000000000000044e+00 1.333966127596897949e-02
1.850000000000000089e+00 1.325754804711654078e-02
1.900000000000000133e+00 1.308658942782392649e-02
1.950000000000000178e+00 1.282948878906322622e-02
2.000000000000000000e+00 1.249027350174648082e-02
2.050000000000000266e+00 1.207417882705974672e-02
2.100000000000000089e+00 1.158750686540720339e-02
2.149999999999999911e+00 1.103746570289592180e-02
2.200000000000000178e+00 1.043199394109175192e-02
2.250000000000000000e+00 9.779575866829936376e-03
2.300000000000000266e+00 9.089052904769311797e-03
2.350000000000000089e+00 8.369436465928170241e-03
2.400000000000000355e+00 7.629727304427943134e-03
2.450000000000000178e+00 6.878745634967631771e-03
2.500000000000000000e+00 6.124976168354215843e-03
2.550000000000000266e+00 5.376431222627815580e-03
2.600000000000000089e+00 4.640534211687862530e-03
2.650000000000000355e+00 3.924025400241911918e-03
2.700000000000000178e+00 3.232890594139384809e-03
2.750000000000000000e+00 2.572313059022000511e-03
2.800000000000000266e+00 1.946647898615000687e-03
2.850000000000000089e+00 1.359417633131406161e-03
2.900000000000000355e+00 8.133273088023931351e-04
2.950000000000000178e+00 3.102964489067694485e-04
3.000000000000000000e+00 -1.484945497974429426e-04
3.050000000000000266e+00 -5.625460528316329799e-04
3.100000000000000089e+00 -9.319726794359179962e-04
3.150000000000000355e+00 -1.257430862618189472e-03
3.200000000000000178e+00 -1.540043591827563356e-03
3.250000000000000000e+00 -1.781324832012933955e-03
3.300000000000000266e+00 -1.983106019533196346e-03
3.350000000000000089e+00 -2.147466458643495796e-03
3.400000000000000355e+00 -2.276669256096856657e-03
3.450000000000000178e+00 -2.373103841740241849e-03
3.500000000000000000e+00 -2.439235894144871093e-03
3.550000000000000266e+00 -2.477564812790437627e-03
3.600000000000000089e+00 -2.490588872164557765e-03
3.650000000000000355e+00 -2.480777539320669269e-03
3.700000000000000178e+00 -2.450550360016498942e-03
3.750000000000000000e+00 -2.402261555179611638e-03
3.800000000000000266e+00 -2.338189342284914020e-03
3.850000000000000089e+00 -2.260528898188399020e-03
3.900000000000000355e+00 -2.171388081980100450e-03
3.950000000000000178e+00 -2.072784415977873499e-03
4.000000000000000000e+00 -1.966643536643362684e-03
4.049999999999999822e+00 -1.854796238644357883e-03
4.100000000000000533e+00 -1.738976618882887796e-03
4.150000000000000355e+00 -1.620818103792139378e-03
4.200000000000000178e+00 -1.501848575361230953e-03
4.250000000000000000e+00 -1.383484514401116250e-03
4.299999999999999822e+00 -1.267024111140278029e-03
4.350000000000000533e+00 -1.153639753832244813e-03
4.400000000000000355e+00 -1.044370464156816692e-03
4.450000000000000178e+00 -9.401146574489089311e-04
4.500000000000000000e+00 -8.416239192310160690e-04
4.549999999999999822e+00 -7.494983393520518022e-04
4.600000000000000533e+00 -6.641839076447726481e-04
4.650000000000000355e+00 -5.859724683468768309e-04
4.700000000000000178e+00 -5.150045375181475094e-04
4.750000000000000000e+00 -4.512752019556165689e-04
4.800000000000000711e+00 -3.946432100435013864e-04
4.850000000000000533e+00 -3.448429630088957064e-04
4.900000000000000355e+00 -3.014995402886997333e-04
4.950000000000000178e+00 -2.641459534990685189e-04
5.000000000000000000e+00 -2.322423340681566725e-04
5.050000000000000711e+00 -2.051966197344878135e-04
5.100000000000000533e+00 -1.823854107362256533e-04
5.150000000000000355e+00 -1.631751608908809086e-04
5.200000000000000178e+00 -1.469422662014829254e-04
5.250000000000000000e+00 -1.330917632297387175e-04
5.300000000000000711e+00 -1.210737588956977323e-04
5.350000000000000533e+00 -1.103972599175078118e-04
5.400000000000000355e+00 -1.006408562169302270e-04
5.450000000000000178e+00 -9.145999325134974533e-05
5.500000000000000000e+00 -8.259079574506758364e-05
5.550000000000000711e+00 -7.385030543049501581e-05
5.600000000000000533e+00 -6.513329184123919176e-05
5.650000000000000355e+00 -5.640623278902072760e-05
5.700000000000000178e+00 -4.769847460422788971e-05
5.750000000000000000e+00 -3.909134276473961490e-05
5.800000000000000711e+00 -3.070570273005023514e-05
5.850000000000000533e+00 -2.268876966447160804e-05
5.900000000000000355e+00 -1.520048691392406366e-05
5.950000000000000178e+00 -8.400344682235894383e-06
6.000000000000000000e+00 -2.435529448165901893e-06
6.050000000000000711e+00 2.569945999439010240e-06
6.100000000000000533e+00 6.523674427150850203e-06
6.150000000000000355e+00 9.371291877002090935e-06
6.200000000000000178e+00 1.110038735412138927e-05
6.250000000000000000e+00 1.174182075775747507e-05
6.300000000000000711e+00 1.136861310524772186e-05
6.350000000000000533e+00 1.009247289558087484e-05
6.400000000000000355e+00 8.058277423267734774e-06
6.450000000000000178e+00 5.436979154064904932e-06
6.500000000000000000e+00 2.417163984966842925e-06
6.550000000000000711e+00 -8.041143528555390932e-07
6.600000000000000533e+00 -4.030743351042630778e-06
6.650000000000000355e+00 -7.076730688454022241e-06
6.700000000000000178e+00 -9.774679823303740041e-06
6.750000000000000000e+00 -1.198316452840531116e-05
6.800000000000000711e+00 -1.359256959612132172e-05
6.850000000000000533e+00 -1.452932553036309510e-05
6.900000000000000355e+00 -1.475816065782083455e-05
6.950000000000000178e+00 -1.428243420467281333e-05
7.000000000000000000e+00 -1.314252081410898801e-05
7.050000000000000711e+00 -1.141262440467762616e-05
7.100000000000000533e+00 -9.195528387093533659e-06
7.150000000000000355e+00 -6.616585222870594297e-06
7.200000000000000178e+00 -3.816512557496385373e-06
7.250000000000000000e+00 -9.436757098848613748e-07
7.300000000000000711e+00 1.853744554861439685e-06
7.350000000000000533e+00 4.435374158115122352e-06
7.400000000000000355e+00 6.675626000996398271e-06
7.450000000000000178e+00 8.469729993134769130e-06
7.500000000000000000e+00 9.738527920209093125e-06
7.550000000000000711e+00 1.043185490321577361e-05
7.600000000000000533e+00 1.053030344146369537e-05
7.650000000000000355e+00 1.004542597236798603e-05
7.700000000000000178e+00 9.018330576564851194e-06
7.750000000000000000e+00 7.516839111940312311e-06
7.800000000000000711e+00 5.631250878497971184e-06
7.850000000000000533e+00 3.469306415093891538e-06
7.900000000000000355e+00 1.150095964475783256e-06
7.950000000000000178e+00 -1.202173965854491080e-06
