0.000000000000000000e+00 -1.842044459755467350e-02
5.000000000000000278e-02 -1.843237480869329425e-02
1.000000000000000056e-01 -1.846791719739272059e-02
1.500000000000000222e-01 -1.852633133897015061e-02
2.000000000000000111e-01 -1.860639746847907172e-02
2.500000000000000000e-01 -1.870643758675754817e-02
3.000000000000000444e-01 -1.882434440027258224e-02
3.500000000000000333e-01 -1.895761750422912326e-02
4.000000000000000222e-01 -1.910340607493922135e-02
4.500000000000000111e-01 -1.925855721188944256e-02
5.000000000000000000e-01 -1.941966896519393623e-02
5.500000000000000444e-01 -1.958314700246871834e-02
6.000000000000000888e-01 -1.974526381224851745e-02
6.500000000000000222e-01 -1.990221930983581203e-02
7.000000000000000666e-01 -2.005020170616168482e-02
7.500000000000000000e-01 -2.018544752038894247e-02
8.000000000000000444e-01 -2.030429966147122289e-02
8.500000000000000888e-01 -2.040326257094748214e-02
9.000000000000000222e-01 -2.047905350660160495e-02
9.500000000000000666e-01 -2.052864915148435235e-02
1.000000000000000000e+00 -2.054932685204175977e-02
1.050000000000000044e+00 -2.053869991931411843e-02
1.100000000000000089e+00 -2.049474656479938900e-02
1.150000000000000133e+00 -2.041583218399821084e-02
1.200000000000000178e+00 -2.030072484232007743e-02
1.250000000000000000e+00 -2.014860395652949554e-02
1.300000000000000044e+00 -1.995906229709652757e-02
1.350000000000000089e+00 -1.973210155986131892e-02
1.400000000000000133e+00 -1.946812186689038382e-02
1.450000000000000178e+00 -1.916790565429743465e-02
1.500000000000000000e+00 -1.883259648759453078e-02
1.550000000000000044e+00 -1.846367341179017477e-02
1.600000000000000089e+00 -1.806292149340235631e-02
1.650000000000000133e+00 -1.763239924471781891e-02
1.700000000000000178e+00 -1.717440363735537115e-02
1.750000000000000000e+00 -1.669143341322812391e-02
1.800000000000000044e+00 -1.618615138744203957e-02
1.850000000000000089e+00 -1.566134641089849885e-02
1.900000000000000133e+00 -1.511989562199606008e-02
1.950000000000000178e+00 -1.456472756862239870e-02
2.000000000000000000e+00 -1.399878672545940353e-02
2.050000000000000266e+00 -1.342499986939833974e-02
2.100000000000000089e+00 -1.284624470946254919e-02
2.149999999999999911e+00 -1.226532109887593439e-02
2.200000000000000178e+00 -1.168492508749663719e-02
2.250000000000000000e+00 -1.110762600430498931e-02
2.300000000000000266e+00 -1.053584669336762002e-02
2.350000000000000089e+00 -9.971846963872614891e-03
2.400000000000000355e+00 -9.417710256416713527e-03
2.450000000000000178e+00 -8.875333474491485172e-03
2.500000000000000000e+00 -8.346419882622075140e-03
2.550000000000000266e+00 -7.832474931230975004e-03
2.600000000000000089e+00 -7.334804833220263942e-03
2.650000000000000355e+00 -6.854517688521279996e-03
2.700000000000000178e+00 -6.392526930343483613e-03
2.750000000000000000e+00 -5.949556850337318729e-03
2.800000000000000266e+00 -5.526149949050395728e-03
2.850000000000000089e+00 -5.122675852504826426e-03
2.900000000000000355e+00 -4.739341535006991180e-03
2.950000000000000178e+00 -4.376202591931999120e-03
3.000000000000000000e+00 -4.033175313695696110e-03
3.050000000000000266e+00 -3.710049322921753125e-03
3.100000000000000089e+00 -3.406500550417132251e-03
3.150000000000000355e+00 -3.122104341485483665e-03
3.200000000000000178e+00 -2.856348501851813885e-03
3.250000000000000000e+00 -2.608646111583095683e-03
3.300000000000000266e+00 -2.378347955434849566e-03
3.350000000000000089e+00 -2.164754438627127311e-03
3.400000000000000355e+00 -1.967126877779636334e-03
3.450000000000000178e+00 -1.784698077269341676e-03
3.500000000000000000e+00 -1.616682121301211408e-03
3.550000000000000266e+00 -1.462283331222494079e-03
3.600000000000000089e+00 -1.320704355813729410e-03
3.650000000000000355e+00 -1.191153379241164864e-03
3.700000000000000178e+00 -1.072850446874430231e-03
3.750000000000000000e+00 -9.650329231155835383e-04
3.800000000000000266e+00 -8.669601076423585212e-04
3.850000000000000089e+00 -7.779170469678798206e-04
3.900000000000000355e+00 -6.972175869262111671e-04
3.950000000000000178e+00 -6.242067186097596766e-04
4.000000000000000000e+00 -5.582622754471207489e-04
4.049999999999999822e+00 -4.987960425886395644e-04
4.100000000000000533e+00 -4.452543416621721492e-04
4.150000000000000355e+00 -3.971181544005576215e-04
4.200000000000000178e+00 -3.539028477752387508e-04
4.250000000000000000e+00 -3.151575612650574254e-04
4.299999999999999822e+00 -2.804643139252634056e-04
4.350000000000000533e+00 -2.494368851865306439e-04
4.400000000000000355e+00 -2.217195189945491286e-04
4.450000000000000178e+00 -1.969854961813547909e-04
4.500000000000000000e+00 -1.749356150134857813e-04
4.549999999999999822e+00 -1.552966148489721629e-04
4.600000000000000533e+00 -1.378195728967581530e-04
4.650000000000000355e+00 -1.222782993291411148e-04
4.700000000000000178e+00 -1.084677515482276801e-04
4.750000000000000000e+00 -9.620248432549606131e-05
4.800000000000000711e+00 -8.531514887008979095e-05
4.850000000000000533e+00 -7.565505066439056335e-05
4.900000000000000355e+00 -6.708677314226163882e-05
4.950000000000000178e+00 -5.948887196519739046e-05
5.000000000000000000e+00 -5.275264274866031813e-05
5.050000000000000711e+00 -4.678096356749614736e-05
5.100000000000000533e+00 -4.148721237994614674e-05
5.150000000000000355e+00 -3.679425860397095397e-05
5.200000000000000178e+00 -3.263352740596980569e-05
5.250000000000000000e+00 -2.894413477037049149e-05
5.300000000000000711e+00 -2.567209106313750701e-05
5.350000000000000533e+00 -2.276957054299548960e-05
5.400000000000000355e+00 -2.019424407812742313e-05
5.450000000000000178e+00 -1.790867216844732826e-05
5.500000000000000000e+00 -1.587975523689188654e-05
5.550000000000000711e+00 -1.407823802795224898e-05
5.600000000000000533e+00 -1.247826483448251798e-05
5.650000000000000355e+00 -1.105698216675507320e-05
5.700000000000000178e+00 -9.794185386593261348e-06
5.750000000000000000e+00 -8.672005762299155607e-06
5.800000000000000711e+00 -7.674634365963072443e-06
5.850000000000000533e+00 -6.788079241898386695e-06
5.900000000000000355e+00 -5.999952329977202768e-06
5.950000000000000178e+00 -5.299282734532320894e-06
6.000000000000000000e+00 -4.676353089034776848e-06
6.050000000000000711e+00 -4.122555976327530381e-06
6.100000000000000533e+00 -3.630267617860035273e-06
6.150000000000000355e+00 -3.192736334334020061e-06
6.200000000000000178e+00 -2.803983593159927711e-06
6.250000000000000000e+00 -2.458715782640489186e-06
6.300000000000000711e+00 -2.152245175361827474e-06
6.350000000000000533e+00 -1.880418851100866920e-06
6.400000000000000355e+00 -1.639554630726412598e-06
6.450000000000000178e+00 -1.426383317309234319e-06
6.500000000000000000e+00 -1.237996741670603374e-06
6.550000000000000711e+00 -1.071801262539930115e-06
6.600000000000000533e+00 -9.254764751394491227e-07
6.650000000000000355e+00 -7.969389382809433058e-07
6.700000000000000178e+00 -6.843107435607891343e-07
6.750000000000000000e+00 -5.858927280282887399e-07
6.800000000000000711e+00 -5.001420826324919548e-07
6.850000000000000533e+00 -4.256540425728144492e-07
6.900000000000000355e+00 -3.611472727065339299e-07
6.950000000000000178e+00 -3.054524911218369632e-07
7.000000000000000000e+00 -2.575038156224448527e-07
7.050000000000000711e+00 -2.163322782946106955e-07
7.100000000000000533e+00 -1.810609376242133524e-07
7.150000000000000355e+00 -1.509010285038831497e-07
7.200000000000000178e+00 -1.251486284043966686e-07
7.250000000000000000e+00 -1.031813809925627546e-07
7.300000000000000711e+00 -8.445490273829031426e-08
7.350000000000000533e+00 -6.849859796256234252e-08
7.400000000000000355e+00 -5.491071669881069478e-08
7.450000000000000178e+00 -4.335260041391979154e-08
7.500000000000000000e+00 -3.354216572641290769e-08
7.550000000000000711e+00 -2.524676914053443598e-08
7.600000000000000533e+00 -1.827567065480868817e-08
7.650000000000000355e+00 -1.247236670200913589e-08
7.700000000000000178e+00 -7.707090587520163859e-09
7.750000000000000000e+00 -3.869780683659747275e-09
7.800000000000000711e+00 -8.637941557122909879e-10
7.850000000000000533e+00 1.399400240526703306e-09
7.900000000000000355e+00 3.004378540190303271e-09
7.950000000000000178e+00 4.034669368930574967e-09
8.000000000000000000e+00 4.574395570256589934e-09
8.050000000000000711e+00 4.708712203040970130e-09
8.099999999999999645e+00 4.523177495840791658e-09
8.150000000000000355e+00 4.102255968344064128e-09
8.200000000000001066e+00 3.527199802569725410e-09
8.250000000000000000e+00 2.873582610494670717e-09
8.300000000000000711e+00 2.208767460261326075e-09
8.349999999999999645e+00 1.589578404925810826e-09
8.400000000000000355e+00 1.060413231381518572e-09
8.450000000000001066e+00 6.519876243635118232e-10
8.500000000000000000e+00 3.808412715482360945e-10
8.550000000000000711e+00 2.496693783074515228e-10
8.599999999999999645e+00 2.484736883423425830e-10
8.650000000000000355e+00 3.564605997675593140e-10
8.700000000000001066e+00 5.445550594294940964e-10
8.750000000000000000e+00 7.783517983550425368e-10
8.800000000000000711e+00 1.021293203516134559e-09
8.849999999999999645e+00 1.237847690632635662e-09
8.900000000000000355e+00 1.396464614232790123e-09
8.950000000000001066e+00 1.472100757088576728e-09
9.000000000000000000e+00 1.448147639643510841e-09
9.050000000000000711e+00 1.317635230565741557e-09
9.099999999999999645e+00 1.083642497072888396e-09
9.150000000000000355e+00 7.589043832634799160e-10
9.200000000000001066e+00 3.646636768175064121e-10
9.250000000000000000e+00 -7.112933791908981626e-11
9.300000000000000711e+00 -5.161206573643945488e-10
9.349999999999999645e+00 -9.361766610353664400e-10
9.400000000000000355e+00 -1.298125162179740329e-09
9.450000000000001066e+00 -1.572404847399668371e-09
9.500000000000000000e+00 -1.735424741767648998e-09
9.550000000000000711e+00 -1.771459753606122547e-09
9.600000000000001421e+00 -1.673945069369488976e-09
9.650000000000000355e+00 -1.446078252761623223e-09
9.700000000000001066e+00 -1.100689901919941850e-09
9.750000000000000000e+00 -6.593977367320506067e-10
9.800000000000000711e+00 -1.511111430217049894e-10
9.850000000000001421e+00 3.900002932971668889e-10
9.900000000000000355e+00 9.269230604021823728e-10
9.950000000000001066e+00 1.422423382427315700e-09
1.000000000000000000e+01 1.841687751244449993e-09
1.005000000000000071e+01 2.154790563687151142e-09
1.010000000000000142e+01 2.338813432381753963e-09
1.015000000000000036e+01 2.379467420403238491e-09
1.020000000000000107e+01 2.272106371420746897e-09
1.025000000000000000e+01 2.022063884177132496e-09
1.030000000000000071e+01 1.644295057745968312e-09
1.035000000000000142e+01 1.162353376505288455e-09
1.040000000000000036e+01 6.067795302839973906e-10
1.045000000000000107e+01 1.301934429267421727e-11
1.050000000000000000e+01 -5.809804657692666963e-10
1.055000000000000071e+01 -1.137329313873769597e-09
1.060000000000000142e+01 -1.620724668006850704e-09
1.065000000000000036e+01 -2.000785075285072243e-09
1.070000000000000107e+01 -2.254026647461306277e-09
1.075000000000000000e+01 -2.365352270114583421e-09
1.080000000000000071e+01 -2.328958366379613025e-09
1.085000000000000142e+01 -2.148605673942883395e-09
1.090000000000000036e+01 -1.837245127149511887e-09
1.095000000000000107e+01 -1.416034441250097844e-09
1.100000000000000000e+01 -9.128222429781311447e-10
1.105000000000000071e+01 -3.602117856845800312e-10
1.110000000000000142e+01 2.066569189123647883e-10
1.115000000000000036e+01 7.524510464093575905e-10
1.120000000000000107e+01 1.243953853520462507e-09
1.125000000000000000e+01 1.652183038270229137e-09
1.130000000000000071e+01 1.954179348611602744e-09
1.135000000000000142e+01 2.134351776995470579e-09
1.140000000000000036e+01 2.185298555679175012e-09
1.145000000000000107e+01 2.108060911295028568e-09
1.150000000000000000e+01 1.911806444271974377e-09
1.155000000000000071e+01 1.612978210772703981e-09
1.160000000000000142e+01 1.233981432642204791e-09
1.165000000000000036e+01 8.015097565705165445e-10
1.170000000000000107e+01 3.446352340412607902e-10
1.175000000000000000e+01 -1.072007377060334406e-10
1.180000000000000071e+01 -5.261550534487348092e-10
1.185000000000000142e+01 -8.877752967403195994e-10
1.190000000000000036e+01 -1.172498901295321717e-09
1.195000000000000107e+01 -1.366764726880696452e-09
1.200000000000000000e+01 -1.463672371148322508e-09
1.205000000000000071e+01 -1.463157968418634357e-09
1.210000000000000142e+01 -1.371690000643317228e-09
1.215000000000000036e+01 -1.201522262055006920e-09
1.220000000000000107e+01 -9.695712491971996863e-10
1.225000000000000000e+01 -6.960098312972371895e-10
1.230000000000000071e+01 -4.026864864640346056e-10
1.235000000000000142e+01 -1.114886094068780451e-10
1.240000000000000036e+01 1.572310675385246011e-10
1.245000000000000107e+01 3.860538779191053584e-10
1.250000000000000000e+01 5.616251061998783810e-10
1.255000000000000071e+01 6.754411698618520871e-10
1.260000000000000142e+01 7.242477938478811876e-10
1.265000000000000036e+01 7.100324158555759468e-10
1.270000000000000107e+01 6.396241001766962983e-10
1.275000000000000000e+01 5.239426027034358843e-10
1.280000000000000071e+01 3.769628995235390073e-10
1.285000000000000142e+01 2.144807777279801713e-10
1.290000000000000036e+01 5.277770883786718441e-11
1.295000000000000107e+01 -9.271162749136948971e-11
1.300000000000000000e+01 -2.086283001680407417e-10
1.305000000000000071e+01 -2.847235561928032229e-10
1.310000000000000142e+01 -3.146240757973580130e-10
1.315000000000000036e+01 -2.962749436460985936e-10
1.320000000000000107e+01 -2.320322850782838753e-10
1.325000000000000000e+01 -1.284042514315087917e-10
1.330000000000000071e+01 4.534595275130030715e-12
1.335000000000000142e+01 1.540062961366725201e-10
1.340000000000000036e+01 3.056005437669996752e-10
1.345000000000000107e+01 4.444696191733402832e-10
1.350000000000000000e+01 5.565546726641107587e-10
1.355000000000000071e+01 6.297493371653256374e-10
1.360000000000000142e+01 6.549121202710811481e-10
1.365000000000000036e+01 6.266509426464152209e-10
1.370000000000000107e+01 5.438206445305752801e-10
1.375000000000000000e+01 4.096959090204796752e-10
1.380000000000000071e+01 2.318062812125954379e-10
1.385000000000000142e+01 2.144498373294698213e-11
1.390000000000000036e+01 -2.071127642735366235e-10
1.395000000000000107e+01 -4.376249422763069720e-10
1.400000000000000000e+01 -6.530574515336288699e-10
1.405000000000000071e+01 -8.368327936769461540e-10
1.410000000000000142e+01 -9.740618064769431033e-10
1.415000000000000036e+01 -1.052668791678258300e-09
1.420000000000000107e+01 -1.064328036172330014e-09
1.425000000000000000e+01 -1.005143250844872049e-09
1.430000000000000071e+01 -8.760198133764568809e-10
1.435000000000000142e+01 -6.827015602614469254e-10
1.440000000000000036e+01 -4.354676785570603506e-10
1.445000000000000107e+01 -1.485092667193742044e-10
1.450000000000000000e+01 1.609722933971561790e-10
1.455000000000000071e+01 4.738835125533300962e-10
1.460000000000000142e+01 7.704967550406481685e-10
1.465000000000000036e+01 1.031761557561521685e-09
1.470000000000000107e+01 1.240579271036749225e-09
1.475000000000000000e+01 1.382953683884519898e-09
1.480000000000000071e+01 1.448939025574742732e-09
1.485000000000000142e+01 1.433320880133107175e-09
1.490000000000000036e+01 1.335984071673030388e-09
1.495000000000000107e+01 1.161943136533601156e-09
