0.000000000000000000e+00 0.000000000000000000e+00
5.000000000000000278e-02 2.741323555151995641e-15
1.000000000000000056e-01 8.758822362296015649e-14
1.500000000000000222e-01 6.634291528914017991e-13
2.000000000000000111e-01 2.785723893753442003e-12
2.500000000000000000e-01 8.462438920133188175e-12
3.000000000000000444e-01 2.093953970920566727e-11
3.500000000000000333e-01 4.495984618251169654e-11
4.000000000000000222e-01 8.698957288287675117e-11
4.500000000000000111e-01 1.554074996461813649e-10
5.000000000000000000e-01 2.606524386544762588e-10
5.500000000000000444e-01 4.153254652060906163e-10
6.000000000000000888e-01 6.342442460804407367e-10
6.500000000000000222e-01 9.344477135652945907e-10
7.000000000000000666e-01 1.335150276774943655e-09
7.500000000000000000e-01 1.857645716108077221e-09
8.000000000000000444e-01 2.525161852833650047e-09
8.500000000000000888e-01 3.362668005481408813e-09
9.000000000000000222e-01 4.396638120337485273e-09
9.500000000000000666e-01 5.654773278411660233e-09
1.000000000000000000e+00 7.165688020712201437e-09
1.050000000000000044e+00 8.958565584246639560e-09
1.100000000000000089e+00 1.106278769157238582e-08
1.150000000000000133e+00 1.350754497786200791e-08
1.200000000000000178e+00 1.632143446458682194e-08
1.250000000000000000e+00 1.953205069376822351e-08
1.300000000000000044e+00 2.316557721948735085e-08
1.350000000000000089e+00 2.724638511463526349e-08
1.400000000000000133e+00 3.179664499377477050e-08
1.450000000000000178e+00 3.683595878278336700e-08
1.500000000000000000e+00 4.238101709007304975e-08
1.550000000000000044e+00 4.844528756193909768e-08
1.600000000000000089e+00 5.503873904692056316e-08
1.650000000000000133e+00 6.216760576328464350e-08
1.700000000000000178e+00 6.983419497325144842e-08
1.750000000000000000e+00 7.803674093152422806e-08
1.800000000000000044e+00 8.676930710867361530e-08
1.850000000000000089e+00 9.602173790668644366e-08
1.900000000000000133e+00 1.057796602991042172e-07
1.950000000000000178e+00 1.160245350557404215e-07
2.000000000000000000e+00 1.267337564653694470e-07
2.050000000000000266e+00 1.378807987614280363e-07
2.100000000000000089e+00 1.494354067968780930e-07
2.149999999999999911e+00 1.613638279148287457e-07
2.200000000000000178e+00 1.736290814296361562e-07
2.250000000000000000e+00 1.861912616757782079e-07
2.300000000000000266e+00 1.990078702038981773e-07
2.350000000000000089e+00 2.120341724084276867e-07
2.400000000000000355e+00 2.252235736608401154e-07
2.450000000000000178e+00 2.385280098969275121e-07
2.500000000000000000e+00 2.518983475640287161e-07
2.550000000000000266e+00 2.652847878719594902e-07
2.600000000000000089e+00 2.786372704052035772e-07
2.650000000000000355e+00 2.919058713383377042e-07
2.700000000000000178e+00 3.050411917452120857e-07
2.750000000000000000e+00 3.179947317978851972e-07
2.800000000000000266e+00 3.307192470058079537e-07
2.850000000000000089e+00 3.431690830409542322e-07
2.900000000000000355e+00 3.553004861219241207e-07
2.950000000000000178e+00 3.670718863808081490e-07
3.000000000000000000e+00 3.784441521022571718e-07
3.050000000000000266e+00 3.893808131963883420e-07
3.100000000000000089e+00 3.998482527379521856e-07
3.150000000000000355e+00 4.098158658661711621e-07
3.200000000000000178e+00 4.192561857860042648e-07
3.250000000000000000e+00 4.281449770362334449e-07
3.300000000000000266e+00 4.364612965873574957e-07
3.350000000000000089e+00 4.441875236983323134e-07
3.400000000000000355e+00 4.513093597920252911e-07
3.450000000000000178e+00 4.578157999021101664e-07
3.500000000000000000e+00 4.636990774969600965e-07
3.550000000000000266e+00 4.689545846978723304e-07
3.600000000000000089e+00 4.735807700791800279e-07
3.650000000000000355e+00 4.775790163669452570e-07
3.700000000000000178e+00 4.809535004419067428e-07
3.750000000000000000e+00 4.837110381028332292e-07
3.800000000000000266e+00 4.858609160605029002e-07
3.850000000000000089e+00 4.874147136127507198e-07
3.900000000000000355e+00 4.883861164003068052e-07
3.950000000000000178e+00 4.887907245646516483e-07
4.000000000000000000e+00 4.886458575262258667e-07
4.049999999999999822e+00 4.879703574775243194e-07
4.100000000000000533e+00 4.867843935443849743e-07
4.150000000000000355e+00 4.851092684136900171e-07
4.200000000000000178e+00 4.829672290601231361e-07
4.250000000000000000e+00 4.803812830318513633e-07
4.299999999999999822e+00 4.773750215781495328e-07
4.350000000000000533e+00 4.739724507239306267e-07
4.400000000000000355e+00 4.701978312195195287e-07
4.450000000000000178e+00 4.660755281211898534e-07
4.500000000000000000e+00 4.616298705910703274e-07
4.549999999999999822e+00 4.568850223457698655e-07
4.600000000000000533e+00 4.518648630330227269e-07
4.650000000000000355e+00 4.465928806759912093e-07
4.700000000000000178e+00 4.410920751965025357e-07
4.750000000000000000e+00 4.353848729121569327e-07
4.800000000000000711e+00 4.294930517982504335e-07
4.850000000000000533e+00 4.234376772140661129e-07
4.900000000000000355e+00 4.172390477142168377e-07
4.950000000000000178e+00 4.109166504991727158e-07
5.000000000000000000e+00 4.044891260045056299e-07
5.050000000000000711e+00 3.979742410851784684e-07
5.100000000000000533e+00 3.913888702188057526e-07
5.150000000000000355e+00 3.847489841294567780e-07
5.200000000000000178e+00 3.780696452204844026e-07
5.250000000000000000e+00 3.713650092001914957e-07
5.300000000000000711e+00 3.646483322870342241e-07
5.350000000000000533e+00 3.579319833906061960e-07
5.400000000000000355e+00 3.512274606799985796e-07
5.450000000000000178e+00 3.445454119713891112e-07
5.500000000000000000e+00 3.378956583911167757e-07
5.550000000000000711e+00 3.312872207981579529e-07
5.600000000000000533e+00 3.247283484802156543e-07
5.650000000000000355e+00 3.182265496697537026e-07
5.700000000000000178e+00 3.117886234597219399e-07
5.750000000000000000e+00 3.054206927327882801e-07
5.800000000000000711e+00 2.991282377521478562e-07
5.850000000000000533e+00 2.929161300959515703e-07
5.900000000000000355e+00 2.867886666507053420e-07
5.950000000000000178e+00 2.807496034113189462e-07
6.000000000000000000e+00 2.748021888665266115e-07
6.050000000000000711e+00 2.689491967779963521e-07
6.100000000000000533e+00 2.631929581893513562e-07
6.150000000000000355e+00 2.575353925274857731e-07
6.200000000000000178e+00 2.519780376828496229e-07
6.250000000000000000e+00 2.465220789777496993e-07
6.300000000000000711e+00 2.411683769521858607e-07
6.350000000000000533e+00 2.359174939152952754e-07
6.400000000000000355e+00 2.307697192271530681e-07
6.450000000000000178e+00 2.257250932905595494e-07
6.500000000000000000e+00 2.207834302455623925e-07
6.550000000000000711e+00 2.159443393709452448e-07
6.600000000000000533e+00 2.112072452068190374e-07
6.650000000000000355e+00 2.065714064209203120e-07
6.700000000000000178e+00 2.020359334483225401e-07
6.750000000000000000e+00 1.975998049401344674e-07
6.800000000000000711e+00 1.932618830614909386e-07
6.850000000000000533e+00 1.890209276828619037e-07
6.900000000000000355e+00 1.848756095114792620e-07
6.950000000000000178e+00 1.808245222116689206e-07
7.000000000000000000e+00 1.768661935641178306e-07
7.050000000000000711e+00 1.729990957147248127e-07
7.100000000000000533e+00 1.692216545637622271e-07
7.150000000000000355e+00 1.655322583456788168e-07
7.200000000000000178e+00 1.619292654490891151e-07
7.250000000000000000e+00 1.584110115253827619e-07
7.300000000000000711e+00 1.549758159330028621e-07
7.350000000000000533e+00 1.516219875628551787e-07
7.400000000000000355e+00 1.483478300885440777e-07
7.450000000000000178e+00 1.451516466832643031e-07
7.500000000000000000e+00 1.420317442431992349e-07
7.550000000000000711e+00 1.389864371552776249e-07
7.600000000000000533e+00 1.360140506450881287e-07
7.650000000000000355e+00 1.331129237387238973e-07
7.700000000000000178e+00 1.302814118703060865e-07
7.750000000000000000e+00 1.275178891649562106e-07
7.800000000000000711e+00 1.248207504250568522e-07
7.850000000000000533e+00 1.221884128457728742e-07
7.900000000000000355e+00 1.196193174840012625e-07
7.950000000000000178e+00 1.171119305031996498e-07
8.000000000000000000e+00 1.146647442148940976e-07
8.050000000000000711e+00 1.122762779361109203e-07
8.099999999999999645e+00 1.099450786804935655e-07
8.150000000000000355e+00 1.076697216994782372e-07
8.200000000000001066e+00 1.054488108885922143e-07
8.250000000000000000e+00 1.032809790727064231e-07
8.300000000000000711e+00 1.011648881829350129e-07
8.349999999999999645e+00 9.909922933679824937e-08
8.400000000000000355e+00 9.708272283227304800e-08
8.450000000000001066e+00 9.511411806543451787e-08
8.500000000000000000e+00 9.319219338052787430e-08
8.550000000000000711e+00 9.131575586052940469e-08
8.599999999999999645e+00 8.948364106551691700e-08
8.650000000000000355e+00 8.769471272549735749e-08
8.700000000000001066e+00 8.594786239372505309e-08
8.750000000000000000e+00 8.424200906596674108e-08
8.800000000000000711e+00 8.257609877065267357e-08
8.849999999999999645e+00 8.094910413437247214e-08
8.900000000000000355e+00 7.936002392673224393e-08
8.950000000000001066e+00 7.780788258819546755e-08
9.000000000000000000e+00 7.629172974415494811e-08
9.050000000000000711e+00 7.481063970815668902e-08
9.099999999999999645e+00 7.336371097688710946e-08
9.150000000000000355e+00 7.195006571925656134e-08
9.200000000000001066e+00 7.056884926166509677e-08
9.250000000000000000e+00 6.921922957129936031e-08
9.300000000000000711e+00 6.790039673910640434e-08
9.349999999999999645e+00 6.661156246389884931e-08
9.400000000000000355e+00 6.535195953887374379e-08
9.450000000000001066e+00 6.412084134167363680e-08
9.500000000000000000e+00 6.291748132897521347e-08
9.550000000000000711e+00 6.174117253646623795e-08
9.600000000000001421e+00 6.059122708495574293e-08
9.650000000000000355e+00 5.946697569325725999e-08
9.700000000000001066e+00 5.836776719839353801e-08
9.750000000000000000e+00 5.729296808358696350e-08
9.800000000000000711e+00 5.624196201442144673e-08
9.850000000000001421e+00 5.521414938349748069e-08
9.900000000000000355e+00 5.420894686383890998e-08
9.950000000000001066e+00 5.322578697125455179e-08
1.000000000000000000e+01 5.226411763581201876e-08
1.005000000000000071e+01 5.132340178253430777e-08
1.010000000000000142e+01 5.040311692139293275e-08
1.015000000000000036e+01 4.950275474663620755e-08
1.020000000000000107e+01 4.862182074546061328e-08
1.025000000000000000e+01 4.775983381600678077e-08
1.030000000000000071e+01 4.691632589463685640e-08
1.035000000000000142e+01 4.609084159242955839e-08
1.040000000000000036e+01 4.528293784081197234e-08
1.045000000000000107e+01 4.449218354622805020e-08
1.050000000000000000e+01 4.371815925373446579e-08
1.055000000000000071e+01 4.296045681939840668e-08
1.060000000000000142e+01 4.221867909136452988e-08
1.065000000000000036e+01 4.149243959944774750e-08
1.070000000000000107e+01 4.078136225310327413e-08
1.075000000000000000e+01 4.008508104761775108e-08
1.080000000000000071e+01 3.940323977836107350e-08
1.085000000000000142e+01 3.873549176293539039e-08
1.090000000000000036e+01 3.808149957105338599e-08
1.095000000000000107e+01 3.744093476197744865e-08
1.100000000000000000e+01 3.681347762934916243e-08
1.105000000000000071e+01 3.619881695323711422e-08
1.110000000000000142e+01 3.559664975923338480e-08
1.115000000000000036e+01 3.500668108442569088e-08
1.120000000000000107e+01 3.442862375007646635e-08
1.125000000000000000e+01 3.386219814083915855e-08
1.130000000000000071e+01 3.330713199034441083e-08
1.135000000000000142e+01 3.276316017299062905e-08
1.140000000000000036e+01 3.223002450177448203e-08
1.145000000000000107e+01 3.170747353200124656e-08
1.150000000000000000e+01 3.119526237071507994e-08
1.155000000000000071e+01 3.069315249169336586e-08
1.160000000000000142e+01 3.020091155585192002e-08
1.165000000000000036e+01 2.971831323691020752e-08
1.170000000000000107e+01 2.924513705216862239e-08
1.175000000000000000e+01 2.878116819825459476e-08
1.180000000000000071e+01 2.832619739169419185e-08
1.185000000000000142e+01 2.788002071417255907e-08
1.190000000000000036e+01 2.744243946234723281e-08
1.195000000000000107e+01 2.701326000208239270e-08
1.200000000000000000e+01 2.659229362697559900e-08
1.205000000000000071e+01 2.617935642105086331e-08
1.210000000000000142e+01 2.577426912549644060e-08
1.215000000000000036e+01 2.537685700932701423e-08
1.220000000000000107e+01 2.498694974385477303e-08
1.225000000000000000e+01 2.460438128085605345e-08
1.230000000000000071e+01 2.422898973432322404e-08
1.235000000000000142e+01 2.386061726569506619e-08
1.240000000000000036e+01 2.349910997246121801e-08
1.245000000000000107e+01 2.314431778003957997e-08
1.250000000000000000e+01 2.279609433682800628e-08
1.255000000000000071e+01 2.245429691233468314e-08
1.260000000000000142e+01 2.211878629829517491e-08
1.265000000000000036e+01 2.178942671268390426e-08
1.270000000000000107e+01 2.146608570653489655e-08
1.275000000000000000e+01 2.114863407348491454e-08
1.280000000000000071e+01 2.083694576195703305e-08
1.285000000000000142e+01 2.053089778990500263e-08
1.290000000000000036e+01 2.023037016204016426e-08
1.295000000000000107e+01 1.993524578946494676e-08
1.300000000000000000e+01 1.964541041164182598e-08
1.305000000000000071e+01 1.936075252062418617e-08
1.310000000000000142e+01 1.908116328748225068e-08
1.315000000000000036e+01 1.880653649085691832e-08
1.320000000000000107e+01 1.853676844757598258e-08
1.325000000000000000e+01 1.827175794527124786e-08
1.330000000000000071e+01 1.801140617693533790e-08
1.335000000000000142e+01 1.775561667735858322e-08
1.340000000000000036e+01 1.750429526139048359e-08
1.345000000000000107e+01 1.725734996396844531e-08
1.350000000000000000e+01 1.701469098186203146e-08
1.355000000000000071e+01 1.677623061707951431e-08
1.360000000000000142e+01 1.654188322188697334e-08
1.365000000000000036e+01 1.631156514539093666e-08
1.370000000000000107e+01 1.608519468163733384e-08
1.375000000000000000e+01 1.586269201918126847e-08
1.380000000000000071e+01 1.564397919208251932e-08
1.385000000000000142e+01 1.542898003228474909e-08
1.390000000000000036e+01 1.521762012333585433e-08
1.395000000000000107e+01 1.500982675540976147e-08
1.400000000000000000e+01 1.480552888159034678e-08
1.405000000000000071e+01 1.460465707537952060e-08
1.410000000000000142e+01 1.440714348939290649e-08
1.415000000000000036e+01 1.421292181520770845e-08
1.420000000000000107e+01 1.402192724432797016e-08
1.425000000000000000e+01 1.383409643023433411e-08
1.430000000000000071e+01 1.364936745148549809e-08
1.435000000000000142e+01 1.346767977584067389e-08
1.440000000000000036e+01 1.328897422537188507e-08
1.445000000000000107e+01 1.311319294253782088e-08
1.450000000000000000e+01 1.294027935718951733e-08
1.455000000000000071e+01 1.277017815448148845e-08
1.460000000000000142e+01 1.260283524366073265e-08
1.465000000000000036e+01 1.243819772770810249e-08
1.470000000000000107e+01 1.227621387380686325e-08
1.475000000000000000e+01 1.211683308461448360e-08
1.480000000000000071e+01 1.196000587031300840e-08
1.485000000000000142e+01 1.180568382141697174e-08
1.490000000000000036e+01 1.165381958231486037e-08
1.495000000000000107e+01 1.150436682552422723e-08
1.500000000000000000e+01 1.135728022663852316e-08
1.505000000000000071e+01 1.121251543994651577e-08
1.510000000000000142e+01 1.107002907470394854e-08
1.515000000000000036e+01 1.092977867203901049e-08
1.520000000000000107e+01 1.079172268247339533e-08
1.525000000000000000e+01 1.065582044404058664e-08
1.530000000000000071e+01 1.052203216098495788e-08
1.535000000000000142e+01 1.039031888302442061e-08
1.540000000000000036e+01 1.026064248516049584e-08
1.545000000000000107e+01 1.013296564802066957e-08
1.550000000000000000e+01 1.000725183871676667e-08
1.555000000000000071e+01 9.883465292206149734e-09
1.560000000000000142e+01 9.761570993139750022e-09
1.565000000000000036e+01 9.641534658184269874e-09
1.570000000000000107e+01 9.523322718804853333e-09
1.575000000000000000e+01 9.406902304494790015e-09
1.580000000000000071e+01 9.292241226440186934e-09
1.585000000000000142e+01 9.179307961606873021e-09
1.590000000000000036e+01 9.068071637238197337e-09
1.595000000000000107e+01 8.958502015751432387e-09
1.600000000000000000e+01 8.850569480022619804e-09
1.605000000000000071e+01 8.744245019047642575e-09
1.610000000000000142e+01 8.639500213970684593e-09
1.615000000000000213e+01 8.536307224468647514e-09
1.619999999999999929e+01 8.434638775481544191e-09
1.625000000000000000e+01 8.334468144280545573e-09
1.630000000000000071e+01 8.235769147862785455e-09
1.635000000000000142e+01 8.138516130665179008e-09
1.640000000000000213e+01 8.042683952587360366e-09
1.644999999999999929e+01 7.948247977316484880e-09
1.650000000000000000e+01 7.855184060944127047e-09
1.655000000000000071e+01 7.763468540869000779e-09
1.660000000000000142e+01 7.673078224976022506e-09
1.665000000000000213e+01 7.583990381085122851e-09
1.669999999999999929e+01 7.496182726662770859e-09
1.675000000000000000e+01 7.409633418787859577e-09
1.680000000000000071e+01 7.324321044366508481e-09
1.685000000000000142e+01 7.240224610587728479e-09
1.690000000000000213e+01 7.157323535614665487e-09
1.694999999999999929e+01 7.075597639504126814e-09
1.700000000000000000e+01 6.995027135348743217e-09
1.705000000000000071e+01 6.915592620635738953e-09
1.710000000000000142e+01 6.837275068816470754e-09
1.715000000000000213e+01 6.760055821081177909e-09
1.719999999999999929e+01 6.683916578333159803e-09
1.725000000000000000e+01 6.608839393357855399e-09
1.730000000000000071e+01 6.534806663180574501e-09
1.735000000000000142e+01 6.461801121609168403e-09
1.740000000000000213e+01 6.389805831955093611e-09
1.744999999999999929e+01 6.318804179930409445e-09
1.750000000000000000e+01 6.248779866713706598e-09
1.755000000000000071e+01 6.179716902182117843e-09
1.760000000000000142e+01 6.111599598304972245e-09
1.765000000000000213e+01 6.044412562693731910e-09
1.769999999999999929e+01 5.978140692305543621e-09
1.775000000000000000e+01 5.912769167295620945e-09
1.780000000000000071e+01 5.848283445014639374e-09
1.785000000000000142e+01 5.784669254147640560e-09
1.790000000000000213e+01 5.721912588990771309e-09
1.794999999999999929e+01 5.659999703861952222e-09
1.800000000000000000e+01 5.598917107642548578e-09
1.805000000000000071e+01 5.538651558446324459e-09
1.810000000000000142e+01 5.479190058412483898e-09
1.815000000000000213e+01 5.420519848619782318e-09
1.819999999999999929e+01 5.362628404118533537e-09
1.825000000000000000e+01 5.305503429077153994e-09
1.830000000000000071e+01 5.249132852041344984e-09
1.835000000000000142e+01 5.193504821301717453e-09
1.840000000000000213e+01 5.138607700368252942e-09
1.844999999999999929e+01 5.084430063548261389e-09
1.850000000000000000e+01 5.030960691625549427e-09
1.855000000000000071e+01 4.978188567637971895e-09
1.860000000000000142e+01 4.926102872751360650e-09
1.865000000000000213e+01 4.874692982226655112e-09
1.869999999999999929e+01 4.823948461479141871e-09
1.875000000000000000e+01 4.773859062225809692e-09
1.880000000000000071e+01 4.724414718720603220e-09
1.885000000000000142e+01 4.675605544073353456e-09
1.890000000000000213e+01 4.627421826652384154e-09
1.894999999999999929e+01 4.579854026566841898e-09
1.900000000000000000e+01 4.532892772228036811e-09
1.905000000000000071e+01 4.486528856987506751e-09
1.910000000000000142e+01 4.440753235849650179e-09
1.915000000000000213e+01 4.395557022257538876e-09
1.920000000000000284e+01 4.350931484949754863e-09
1.925000000000000000e+01 4.306868044886693125e-09
1.930000000000000071e+01 4.263358272244932196e-09
1.935000000000000142e+01 4.220393883477227473e-09
1.940000000000000213e+01 4.177966738437533322e-09
1.945000000000000284e+01 4.136068837568468230e-09
1.950000000000000000e+01 4.094692319150882193e-09
1.955000000000000071e+01 4.053829456612770173e-09
1.960000000000000142e+01 4.013472655897132935e-09
1.965000000000000213e+01 3.973614452886854614e-09
1.970000000000000284e+01 3.934247510885223884e-09
1.975000000000000000e+01 3.895364618151279851e-09
1.980000000000000071e+01 3.856958685487756686e-09
1.985000000000000142e+01 3.819022743881446710e-09
1.990000000000000213e+01 3.781549942193879209e-09
1.995000000000000284e+01 3.744533544901653257e-09
2.000000000000000000e+01 3.707966929884995157e-09
2.005000000000000071e+01 3.671843586263582238e-09
2.010000000000000142e+01 3.636157112278046859e-09
2.015000000000000213e+01 3.600901213217044427e-09
2.020000000000000284e+01 3.566069699388024671e-09
2.025000000000000000e+01 3.531656484130428180e-09
2.030000000000000071e+01 3.497655581871492676e-09
2.035000000000000142e+01 3.464061106222776835e-09
2.040000000000000213e+01 3.430867268116353202e-09
2.045000000000000284e+01 3.398068373980502719e-09
2.050000000000000000e+01 3.365658823953084416e-09
2.055000000000000071e+01 3.333633110132907446e-09
2.060000000000000142e+01 3.301985814866576759e-09
2.065000000000000213e+01 3.270711609071834393e-09
2.070000000000000284e+01 3.239805250595013698e-09
2.075000000000000000e+01 3.209261582602833137e-09
2.080000000000000071e+01 3.179075532007338516e-09
2.085000000000000142e+01 3.149242107923125118e-09
2.090000000000000213e+01 3.119756400156518370e-09
2.095000000000000284e+01 3.090613577725483028e-09
2.100000000000000000e+01 3.061808887410137636e-09
2.105000000000000071e+01 3.033337652332667801e-09
2.110000000000000142e+01 3.005195270566110567e-09
2.115000000000000213e+01 2.977377213771753435e-09
2.120000000000000284e+01 2.949879025863736879e-09
2.125000000000000000e+01 2.922696321701290898e-09
2.130000000000000071e+01 2.895824785806832952e-09
2.135000000000000142e+01 2.869260171110205637e-09
2.140000000000000213e+01 2.842998297718306736e-09
2.145000000000000284e+01 2.817035051709004050e-09
2.150000000000000000e+01 2.791366383949676223e-09
2.155000000000000071e+01 2.765988308939242192e-09
2.160000000000000142e+01 2.740896903673041082e-09
2.165000000000000213e+01 2.716088306530868199e-09
2.170000000000000284e+01 2.691558716186377096e-09
2.175000000000000000e+01 2.667304390538921399e-09
2.180000000000000071e+01 2.643321645665839153e-09
2.185000000000000142e+01 2.619606854795917549e-09
2.190000000000000213e+01 2.596156447302808416e-09
2.195000000000000284e+01 2.572966907718401929e-09
2.200000000000000000e+01 2.550034774765404552e-09
2.205000000000000071e+01 2.527356640409234137e-09
2.210000000000000142e+01 2.504929148927810652e-09
2.215000000000000213e+01 2.482748996000142118e-09
2.220000000000000284e+01 2.460812927812431874e-09
2.225000000000000000e+01 2.439117740181313868e-09
2.230000000000000071e+01 2.417660277694318115e-09
2.235000000000000142e+01 2.396437432867114271e-09
2.240000000000000213e+01 2.375446145316664377e-09
2.245000000000000284e+01 2.354683400950694217e-09
2.250000000000000000e+01 2.334146231172270239e-09
2.255000000000000071e+01 2.313831712100266199e-09
2.260000000000000142e+01 2.293736963804141272e-09
2.265000000000000213e+01 2.273859149553951521e-09
2.270000000000000284e+01 2.254195475084005295e-09
2.275000000000000000e+01 2.234743187871149387e-09
2.280000000000000071e+01 2.215499576426386857e-09
2.285000000000000142e+01 2.196461969600176843e-09
2.290000000000000213e+01 2.177627735900557735e-09
2.295000000000000284e+01 2.158994282824607393e-09
2.300000000000000000e+01 2.140559056201907004e-09
2.305000000000000071e+01 2.122319539551054119e-09
2.310000000000000142e+01 2.104273253447728514e-09
2.315000000000000213e+01 2.086417754904707083e-09
2.320000000000000284e+01 2.068750636763787658e-09
2.325000000000000000e+01 2.051269527098406609e-09
2.330000000000000071e+01 2.033972088628306410e-09
2.335000000000000142e+01 2.016856018144099584e-09
2.340000000000000213e+01 1.999919045943264702e-09
2.345000000000000284e+01 1.983158935276193866e-09
2.350000000000000000e+01 1.966573481802634132e-09
2.355000000000000071e+01 1.950160513058126649e-09
2.360000000000000142e+01 1.933917887930190400e-09
2.365000000000000213e+01 1.917843496144088833e-09
2.370000000000000284e+01 1.901935257758407261e-09
2.375000000000000000e+01 1.886191122669398383e-09
2.380000000000000071e+01 1.870609070124606703e-09
2.385000000000000142e+01 1.855187108245185992e-09
2.390000000000000213e+01 1.839923273557325048e-09
2.395000000000000284e+01 1.824815630531680972e-09
2.400000000000000000e+01 1.809862271131403759e-09
2.405000000000000071e+01 1.795061314368406004e-09
2.410000000000000142e+01 1.780410905867417217e-09
2.415000000000000213e+01 1.765909217438316557e-09
2.420000000000000284e+01 1.751554446655423806e-09
2.425000000000000000e+01 1.737344816445092972e-09
2.430000000000000071e+01 1.723278574680506068e-09
2.435000000000000142e+01 1.709353993783200990e-09
2.440000000000000213e+01 1.695569370332488405e-09
2.445000000000000284e+01 1.681923024681310731e-09
2.450000000000000000e+01 1.668413300578940866e-09
2.455000000000000071e+01 1.655038564800821342e-09
2.460000000000000142e+01 1.641797206784267991e-09
2.465000000000000213e+01 1.628687638271372142e-09
2.470000000000000284e+01 1.615708292957604163e-09
2.475000000000000000e+01 1.602857626146790434e-09
2.480000000000000071e+01 1.590134114412339043e-09
2.485000000000000142e+01 1.577536255264317581e-09
2.490000000000000213e+01 1.565062566822071807e-09
2.495000000000000284e+01 1.552711587493030380e-09
