0.000000000000000000e+00 7.235797559186843073e-03
5.000000000000000278e-02 7.323327093881697690e-03
1.000000000000000056e-01 7.307902716708137951e-03
1.500000000000000222e-01 7.280495206574856722e-03
2.000000000000000111e-01 7.241634434568295677e-03
2.500000000000000000e-01 7.189963520740084470e-03
3.000000000000000444e-01 7.124522226182614625e-03
3.500000000000000333e-01 7.044016438543736214e-03
4.000000000000000222e-01 6.946991830383317246e-03
4.500000000000000111e-01 6.832157219268299858e-03
5.000000000000000000e-01 6.698098794939247660e-03
5.500000000000000444e-01 6.543487416295490008e-03
6.000000000000000888e-01 6.367109351956329669e-03
6.500000000000000222e-01 6.168207561671004181e-03
7.000000000000000666e-01 5.946065916597621966e-03
7.500000000000000000e-01 5.699955820608831360e-03
8.000000000000000444e-01 5.430289693130319235e-03
8.500000000000000888e-01 5.137381473715819935e-03
9.000000000000000222e-01 4.821907158543756525e-03
9.500000000000000666e-01 4.484685863302976389e-03
1.000000000000000000e+00 4.127930575050647866e-03
1.050000000000000044e+00 3.753192739897505056e-03
1.100000000000000089e+00 3.363010314538201952e-03
1.150000000000000133e+00 2.960422337359731176e-03
1.200000000000000178e+00 2.548261917053514305e-03
1.250000000000000000e+00 2.129654757605021608e-03
1.300000000000000044e+00 1.708226044934644302e-03
1.350000000000000089e+00 1.287935433334529752e-03
1.400000000000000133e+00 8.722660393000586636e-04
1.450000000000000178e+00 4.650486256819870933e-04
1.500000000000000000e+00 6.963743817700597495e-05
1.550000000000000044e+00 -3.100958842322850805e-04
1.600000000000000089e+00 -6.708518391784336430e-04
1.650000000000000133e+00 -1.009581933382402898e-03
1.700000000000000178e+00 -1.323502876772895227e-03
1.750000000000000000e+00 -1.610536149815188552e-03
1.800000000000000044e+00 -1.868657573624263671e-03
1.850000000000000089e+00 -2.095964423154226142e-03
1.900000000000000133e+00 -2.291347918218121765e-03
1.950000000000000178e+00 -2.454431584222412609e-03
2.000000000000000000e+00 -2.584889084109856169e-03
2.050000000000000266e+00 -2.682868310976091377e-03
2.100000000000000089e+00 -2.749152982758929723e-03
2.149999999999999911e+00 -2.784808967943326781e-03
2.200000000000000178e+00 -2.791187664474948250e-03
2.250000000000000000e+00 -2.770213472985086529e-03
2.300000000000000266e+00 -2.723262613691355277e-03
2.350000000000000089e+00 -2.653366687246732931e-03
2.400000000000000355e+00 -2.562681020609624931e-03
2.450000000000000178e+00 -2.453475777283535379e-03
2.500000000000000000e+00 -2.328750353782930559e-03
2.550000000000000266e+00 -2.190781529780829167e-03
2.600000000000000089e+00 -2.042784615508691070e-03
2.650000000000000355e+00 -1.886563091095921994e-03
2.700000000000000178e+00 -1.725251033453398166e-03
2.750000000000000000e+00 -1.561000606094850194e-03
2.800000000000000266e+00 -1.395787861419443051e-03
2.850000000000000089e+00 -1.231805689056470615e-03
2.900000000000000355e+00 -1.070998830715731752e-03
2.950000000000000178e+00 -9.147094561972982400e-04
3.000000000000000000e+00 -7.643929876604806583e-04
3.050000000000000266e+00 -6.212132545570926527e-04
3.100000000000000089e+00 -4.861474900928464929e-04
3.150000000000000355e+00 -3.599768327254479743e-04
3.200000000000000178e+00 -2.431807391029095302e-04
3.250000000000000000e+00 -1.360392629268835697e-04
3.300000000000000266e+00 -3.885156242068150371e-05
3.350000000000000089e+00 4.840168305704876126e-05
3.400000000000000355e+00 1.257787010748035990e-04
3.450000000000000178e+00 1.935601453632795020e-04
3.500000000000000000e+00 2.520224009642087963e-04
3.550000000000000266e+00 3.016009344817560949e-04
3.600000000000000089e+00 3.427811734678307674e-04
3.650000000000000355e+00 3.760327158062386579e-04
3.700000000000000178e+00 4.019380386270695465e-04
3.750000000000000000e+00 4.211127013569805925e-04
3.800000000000000266e+00 4.341114245728477363e-04
3.850000000000000089e+00 4.415298593777370164e-04
3.900000000000000355e+00 4.440172715339004545e-04
3.950000000000000178e+00 4.420839343906975355e-04
4.000000000000000000e+00 4.363129214477943205e-04
4.049999999999999822e+00 4.272963776147107912e-04
4.100000000000000533e+00 4.154539411906079077e-04
4.150000000000000355e+00 4.013381716651689491e-04
4.200000000000000178e+00 3.853901187754148455e-04
4.250000000000000000e+00 3.679996318474749875e-04
4.299999999999999822e+00 3.495649464497819527e-04
4.350000000000000533e+00 3.304813495881062753e-04
4.400000000000000355e+00 3.109972190576068833e-04
4.450000000000000178e+00 2.914399135223047846e-04
4.500000000000000000e+00 2.720357856081730857e-04
4.549999999999999822e+00 2.530010449494788033e-04
4.600000000000000533e+00 2.345436581101029334e-04
4.650000000000000355e+00 2.167784716187085947e-04
4.700000000000000178e+00 1.998331272981358005e-04
4.750000000000000000e+00 1.838153058311052740e-04
4.800000000000000711e+00 1.687720504583087311e-04
4.850000000000000533e+00 1.547531009384497242e-04
4.900000000000000355e+00 1.417698535339244239e-04
4.950000000000000178e+00 1.298135840067424327e-04
5.000000000000000000e+00 1.188689484748576826e-04
5.050000000000000711e+00 1.088877107250385578e-04
5.100000000000000533e+00 9.982918625166283780e-05
5.150000000000000355e+00 9.163593543823976670e-05
5.200000000000000178e+00 8.422662026319001534e-05
5.250000000000000000e+00 7.754858430641665664e-05
5.300000000000000711e+00 7.152034644349230857e-05
5.350000000000000533e+00 6.607358651514613171e-05
5.400000000000000355e+00 6.113702150392580435e-05
5.450000000000000178e+00 5.665304381570865800e-05
5.500000000000000000e+00 5.255884844920133859e-05
5.550000000000000711e+00 4.880844072645568069e-05
5.600000000000000533e+00 4.534911054874934949e-05
5.650000000000000355e+00 4.215148278606102404e-05
5.700000000000000178e+00 3.918678248467234021e-05
5.750000000000000000e+00 3.642689413894237738e-05
5.800000000000000711e+00 3.386375380170674788e-05
5.850000000000000533e+00 3.148313854068225941e-05
5.900000000000000355e+00 2.927883021399038581e-05
5.950000000000000178e+00 2.724591991835076813e-05
6.000000000000000000e+00 2.538959676801661551e-05
6.050000000000000711e+00 2.370372991170019336e-05
6.100000000000000533e+00 2.219209364318941479e-05
6.150000000000000355e+00 2.084859041570246753e-05
6.200000000000000178e+00 1.967308013678159255e-05
6.250000000000000000e+00 1.865651870080265571e-05
6.300000000000000711e+00 1.779120720356963981e-05
6.350000000000000533e+00 1.706416198617764652e-05
6.400000000000000355e+00 1.646438292106474344e-05
6.450000000000000178e+00 1.597074535607720031e-05
6.500000000000000000e+00 1.556422871228253034e-05
6.550000000000000711e+00 1.523039755007230751e-05
6.600000000000000533e+00 1.494291947139844908e-05
6.650000000000000355e+00 1.468403487682219310e-05
6.700000000000000178e+00 1.443580014255695784e-05
6.750000000000000000e+00 1.417877137979869376e-05
6.800000000000000711e+00 1.390059645009198946e-05
6.850000000000000533e+00 1.358856424631453882e-05
6.900000000000000355e+00 1.323378832807594608e-05
6.950000000000000178e+00 1.283186249656320346e-05
7.000000000000000000e+00 1.238325252963459004e-05
7.050000000000000711e+00 1.188800695942818350e-05
7.100000000000000533e+00 1.135551746596469270e-05
7.150000000000000355e+00 1.079070886437455781e-05
7.200000000000000178e+00 1.020722303264767610e-05
7.250000000000000000e+00 9.616151310576240033e-06
7.300000000000000711e+00 9.030318971003201849e-06
7.350000000000000533e+00 8.464761301224672899e-06
7.400000000000000355e+00 7.929475659565691760e-06
7.450000000000000178e+00 7.438812569957761328e-06
7.500000000000000000e+00 6.999385181380889315e-06
7.550000000000000711e+00 6.620506975547939652e-06
7.600000000000000533e+00 6.305217481941271706e-06
7.650000000000000355e+00 6.055508533485118868e-06
7.700000000000000178e+00 5.870929436679015103e-06
7.750000000000000000e+00 5.745518439225744401e-06
7.800000000000000711e+00 5.673871603104318475e-06
7.850000000000000533e+00 5.647291742451459269e-06
7.900000000000000355e+00 5.653962667029699291e-06
7.950000000000000178e+00 5.683855611315401966e-06
8.000000000000000000e+00 5.724615844821359892e-06
8.050000000000000711e+00 5.763018781615565918e-06
8.099999999999999645e+00 5.789364211458135435e-06
8.150000000000000355e+00 5.793251298591305463e-06
8.200000000000001066e+00 5.765713274250583893e-06
8.250000000000000000e+00 5.702167908480789732e-06
8.300000000000000711e+00 5.597501087737757658e-06
8.349999999999999645e+00 5.450764103075625101e-06
8.400000000000000355e+00 5.263361133766148729e-06
8.450000000000001066e+00 5.038941264933598783e-06
8.500000000000000000e+00 4.783219256452972653e-06
8.550000000000000711e+00 4.503060970592820369e-06
8.599999999999999645e+00 4.207607056993121920e-06
8.650000000000000355e+00 3.905903172431461875e-06
8.700000000000001066e+00 3.608128439670633418e-06
8.750000000000000000e+00 3.324321753101948156e-06
8.800000000000000711e+00 3.063464049191336597e-06
8.849999999999999645e+00 2.831915036156617089e-06
8.900000000000000355e+00 2.637266276551059936e-06
8.950000000000001066e+00 2.483406646525712677e-06
9.000000000000000000e+00 2.372250293044148344e-06
9.050000000000000711e+00 2.304826736757823799e-06
9.099999999999999645e+00 2.278919700625410798e-06
9.150000000000000355e+00 2.290463753645308285e-06
9.200000000000001066e+00 2.333820173053812653e-06
9.250000000000000000e+00 2.402555487279170283e-06
9.300000000000000711e+00 2.487686776475152676e-06
9.349999999999999645e+00 2.581850942835782156e-06
9.400000000000000355e+00 2.675657570891166002e-06
9.450000000000001066e+00 2.760519422420364260e-06
9.500000000000000000e+00 2.829112786332155660e-06
9.550000000000000711e+00 2.875022030385617762e-06
9.600000000000001421e+00 2.892284773651103174e-06
9.650000000000000355e+00 2.878548268876711097e-06
9.700000000000001066e+00 2.831125241563159876e-06
9.750000000000000000e+00 2.750538691092560823e-06
9.800000000000000711e+00 2.638990524693870322e-06
9.850000000000001421e+00 2.499602988149400520e-06
9.900000000000000355e+00 2.337753065783351508e-06
9.950000000000001066e+00 2.159562834965782420e-06
1.000000000000000000e+01 1.972093014360282500e-06
1.005000000000000071e+01 1.782469244019485473e-06
1.010000000000000142e+01 1.598510329584355233e-06
1.015000000000000036e+01 1.427167678279340807e-06
1.020000000000000107e+01 1.274801390989589671e-06
1.025000000000000000e+01 1.146824627187848453e-06
1.030000000000000071e+01 1.047285994578892310e-06
1.035000000000000142e+01 9.785784820596289136e-07
1.040000000000000036e+01 9.417632427641626234e-07
1.045000000000000107e+01 9.365926872742262853e-07
1.050000000000000000e+01 9.602009284231830736e-07
1.055000000000000071e+01 1.009545944364531681e-06
1.060000000000000142e+01 1.079623716601475405e-06
1.065000000000000036e+01 1.164571302814408537e-06
1.070000000000000107e+01 1.258171413440329270e-06
1.075000000000000000e+01 1.354038836551688791e-06
1.080000000000000071e+01 1.445239608192359538e-06
1.085000000000000142e+01 1.525644300619355390e-06
1.090000000000000036e+01 1.589923130010726465e-06
1.095000000000000107e+01 1.633376255975271459e-06
1.100000000000000000e+01 1.652949794383945088e-06
1.105000000000000071e+01 1.646498593209215985e-06
1.110000000000000142e+01 1.613450603880598271e-06
1.115000000000000036e+01 1.554772733140931254e-06
1.120000000000000107e+01 1.472596041820413696e-06
1.125000000000000000e+01 1.370309637435599134e-06
1.130000000000000071e+01 1.252447133550904139e-06
1.135000000000000142e+01 1.124110513607507574e-06
1.140000000000000036e+01 9.909048344997399872e-07
1.145000000000000107e+01 8.588088879834082011e-07
1.150000000000000000e+01 7.334649475678224626e-07
1.155000000000000071e+01 6.202537398400539477e-07
1.160000000000000142e+01 5.237671506155164186e-07
1.165000000000000036e+01 4.477282811906130760e-07
1.170000000000000107e+01 3.946206663038570852e-07
1.175000000000000000e+01 3.659595330488649364e-07
1.180000000000000071e+01 3.622000980820817134e-07
1.185000000000000142e+01 3.807173412034798396e-07
1.190000000000000036e+01 4.251553275491289908e-07
1.195000000000000107e+01 4.697182523510960685e-07
1.200000000000000000e+01 4.023723286305191996e-07
1.205000000000000071e+01 4.004316150117015235e-07
1.210000000000000142e+01 3.984569852153860303e-07
1.215000000000000036e+01 3.964103946719265546e-07
1.220000000000000107e+01 3.942938460799023590e-07
1.225000000000000000e+01 3.921671898079055484e-07
1.230000000000000071e+01 3.900118761012932940e-07
1.235000000000000142e+01 3.878099112053662329e-07
1.240000000000000036e+01 3.856381873949706613e-07
1.245000000000000107e+01 3.833840316038498877e-07
1.250000000000000000e+01 3.810682319590927581e-07
1.255000000000000071e+01 3.787847914317263632e-07
1.260000000000000142e+01 3.764967358872176506e-07
1.265000000000000036e+01 3.741499829467047298e-07
1.270000000000000107e+01 3.717913109758763034e-07
1.275000000000000000e+01 3.694392687780958437e-07
1.280000000000000071e+01 3.669962273598816038e-07
1.285000000000000142e+01 3.645881564516697234e-07
1.290000000000000036e+01 3.621708292996797896e-07
1.295000000000000107e+01 3.597273949087275736e-07
1.300000000000000000e+01 3.572933428398529055e-07
1.305000000000000071e+01 3.548430852931518963e-07
1.310000000000000142e+01 3.523261941032232897e-07
1.315000000000000036e+01 3.498628843375447639e-07
