0.000000000000000000e+00 0.000000000000000000e+00
5.000000000000000278e-02 -3.986391254585926682e-14
1.000000000000000056e-01 -1.275673263515913321e-12
1.500000000000000222e-01 -9.687336385134664248e-12
2.000000000000000111e-01 -4.082206638172252499e-11
2.500000000000000000e-01 -1.245705676498298196e-10
3.000000000000000444e-01 -3.099181223046390287e-10
3.500000000000000333e-01 -6.696365328123288063e-10
4.000000000000000222e-01 -1.304863243603704093e-09
4.500000000000000111e-01 -2.349492229102011205e-09
5.000000000000000000e-01 -3.974279026777436343e-09
5.500000000000000444e-01 -6.390541340649798670e-09
6.000000000000000888e-01 -9.853318671736884194e-09
6.500000000000000222e-01 -1.466384107345959452e-08
7.000000000000000666e-01 -2.117114980859751302e-08
7.500000000000000000e-01 -2.977271254038666062e-08
8.000000000000000444e-01 -4.091388350624072621e-08
8.500000000000000888e-01 -5.508607527049988087e-08
9.000000000000000222e-01 -7.282353306396998373e-08
9.500000000000000666e-01 -9.469863487680050632e-08
1.000000000000000000e+00 -1.213156794314790857e-07
1.050000000000000044e+00 -1.533031685890964398e-07
1.100000000000000089e+00 -1.913046389715139566e-07
1.150000000000000133e+00 -2.359681477031490119e-07
1.200000000000000178e+00 -2.879345671213941760e-07
1.250000000000000000e+00 -3.478248909519803335e-07
1.300000000000000044e+00 -4.162267977217428945e-07
1.350000000000000089e+00 -4.936807541637514729e-07
1.400000000000000133e+00 -5.806659703803811256e-07
1.450000000000000178e+00 -6.775865382155306663e-07
1.500000000000000000e+00 -7.847580936843181414e-07
1.550000000000000044e+00 -9.023953428871914921e-07
1.600000000000000089e+00 -1.030600778521518391e-06
1.650000000000000133e+00 -1.169354891279020626e-06
1.700000000000000178e+00 -1.318508147895743874e-06
1.750000000000000000e+00 -1.477774966605835755e-06
1.800000000000000044e+00 -1.646729872771035657e-06
1.850000000000000089e+00 -1.824805964295247644e-06
1.900000000000000133e+00 -2.011295760032602287e-06
1.950000000000000178e+00 -2.205354446774580944e-06
2.000000000000000000e+00 -2.406005483553044761e-06
2.050000000000000266e+00 -2.612148467807707006e-06
2.100000000000000089e+00 -2.822569118136077834e-06
2.149999999999999911e+00 -3.035951184311890003e-06
2.200000000000000178e+00 -3.250890058156643299e-06
2.250000000000000000e+00 -3.465907829468344478e-06
2.300000000000000266e+00 -3.679469509983608882e-06
2.350000000000000089e+00 -3.890000135351774674e-06
2.400000000000000355e+00 -4.095902450077242023e-06
2.450000000000000178e+00 -4.295574882786845484e-06
2.500000000000000000e+00 -4.487429528204897247e-06
2.550000000000000266e+00 -4.669909866884631009e-06
2.600000000000000089e+00 -4.841507972944965046e-06
2.650000000000000355e+00 -5.000780982635810338e-06
2.700000000000000178e+00 -5.146366621354024531e-06
2.750000000000000000e+00 -5.276997612677737171e-06
2.800000000000000266e+00 -5.391514819121808036e-06
2.850000000000000089e+00 -5.488878989846300255e-06
2.900000000000000355e+00 -5.568181014864483792e-06
2.950000000000000178e+00 -5.628650607989875814e-06
3.000000000000000000e+00 -5.669663361624566180e-06
3.050000000000000266e+00 -5.690746135501108671e-06
3.100000000000000089e+00 -5.691580758785383916e-06
3.150000000000000355e+00 -5.672006040791044030e-06
3.200000000000000178e+00 -5.632018100296904152e-06
3.250000000000000000e+00 -5.571769037486006306e-06
3.300000000000000266e+00 -5.491563986225822883e-06
3.350000000000000089e+00 -5.391856598124339668e-06
3.400000000000000355e+00 -5.273243023786221563e-06
3.450000000000000178e+00 -5.136454471106891732e-06
3.500000000000000000e+00 -4.982348435300380088e-06
3.550000000000000266e+00 -4.811898710541887866e-06
3.600000000000000089e+00 -4.626184308364407233e-06
3.650000000000000355e+00 -4.426377422903587782e-06
3.700000000000000178e+00 -4.213730597257563153e-06
3.750000000000000000e+00 -3.989563258068385428e-06
3.800000000000000266e+00 -3.755247796351916579e-06
3.850000000000000089e+00 -3.512195381019654649e-06
3.900000000000000355e+00 -3.261841696906107886e-06
3.950000000000000178e+00 -3.005632800977437104e-06
4.000000000000000000e+00 -2.745011288401358781e-06
4.049999999999999822e+00 -2.481402954097598094e-06
4.100000000000000533e+00 -2.216204125213797138e-06
4.150000000000000355e+00 -1.950769825806040514e-06
4.200000000000000178e+00 -1.686402917138648447e-06
4.250000000000000000e+00 -1.424344335908129920e-06
4.299999999999999822e+00 -1.165764528936721446e-06
4.350000000000000533e+00 -9.117561571844649184e-07
4.400000000000000355e+00 -6.633281150892717563e-07
4.450000000000000178e+00 -4.214008841032034261e-07
4.500000000000000000e+00 -1.868032126970414746e-07
4.549999999999999822e+00 3.972991013264198150e-08
4.600000000000000533e+00 2.575580439547579420e-07
4.650000000000000355e+00 4.661349250871568619e-07
4.700000000000000178e+00 6.650070275054289659e-07
4.750000000000000000e+00 8.538111636348310013e-07
4.800000000000000711e+00 1.032271241891752495e-06
4.850000000000000533e+00 1.200194303694497078e-06
4.900000000000000355e+00 1.357465964779840698e-06
4.950000000000000178e+00 1.504045384301563432e-06
5.000000000000000000e+00 1.639959880733115609e-06
5.050000000000000711e+00 1.765299306527219229e-06
5.100000000000000533e+00 1.880210284345280749e-06
5.150000000000000355e+00 1.984890397039847439e-06
5.200000000000000178e+00 2.079582412036691884e-06
5.250000000000000000e+00 2.164568608878084373e-06
5.300000000000000711e+00 2.240165266960276337e-06
5.350000000000000533e+00 2.306717359358559476e-06
5.400000000000000355e+00 2.364593488425123163e-06
5.450000000000000178e+00 2.414181089812492653e-06
5.500000000000000000e+00 2.455881923861157466e-06
5.550000000000000711e+00 2.490107866938529912e-06
5.600000000000000533e+00 2.517277010282667023e-06
5.650000000000000355e+00 2.537810070067943875e-06
5.700000000000000178e+00 2.552127109592408985e-06
5.750000000000000000e+00 2.560644572470371372e-06
5.800000000000000711e+00 2.563772624263238070e-06
5.850000000000000533e+00 2.561912798862059346e-06
5.900000000000000355e+00 2.555455944931893147e-06
5.950000000000000178e+00 2.544780466660217551e-06
6.000000000000000000e+00 2.530250851784880904e-06
6.050000000000000711e+00 2.512216478329737341e-06
6.100000000000000533e+00 2.491010689622681528e-06
6.150000000000000355e+00 2.466950125039010183e-06
6.200000000000000178e+00 2.440334291579582443e-06
6.250000000000000000e+00 2.411445358972681292e-06
6.300000000000000711e+00 2.380548158623344999e-06
6.350000000000000533e+00 2.347890364579663384e-06
6.400000000000000355e+00 2.313702832897611483e-06
6.450000000000000178e+00 2.278200074505904519e-06
6.500000000000000000e+00 2.241580836015820247e-06
6.550000000000000711e+00 2.204028762967762174e-06
6.600000000000000533e+00 2.165713120794240795e-06
6.650000000000000355e+00 2.126789550299089144e-06
6.700000000000000178e+00 2.087400836650405451e-06
6.750000000000000000e+00 2.047677673662341336e-06
6.800000000000000711e+00 2.007739408364210695e-06
6.850000000000000533e+00 1.967694754363003645e-06
6.900000000000000355e+00 1.927642466118553345e-06
6.950000000000000178e+00 1.887671969786354694e-06
7.000000000000000000e+00 1.847863949564707240e-06
7.050000000000000711e+00 1.808290891352967315e-06
7.100000000000000533e+00 1.769017587856858823e-06
7.150000000000000355e+00 1.730101610972006813e-06
7.200000000000000178e+00 1.691593758286965705e-06
7.250000000000000000e+00 1.653538480864741826e-06
7.300000000000000711e+00 1.615974299123514041e-06
7.350000000000000533e+00 1.578934212719238595e-06
7.400000000000000355e+00 1.542446108945396780e-06
7.450000000000000178e+00 1.506533172444162634e-06
7.500000000000000000e+00 1.471214297120766437e-06
7.550000000000000711e+00 1.436504499226151914e-06
7.600000000000000533e+00 1.402415328774003487e-06
7.650000000000000355e+00 1.368955274923893888e-06
7.700000000000000178e+00 1.336130159804967208e-06
7.750000000000000000e+00 1.303943514556097674e-06
7.800000000000000711e+00 1.272396931164734220e-06
7.850000000000000533e+00 1.241490384006078677e-06
7.900000000000000355e+00 1.211222515787968050e-06
7.950000000000000178e+00 1.181590883831902723e-06
8.000000000000000000e+00 1.152592164175392295e-06
8.050000000000000711e+00 1.124222312751606652e-06
8.099999999999999645e+00 1.096476684762705653e-06
8.150000000000000355e+00 1.069350115182212957e-06
8.200000000000001066e+00 1.042836964973866851e-06
8.250000000000000000e+00 1.016931138987361994e-06
8.300000000000000711e+00 9.916260824945928294e-07
8.349999999999999645e+00 9.669147638996856669e-07
8.400000000000000355e+00 9.427896512592053613e-07
8.450000000000001066e+00 9.192426898853783188e-07
8.500000000000000000e+00 8.962652875063281000e-07
8.550000000000000711e+00 8.738483122840314531e-07
8.599999999999999645e+00 8.519821075279055053e-07
8.650000000000000355e+00 8.306565252927549109e-07
8.700000000000001066e+00 8.098609793280397452e-07
8.750000000000000000e+00 7.895845161672164572e-07
8.800000000000000711e+00 7.698159016224022458e-07
8.849999999999999645e+00 7.505437186788707915e-07
8.900000000000000355e+00 7.317564718446316015e-07
8.950000000000001066e+00 7.134426924572921101e-07
9.000000000000000000e+00 6.955910393105028569e-07
9.050000000000000711e+00 6.781903892339042258e-07
9.099999999999999645e+00 6.612299129139148780e-07
9.150000000000000355e+00 6.446991322227546010e-07
9.200000000000001066e+00 6.285879565536897041e-07
9.250000000000000000e+00 6.128866970497859631e-07
9.300000000000000711e+00 5.975860590611984917e-07
9.349999999999999645e+00 5.826771145698459021e-07
9.400000000000000355e+00 5.681512575833458955e-07
9.450000000000001066e+00 5.540001465371924356e-07
9.500000000000000000e+00 5.402156384877132151e-07
9.550000000000000711e+00 5.267897202822873460e-07
9.600000000000001421e+00 5.137144419361524882e-07
9.650000000000000355e+00 5.009818571306264463e-07
9.700000000000001066e+00 4.885839751042359454e-07
9.750000000000000000e+00 4.765127272865316740e-07
9.800000000000000711e+00 4.647599508932015017e-07
9.850000000000001421e+00 4.533173904423024408e-07
9.900000000000000355e+00 4.421767168541486113e-07
9.950000000000001066e+00 4.313295625517506289e-07
1.000000000000000000e+01 4.207675698694337372e-07
1.005000000000000071e+01 4.104824491781005854e-07
1.010000000000000142e+01 4.004660425045622016e-07
1.015000000000000036e+01 3.907103880975200287e-07
1.020000000000000107e+01 3.812077813908725196e-07
1.025000000000000000e+01 3.719508281297052863e-07
1.030000000000000071e+01 3.629324860279466871e-07
1.035000000000000142e+01 3.541460921720301580e-07
1.040000000000000036e+01 3.455853744089107808e-07
1.045000000000000107e+01 3.372444460854675323e-07
1.050000000000000000e+01 3.291177846596138118e-07
1.055000000000000071e+01 3.212001958011444181e-07
1.060000000000000142e+01 3.134867655677235693e-07
1.065000000000000036e+01 3.059728040137337260e-07
1.070000000000000107e+01 2.986537841172616061e-07
1.075000000000000000e+01 2.915252801610869208e-07
1.080000000000000071e+01 2.845829096647095177e-07
1.085000000000000142e+01 2.778222826440904723e-07
1.090000000000000036e+01 2.712389614007819788e-07
1.095000000000000107e+01 2.648284332567102255e-07
1.100000000000000000e+01 2.585860977129038156e-07
1.105000000000000071e+01 2.525072684872324809e-07
1.110000000000000142e+01 2.465871898498743793e-07
1.115000000000000036e+01 2.408210656974448183e-07
1.120000000000000107e+01 2.352040989538930931e-07
1.125000000000000000e+01 2.297315382150979822e-07
1.130000000000000071e+01 2.243987281076982168e-07
1.135000000000000142e+01 2.192011596379500372e-07
1.140000000000000036e+01 2.141345168724339790e-07
1.145000000000000107e+01 2.091947166101532124e-07
1.150000000000000000e+01 2.043779382487044298e-07
1.155000000000000071e+01 1.996806417744454211e-07
1.160000000000000142e+01 1.950995726645248782e-07
1.165000000000000036e+01 1.906317534158847729e-07
1.170000000000000107e+01 1.862744623476496377e-07
1.175000000000000000e+01 1.820252011943642349e-07
1.180000000000000071e+01 1.778816537591722474e-07
1.185000000000000142e+01 1.738416384783740988e-07
1.190000000000000036e+01 1.699030581245059368e-07
1.195000000000000107e+01 1.660638500216350569e-07
1.200000000000000000e+01 1.623219400576938062e-07
1.205000000000000071e+01 1.586752034644314786e-07
1.210000000000000142e+01 1.551214348213763615e-07
1.215000000000000036e+01 1.516583290649072839e-07
1.220000000000000107e+01 1.482834744964212386e-07
1.225000000000000000e+01 1.449943579408634778e-07
1.230000000000000071e+01 1.417883813676323941e-07
1.235000000000000142e+01 1.386628885080790216e-07
1.240000000000000036e+01 1.356151993400797257e-07
1.245000000000000107e+01 1.326426498045426538e-07
1.250000000000000000e+01 1.297426338035340116e-07
1.255000000000000071e+01 1.269126444235722706e-07
1.260000000000000142e+01 1.241503114345759974e-07
1.265000000000000036e+01 1.214534324239932484e-07
1.270000000000000107e+01 1.188199954122169048e-07
1.275000000000000000e+01 1.162481914229562418e-07
1.280000000000000071e+01 1.137364162051304096e-07
1.285000000000000142e+01 1.112832610695608852e-07
1.290000000000000036e+01 1.088874935605322610e-07
1.295000000000000107e+01 1.065480293769989543e-07
1.300000000000000000e+01 1.042638975437705055e-07
1.305000000000000071e+01 1.020342012706300841e-07
1.310000000000000142e+01 9.985807719915366654e-08
1.315000000000000036e+01 9.773465580762111357e-08
1.320000000000000107e+01 9.566302562199647546e-08
1.325000000000000000e+01 9.364220357706866520e-08
1.330000000000000071e+01 9.167111341028138569e-08
1.335000000000000142e+01 8.974857338606041667e-08
1.340000000000000036e+01 8.787329398291865734e-08
1.345000000000000107e+01 8.604388547665191497e-08
1.350000000000000000e+01 8.425887466943887762e-08
1.355000000000000071e+01 8.251672939375793637e-08
1.360000000000000142e+01 8.081588890374309137e-08
1.365000000000000036e+01 7.915479788909386499e-08
1.370000000000000107e+01 7.753194163197181803e-08
1.375000000000000000e+01 7.594587978782520699e-08
1.380000000000000071e+01 7.439527640686926603e-08
1.385000000000000142e+01 7.287892411194844290e-08
1.390000000000000036e+01 7.139576078752638376e-08
1.395000000000000107e+01 6.994487768102955005e-08
1.400000000000000000e+01 6.852551843226808374e-08
1.405000000000000071e+01 6.713706918549324040e-08
1.410000000000000142e+01 6.577904055719114606e-08
1.415000000000000036e+01 6.445104278842843769e-08
1.420000000000000107e+01 6.315275586570950205e-08
1.425000000000000000e+01 6.188389671895682098e-08
1.430000000000000071e+01 6.064418577867313308e-08
1.435000000000000142e+01 5.943331518680071348e-08
1.440000000000000036e+01 5.825092080874894824e-08
1.445000000000000107e+01 5.709655990003210984e-08
1.450000000000000000e+01 5.596969586244988951e-08
1.455000000000000071e+01 5.486969101257810021e-08
1.460000000000000142e+01 5.379580771644582032e-08
1.465000000000000036e+01 5.274721765884398002e-08
1.470000000000000107e+01 5.172301845470101574e-08
1.475000000000000000e+01 5.072225631184703605e-08
1.480000000000000071e+01 4.974395305303074116e-08
1.485000000000000142e+01 4.878713552668709043e-08
1.490000000000000036e+01 4.785086529826852689e-08
1.495000000000000107e+01 4.693426652458885941e-08
1.500000000000000000e+01 4.603655006967867002e-08
1.505000000000000071e+01 4.515703220936959951e-08
1.510000000000000142e+01 4.429514667125943693e-08
1.515000000000000036e+01 4.345044923764974056e-08
1.520000000000000107e+01 4.262261466700427342e-08
1.525000000000000000e+01 4.181142622714794513e-08
1.530000000000000071e+01 4.101675864339006518e-08
1.535000000000000142e+01 4.023855571200451441e-08
1.540000000000000036e+01 3.947680418386186888e-08
1.545000000000000107e+01 3.873150576114112968e-08
1.550000000000000000e+01 3.800264915704490146e-08
1.555000000000000071e+01 3.729018413862177668e-08
1.560000000000000142e+01 3.659399931006970445e-08
1.565000000000000036e+01 3.591390511140226888e-08
1.570000000000000107e+01 3.524962312620409444e-08
1.575000000000000000e+01 3.460078234026419590e-08
1.580000000000000071e+01 3.396692250236195713e-08
1.585000000000000142e+01 3.334750424398690338e-08
1.590000000000000036e+01 3.274192515062279563e-08
1.595000000000000107e+01 3.214954057526282215e-08
1.600000000000000000e+01 3.156968767199436984e-08
1.605000000000000071e+01 3.100171092446615370e-08
1.610000000000000142e+01 3.044498736330656409e-08
1.615000000000000213e+01 2.989894971218777255e-08
1.619999999999999929e+01 2.936310586933722728e-08
1.625000000000000000e+01 2.883705340671029019e-08
1.630000000000000071e+01 2.832048813225977247e-08
1.635000000000000142e+01 2.781320618532914966e-08
1.640000000000000213e+01 2.731509959106357946e-08
1.644999999999999929e+01 2.682614565467942929e-08
1.650000000000000000e+01 2.634639099905639077e-08
1.655000000000000071e+01 2.587593141048301627e-08
1.660000000000000142e+01 2.541488893322468100e-08
1.665000000000000213e+01 2.496338782594055388e-08
1.669999999999999929e+01 2.452153105120256482e-08
1.675000000000000000e+01 2.408937891097821356e-08
1.680000000000000071e+01 2.366693127144717683e-08
1.685000000000000142e+01 2.325411455318674335e-08
1.690000000000000213e+01 2.285077431737296318e-08
1.694999999999999929e+01 2.245667388016923234e-08
1.700000000000000000e+01 2.207149896424968719e-08
1.705000000000000071e+01 2.169486797809311838e-08
1.710000000000000142e+01 2.132634712920142941e-08
1.715000000000000213e+01 2.096546925300376179e-08
1.719999999999999929e+01 2.061175499655568365e-08
1.725000000000000000e+01 2.026473485102152719e-08
1.730000000000000071e+01 1.992397048811015795e-08
1.735000000000000142e+01 1.958907392439170634e-08
1.740000000000000213e+01 1.925972320763166050e-08
1.744999999999999929e+01 1.893567357773120947e-08
1.750000000000000000e+01 1.861676338252712765e-08
1.755000000000000071e+01 1.830291440195714012e-08
1.760000000000000142e+01 1.799412662636154419e-08
1.765000000000000213e+01 1.769046791868706570e-08
1.769999999999999929e+01 1.739205933932384392e-08
1.775000000000000000e+01 1.709905720275960173e-08
1.780000000000000071e+01 1.681163314758765012e-08
1.785000000000000142e+01 1.652995362208231591e-08
1.790000000000000213e+01 1.625416020936955680e-08
1.794999999999999929e+01 1.598435213895332881e-08
1.800000000000000000e+01 1.572057216171031393e-08
1.805000000000000071e+01 1.546279671642544845e-08
1.810000000000000142e+01 1.521093100584743987e-08
1.815000000000000213e+01 1.496480925144501661e-08
1.819999999999999929e+01 1.472420003324793007e-08
1.825000000000000000e+01 1.448881626976618721e-08
1.830000000000000071e+01 1.425832907721276235e-08
1.835000000000000142e+01 1.403238448857936510e-08
1.840000000000000213e+01 1.381062182871936901e-08
1.844999999999999929e+01 1.359269244331717980e-08
1.850000000000000000e+01 1.337827747309678093e-08
1.855000000000000071e+01 1.316710344913333684e-08
1.860000000000000142e+01 1.295895465349214648e-08
1.865000000000000213e+01 1.275368142892914367e-08
1.869999999999999929e+01 1.255120391428746870e-08
1.875000000000000000e+01 1.235151100759325828e-08
1.880000000000000071e+01 1.215465469347496053e-08
1.885000000000000142e+01 1.196074019212958519e-08
1.890000000000000213e+01 1.176991267143938158e-08
1.894999999999999929e+01 1.158234149273236508e-08
1.900000000000000000e+01 1.139820311890888470e-08
1.905000000000000071e+01 1.121766389110583178e-08
1.910000000000000142e+01 1.104086387251689175e-08
1.915000000000000213e+01 1.086790286699839755e-08
1.920000000000000284e+01 1.069882955321018024e-08
1.925000000000000000e+01 1.053363444485363163e-08
1.930000000000000071e+01 1.037224711101603523e-08
1.935000000000000142e+01 1.021453778751950790e-08
1.940000000000000213e+01 1.006032320214443683e-08
1.945000000000000284e+01 9.909376145002620974e-09
1.950000000000000000e+01 9.761438060477647372e-09
1.955000000000000071e+01 9.616233736191282548e-09
1.960000000000000142e+01 9.473487030777439691e-09
1.965000000000000213e+01 9.332936524243994930e-09
1.970000000000000284e+01 9.194349995461321395e-09
1.975000000000000000e+01 9.057536728309600008e-09
1.980000000000000071e+01 8.922356813506719551e-09
1.985000000000000142e+01 8.788726834616943588e-09
1.990000000000000213e+01 8.656621588040228478e-09
1.995000000000000284e+01 8.526071769107584545e-09
