0.000000000000000000e+00 -8.894216316758768448e-02
5.000000000000000278e-02 -9.266044626111598348e-02
1.000000000000000056e-01 -9.205954819542160050e-02
1.500000000000000222e-01 -9.099746863554779297e-02
2.000000000000000111e-01 -8.951720391265581556e-02
2.500000000000000000e-01 -8.762470692508241010e-02
3.000000000000000444e-01 -8.537618508891030300e-02
3.500000000000000333e-01 -8.275839500103990276e-02
4.000000000000000222e-01 -7.978154678261427379e-02
4.500000000000000111e-01 -7.647205437446334686e-02
5.000000000000000000e-01 -7.285470637769890512e-02
5.500000000000000444e-01 -6.895289342056394599e-02
6.000000000000000888e-01 -6.479389449744649143e-02
6.500000000000000222e-01 -6.037687930752355658e-02
7.000000000000000666e-01 -5.578156797556010904e-02
7.500000000000000000e-01 -5.100044453068597328e-02
8.000000000000000444e-01 -4.604722593412640536e-02
8.500000000000000888e-01 -4.097159207757345573e-02
9.000000000000000222e-01 -3.579589153112403693e-02
9.500000000000000666e-01 -3.052854338918230964e-02
1.000000000000000000e+00 -2.520234842519342155e-02
1.050000000000000044e+00 -1.984809731136898819e-02
1.100000000000000089e+00 -1.449856833207116037e-02
1.150000000000000133e+00 -9.083411204076409853e-03
1.200000000000000178e+00 -3.926920789849374684e-03
1.250000000000000000e+00 1.586596310134938360e-03
1.300000000000000044e+00 6.586436486004934414e-03
1.350000000000000089e+00 1.178088380302066279e-02
1.400000000000000133e+00 1.674061095172148586e-02
1.450000000000000178e+00 2.160151211326799200e-02
1.500000000000000000e+00 2.629898093341341905e-02
1.550000000000000044e+00 3.082665408573472335e-02
1.600000000000000089e+00 3.515884787324461552e-02
1.650000000000000133e+00 3.927173925706941432e-02
1.700000000000000178e+00 4.314515207800322799e-02
1.750000000000000000e+00 4.676751556068249605e-02
1.800000000000000044e+00 5.011851449383202678e-02
1.850000000000000089e+00 5.315701363187254336e-02
1.900000000000000133e+00 5.588415092426073094e-02
1.950000000000000178e+00 5.827263781428029810e-02
2.000000000000000000e+00 6.031323354406999127e-02
2.050000000000000266e+00 6.198350229071974277e-02
2.100000000000000089e+00 6.327603660095552918e-02
2.149999999999999911e+00 6.417395166952713503e-02
2.200000000000000178e+00 6.467409701683234091e-02
2.250000000000000000e+00 6.477590410117739506e-02
2.300000000000000266e+00 6.447087615158125784e-02
2.350000000000000089e+00 6.376494175272340303e-02
2.400000000000000355e+00 6.267640448491147709e-02
2.450000000000000178e+00 6.120512066201548584e-02
2.500000000000000000e+00 5.936797744838478996e-02
2.550000000000000266e+00 5.719218655253823641e-02
2.600000000000000089e+00 5.470054545971293064e-02
2.650000000000000355e+00 5.189934420172334639e-02
2.700000000000000178e+00 4.886713557152590898e-02
2.750000000000000000e+00 4.558095799203059489e-02
2.800000000000000266e+00 4.212026780922663999e-02
2.850000000000000089e+00 3.849252770617175856e-02
2.900000000000000355e+00 3.475455764380139950e-02
2.950000000000000178e+00 3.095702562984916154e-02
3.000000000000000000e+00 2.709840314795029792e-02
3.050000000000000266e+00 2.327639924969395618e-02
3.100000000000000089e+00 1.944308696909615233e-02
3.150000000000000355e+00 1.573306769164829061e-02
3.200000000000000178e+00 1.210972822824281543e-02
3.250000000000000000e+00 8.632385090382702422e-03
3.300000000000000266e+00 5.316682258872234071e-03
3.350000000000000089e+00 2.191951190858641100e-03
3.400000000000000355e+00 -7.266887713713312495e-04
3.450000000000000178e+00 -3.409478506116170749e-03
3.500000000000000000e+00 -5.879441206000322710e-03
3.550000000000000266e+00 -8.082622874742463603e-03
3.600000000000000089e+00 -1.004872005109987837e-02
3.650000000000000355e+00 -1.176208674856993493e-02
3.700000000000000178e+00 -1.323034149861775262e-02
3.750000000000000000e+00 -1.445905287908168593e-02
3.800000000000000266e+00 -1.545585775624267605e-02
3.850000000000000089e+00 -1.623027854628246447e-02
3.900000000000000355e+00 -1.679927122598858652e-02
3.950000000000000178e+00 -1.717264922850431433e-02
4.000000000000000000e+00 -1.736500372315208374e-02
4.049999999999999822e+00 -1.740025440614841393e-02
4.100000000000000533e+00 -1.728680809871766672e-02
4.150000000000000355e+00 -1.704344398418845136e-02
4.200000000000000178e+00 -1.669253573622342737e-02
4.250000000000000000e+00 -1.624089716610672279e-02
4.299999999999999822e+00 -1.571053615550153937e-02
4.350000000000000533e+00 -1.511519504294206624e-02
4.400000000000000355e+00 -1.446703738917152690e-02
4.450000000000000178e+00 -1.378012998103530194e-02
4.500000000000000000e+00 -1.306613976835162456e-02
4.549999999999999822e+00 -1.233399793779483590e-02
4.600000000000000533e+00 -1.159698818226272132e-02
4.650000000000000355e+00 -1.085877448120714170e-02
4.700000000000000178e+00 -1.012933031631505117e-02
4.750000000000000000e+00 -9.414519908795911454e-03
4.800000000000000711e+00 -8.718867424187497564e-03
4.850000000000000533e+00 -8.047639684636800905e-03
4.900000000000000355e+00 -7.401934490747363524e-03
4.950000000000000178e+00 -6.789813047472231453e-03
5.000000000000000000e+00 -6.206074808038735541e-03
5.050000000000000711e+00 -5.657227880372571634e-03
5.100000000000000533e+00 -5.142083539891265792e-03
5.150000000000000355e+00 -4.661127393669263139e-03
5.200000000000000178e+00 -4.214882749297285333e-03
5.250000000000000000e+00 -3.799849009453415589e-03
5.300000000000000711e+00 -3.428876797075561342e-03
5.350000000000000533e+00 -3.062599340363826150e-03
5.400000000000000355e+00 -2.755307174187576931e-03
5.450000000000000178e+00 -2.461903296039007205e-03
5.500000000000000000e+00 -2.199343377581157184e-03
5.550000000000000711e+00 -1.961039028762446342e-03
5.600000000000000533e+00 -1.745939349368035758e-03
5.650000000000000355e+00 -1.553760710006560656e-03
5.700000000000000178e+00 -1.375833031257807241e-03
5.750000000000000000e+00 -1.227993705414683404e-03
5.800000000000000711e+00 -1.083819104285146896e-03
5.850000000000000533e+00 -9.608607814793913024e-04
5.900000000000000355e+00 -8.499801394261306516e-04
5.950000000000000178e+00 -7.511643576904403295e-04
6.000000000000000000e+00 -6.592881169968820790e-04
6.050000000000000711e+00 -5.875278832552828382e-04
6.100000000000000533e+00 -5.133656574254457901e-04
6.150000000000000355e+00 -4.524633044149187363e-04
6.200000000000000178e+00 -3.970924152958235404e-04
6.250000000000000000e+00 -3.484297386521497341e-04
6.300000000000000711e+00 -3.053678308677979219e-04
6.350000000000000533e+00 -2.674427233508413072e-04
6.400000000000000355e+00 -2.342236478025821220e-04
6.450000000000000178e+00 -2.053568040300456034e-04
6.500000000000000000e+00 -1.798020507520222517e-04
6.550000000000000711e+00 -1.581789665068102698e-04
6.600000000000000533e+00 -1.393578340850736062e-04
6.650000000000000355e+00 -1.232022212925442295e-04
6.700000000000000178e+00 -1.094155528355911569e-04
6.750000000000000000e+00 -9.762365004593562842e-05
6.800000000000000711e+00 -8.755739127287862826e-05
6.850000000000000533e+00 -7.882942696213382072e-05
6.900000000000000355e+00 -7.153609933263598952e-05
6.950000000000000178e+00 -6.410013567250622880e-05
7.000000000000000000e+00 -6.074382320627954196e-05
7.050000000000000711e+00 -5.402579053074829652e-05
7.100000000000000533e+00 -4.805028748578826997e-05
7.150000000000000355e+00 -4.273510327473718800e-05
7.200000000000000178e+00 -3.800730331642745269e-05
7.250000000000000000e+00 -3.380190757306080271e-05
7.300000000000000711e+00 -3.006161886812623219e-05
7.350000000000000533e+00 -2.673485552002104881e-05
7.400000000000000355e+00 -2.377578352752294155e-05
7.450000000000000178e+00 -2.114409872116323897e-05
7.500000000000000000e+00 -1.880346608628727086e-05
7.550000000000000711e+00 -1.672173921742488336e-05
7.600000000000000533e+00 -1.487021254610600356e-05
7.650000000000000355e+00 -1.322365984814562122e-05
