0.000000000000000000e+00 0.000000000000000000e+00
5.000000000000000278e-02 2.275185407183483616e-13
1.000000000000000056e-01 7.269461054809097427e-12
1.500000000000000222e-01 5.506188149595951886e-11
2.000000000000000111e-01 2.312035855672191577e-10
2.500000000000000000e-01 7.023475030549989510e-10
3.000000000000000444e-01 1.737895371379547650e-09
3.500000000000000333e-01 3.731481668824490960e-09
4.000000000000000222e-01 7.219775514214025843e-09
4.500000000000000111e-01 1.289818105189918987e-08
5.000000000000000000e-01 2.163307660852061592e-08
5.500000000000000444e-01 3.447029942498688608e-08
6.000000000000000888e-01 5.263965468652231712e-08
6.500000000000000222e-01 7.755530344763872385e-08
7.000000000000000666e-01 1.108119623605287290e-07
7.500000000000000000e-01 1.541769273117293712e-07
8.000000000000000444e-01 2.095780115975757746e-07
8.500000000000000888e-01 2.790875655993071514e-07
9.000000000000000222e-01 3.649028175918409187e-07
9.500000000000000666e-01 4.693228429673619274e-07
1.000000000000000000e+00 5.947225305277740403e-07
1.050000000000000044e+00 7.435239684957217684e-07
1.100000000000000089e+00 9.181657185752731203e-07
1.150000000000000133e+00 1.121070483006235140e-06
1.200000000000000178e+00 1.354611696541254678e-06
1.250000000000000000e+00 1.621079592276203161e-06
1.300000000000000044e+00 1.922647297131526392e-06
1.350000000000000089e+00 2.261337509569615961e-06
1.400000000000000133e+00 2.638990299093641737e-06
1.450000000000000178e+00 3.057232544647727819e-06
1.500000000000000000e+00 3.517449497842352101e-06
1.550000000000000044e+00 4.020758917734535592e-06
1.600000000000000089e+00 4.567988177608252587e-06
1.650000000000000133e+00 5.159654691848970097e-06
1.700000000000000178e+00 5.795949953698118736e-06
1.750000000000000000e+00 6.476727413583893255e-06
1.800000000000000044e+00 7.201494364065690676e-06
1.850000000000000089e+00 7.969407932423976267e-06
1.900000000000000133e+00 8.779275216784973218e-06
1.950000000000000178e+00 9.629557537560807501e-06
2.000000000000000000e+00 1.051837871402109581e-05
2.050000000000000266e+00 1.144353721702178527e-05
2.100000000000000089e+00 1.240252199423183313e-05
2.149999999999999911e+00 1.339253171443780565e-05
2.200000000000000178e+00 1.441049713336292398e-05
2.250000000000000000e+00 1.545310624547286462e-05
2.300000000000000266e+00 1.651683185487635947e-05
2.350000000000000089e+00 1.759796117394588294e-05
2.400000000000000355e+00 1.869262704082538386e-05
2.450000000000000178e+00 1.979684033656203910e-05
2.500000000000000000e+00 2.090652317907559259e-05
2.550000000000000266e+00 2.201754247431701587e-05
2.600000000000000089e+00 2.312574341441453419e-05
2.650000000000000355e+00 2.422698252791034794e-05
2.700000000000000178e+00 2.531715990781992109e-05
2.750000000000000000e+00 2.639225026859912603e-05
2.800000000000000266e+00 2.744833251252616548e-05
2.850000000000000089e+00 2.848161751880560837e-05
2.900000000000000355e+00 2.948847390416772186e-05
2.950000000000000178e+00 3.046545154114874769e-05
3.000000000000000000e+00 3.140930265888446272e-05
3.050000000000000266e+00 3.231700039043875530e-05
3.100000000000000089e+00 3.318575466976427673e-05
3.150000000000000355e+00 3.401302541973297684e-05
3.200000000000000178e+00 3.479653300972108704e-05
3.250000000000000000e+00 3.553426599647535692e-05
3.300000000000000266e+00 3.622448619498613766e-05
3.350000000000000089e+00 3.686573115647338557e-05
3.400000000000000355e+00 3.745681415805014280e-05
3.450000000000000178e+00 3.799682183293245002e-05
3.500000000000000000e+00 3.848510959105046957e-05
3.550000000000000266e+00 3.892129499749002032e-05
3.600000000000000089e+00 3.930524929032407148e-05
3.650000000000000355e+00 3.963708723010875648e-05
3.700000000000000178e+00 3.991715548070604589e-05
3.750000000000000000e+00 4.014601972528263047e-05
3.800000000000000266e+00 4.032445072250376235e-05
3.850000000000000089e+00 4.045340950629810057e-05
3.900000000000000355e+00 4.053403192836105284e-05
3.950000000000000178e+00 4.056761273604842974e-05
4.000000000000000000e+00 4.055558936977379678e-05
4.049999999999999822e+00 4.049952565374625860e-05
4.100000000000000533e+00 4.040109554216550969e-05
4.150000000000000355e+00 4.026206707011955411e-05
4.200000000000000178e+00 4.008428664468641889e-05
4.250000000000000000e+00 3.986966379740410874e-05
4.299999999999999822e+00 3.962015650459342739e-05
4.350000000000000533e+00 3.933775716724133308e-05
4.400000000000000355e+00 3.902447932749248332e-05
4.450000000000000178e+00 3.868234518445489247e-05
4.500000000000000000e+00 3.831337395817064706e-05
4.549999999999999822e+00 3.791957113738651054e-05
4.600000000000000533e+00 3.750291863430521577e-05
4.650000000000000355e+00 3.706536585790622465e-05
4.700000000000000178e+00 3.660882170677287503e-05
4.750000000000000000e+00 3.613514747270505338e-05
4.800000000000000711e+00 3.564615063776732602e-05
4.850000000000000533e+00 3.514357953983642099e-05
4.900000000000000355e+00 3.462911887516627866e-05
4.950000000000000178e+00 3.410438600096570564e-05
5.000000000000000000e+00 3.357092799645191856e-05
5.050000000000000711e+00 3.303021943725700105e-05
5.100000000000000533e+00 3.248366083537637726e-05
5.150000000000000355e+00 3.193257769499131615e-05
5.200000000000000178e+00 3.137822013341247856e-05
5.250000000000000000e+00 3.082176301600368705e-05
5.300000000000000711e+00 3.026430655418392720e-05
5.350000000000000533e+00 2.970687731639888349e-05
5.400000000000000355e+00 2.915042960322628438e-05
5.450000000000000178e+00 2.859584713946185729e-05
5.500000000000000000e+00 2.804394503805656425e-05
5.550000000000000711e+00 2.749547199307339959e-05
5.600000000000000533e+00 2.695111266134414128e-05
5.650000000000000355e+00 2.641149019517430625e-05
5.700000000000000178e+00 2.587716889121658388e-05
5.750000000000000000e+00 2.534865692346124479e-05
5.800000000000000711e+00 2.482640913113457257e-05
5.850000000000000533e+00 2.431082983511648836e-05
5.900000000000000355e+00 2.380227565925229454e-05
5.950000000000000178e+00 2.330105833561723009e-05
6.000000000000000000e+00 2.280744747536866929e-05
6.050000000000000711e+00 2.232167328927680113e-05
6.100000000000000533e+00 2.184392924434133646e-05
6.150000000000000355e+00 2.137437464507240364e-05
6.200000000000000178e+00 2.091313713002994129e-05
6.250000000000000000e+00 2.046031507607321378e-05
6.300000000000000711e+00 2.001597990447045335e-05
6.350000000000000533e+00 1.958017828455921682e-05
6.400000000000000355e+00 1.915293423203145258e-05
6.450000000000000178e+00 1.873425110015281703e-05
6.500000000000000000e+00 1.832411346331439306e-05
6.550000000000000711e+00 1.792248889326787521e-05
6.600000000000000533e+00 1.752932962921752806e-05
6.650000000000000355e+00 1.714457414364525874e-05
6.700000000000000178e+00 1.676814860633370297e-05
6.750000000000000000e+00 1.639996824954029184e-05
6.800000000000000711e+00 1.603993863766747956e-05
6.850000000000000533e+00 1.568795684508269374e-05
6.900000000000000355e+00 1.534391254597261304e-05
6.950000000000000178e+00 1.500768902028070660e-05
7.000000000000000000e+00 1.467916407988032624e-05
7.050000000000000711e+00 1.435821091918705572e-05
7.100000000000000533e+00 1.404469889442031806e-05
7.150000000000000355e+00 1.373849423569165512e-05
7.200000000000000178e+00 1.343946069603157185e-05
7.250000000000000000e+00 1.314746014137472319e-05
7.300000000000000711e+00 1.286235308540847046e-05
7.350000000000000533e+00 1.258399917305771385e-05
7.400000000000000355e+00 1.231225761623298090e-05
7.450000000000000178e+00 1.204698758531276457e-05
7.500000000000000000e+00 1.178804855966832859e-05
7.550000000000000711e+00 1.153530064037181539e-05
7.600000000000000533e+00 1.128860482805946674e-05
7.650000000000000355e+00 1.104782326875239103e-05
7.700000000000000178e+00 1.081281947027031167e-05
7.750000000000000000e+00 1.058345849170885293e-05
7.800000000000000711e+00 1.035960710829096073e-05
7.850000000000000533e+00 1.014113395374808765e-05
7.900000000000000355e+00 9.927909642236951846e-06
7.950000000000000178e+00 9.719806871655186476e-06
8.000000000000000000e+00 9.516700510082200552e-06
8.050000000000000711e+00 9.318467666942467341e-06
8.099999999999999645e+00 9.124987750365314845e-06
8.150000000000000355e+00 8.936142512100406365e-06
8.200000000000001066e+00 8.751816081238654072e-06
8.250000000000000000e+00 8.571894987887174435e-06
8.300000000000000711e+00 8.396268177851064454e-06
8.349999999999999645e+00 8.224827019286718406e-06
8.400000000000000355e+00 8.057465302207983922e-06
8.450000000000001066e+00 7.894079231650745013e-06
8.500000000000000000e+00 7.734567415229533739e-06
8.550000000000000711e+00 7.578830845754969093e-06
8.599999999999999645e+00 7.426772879519516823e-06
8.650000000000000355e+00 7.278299210803547696e-06
8.700000000000001066e+00 7.133317843102069578e-06
8.750000000000000000e+00 6.991739057525407786e-06
8.800000000000000711e+00 6.853475378783365662e-06
8.849999999999999645e+00 6.718441539123194944e-06
8.900000000000000355e+00 6.586554440554610572e-06
8.950000000000001066e+00 6.457733115662538133e-06
9.000000000000000000e+00 6.331898687277110530e-06
9.050000000000000711e+00 6.208974327243246598e-06
9.099999999999999645e+00 6.088885214506732584e-06
9.150000000000000355e+00 5.971558492710230688e-06
9.200000000000001066e+00 5.856923227472468484e-06
9.250000000000000000e+00 5.744910363504019593e-06
9.300000000000000711e+00 5.635452681696235948e-06
9.349999999999999645e+00 5.528484756304168536e-06
9.400000000000000355e+00 5.423942912329686912e-06
9.450000000000001066e+00 5.321765183198681779e-06
9.500000000000000000e+00 5.221891268814004608e-06
9.550000000000000711e+00 5.124262494055611851e-06
9.600000000000001421e+00 5.028821767789769184e-06
9.650000000000000355e+00 4.935513542440339189e-06
9.700000000000001066e+00 4.844283774167785524e-06
9.750000000000000000e+00 4.755079883694305693e-06
9.800000000000000711e+00 4.667850717807166997e-06
9.850000000000001421e+00 4.582546511567002597e-06
9.900000000000000355e+00 4.499118851242373108e-06
9.950000000000001066e+00 4.417520637987607231e-06
1.000000000000000000e+01 4.337706052276900498e-06
1.005000000000000071e+01 4.259630519103837038e-06
1.010000000000000142e+01 4.183250673952559210e-06
1.015000000000000036e+01 4.108524329543607302e-06
1.020000000000000107e+01 4.035410443355321236e-06
1.025000000000000000e+01 3.963869085919044989e-06
1.030000000000000071e+01 3.893861409884681217e-06
1.035000000000000142e+01 3.825349619851309755e-06
1.040000000000000036e+01 3.758296942956067477e-06
1.045000000000000107e+01 3.692667600213077934e-06
1.050000000000000000e+01 3.628426778593270987e-06
1.055000000000000071e+01 3.565540603834776388e-06
1.060000000000000142e+01 3.503976113972767255e-06
1.065000000000000036e+01 3.443701233576977964e-06
1.070000000000000107e+01 3.384684748684446788e-06
1.075000000000000000e+01 3.326896282414582531e-06
1.080000000000000071e+01 3.270306271253271148e-06
1.085000000000000142e+01 3.214885941992354211e-06
1.090000000000000036e+01 3.160607289310683151e-06
1.095000000000000107e+01 3.107443053982613165e-06
1.100000000000000000e+01 3.055366701699929813e-06
1.105000000000000071e+01 3.004352402492840943e-06
1.110000000000000142e+01 2.954375010735961748e-06
1.115000000000000036e+01 2.905410045724985319e-06
1.120000000000000107e+01 2.857433672809972837e-06
1.125000000000000000e+01 2.810422685071234030e-06
1.130000000000000071e+01 2.764354485523838332e-06
1.135000000000000142e+01 2.719207069837119132e-06
1.140000000000000036e+01 2.674959009555423297e-06
1.145000000000000107e+01 2.631589435806886375e-06
1.150000000000000000e+01 2.589078023486929935e-06
1.155000000000000071e+01 2.547404975903548575e-06
1.160000000000000142e+01 2.506551009871706503e-06
1.165000000000000036e+01 2.466497341244231792e-06
1.170000000000000107e+01 2.427225670867068214e-06
1.175000000000000000e+01 2.388718170946858477e-06
1.180000000000000071e+01 2.350957471819046993e-06
1.185000000000000142e+01 2.313926649105144730e-06
1.190000000000000036e+01 2.277609211247838950e-06
1.195000000000000107e+01 2.241989087413047355e-06
1.200000000000000000e+01 2.207050615748222862e-06
1.205000000000000071e+01 2.172778531986444747e-06
1.210000000000000142e+01 2.139157958386193611e-06
1.215000000000000036e+01 2.106174392996864304e-06
1.220000000000000107e+01 2.073813699240376288e-06
1.225000000000000000e+01 2.042062095799496756e-06
1.230000000000000071e+01 2.010906146803749717e-06
1.235000000000000142e+01 1.980332752304009153e-06
1.240000000000000036e+01 1.950329139027122546e-06
1.245000000000000107e+01 1.920882851402178706e-06
1.250000000000000000e+01 1.891981742850247329e-06
1.255000000000000071e+01 1.863613967329602318e-06
1.260000000000000142e+01 1.835767971128851319e-06
1.265000000000000036e+01 1.808432484900295874e-06
1.270000000000000107e+01 1.781596515926417698e-06
1.275000000000000000e+01 1.755249340612343185e-06
1.280000000000000071e+01 1.729380497197447821e-06
1.285000000000000142e+01 1.703979778679484355e-06
1.290000000000000036e+01 1.679037225944745157e-06
1.295000000000000107e+01 1.654543121098006195e-06
1.300000000000000000e+01 1.630487980986238275e-06
1.305000000000000071e+01 1.606862550910103777e-06
1.310000000000000142e+01 1.583657798517612292e-06
1.315000000000000036e+01 1.560864907874360164e-06
1.320000000000000107e+01 1.538475273704989070e-06
1.325000000000000000e+01 1.516480495800686778e-06
1.330000000000000071e+01 1.494872373587639401e-06
1.335000000000000142e+01 1.473642900851593734e-06
1.340000000000000036e+01 1.452784260613790101e-06
1.345000000000000107e+01 1.432288820153604267e-06
1.350000000000000000e+01 1.412149126173562459e-06
1.355000000000000071e+01 1.392357900102300365e-06
1.360000000000000142e+01 1.372908033531407760e-06
1.365000000000000036e+01 1.353792583781977165e-06
1.370000000000000107e+01 1.335004769597051678e-06
1.375000000000000000e+01 1.316537966956112251e-06
1.380000000000000071e+01 1.298385705007911981e-06
1.385000000000000142e+01 1.280541662118144577e-06
1.390000000000000036e+01 1.262999662028430090e-06
1.395000000000000107e+01 1.245753670123299271e-06
1.400000000000000000e+01 1.228797789801950166e-06
1.405000000000000071e+01 1.212126258951583885e-06
1.410000000000000142e+01 1.195733446519333086e-06
1.415000000000000036e+01 1.179613849179776442e-06
1.420000000000000107e+01 1.163762088095239210e-06
1.425000000000000000e+01 1.148172905766065008e-06
1.430000000000000071e+01 1.132841162968197415e-06
1.435000000000000142e+01 1.117761835775487738e-06
1.440000000000000036e+01 1.102930012664161585e-06
1.445000000000000107e+01 1.088340891697086324e-06
1.450000000000000000e+01 1.073989777785381954e-06
1.455000000000000071e+01 1.059872080025176521e-06
1.460000000000000142e+01 1.045983309107222446e-06
1.465000000000000036e+01 1.032319074797251760e-06
1.470000000000000107e+01 1.018875083484997969e-06
1.475000000000000000e+01 1.005647135799857386e-06
1.480000000000000071e+01 9.926311242912072435e-07
1.485000000000000142e+01 9.798230311715514143e-07
1.490000000000000036e+01 9.672189261205887685e-07
1.495000000000000107e+01 9.548149641484844709e-07
1.500000000000000000e+01 9.426073835165627030e-07
1.505000000000000071e+01 9.305925037138244671e-07
1.510000000000000142e+01 9.187667234875814783e-07
1.515000000000000036e+01 9.071265189267167437e-07
1.520000000000000107e+01 8.956684415960191094e-07
1.525000000000000000e+01 8.843891167200922119e-07
1.530000000000000071e+01 8.732852414154697682e-07
1.535000000000000142e+01 8.623535829695016953e-07
1.540000000000000036e+01 8.515909771646652312e-07
1.545000000000000107e+01 8.409943266470744464e-07
1.550000000000000000e+01 8.305605993377913887e-07
1.555000000000000071e+01 8.202868268858937296e-07
1.560000000000000142e+01 8.101701031619272465e-07
1.565000000000000036e+01 8.002075827907294565e-07
1.570000000000000107e+01 7.903964797224513641e-07
1.575000000000000000e+01 7.807340658407076286e-07
1.580000000000000071e+01 7.712176696067975236e-07
1.585000000000000142e+01 7.618446747389928483e-07
1.590000000000000036e+01 7.526125189259108682e-07
1.595000000000000107e+01 7.435186925729881393e-07
1.600000000000000000e+01 7.345607375811733475e-07
1.605000000000000071e+01 7.257362461568648638e-07
1.610000000000000142e+01 7.170428596523257106e-07
1.615000000000000213e+01 7.084782674356412361e-07
1.619999999999999929e+01 7.000402057894083591e-07
1.625000000000000000e+01 6.917264568374267691e-07
1.630000000000000071e+01 6.835348474985258866e-07
1.635000000000000142e+01 6.754632484668564143e-07
1.640000000000000213e+01 6.675095732178516455e-07
1.644999999999999929e+01 6.596717770392266427e-07
1.650000000000000000e+01 6.519478560862343228e-07
1.655000000000000071e+01 6.443358464606279821e-07
1.660000000000000142e+01 6.368338233125790498e-07
1.665000000000000213e+01 6.294398999649648758e-07
1.669999999999999929e+01 6.221522270594711106e-07
1.675000000000000000e+01 6.149689917237975940e-07
1.680000000000000071e+01 6.078884167595313175e-07
1.685000000000000142e+01 6.009087598500052358e-07
1.690000000000000213e+01 5.940283127877061747e-07
1.694999999999999929e+01 5.872454007206427246e-07
1.700000000000000000e+01 5.805583814171658527e-07
1.705000000000000071e+01 5.739656445487992358e-07
1.710000000000000142e+01 5.674656109905336118e-07
1.715000000000000213e+01 5.610567321381694701e-07
1.719999999999999929e+01 5.547374892422055772e-07
1.725000000000000000e+01 5.485063927579105964e-07
1.730000000000000071e+01 5.423619817110379233e-07
1.735000000000000142e+01 5.363028230789007232e-07
1.740000000000000213e+01 5.303275111862547982e-07
1.744999999999999929e+01 5.244346671157736084e-07
1.750000000000000000e+01 5.186229381325510061e-07
1.755000000000000071e+01 5.128909971223839250e-07
1.760000000000000142e+01 5.072375420434791658e-07
1.765000000000000213e+01 5.016612953911157621e-07
1.769999999999999929e+01 4.961610036750728738e-07
1.775000000000000000e+01 4.907354369093992685e-07
1.780000000000000071e+01 4.853833881142237998e-07
1.785000000000000142e+01 4.801036728293071387e-07
1.790000000000000213e+01 4.748951286390358075e-07
1.794999999999999929e+01 4.697566147085301349e-07
1.800000000000000000e+01 4.646870113306259412e-07
1.805000000000000071e+01 4.596852194834201559e-07
1.810000000000000142e+01 4.547501603981103726e-07
1.815000000000000213e+01 4.498807751368971023e-07
1.819999999999999929e+01 4.450760241806495114e-07
1.825000000000000000e+01 4.403348870260948805e-07
1.830000000000000071e+01 4.356563617923490357e-07
1.835000000000000142e+01 4.310394648364509001e-07
1.840000000000000213e+01 4.264832303777539390e-07
1.844999999999999929e+01 4.219867101309239890e-07
1.850000000000000000e+01 4.175489729473221842e-07
1.855000000000000071e+01 4.131691044645610090e-07
1.860000000000000142e+01 4.088462067640571893e-07
1.865000000000000213e+01 4.045793980363207997e-07
1.869999999999999929e+01 4.003678122538882082e-07
1.875000000000000000e+01 3.962105988515668740e-07
1.880000000000000071e+01 3.921069224139788166e-07
1.885000000000000142e+01 3.880559623700476366e-07
1.890000000000000213e+01 3.840569126944257022e-07
1.894999999999999929e+01 3.801089816155479382e-07
1.900000000000000000e+01 3.762113913302319098e-07
1.905000000000000071e+01 3.723633777246546345e-07
1.910000000000000142e+01 3.685641901015128936e-07
1.915000000000000213e+01 3.648130909132592585e-07
1.920000000000000284e+01 3.611093555012325126e-07
1.925000000000000000e+01 3.574522718405543568e-07
1.930000000000000071e+01 3.538411402906736530e-07
1.935000000000000142e+01 3.502752733513579379e-07
1.940000000000000213e+01 3.467539954240824415e-07
1.945000000000000284e+01 3.432766425786016243e-07
1.950000000000000000e+01 3.398425623246733209e-07
1.955000000000000071e+01 3.364511133887120347e-07
1.960000000000000142e+01 3.331016654953300871e-07
1.965000000000000213e+01 3.297935991536126240e-07
1.970000000000000284e+01 3.265263054480154091e-07
1.975000000000000000e+01 3.232991858338024496e-07
1.980000000000000071e+01 3.201116519368609296e-07
1.985000000000000142e+01 3.169631253578572929e-07
1.990000000000000213e+01 3.138530374805754451e-07
1.995000000000000284e+01 3.107808292843748185e-07
2.000000000000000000e+01 3.077459511606432553e-07
2.005000000000000071e+01 3.047478627331876950e-07
2.010000000000000142e+01 3.017860326824038455e-07
2.015000000000000213e+01 2.988599385732290747e-07
2.020000000000000284e+01 2.959690666867285434e-07
2.025000000000000000e+01 2.931129118551988548e-07
2.030000000000000071e+01 2.902909773008034600e-07
2.035000000000000142e+01 2.875027744775986317e-07
2.040000000000000213e+01 2.847478229168387251e-07
2.045000000000000284e+01 2.820256500755696735e-07
2.050000000000000000e+01 2.793357911883482482e-07
2.055000000000000071e+01 2.766777891221066682e-07
2.060000000000000142e+01 2.740511942339741498e-07
2.065000000000000213e+01 2.714555642321193461e-07
2.070000000000000284e+01 2.688904640394227762e-07
2.075000000000000000e+01 2.663554656600059263e-07
2.080000000000000071e+01 2.638501480485078078e-07
2.085000000000000142e+01 2.613740969820382457e-07
2.090000000000000213e+01 2.589269049347892090e-07
2.095000000000000284e+01 2.565081709551893048e-07
2.100000000000000000e+01 2.541175005456067825e-07
2.105000000000000071e+01 2.517545055444877582e-07
2.110000000000000142e+01 2.494188040108865127e-07
2.115000000000000213e+01 2.471100201113804521e-07
2.120000000000000284e+01 2.448277840092349464e-07
2.125000000000000000e+01 2.425717317558642634e-07
2.130000000000000071e+01 2.403415051844414244e-07
2.135000000000000142e+01 2.381367518056718059e-07
2.140000000000000213e+01 2.359571247056795593e-07
2.145000000000000284e+01 2.338022824459086187e-07
2.150000000000000000e+01 2.316718889650627026e-07
2.155000000000000071e+01 2.295656134830006112e-07
2.160000000000000142e+01 2.274831304065284020e-07
2.165000000000000213e+01 2.254241192371067589e-07
2.170000000000000284e+01 2.233882644803388514e-07
2.175000000000000000e+01 2.213752555573143346e-07
2.180000000000000071e+01 2.193847867176590606e-07
2.185000000000000142e+01 2.174165569543292292e-07
2.190000000000000213e+01 2.154702699200772102e-07
2.195000000000000284e+01 2.135456338455584125e-07
2.200000000000000000e+01 2.116423614590426727e-07
2.205000000000000071e+01 2.097601699077267733e-07
2.210000000000000142e+01 2.078987806805278927e-07
2.215000000000000213e+01 2.060579195324418421e-07
2.220000000000000284e+01 2.042373164103526676e-07
2.225000000000000000e+01 2.024367053802661939e-07
2.230000000000000071e+01 2.006558245559704471e-07
2.235000000000000142e+01 1.988944160290920954e-07
2.240000000000000213e+01 1.971522258004697327e-07
2.245000000000000284e+01 1.954290037128854874e-07
2.250000000000000000e+01 1.937245033850453949e-07
2.255000000000000071e+01 1.920384821468841855e-07
2.260000000000000142e+01 1.903707009760534043e-07
2.265000000000000213e+01 1.887209244356765069e-07
2.270000000000000284e+01 1.870889206132329441e-07
2.275000000000000000e+01 1.854744610606618147e-07
2.280000000000000071e+01 1.838773207355679862e-07
2.285000000000000142e+01 1.822972779435636609e-07
2.290000000000000213e+01 1.807341142816776027e-07
2.295000000000000284e+01 1.791876145828674376e-07
2.300000000000000000e+01 1.776575668615299185e-07
2.305000000000000071e+01 1.761437622600955508e-07
2.310000000000000142e+01 1.746459949965785388e-07
2.315000000000000213e+01 1.731640623131226311e-07
2.320000000000000284e+01 1.716977644255326478e-07
2.325000000000000000e+01 1.702469044736928508e-07
2.330000000000000071e+01 1.688112884729888369e-07
2.335000000000000142e+01 1.673907252665481675e-07
2.340000000000000213e+01 1.659850264784283511e-07
2.345000000000000284e+01 1.645940064676441571e-07
2.350000000000000000e+01 1.632174822830527615e-07
2.355000000000000071e+01 1.618552736190707320e-07
2.360000000000000142e+01 1.605072027721990562e-07
2.365000000000000213e+01 1.591730945983444864e-07
2.370000000000000284e+01 1.578527764709537718e-07
2.375000000000000000e+01 1.565460782398780327e-07
2.380000000000000071e+01 1.552528321910033554e-07
2.385000000000000142e+01 1.539728730066063153e-07
2.390000000000000213e+01 1.527060377264652647e-07
2.395000000000000284e+01 1.514521657096333918e-07
2.400000000000000000e+01 1.502110985969261729e-07
2.405000000000000071e+01 1.489826802740970645e-07
2.410000000000000142e+01 1.477667568356509327e-07
2.415000000000000213e+01 1.465631765493542460e-07
2.420000000000000284e+01 1.453717898213149510e-07
2.425000000000000000e+01 1.441924491617545857e-07
2.430000000000000071e+01 1.430250091513784244e-07
2.435000000000000142e+01 1.418693264083053528e-07
2.440000000000000213e+01 1.407252595556480260e-07
2.445000000000000284e+01 1.395926691896329306e-07
2.450000000000000000e+01 1.384714178482872180e-07
2.455000000000000071e+01 1.373613699807116573e-07
2.460000000000000142e+01 1.362623919168511683e-07
2.465000000000000213e+01 1.351743518378548880e-07
2.470000000000000284e+01 1.340971197469117152e-07
2.475000000000000000e+01 1.330305674406145346e-07
2.480000000000000071e+01 1.319745684808446000e-07
2.485000000000000142e+01 1.309289981671372426e-07
2.490000000000000213e+01 1.298937335095152747e-07
2.495000000000000284e+01 1.288686532018278601e-07
