0.000000000000000000e+00 -1.435739584860347695e-01
5.000000000000000278e-02 -1.490052944453932604e-01
1.000000000000000056e-01 -1.481158374094090902e-01
1.500000000000000222e-01 -1.465642498041696828e-01
2.000000000000000111e-01 -1.443790721133704213e-01
2.500000000000000000e-01 -1.415911900407018642e-01
3.000000000000000444e-01 -1.382340454024187648e-01
3.500000000000000333e-01 -1.343114714700786028e-01
4.000000000000000222e-01 -1.298201607365126187e-01
4.500000000000000111e-01 -1.247854612968299082e-01
5.000000000000000000e-01 -1.192522522328043344e-01
5.500000000000000444e-01 -1.131974916361173228e-01
6.000000000000000888e-01 -1.067076271575903706e-01
6.500000000000000222e-01 -9.977329686544032794e-02
7.000000000000000666e-01 -9.243094148338432126e-02
7.500000000000000000e-01 -8.472313357578971360e-02
8.000000000000000444e-01 -7.668775098754206099e-02
8.500000000000000888e-01 -6.835926413288878623e-02
9.000000000000000222e-01 -5.976093880413499426e-02
9.500000000000000666e-01 -5.095516302584143092e-02
1.000000000000000000e+00 -4.198189275904373741e-02
1.050000000000000044e+00 -3.289599247188428749e-02
1.100000000000000089e+00 -2.372916537603774259e-02
1.150000000000000133e+00 -1.454575307327649926e-02
1.200000000000000178e+00 -5.395076645707526028e-03
1.250000000000000000e+00 3.666450408464546826e-03
1.300000000000000044e+00 1.259869124956053583e-02
1.350000000000000089e+00 2.127237227423524335e-02
1.400000000000000133e+00 2.982205427883876520e-02
1.450000000000000178e+00 3.790952388448448618e-02
1.500000000000000000e+00 4.572559020680581898e-02
1.550000000000000044e+00 5.303377587786655550e-02
1.600000000000000089e+00 5.994267481045802842e-02
1.650000000000000133e+00 6.627740614753541148e-02
1.700000000000000178e+00 7.204363049698338239e-02
1.750000000000000000e+00 7.720011448084770911e-02
1.800000000000000044e+00 8.169975513283285473e-02
1.850000000000000089e+00 8.550500663936766443e-02
1.900000000000000133e+00 8.860635503168247384e-02
1.950000000000000178e+00 9.097184158507201635e-02
2.000000000000000000e+00 9.257669579311918195e-02
2.050000000000000266e+00 9.350389893881262682e-02
2.100000000000000089e+00 9.360327347945318621e-02
2.149999999999999911e+00 9.304359787823066053e-02
2.200000000000000178e+00 9.175823607804814430e-02
2.250000000000000000e+00 8.979517379780432851e-02
2.300000000000000266e+00 8.721394709862244354e-02
2.350000000000000089e+00 8.400227900376155965e-02
2.400000000000000355e+00 8.028899308629353082e-02
2.450000000000000178e+00 7.607213291978269509e-02
2.500000000000000000e+00 7.141391658344836690e-02
2.550000000000000266e+00 6.644659025772128857e-02
2.600000000000000089e+00 6.110731533928908527e-02
2.650000000000000355e+00 5.560051230540737077e-02
2.700000000000000178e+00 4.990027619393267583e-02
2.750000000000000000e+00 4.414411873105286710e-02
2.800000000000000266e+00 3.832950951500391223e-02
2.850000000000000089e+00 3.257177108350024775e-02
2.900000000000000355e+00 2.691023691606693469e-02
2.950000000000000178e+00 2.140278472719465627e-02
3.000000000000000000e+00 1.610140002192592470e-02
3.050000000000000266e+00 1.104878046954960516e-02
3.100000000000000089e+00 6.285006082121956904e-03
3.150000000000000355e+00 1.842793238736027380e-03
3.200000000000000178e+00 -2.254602866784664091e-03
3.250000000000000000e+00 -5.986711747140281530e-03
3.300000000000000266e+00 -9.342630276540545009e-03
3.350000000000000089e+00 -1.231513833721406548e-02
3.400000000000000355e+00 -1.489747433733220640e-02
3.450000000000000178e+00 -1.712374467841655881e-02
3.500000000000000000e+00 -1.893997567297577012e-02
3.550000000000000266e+00 -2.042265965673368752e-02
3.600000000000000089e+00 -2.159370336600799356e-02
3.650000000000000355e+00 -2.241068867666404577e-02
3.700000000000000178e+00 -2.294332627238756736e-02
3.750000000000000000e+00 -2.323343065745709160e-02
3.800000000000000266e+00 -2.324315530444460987e-02
3.850000000000000089e+00 -2.306665474801744206e-02
3.900000000000000355e+00 -2.269188024163325962e-02
3.950000000000000178e+00 -2.215441836703366946e-02
4.000000000000000000e+00 -2.149641272000680017e-02
4.049999999999999822e+00 -2.068767000482736249e-02
4.100000000000000533e+00 -1.984380417014217080e-02
4.150000000000000355e+00 -1.889197537274376129e-02
4.200000000000000178e+00 -1.790996402443326488e-02
4.250000000000000000e+00 -1.689242417947600661e-02
4.299999999999999822e+00 -1.586108645857567043e-02
4.350000000000000533e+00 -1.482902500656481035e-02
4.400000000000000355e+00 -1.380695448156572629e-02
4.450000000000000178e+00 -1.280523203701117683e-02
4.500000000000000000e+00 -1.183347327920570083e-02
4.549999999999999822e+00 -1.089129196248032026e-02
4.600000000000000533e+00 -1.001055092826456244e-02
4.650000000000000355e+00 -9.131802156248253546e-03
4.700000000000000178e+00 -8.340506590259774353e-03
4.750000000000000000e+00 -7.583361331823536798e-03
4.800000000000000711e+00 -6.858964192040148920e-03
4.850000000000000533e+00 -6.225642957275999770e-03
4.900000000000000355e+00 -5.598858296688712620e-03
4.950000000000000178e+00 -5.040357413307132960e-03
5.000000000000000000e+00 -4.522312113027412636e-03
5.050000000000000711e+00 -4.049723558692515726e-03
5.100000000000000533e+00 -3.619208063283537759e-03
5.150000000000000355e+00 -3.227160984966401160e-03
5.200000000000000178e+00 -2.876961889335188753e-03
5.250000000000000000e+00 -2.552385098498400305e-03
5.300000000000000711e+00 -2.267343956187783255e-03
5.350000000000000533e+00 -2.013262073626528089e-03
5.400000000000000355e+00 -1.781041266619268681e-03
5.450000000000000178e+00 -1.576752263853087224e-03
5.500000000000000000e+00 -1.394379803469569801e-03
5.550000000000000711e+00 -1.232414372213824685e-03
5.600000000000000533e+00 -1.088855274144278360e-03
5.650000000000000355e+00 -9.615586761869375498e-04
5.700000000000000178e+00 -8.491717795398715830e-04
5.750000000000000000e+00 -7.493843012736689556e-04
5.800000000000000711e+00 -6.614802655395278551e-04
5.850000000000000533e+00 -5.832320152370002895e-04
5.900000000000000355e+00 -5.162033651060630220e-04
5.950000000000000178e+00 -4.476644441636197990e-04
6.000000000000000000e+00 -3.856410546870252427e-04
6.050000000000000711e+00 -3.428832839310972107e-04
6.100000000000000533e+00 -3.048643243714975037e-04
6.150000000000000355e+00 -2.710498624275931392e-04
6.200000000000000178e+00 -2.409807225498154847e-04
6.250000000000000000e+00 -2.142458684638160859e-04
6.300000000000000711e+00 -1.904699216474434447e-04
6.350000000000000533e+00 -1.693291797227396654e-04
6.400000000000000355e+00 -1.505340790708399829e-04
6.450000000000000178e+00 -1.338206526073124991e-04
6.500000000000000000e+00 -1.189602413453171573e-04
6.550000000000000711e+00 -1.057498910581421549e-04
