0.000000000000000000e+00 0.000000000000000000e+00
5.000000000000000278e-02 -8.531845218721572373e-09
1.000000000000000056e-01 -6.836585612754007884e-08
1.500000000000000222e-01 -2.313529790200597490e-07
2.000000000000000111e-01 -5.504107176460300935e-07
2.500000000000000000e-01 -1.079979895881866598e-06
3.000000000000000444e-01 -1.876392352744274025e-06
3.500000000000000333e-01 -2.998124378395318596e-06
4.000000000000000222e-01 -4.505914381582519695e-06
4.500000000000000111e-01 -6.462727670481663353e-06
5.000000000000000000e-01 -8.933556199080716669e-06
5.500000000000000444e-01 -1.198504653177789806e-05
6.000000000000000888e-01 -1.568495494873252109e-05
6.500000000000000222e-01 -2.010143438473983727e-05
7.000000000000000666e-01 -2.530216359315042219e-05
7.500000000000000000e-01 -3.135333438399705015e-05
8.000000000000000444e-01 -3.831851783965588217e-05
8.500000000000000888e-01 -4.625743491172109906e-05
9.000000000000000222e-01 -5.522466061541750419e-05
9.500000000000000666e-01 -6.526829404924824733e-05
1.000000000000000000e+00 -7.642862858767872835e-05
1.050000000000000044e+00 -8.873685775961620938e-05
1.100000000000000089e+00 -1.022138524992085873e-04
1.150000000000000133e+00 -1.168690446307387701e-04
1.200000000000000178e+00 -1.326994496475602451e-04
1.250000000000000000e+00 -1.496888591154632662e-04
1.300000000000000044e+00 -1.678072294491739225e-04
1.350000000000000089e+00 -1.870102894763393429e-04
1.400000000000000133e+00 -2.072393842365279971e-04
1.450000000000000178e+00 -2.284215670007121700e-04
1.500000000000000000e+00 -2.504699456895824873e-04
1.550000000000000044e+00 -2.732842838754330288e-04
1.600000000000000089e+00 -2.967518505346234087e-04
1.650000000000000133e+00 -3.207485068371619609e-04
1.700000000000000178e+00 -3.451400126725815364e-04
1.750000000000000000e+00 -3.697835304628701290e-04
1.800000000000000044e+00 -3.945292992356394307e-04
1.850000000000000089e+00 -4.192224480383267816e-04
1.900000000000000133e+00 -4.437049146608776969e-04
1.950000000000000178e+00 -4.678174333710905701e-04
2.000000000000000000e+00 -4.914015540002712561e-04
2.050000000000000266e+00 -5.143016542684392253e-04
2.100000000000000089e+00 -5.363669077040748075e-04
2.149999999999999911e+00 -5.574531708647085214e-04
2.200000000000000178e+00 -5.774247557495269714e-04
2.250000000000000000e+00 -5.961560562403925810e-04
2.300000000000000266e+00 -6.135330010212711573e-04
2.350000000000000089e+00 -6.294543096004349102e-04
2.400000000000000355e+00 -6.438325326752068929e-04
2.450000000000000178e+00 -6.565948630072037133e-04
2.500000000000000000e+00 -6.676837080841843556e-04
2.550000000000000266e+00 -6.770570209992046598e-04
2.600000000000000089e+00 -6.846883910483072622e-04
2.650000000000000355e+00 -6.905669004106588897e-04
2.700000000000000178e+00 -6.946967578159344257e-04
2.750000000000000000e+00 -6.970967242217423858e-04
2.800000000000000266e+00 -6.977993491329925139e-04
2.850000000000000089e+00 -6.968500392264038610e-04
2.900000000000000355e+00 -6.943059833461865836e-04
2.950000000000000178e+00 -6.902349596796793305e-04
3.000000000000000000e+00 -6.847140519918464875e-04
3.050000000000000266e+00 -6.778283022011342366e-04
3.100000000000000089e+00 -6.696693263399993096e-04
3.150000000000000355e+00 -6.603339201012980303e-04
3.200000000000000178e+00 -6.499226787808256439e-04
3.250000000000000000e+00 -6.385386545526434412e-04
3.300000000000000266e+00 -6.262860717331194312e-04
3.350000000000000089e+00 -6.132691180841236961e-04
3.400000000000000355e+00 -5.995908273621472148e-04
3.450000000000000178e+00 -5.853520653259870537e-04
3.500000000000000000e+00 -5.706506283576163931e-04
3.550000000000000266e+00 -5.555804608117002842e-04
3.600000000000000089e+00 -5.402309942657151660e-04
3.650000000000000355e+00 -5.246866090637763123e-04
3.700000000000000178e+00 -5.090262159925556433e-04
3.750000000000000000e+00 -4.933229536461129555e-04
3.800000000000000266e+00 -4.776439950656318151e-04
3.850000000000000089e+00 -4.620504556059055784e-04
3.900000000000000355e+00 -4.465973926971572019e-04
3.950000000000000178e+00 -4.313338872413710287e-04
4.000000000000000000e+00 -4.163031957991701463e-04
4.049999999999999822e+00 -4.015429624692368085e-04
4.100000000000000533e+00 -3.870854794120222992e-04
4.150000000000000355e+00 -3.729579852907466560e-04
4.200000000000000178e+00 -3.591829914580844051e-04
4.250000000000000000e+00 -3.457786264653572189e-04
4.299999999999999822e+00 -3.327589903694513256e-04
4.350000000000000533e+00 -3.201345113176322452e-04
4.400000000000000355e+00 -3.079122979594689762e-04
4.450000000000000178e+00 -2.960964823282231841e-04
4.500000000000000000e+00 -2.846885489147647796e-04
4.549999999999999822e+00 -2.736876466932231119e-04
4.600000000000000533e+00 -2.630908818222527546e-04
4.650000000000000355e+00 -2.528935896174898889e-04
4.700000000000000178e+00 -2.430895851539241113e-04
4.750000000000000000e+00 -2.336713925015767787e-04
4.800000000000000711e+00 -2.246304531197145426e-04
4.850000000000000533e+00 -2.159573143345739060e-04
4.900000000000000355e+00 -2.076417991085050614e-04
4.950000000000000178e+00 -1.996731584836981810e-04
5.000000000000000000e+00 -1.920402081633901551e-04
5.050000000000000711e+00 -1.847314506921049373e-04
5.100000000000000533e+00 -1.777351846298598406e-04
5.150000000000000355e+00 -1.710396019997320193e-04
5.200000000000000178e+00 -1.646328751399524541e-04
5.250000000000000000e+00 -1.585032339260534649e-04
5.300000000000000711e+00 -1.526390341594182547e-04
5.350000000000000533e+00 -1.470288177577827701e-04
5.400000000000000355e+00 -1.416613652405114305e-04
5.450000000000000178e+00 -1.365257408839979758e-04
5.500000000000000000e+00 -1.316113308350312834e-04
5.550000000000000711e+00 -1.269078744145898583e-04
5.600000000000000533e+00 -1.224054888211711402e-04
5.650000000000000355e+00 -1.180946874492247678e-04
5.700000000000000178e+00 -1.139663920706143773e-04
5.750000000000000000e+00 -1.100119391800151041e-04
5.800000000000000711e+00 -1.062230808725595063e-04
5.850000000000000533e+00 -1.025919806971893443e-04
5.900000000000000355e+00 -9.911120500528461928e-05
5.950000000000000178e+00 -9.577371038479327305e-05
6.000000000000000000e+00 -9.257282782947060299e-05
6.050000000000000711e+00 -8.950224433615860346e-05
6.100000000000000533e+00 -8.655598264659980533e-05
6.150000000000000355e+00 -8.372837985175175975e-05
6.200000000000000178e+00 -8.101406555495639520e-05
6.250000000000000000e+00 -7.840794024600058858e-05
6.300000000000000711e+00 -7.590515447274187512e-05
6.350000000000000533e+00 -7.350108931335219177e-05
6.400000000000000355e+00 -7.119133855407896679e-05
6.450000000000000178e+00 -6.897169286917619144e-05
6.500000000000000000e+00 -6.683812618618297560e-05
6.550000000000000711e+00 -6.478678430607032483e-05
6.600000000000000533e+00 -6.281397573889524965e-05
6.650000000000000355e+00 -6.091616461608227826e-05
6.700000000000000178e+00 -5.908996545434150961e-05
6.750000000000000000e+00 -5.733213947678527067e-05
6.800000000000000711e+00 -5.563959214642035802e-05
6.850000000000000533e+00 -5.400937153724568227e-05
6.900000000000000355e+00 -5.243866715905037124e-05
6.950000000000000178e+00 -5.092480886306210991e-05
7.000000000000000000e+00 -4.946526548524340315e-05
7.050000000000000711e+00 -4.805764292988979182e-05
7.100000000000000533e+00 -4.669968145514888938e-05
7.150000000000000355e+00 -4.538925199055440150e-05
7.200000000000000178e+00 -4.412435139075477730e-05
7.250000000000000000e+00 -4.290309660527665404e-05
7.300000000000000711e+00 -4.172371781747449403e-05
7.350000000000000533e+00 -4.058455067312399914e-05
7.400000000000000355e+00 -3.948402777720654342e-05
7.450000000000000178e+00 -3.842066968369275845e-05
7.500000000000000000e+00 -3.739307563563742801e-05
7.550000000000000711e+00 -3.639991433048702312e-05
7.600000000000000533e+00 -3.543991498781161634e-05
7.650000000000000355e+00 -3.451185898411603012e-05
7.700000000000000178e+00 -3.361457229312192295e-05
7.750000000000000000e+00 -3.274691893172896332e-05
7.800000000000000711e+00 -3.190779556411505851e-05
7.850000000000000533e+00 -3.109612736185200327e-05
7.900000000000000355e+00 -3.031086515949620472e-05
7.950000000000000178e+00 -2.955098388595140980e-05
