0.000000000000000000e+00 0.000000000000000000e+00
5.000000000000000278e-02 5.236668761872739688e-08
1.000000000000000056e-01 4.177204616606214723e-07
1.500000000000000222e-01 1.403010426398541996e-06
2.000000000000000111e-01 3.303235996861343263e-06
2.500000000000000000e-01 6.395784503405460309e-06
3.000000000000000444e-01 1.093513477232553684e-05
3.500000000000000333e-01 1.714803404602908036e-05
4.000000000000000222e-01 2.522924367441434440e-05
4.500000000000000111e-01 3.533793482445287738e-05
5.000000000000000000e-01 4.759479946182991277e-05
5.500000000000000444e-01 6.207992778217274327e-05
6.000000000000000888e-01 7.883146316245698683e-05
6.500000000000000222e-01 9.784509148464486084e-05
7.000000000000000666e-01 1.190742998168387468e-04
7.500000000000000000e-01 1.424314227805310081e-04
8.000000000000000444e-01 1.677894202410442227e-04
8.500000000000000888e-01 1.949843343869984665e-04
9.000000000000000222e-01 2.238183590728256764e-04
9.500000000000000666e-01 2.540634439085244782e-04
1.000000000000000000e+00 2.854653475327070854e-04
1.050000000000000044e+00 3.177480488765575535e-04
1.100000000000000089e+00 3.506184220140289433e-04
1.150000000000000133e+00 3.837710793180128602e-04
1.200000000000000178e+00 4.168932889566339512e-04
1.250000000000000000e+00 4.496698760651055850e-04
1.300000000000000044e+00 4.817880199436440423e-04
1.350000000000000089e+00 5.129418812243014773e-04
1.400000000000000133e+00 5.428369526128929649e-04
1.450000000000000178e+00 5.711941199241952691e-04
1.500000000000000000e+00 5.977533401586077912e-04
1.550000000000000044e+00 6.222769089126158016e-04
1.600000000000000089e+00 6.445522793386799587e-04
1.650000000000000133e+00 6.643944042610336201e-04
1.700000000000000178e+00 6.816476020125045859e-04
1.750000000000000000e+00 6.961868961251992246e-04
1.800000000000000044e+00 7.079188838848405165e-04
1.850000000000000089e+00 7.167821011720168457e-04
1.900000000000000133e+00 7.227469135956637696e-04
1.950000000000000178e+00 7.258149538092200552e-04
2.000000000000000000e+00 7.260181194962239378e-04
2.050000000000000266e+00 7.234171934742047181e-04
2.100000000000000089e+00 7.181000790470876138e-04
2.149999999999999911e+00 7.101797227065572695e-04
2.200000000000000178e+00 6.997917530274732310e-04
2.250000000000000000e+00 6.870918832460522771e-04
2.300000000000000266e+00 6.722531248385283384e-04
2.350000000000000089e+00 6.554628610056899155e-04
2.400000000000000355e+00 6.369198299494039121e-04
2.450000000000000178e+00 6.168310703303030813e-04
2.500000000000000000e+00 5.954088656020490927e-04
2.550000000000000266e+00 5.728677672665890381e-04
2.600000000000000089e+00 5.494217108308297685e-04
2.650000000000000355e+00 5.252812731067336809e-04
2.700000000000000178e+00 5.006511374702962832e-04
2.750000000000000000e+00 4.757277757442969317e-04
2.800000000000000266e+00 4.506973901931690197e-04
2.850000000000000089e+00 4.257341392274050364e-04
2.900000000000000355e+00 4.009986661801868729e-04
2.950000000000000178e+00 3.766369438044823927e-04
3.000000000000000000e+00 3.527794401473556335e-04
3.050000000000000266e+00 3.295406043692098623e-04
3.100000000000000089e+00 3.070186640828938664e-04
3.150000000000000355e+00 2.852957190919355453e-04
3.200000000000000178e+00 2.644381102078995332e-04
3.250000000000000000e+00 2.444970363132076361e-04
3.300000000000000266e+00 2.255093881780999732e-04
3.350000000000000089e+00 2.074987638822712102e-04
3.400000000000000355e+00 1.904766281428095466e-04
3.450000000000000178e+00 1.744435764805050255e-04
3.500000000000000000e+00 1.593906649932783288e-04
3.550000000000000266e+00 1.453007675299631781e-04
3.600000000000000089e+00 1.321499242066214959e-04
3.650000000000000355e+00 1.199086483749977120e-04
3.700000000000000178e+00 1.085431631944737705e-04
3.750000000000000000e+00 9.801654369889506045e-05
3.800000000000000266e+00 8.828974548764669244e-05
3.850000000000000089e+00 7.932250669089189121e-05
3.900000000000000355e+00 7.107411544080532962e-05
3.950000000000000178e+00 6.350404050702355106e-05
4.000000000000000000e+00 5.657242782214866544e-05
4.049999999999999822e+00 5.024047015128267878e-05
4.100000000000000533e+00 4.447066099757089342e-05
4.150000000000000355e+00 3.922694686907281361e-05
4.200000000000000178e+00 3.447479418669804972e-05
4.250000000000000000e+00 3.018118835662644321e-05
4.299999999999999822e+00 2.631458287423913512e-05
4.350000000000000533e+00 2.284481582125693125e-05
4.400000000000000355e+00 1.974300985113221587e-05
4.450000000000000178e+00 1.698146984829207375e-05
4.500000000000000000e+00 1.453359003694826517e-05
4.549999999999999822e+00 1.237377956314727414e-05
4.600000000000000533e+00 1.047741264520963289e-05
4.650000000000000355e+00 8.820806447150734264e-06
4.700000000000000178e+00 7.381227032134072995e-06
4.750000000000000000e+00 6.136921236644567523e-06
4.800000000000000711e+00 5.067170185872405932e-06
4.850000000000000533e+00 4.152358533751272986e-06
4.900000000000000355e+00 3.374052412949801101e-06
4.950000000000000178e+00 2.715078544012003459e-06
5.000000000000000000e+00 2.159596969637725976e-06
5.050000000000000711e+00 1.693160410491096051e-06
5.100000000000000533e+00 1.302754217057975474e-06
5.150000000000000355e+00 9.768122304638712534e-07
5.200000000000000178e+00 7.052054605904598335e-07
5.250000000000000000e+00 4.792022298709889866e-07
5.300000000000000711e+00 2.914002009333574759e-07
5.350000000000000533e+00 1.356323951074597448e-07
5.400000000000000355e+00 6.850816325015445316e-09
5.450000000000000178e+00 -9.900746368773722443e-08
5.500000000000000000e+00 -1.851659928197402248e-07
5.550000000000000711e+00 -2.541600957885784836e-07
5.600000000000000533e+00 -3.079870533549891762e-07
5.650000000000000355e+00 -3.482490963803673592e-07
5.700000000000000178e+00 -3.762836049735621226e-07
5.750000000000000000e+00 -3.932758080185091247e-07
5.800000000000000711e+00 -4.003504254136576071e-07
5.850000000000000533e+00 -3.986400067585719994e-07
5.900000000000000355e+00 -3.893291114233758768e-07
5.950000000000000178e+00 -3.736748597428109767e-07
