0.000000000000000000e+00 0.000000000000000000e+00
5.000000000000000278e-02 -4.232286099588816316e-13
1.000000000000000056e-01 -1.352794826025271682e-11
1.500000000000000222e-01 -1.025325263241385599e-10
2.000000000000000111e-01 -4.309115459103857490e-10
2.500000000000000000e-01 -1.310450114449857843e-09
3.000000000000000444e-01 -3.246729317355917468e-09
3.500000000000000333e-01 -6.981063216044938219e-09
4.000000000000000222e-01 -1.352782236982778651e-08
4.500000000000000111e-01 -2.420599581183647528e-08
5.000000000000000000e-01 -4.066377612838944325e-08
5.500000000000000444e-01 -6.489491462467587201e-08
6.000000000000000888e-01 -9.924559880772868456e-08
6.500000000000000222e-01 -1.464106643462140221e-07
7.000000000000000666e-01 -2.094180775808167828e-07
7.500000000000000000e-01 -2.916008185971905142e-07
8.000000000000000444e-01 -3.965555609706959322e-07
8.500000000000000888e-01 -5.280878803558392278e-07
9.000000000000000222e-01 -6.901441234200114896e-07
9.500000000000000666e-01 -8.867305200715381597e-07
1.000000000000000000e+00 -1.121820610266795908e-06
1.050000000000000044e+00 -1.399252563145030112e-06
1.100000000000000089e+00 -1.722618469368219841e-06
1.150000000000000133e+00 -2.095148164154367812e-06
1.200000000000000178e+00 -2.519590564810226883e-06
1.250000000000000000e+00 -2.998095859427631412e-06
1.300000000000000044e+00 -3.532102141466093075e-06
1.350000000000000089e+00 -4.122230229857293446e-06
1.400000000000000133e+00 -4.768190431737747967e-06
1.450000000000000178e+00 -5.468704885582440692e-06
1.500000000000000000e+00 -6.221448862615596291e-06
1.550000000000000044e+00 -7.023014006167198076e-06
1.600000000000000089e+00 -7.868895960515966641e-06
1.650000000000000133e+00 -8.753508197072298611e-06
1.700000000000000178e+00 -9.670223106378226399e-06
1.750000000000000000e+00 -1.061144061398590188e-05
1.800000000000000044e+00 -1.156868372527398384e-05
1.850000000000000089e+00 -1.253271953976297184e-05
1.900000000000000133e+00 -1.349370343190902256e-05
1.950000000000000178e+00 -1.444134330503741935e-05
2.000000000000000000e+00 -1.536508011889688142e-05
2.050000000000000266e+00 -1.625428029732352631e-05
2.100000000000000089e+00 -1.709843516468810556e-05
2.149999999999999911e+00 -1.788736225703030835e-05
2.200000000000000178e+00 -1.861140321897126541e-05
2.250000000000000000e+00 -1.926161303702327574e-05
2.300000000000000266e+00 -1.982993557335622294e-05
2.350000000000000089e+00 -2.030936074421493779e-05
2.400000000000000355e+00 -2.069405922031625805e-05
2.450000000000000178e+00 -2.097949119312099799e-05
2.500000000000000000e+00 -2.116248652628152058e-05
2.550000000000000266e+00 -2.124129446725185060e-05
2.600000000000000089e+00 -2.121560199871395946e-05
2.650000000000000355e+00 -2.108652083039128772e-05
2.700000000000000178e+00 -2.085654393619962814e-05
2.750000000000000000e+00 -2.052947339800189987e-05
2.800000000000000266e+00 -2.011032209649640882e-05
2.850000000000000089e+00 -1.960519246662430597e-05
2.900000000000000355e+00 -1.902113608855903785e-05
2.950000000000000178e+00 -1.836599830035209061e-05
3.000000000000000000e+00 -1.764825228492304250e-05
3.050000000000000266e+00 -1.687682719852272490e-05
3.100000000000000089e+00 -1.606093487218833196e-05
3.150000000000000355e+00 -1.520989943976392973e-05
3.200000000000000178e+00 -1.433299393854603350e-05
3.250000000000000000e+00 -1.343928750862441937e-05
3.300000000000000266e+00 -1.253750630504997593e-05
3.350000000000000089e+00 -1.163591065604465511e-05
3.400000000000000355e+00 -1.074219037493066671e-05
3.450000000000000178e+00 -9.863379487977327897e-06
3.500000000000000000e+00 -9.005790998926061953e-06
3.550000000000000266e+00 -8.174971695897491548e-06
3.600000000000000089e+00 -7.375676437591561385e-06
3.650000000000000355e+00 -6.611860849921720001e-06
3.700000000000000178e+00 -5.886690934623876446e-06
3.750000000000000000e+00 -5.202567747180949913e-06
3.800000000000000266e+00 -4.561165047811526595e-06
3.850000000000000089e+00 -3.963477667537744610e-06
3.900000000000000355e+00 -3.409878259018342256e-06
3.950000000000000178e+00 -2.900180113132943892e-06
4.000000000000000000e+00 -2.433703808651010820e-06
4.049999999999999822e+00 -2.009345612923371627e-06
4.100000000000000533e+00 -1.625645754049226701e-06
4.150000000000000355e+00 -1.280854926164904887e-06
4.200000000000000178e+00 -9.729976559138069974e-07
4.250000000000000000e+00 -6.999314367149174756e-07
4.299999999999999822e+00 -4.594008160006892661e-07
4.350000000000000533e+00 -2.490858883728298916e-07
4.400000000000000355e+00 -6.664489557339280123e-08
4.450000000000000178e+00 9.024914481223375924e-08
4.500000000000000000e+00 2.238776709514820709e-07
4.549999999999999822e+00 3.364514035756456348e-07
4.600000000000000533e+00 4.300903847445260508e-07
4.650000000000000355e+00 5.068087622862829276e-07
4.700000000000000178e+00 5.685038034722767390e-07
4.750000000000000000e+00 6.169486006586081182e-07
4.800000000000000711e+00 6.537879357272473015e-07
4.850000000000000533e+00 6.805367942465851032e-07
4.900000000000000355e+00 6.985810591956687163e-07
4.950000000000000178e+00 7.091799628086468660e-07
5.000000000000000000e+00 7.134699289094872267e-07
5.050000000000000711e+00 7.124694929086236081e-07
5.100000000000000533e+00 7.070850390347496499e-07
5.150000000000000355e+00 6.981171418058476235e-07
5.200000000000000178e+00 6.862673394790146007e-07
5.250000000000000000e+00 6.721452003582741302e-07
5.300000000000000711e+00 6.562755682321667159e-07
5.350000000000000533e+00 6.391058913479372397e-07
5.400000000000000355e+00 6.210135511971062515e-07
5.450000000000000178e+00 6.023131143276378148e-07
5.500000000000000000e+00 5.832634339399554349e-07
5.550000000000000711e+00 5.640745297369651043e-07
5.600000000000000533e+00 5.449141758548532098e-07
5.650000000000000355e+00 5.259141289665158594e-07
5.700000000000000178e+00 5.071759327963813626e-07
5.750000000000000000e+00 4.887762419428183805e-07
5.800000000000000711e+00 4.707716173369885794e-07
5.850000000000000533e+00 4.532027577844786149e-07
5.900000000000000355e+00 4.360981464300170730e-07
5.950000000000000178e+00 4.194771069878870938e-07
6.000000000000000000e+00 4.033522813375127562e-07
6.050000000000000711e+00 3.877315566387972804e-07
6.100000000000000533e+00 3.726194855015008867e-07
6.150000000000000355e+00 3.580182560377958797e-07
6.200000000000000178e+00 3.439282790629099714e-07
6.250000000000000000e+00 3.303484667041408027e-07
6.300000000000000711e+00 3.172762798841168913e-07
6.350000000000000533e+00 3.047076214631686596e-07
6.400000000000000355e+00 2.926366474144569981e-07
6.450000000000000178e+00 2.810555606555388000e-07
6.500000000000000000e+00 2.699544416639877193e-07
6.550000000000000711e+00 2.593211575091227950e-07
6.600000000000000533e+00 2.491413772818531100e-07
6.650000000000000355e+00 2.393987079822670589e-07
6.700000000000000178e+00 2.300749515901189686e-07
6.750000000000000000e+00 2.211504720772297741e-07
6.800000000000000711e+00 2.126046511768580391e-07
6.850000000000000533e+00 2.044164042920876439e-07
6.900000000000000355e+00 1.965647233027040465e-07
6.950000000000000178e+00 1.890292113179329590e-07
7.000000000000000000e+00 1.817905755236123786e-07
7.050000000000000711e+00 1.748310479109825293e-07
7.100000000000000533e+00 1.681347094209530008e-07
7.150000000000000355e+00 1.616877003489650891e-07
7.200000000000000178e+00 1.554783081142840840e-07
7.250000000000000000e+00 1.494969320594391574e-07
7.300000000000000711e+00 1.437359331838866236e-07
7.350000000000000533e+00 1.381893840624273448e-07
7.400000000000000355e+00 1.328527401795474152e-07
7.450000000000000178e+00 1.277224581724988992e-07
7.500000000000000000e+00 1.227955888040555254e-07
7.550000000000000711e+00 1.180693728114917189e-07
7.600000000000000533e+00 1.135408661748210501e-07
7.650000000000000355e+00 1.092066180181082513e-07
7.700000000000000178e+00 1.050624196147235629e-07
7.750000000000000000e+00 1.011031372049158479e-07
7.800000000000000711e+00 9.732263499630159290e-08
7.850000000000000533e+00 9.371378826661197122e-08
7.900000000000000355e+00 9.026858036957033254e-08
7.950000000000000178e+00 8.697827206037065242e-08
8.000000000000000000e+00 8.383362723758025295e-08
8.050000000000000711e+00 8.082517618458101329e-08
8.099999999999999645e+00 7.794349582553056011e-08
8.150000000000000355e+00 7.517948642194006968e-08
8.200000000000001066e+00 7.252462545699231303e-08
8.250000000000000000e+00 6.997118202350406261e-08
8.300000000000000711e+00 6.751237860861361788e-08
8.349999999999999645e+00 6.514249145760198892e-08
8.400000000000000355e+00 6.285688537110808155e-08
8.450000000000001066e+00 6.065198350520718710e-08
8.500000000000000000e+00 5.852517717760829348e-08
8.550000000000000711e+00 5.647468454705218538e-08
8.599999999999999645e+00 5.449937009166181861e-08
8.650000000000000355e+00 5.259853889801951814e-08
8.700000000000001066e+00 5.077172079363535799e-08
8.750000000000000000e+00 4.901845929636776234e-08
8.800000000000000711e+00 4.733811927543719936e-08
8.849999999999999645e+00 4.572972524643770613e-08
8.900000000000000355e+00 4.419183953855784276e-08
8.950000000000001066e+00 4.272248639649031224e-08
9.000000000000000000e+00 4.131912465497753135e-08
9.050000000000000711e+00 3.997866819711640898e-08
9.099999999999999645e+00 3.869755021276184742e-08
9.150000000000000355e+00 3.747182451575350085e-08
9.200000000000001066e+00 3.629729502323126372e-08
9.250000000000000000e+00 3.516966306131898984e-08
9.300000000000000711e+00 3.408468149840923891e-08
9.349999999999999645e+00 3.303830482309521257e-08
9.400000000000000355e+00 3.202682512791728117e-08
9.450000000000001066e+00 3.104698543505190947e-08
9.500000000000000000e+00 3.009606377055764839e-08
9.550000000000000711e+00 2.917192369811434444e-08
9.600000000000001421e+00 2.827302948626442002e-08
9.650000000000000355e+00 2.739842652871094625e-08
9.700000000000001066e+00 2.654768990075139033e-08
9.750000000000000000e+00 2.572084587378100635e-08
9.800000000000000711e+00 2.491827271222658419e-08
9.850000000000001421e+00 2.414058806810193395e-08
9.900000000000000355e+00 2.338853073204483083e-08
9.950000000000001066e+00 2.266284440053746809e-08
1.000000000000000000e+01 2.196417051830553054e-08
1.005000000000000071e+01 2.129295622567917700e-08
1.010000000000000142e+01 2.064938208112529966e-08
1.015000000000000036e+01 2.003331265324096579e-08
1.020000000000000107e+01 1.944427140600400024e-08
1.025000000000000000e+01 1.888143965579528112e-08
1.030000000000000071e+01 1.834367786824781216e-08
1.035000000000000142e+01 1.782956628036407616e-08
1.040000000000000036e+01 1.733746084816673334e-08
1.045000000000000107e+01 1.686555987703869765e-08
1.050000000000000000e+01 1.641197640728204225e-08
1.055000000000000071e+01 1.597481149177688528e-08
1.060000000000000142e+01 1.555222388220232185e-08
1.065000000000000036e+01 1.514249228165990759e-08
1.070000000000000107e+01 1.474406715696926494e-08
1.075000000000000000e+01 1.435561005736225346e-08
1.080000000000000071e+01 1.397601937957801590e-08
1.085000000000000142e+01 1.360444247849619361e-08
1.090000000000000036e+01 1.324027488224959052e-08
1.095000000000000107e+01 1.288314807993697530e-08
1.100000000000000000e+01 1.253290787302991597e-08
1.105000000000000071e+01 1.218958560081891928e-08
1.110000000000000142e+01 1.185336466551227347e-08
1.115000000000000036e+01 1.152454470986436480e-08
1.120000000000000107e+01 1.120350556869520264e-08
1.125000000000000000e+01 1.089067276474849015e-08
1.130000000000000071e+01 1.058648589398070827e-08
1.135000000000000142e+01 1.029137079205964354e-08
1.140000000000000036e+01 1.000571593671545621e-08
1.145000000000000107e+01 9.729853157175683071e-09
1.150000000000000000e+01 9.464042421093901227e-09
1.155000000000000071e+01 9.208460268792741918e-09
1.160000000000000142e+01 8.963191370340613997e-09
1.165000000000000036e+01 8.728222687568299584e-09
1.170000000000000107e+01 8.503439814843171783e-09
1.175000000000000000e+01 8.288625225819951752e-09
1.180000000000000071e+01 8.083458339260942422e-09
1.185000000000000142e+01 7.887517504674423390e-09
1.190000000000000036e+01 7.700284167673865105e-09
1.195000000000000107e+01 7.521149580017352612e-09
1.200000000000000000e+01 7.349424450910205364e-09
1.205000000000000071e+01 7.184351883639553347e-09
1.210000000000000142e+01 7.025123803848586639e-09
1.215000000000000036e+01 6.870900871090647017e-09
1.220000000000000107e+01 6.720835591280364877e-09
1.225000000000000000e+01 6.574098038749780021e-09
1.230000000000000071e+01 6.429903282681863917e-09
1.235000000000000142e+01 6.287539325642237684e-09
1.240000000000000036e+01 6.146394133208934176e-09
1.245000000000000107e+01 6.005980190939199680e-09
1.250000000000000000e+01 5.865954989850842060e-09
1.255000000000000071e+01 5.726135927100501276e-09
1.260000000000000142e+01 5.586508318144989509e-09
1.265000000000000036e+01 5.447225543076210253e-09
1.270000000000000107e+01 5.308600775530711108e-09
1.275000000000000000e+01 5.171090241266911905e-09
1.280000000000000071e+01 5.035268491112675196e-09
1.285000000000000142e+01 4.901796711264737851e-09
1.290000000000000036e+01 4.771385592453003282e-09
1.295000000000000107e+01 4.644754699544546870e-09
1.300000000000000000e+01 4.522590590361176559e-09
1.305000000000000071e+01 4.405506099884167849e-09
1.310000000000000142e+01 4.294003216241378287e-09
1.315000000000000036e+01 4.188441821705349367e-09
1.320000000000000107e+01 4.089016261139008158e-09
1.325000000000000000e+01 3.995741249406632826e-09
1.330000000000000071e+01 3.908448066299835384e-09
1.335000000000000142e+01 3.826791349457320500e-09
1.340000000000000036e+01 3.750266125674624231e-09
1.345000000000000107e+01 3.678234064948327927e-09
1.350000000000000000e+01 3.609957345444055651e-09
1.355000000000000071e+01 3.544638023546118885e-09
1.360000000000000142e+01 3.481460446482360916e-09
1.365000000000000036e+01 3.419634051758279260e-09
1.370000000000000107e+01 3.358433882148464193e-09
1.375000000000000000e+01 3.297236309367459103e-09
1.380000000000000071e+01 3.235547792720002227e-09
1.385000000000000142e+01 3.173024978254295003e-09
1.390000000000000036e+01 3.109485035814374710e-09
1.395000000000000107e+01 3.044905794271981765e-09
1.400000000000000000e+01 2.979415922910733657e-09
1.405000000000000071e+01 2.913276070833310603e-09
1.410000000000000142e+01 2.846852470038539987e-09
1.415000000000000036e+01 2.780584990155868565e-09
1.420000000000000107e+01 2.714951970206634996e-09
1.425000000000000000e+01 2.650434322784757432e-09
1.430000000000000071e+01 2.587481397863502363e-09
1.435000000000000142e+01 2.526480909472546077e-09
1.440000000000000036e+01 2.467734883573682816e-09
1.445000000000000107e+01 2.411443106312398324e-09
1.450000000000000000e+01 2.357694974187062493e-09
1.455000000000000071e+01 2.306470014758973179e-09
1.460000000000000142e+01 2.257646704892528620e-09
1.465000000000000036e+01 2.211018610041849025e-09
1.470000000000000107e+01 2.166316346800846820e-09
1.475000000000000000e+01 2.123233469007459642e-09
1.480000000000000071e+01 2.081454123771056270e-09
1.485000000000000142e+01 2.040680235071012154e-09
1.490000000000000036e+01 2.000656053865490667e-09
1.495000000000000107e+01 1.961188157676281741e-09
