0.000000000000000000e+00 0.000000000000000000e+00
5.000000000000000278e-02 1.551848846359428861e-07
1.000000000000000056e-01 1.237627644459933096e-06
1.500000000000000222e-01 4.155414118911450465e-06
2.000000000000000111e-01 9.778681333307024049e-06
2.500000000000000000e-01 1.892162226997161500e-05
3.000000000000000444e-01 3.232564077676188479e-05
3.500000000000000333e-01 5.064399920377468927e-05
4.000000000000000222e-01 7.442826772270796183e-05
4.500000000000000111e-01 1.041168438506506961e-04
5.000000000000000000e-01 1.400257644797522091e-04
5.500000000000000444e-01 1.823419818529821727e-04
6.000000000000000888e-01 2.311192206772310536e-04
6.500000000000000222e-01 2.862764772538465988e-04
7.000000000000000666e-01 3.475991644953178427e-04
7.500000000000000000e-01 4.147428503472326859e-04
8.000000000000000444e-01 4.872394827729992456e-04
8.500000000000000888e-01 5.645059433408997291e-04
9.000000000000000222e-01 6.458547247324549975e-04
9.500000000000000666e-01 7.305064861905649284e-04
1.000000000000000000e+00 8.176042059130996008e-04
1.050000000000000044e+00 9.062286213654328730e-04
1.100000000000000089e+00 9.954146279375938704e-04
1.150000000000000133e+00 1.084168293614164386e-03
1.200000000000000178e+00 1.171484142462625227e-03
1.250000000000000000e+00 1.256362362684961291e-03
1.300000000000000044e+00 1.337825605433648696e-03
1.350000000000000089e+00 1.414935058104817159e-03
1.400000000000000133e+00 1.486805499766177558e-03
1.450000000000000178e+00 1.552619075994001114e-03
1.500000000000000000e+00 1.611637564806367440e-03
1.550000000000000044e+00 1.663212943625302529e-03
1.600000000000000089e+00 1.706796108255117768e-03
1.650000000000000133e+00 1.741943637673811895e-03
1.700000000000000178e+00 1.768322541942339652e-03
1.750000000000000000e+00 1.785712973711117441e-03
1.800000000000000044e+00 1.794008925663532952e-03
1.850000000000000089e+00 1.793216975875413718e-03
1.900000000000000133e+00 1.783453179674451914e-03
1.950000000000000178e+00 1.764938239452173334e-03
2.000000000000000000e+00 1.737991112434696030e-03
2.050000000000000266e+00 1.703021240211163552e-03
2.100000000000000089e+00 1.660519602541772827e-03
2.149999999999999911e+00 1.611048811450648986e-03
2.200000000000000178e+00 1.555232469817684031e-03
2.250000000000000000e+00 1.493744021712439330e-03
2.300000000000000266e+00 1.427295319776274553e-03
2.350000000000000089e+00 1.356625128377635754e-03
2.400000000000000355e+00 1.282487770454316788e-03
2.450000000000000178e+00 1.205642111407119032e-03
2.500000000000000000e+00 1.126841055672847579e-03
2.550000000000000266e+00 1.046821711274544767e-03
2.600000000000000089e+00 9.662963553411111966e-04
2.650000000000000355e+00 8.859443099320254110e-04
2.700000000000000178e+00 8.064048131118575075e-04
2.750000000000000000e+00 7.282709456855905377e-04
2.800000000000000266e+00 6.520846498842592948e-04
2.850000000000000089e+00 5.783328530871723874e-04
2.900000000000000355e+00 5.074446878303241803e-04
2.950000000000000178e+00 4.397897792639473159e-04
3.000000000000000000e+00 3.756775531991566643e-04
3.050000000000000266e+00 3.153575021659576301e-04
3.100000000000000089e+00 2.590203336610471391e-04
3.150000000000000355e+00 2.067999140915678430e-04
3.200000000000000178e+00 1.587759138496784084e-04
3.250000000000000000e+00 1.149770534488221577e-04
3.300000000000000266e+00 7.538484762507315291e-05
3.350000000000000089e+00 3.993774361485477196e-05
3.400000000000000355e+00 8.535551280375121611e-06
3.450000000000000178e+00 -1.895593385133728019e-05
3.500000000000000000e+00 -4.270020848417594204e-05
3.550000000000000266e+00 -6.288532771581938476e-05
3.600000000000000089e+00 -7.971923912409698855e-05
3.650000000000000355e+00 -9.342525586966235235e-05
3.700000000000000178e+00 -1.042377307240771248e-04
3.750000000000000000e+00 -1.123979833850087198e-04
3.800000000000000266e+00 -1.181505237693703084e-04
3.850000000000000089e+00 -1.217396044005912559e-04
3.900000000000000355e+00 -1.234061257235880926e-04
3.950000000000000178e+00 -1.233849093599442078e-04
4.000000000000000000e+00 -1.219023460980512592e-04
4.049999999999999822e+00 -1.191744179118873413e-04
4.100000000000000533e+00 -1.154050866028856807e-04
4.150000000000000355e+00 -1.107850358198432436e-04
4.200000000000000178e+00 -1.054907482640623460e-04
4.250000000000000000e+00 -9.968389583916507078e-05
4.299999999999999822e+00 -9.351101734404089635e-05
4.350000000000000533e+00 -8.710345600128300766e-05
4.400000000000000355e+00 -8.057752761440824295e-05
4.450000000000000178e+00 -7.403488939443080030e-05
4.500000000000000000e+00 -6.756307941927016823e-05
4.549999999999999822e+00 -6.123619721021335044e-05
4.600000000000000533e+00 -5.511569694604806361e-05
4.650000000000000355e+00 -4.925126630345742150e-05
4.700000000000000178e+00 -4.368176572814328422e-05
4.750000000000000000e+00 -3.843620502361055219e-05
4.800000000000000711e+00 -3.353473641630018773e-05
4.850000000000000533e+00 -2.898964564496047883e-05
4.900000000000000355e+00 -2.480632506336160679e-05
4.950000000000000178e+00 -2.098421518054460427e-05
5.000000000000000000e+00 -1.751770344124303164e-05
5.050000000000000711e+00 -1.439697132840847882e-05
5.100000000000000533e+00 -1.160878301524240689e-05
5.150000000000000355e+00 -9.137210778826945854e-06
