0.000000000000000000e+00 -1.252238079805476599e-03
5.000000000000000278e-02 -6.885677659800274895e-05
1.000000000000000056e-01 -2.477166020996368970e-04
1.500000000000000222e-01 -5.719569739142153168e-04
2.000000000000000111e-01 -1.030771476774229025e-03
2.500000000000000000e-01 -1.609031070914143180e-03
3.000000000000000444e-01 -2.290837358681231846e-03
3.500000000000000333e-01 -3.069940972230439553e-03
4.000000000000000222e-01 -3.948741012205376870e-03
4.500000000000000111e-01 -4.913896434266538590e-03
5.000000000000000000e-01 -5.949076979519865582e-03
5.500000000000000444e-01 -7.044782617532145512e-03
6.000000000000000888e-01 -8.188372895722880601e-03
6.500000000000000222e-01 -9.363856917991244047e-03
7.000000000000000666e-01 -1.055544719106686451e-02
7.500000000000000000e-01 -1.175453368260566574e-02
8.000000000000000444e-01 -1.295044798136254366e-02
8.500000000000000888e-01 -1.411186830675372969e-02
9.000000000000000222e-01 -1.524422759731330554e-02
9.500000000000000666e-01 -1.633338282335433309e-02
1.000000000000000000e+00 -1.735993390575632511e-02
1.050000000000000044e+00 -1.831718866045579236e-02
1.100000000000000089e+00 -1.919425574702017523e-02
1.150000000000000133e+00 -1.997936171889783813e-02
1.200000000000000178e+00 -2.066879481764606272e-02
1.250000000000000000e+00 -2.125637413147924912e-02
1.300000000000000044e+00 -2.173536277666392180e-02
1.350000000000000089e+00 -2.210433161472616370e-02
1.400000000000000133e+00 -2.235531838597534793e-02
1.450000000000000178e+00 -2.249311414405442619e-02
1.500000000000000000e+00 -2.251118845651866110e-02
1.550000000000000044e+00 -2.242002983223799484e-02
1.600000000000000089e+00 -2.221473153427012612e-02
1.650000000000000133e+00 -2.190302187407107068e-02
1.700000000000000178e+00 -2.148539956418391711e-02
1.750000000000000000e+00 -2.097017454591387081e-02
1.800000000000000044e+00 -2.036768068053615779e-02
1.850000000000000089e+00 -1.967707914300617991e-02
1.900000000000000133e+00 -1.891050163848328677e-02
1.950000000000000178e+00 -1.807653815341555767e-02
2.000000000000000000e+00 -1.718192345692703960e-02
2.050000000000000266e+00 -1.623739619077813751e-02
2.100000000000000089e+00 -1.525233647504376649e-02
2.149999999999999911e+00 -1.423143319556966976e-02
2.200000000000000178e+00 -1.318824200999354872e-02
2.250000000000000000e+00 -1.212968483236666860e-02
2.300000000000000266e+00 -1.106303579373328627e-02
2.350000000000000089e+00 -9.997070547646759800e-03
2.400000000000000355e+00 -8.942710190480613469e-03
2.450000000000000178e+00 -7.902903715254216283e-03
2.500000000000000000e+00 -6.885318035086487182e-03
2.550000000000000266e+00 -5.896564394421020122e-03
2.600000000000000089e+00 -4.943107818680969774e-03
2.650000000000000355e+00 -4.027215562015872864e-03
2.700000000000000178e+00 -3.154455856754411792e-03
2.750000000000000000e+00 -2.329294731506445244e-03
2.800000000000000266e+00 -1.552086957379467634e-03
2.850000000000000089e+00 -8.273054752328099946e-04
2.900000000000000355e+00 -1.551362513828883282e-04
2.950000000000000178e+00 4.628918050313891495e-04
3.000000000000000000e+00 1.026468353987958736e-03
3.050000000000000266e+00 1.535624682535235118e-03
3.100000000000000089e+00 1.991010399618992500e-03
3.150000000000000355e+00 2.393372934957828119e-03
3.200000000000000178e+00 2.744435359760087102e-03
3.250000000000000000e+00 3.046161394055459624e-03
3.300000000000000266e+00 3.300117832472194458e-03
3.350000000000000089e+00 3.508893853194239125e-03
3.400000000000000355e+00 3.674954332119824939e-03
3.450000000000000178e+00 3.800868859071760992e-03
3.500000000000000000e+00 3.889446037098843924e-03
3.550000000000000266e+00 3.943639768685429196e-03
3.600000000000000089e+00 3.966527832969163336e-03
3.650000000000000355e+00 3.960650422575192307e-03
3.700000000000000178e+00 3.929179112856690664e-03
3.750000000000000000e+00 3.874998995726824935e-03
3.800000000000000266e+00 3.800730763629642153e-03
3.850000000000000089e+00 3.709008803606110224e-03
3.900000000000000355e+00 3.602590510281669482e-03
3.950000000000000178e+00 3.483779580017860346e-03
4.000000000000000000e+00 3.354784976119379748e-03
4.049999999999999822e+00 3.217996136594703308e-03
4.100000000000000533e+00 3.075017293211616213e-03
4.150000000000000355e+00 2.927848919359008015e-03
4.200000000000000178e+00 2.778243583503957944e-03
4.250000000000000000e+00 2.627456527663851217e-03
4.299999999999999822e+00 2.476928194786313150e-03
4.350000000000000533e+00 2.327884303459627335e-03
4.400000000000000355e+00 2.181213958413182573e-03
4.450000000000000178e+00 2.037865442799943663e-03
4.500000000000000000e+00 1.898554784640838627e-03
4.549999999999999822e+00 1.763866403376440758e-03
4.600000000000000533e+00 1.634367856353917316e-03
4.650000000000000355e+00 1.510385101966796274e-03
4.700000000000000178e+00 1.392186868554038054e-03
4.750000000000000000e+00 1.280025894023145618e-03
4.800000000000000711e+00 1.173990813494418285e-03
4.850000000000000533e+00 1.074106942197658888e-03
4.900000000000000355e+00 9.803797909922697031e-04
4.950000000000000178e+00 8.927272394869241673e-04
5.000000000000000000e+00 8.110270005926013522e-04
5.050000000000000711e+00 7.351100322672698842e-04
5.100000000000000533e+00 6.648064607685676055e-04
5.150000000000000355e+00 5.998890150910009744e-04
5.200000000000000178e+00 5.401146942879749436e-04
5.250000000000000000e+00 4.852463042417347197e-04
5.300000000000000711e+00 4.350146600145871523e-04
5.350000000000000533e+00 3.891499141092244420e-04
5.400000000000000355e+00 3.473903650546724103e-04
5.450000000000000178e+00 3.094678398560945652e-04
5.500000000000000000e+00 2.751127150290293036e-04
5.550000000000000711e+00 2.440758859215582917e-04
5.600000000000000533e+00 2.160970418297400854e-04
5.650000000000000355e+00 1.909421209977425489e-04
5.700000000000000178e+00 1.683789593512382947e-04
5.750000000000000000e+00 1.481861441550899583e-04
5.800000000000000711e+00 1.301594800307932711e-04
5.850000000000000533e+00 1.141026053615855525e-04
5.900000000000000355e+00 9.983177535810897583e-05
5.950000000000000178e+00 8.717787203207543790e-05
6.000000000000000000e+00 7.598193004474452269e-05
6.050000000000000711e+00 6.609744275861647352e-05
6.100000000000000533e+00 5.739059107945245728e-05
6.150000000000000355e+00 4.973620636808133482e-05
6.200000000000000178e+00 4.302197087999276142e-05
6.250000000000000000e+00 3.714520487556759225e-05
6.300000000000000711e+00 3.201136451201605282e-05
6.350000000000000533e+00 2.753617169338586291e-05
6.400000000000000355e+00 2.364332541136626321e-05
6.450000000000000178e+00 2.026350753235958650e-05
6.500000000000000000e+00 1.733518433035416160e-05
6.550000000000000711e+00 1.480332483041519254e-05
6.600000000000000533e+00 1.261828993343937692e-05
6.650000000000000355e+00 1.073648214682153203e-05
6.700000000000000178e+00 9.118944815658432265e-06
6.750000000000000000e+00 7.731246431418824081e-06
6.800000000000000711e+00 6.543089756074775840e-06
6.850000000000000533e+00 5.527721313359049802e-06
6.900000000000000355e+00 4.661646638892106492e-06
6.950000000000000178e+00 3.924361785672951411e-06
7.000000000000000000e+00 3.297889401695002600e-06
7.050000000000000711e+00 2.766564203651118215e-06
7.100000000000000533e+00 2.316804008630170623e-06
7.150000000000000355e+00 1.936784783912297043e-06
7.200000000000000178e+00 1.616291958453105808e-06
7.250000000000000000e+00 1.346495532167685033e-06
7.300000000000000711e+00 1.119803878443273882e-06
7.350000000000000533e+00 9.296754755638515631e-07
7.400000000000000355e+00 7.705012809105189750e-07
7.450000000000000178e+00 6.374893680647545140e-07
7.500000000000000000e+00 5.265388103753346189e-07
7.550000000000000711e+00 4.341577121103904455e-07
7.600000000000000533e+00 3.573752218496957706e-07
7.650000000000000355e+00 2.936742443313941743e-07
7.700000000000000178e+00 2.409195939255125304e-07
7.750000000000000000e+00 1.973077925001797801e-07
7.800000000000000711e+00 1.613180558045118701e-07
7.850000000000000533e+00 1.316716875802326225e-07
7.900000000000000355e+00 1.072931945632122267e-07
7.950000000000000178e+00 8.728169689033606013e-08
8.000000000000000000e+00 7.088430650404916300e-08
8.050000000000000711e+00 5.747090354670083689e-08
8.099999999999999645e+00 4.651838990594399110e-08
8.150000000000000355e+00 3.759054249641635943e-08
8.200000000000001066e+00 3.032558527211983596e-08
8.250000000000000000e+00 2.442440560235236050e-08
8.300000000000000711e+00 1.963892253128142121e-08
8.349999999999999645e+00 1.576491671963516750e-08
8.400000000000000355e+00 1.263430086967876404e-08
8.450000000000001066e+00 1.010869505605071629e-08
8.500000000000000000e+00 8.074672000439778028e-09
8.550000000000000711e+00 6.439337299917435571e-09
8.599999999999999645e+00 5.126785445464760227e-09
8.650000000000000355e+00 4.075095841403439499e-09
8.700000000000001066e+00 3.233840291782031922e-09
8.750000000000000000e+00 2.562073060885252422e-09
8.800000000000000711e+00 2.026555388201198583e-09
8.849999999999999645e+00 1.600344453119471849e-09
8.900000000000000355e+00 1.261725222053638982e-09
8.950000000000001066e+00 9.931383359067980616e-10
9.000000000000000000e+00 7.804559336567902051e-10
9.050000000000000711e+00 6.123299389262840328e-10
9.099999999999999645e+00 4.796448558267370648e-10
9.150000000000000355e+00 3.751025274053911311e-10
9.200000000000001066e+00 2.928727645240493283e-10
9.250000000000000000e+00 2.283022964114091441e-10
9.300000000000000711e+00 1.776778301598374039e-10
9.349999999999999645e+00 1.380609012724264637e-10
9.400000000000000355e+00 1.071017431656973453e-10
9.450000000000001066e+00 8.295353953325930359e-11
9.500000000000000000e+00 6.414522886459740798e-11
9.550000000000000711e+00 4.952385824076692920e-11
9.600000000000001421e+00 3.817218375486122208e-11
9.650000000000000355e+00 2.937740866448889052e-11
9.700000000000001066e+00 2.257099783694911449e-11
9.750000000000000000e+00 1.731504058744658226e-11
9.800000000000000711e+00 1.326158088959527902e-11
9.850000000000001421e+00 1.014045422500039066e-11
9.900000000000000355e+00 7.742334069561400279e-12
9.950000000000001066e+00 5.900939292720899968e-12
1.000000000000000000e+01 4.491182938951651420e-12
1.005000000000000071e+01 3.412225375376527170e-12
1.010000000000000142e+01 2.588969063478841722e-12
1.015000000000000036e+01 1.960803725458270192e-12
1.020000000000000107e+01 1.482469582107813562e-12
1.025000000000000000e+01 1.120112114627534151e-12
1.030000000000000071e+01 8.428508624661299037e-13
1.035000000000000142e+01 6.361694712771737940e-13
1.040000000000000036e+01 4.765456780830066022e-13
1.045000000000000107e+01 3.587114614252874363e-13
1.050000000000000000e+01 2.679073050609131539e-13
1.055000000000000071e+01 2.005432158027848730e-13
1.060000000000000142e+01 1.503307780872787379e-13
1.065000000000000036e+01 1.110043558683783105e-13
1.070000000000000107e+01 8.352863300720587051e-14
1.075000000000000000e+01 6.155409743097952794e-14
1.080000000000000071e+01 4.602824302223348424e-14
1.085000000000000142e+01 3.393826908762680912e-14
1.090000000000000036e+01 2.505821099842520289e-14
1.095000000000000107e+01 1.891761377968156236e-14
1.100000000000000000e+01 1.309789176125678322e-14
1.105000000000000071e+01 1.039732943772795889e-14
1.110000000000000142e+01 7.349992381702681826e-15
1.115000000000000036e+01 5.271835078215565263e-15
1.120000000000000107e+01 4.502067799133681442e-15
1.125000000000000000e+01 2.135946958199863278e-15
1.130000000000000071e+01 3.064087858460259130e-15
1.135000000000000142e+01 5.313613688952134861e-16
1.140000000000000036e+01 1.981534473997402417e-15
1.145000000000000107e+01 3.962075554252006422e-16
1.150000000000000000e+01 7.108249678476917993e-16
1.155000000000000071e+01 2.938891021329375410e-16
1.160000000000000142e+01 7.216373515026083600e-16
1.165000000000000036e+01 -2.820719594117053118e-16
1.170000000000000107e+01 5.136644642542725628e-16
1.175000000000000000e+01 -4.687740165757203369e-17
1.180000000000000071e+01 -1.201096211358155663e-18
1.185000000000000142e+01 2.337924835637781865e-16
1.190000000000000036e+01 1.370655450048092808e-16
1.195000000000000107e+01 -3.139768916691119319e-16
1.200000000000000000e+01 2.968492469719012767e-16
1.205000000000000071e+01 -2.902431025729266333e-16
1.210000000000000142e+01 5.501962042802629720e-16
1.215000000000000036e+01 -6.291533956642185726e-16
1.220000000000000107e+01 3.975901354973952829e-16
1.225000000000000000e+01 2.651309816422651299e-16
1.230000000000000071e+01 -5.843227531370768631e-16
1.235000000000000142e+01 5.091512280417031672e-16
1.240000000000000036e+01 -4.406918607639221311e-16
1.245000000000000107e+01 3.664643410415079579e-16
1.250000000000000000e+01 -4.064330102843294121e-16
1.255000000000000071e+01 3.734045557097136835e-16
1.260000000000000142e+01 -2.626861285147958374e-16
1.265000000000000036e+01 2.744540821693714412e-16
1.270000000000000107e+01 -2.776153562475040054e-16
1.275000000000000000e+01 3.002697071262776140e-17
1.280000000000000071e+01 3.442619244525351126e-16
1.285000000000000142e+01 -3.377996658552096764e-16
1.290000000000000036e+01 1.350932907897675445e-16
1.295000000000000107e+01 -4.817906398132206205e-17
1.300000000000000000e+01 3.595162119497880213e-16
1.305000000000000071e+01 -7.893805592439844208e-16
1.310000000000000142e+01 6.070227628277336895e-16
1.315000000000000036e+01 -2.756667363391595707e-16
1.320000000000000107e+01 -2.081659798268310573e-17
1.325000000000000000e+01 3.981874479516348823e-16
1.330000000000000071e+01 -4.021633814791284402e-16
1.335000000000000142e+01 1.775839416193120847e-16
1.340000000000000036e+01 -1.021775762834573495e-16
1.345000000000000107e+01 6.603352535174349198e-17
1.350000000000000000e+01 -2.020210683700728606e-16
1.355000000000000071e+01 2.967690758431358246e-16
1.360000000000000142e+01 -5.042693823710978434e-17
1.365000000000000036e+01 -1.968447636052706565e-17
1.370000000000000107e+01 -1.872878092986434238e-16
1.375000000000000000e+01 3.042482408156179184e-16
1.380000000000000071e+01 -3.626484021315656477e-16
1.385000000000000142e+01 4.892151835179174857e-16
1.390000000000000036e+01 -2.590968721871737377e-16
1.395000000000000107e+01 -3.500402972072999748e-16
1.400000000000000000e+01 5.793740851706675320e-16
1.405000000000000071e+01 -3.259782974109465126e-16
1.410000000000000142e+01 1.080533110616349755e-16
1.415000000000000036e+01 8.552305852792247754e-17
1.420000000000000107e+01 -3.095271154272469178e-16
1.425000000000000000e+01 3.791549850852778831e-16
1.430000000000000071e+01 -4.692290018069232924e-16
1.435000000000000142e+01 6.372188397498137898e-16
1.440000000000000036e+01 -6.198562372688348287e-16
1.445000000000000107e+01 4.685478710878282232e-16
1.450000000000000000e+01 -3.982089157632448799e-16
1.455000000000000071e+01 3.541518558280122270e-16
1.460000000000000142e+01 -2.237429474378339394e-16
1.465000000000000036e+01 -6.568882230218225996e-17
1.470000000000000107e+01 4.039824267519599999e-16
1.475000000000000000e+01 -5.237043447938240205e-16
1.480000000000000071e+01 3.599996306867181105e-16
1.485000000000000142e+01 -9.749450440645988146e-17
1.490000000000000036e+01 -6.301389180753034319e-17
1.495000000000000107e+01 2.527016612101532955e-16
1.500000000000000000e+01 2.883284300292588531e-47
1.505000000000000071e+01 3.289779839477403870e-78
1.510000000000000142e+01 3.753584560421540109e-109
1.515000000000000036e+01 4.282778115672766904e-140
1.520000000000000107e+01 4.886579187405996482e-171
1.525000000000000000e+01 5.575506271320259113e-202
1.530000000000000071e+01 6.361560705451303811e-233
1.535000000000000142e+01 7.258435809703921598e-264
1.540000000000000036e+01 8.281755576572112514e-295
1.545000000000000107e+01 -0.000000000000000000e+00
1.550000000000000000e+01 -0.000000000000000000e+00
1.555000000000000071e+01 -0.000000000000000000e+00
1.560000000000000142e+01 -0.000000000000000000e+00
1.565000000000000036e+01 -0.000000000000000000e+00
1.570000000000000107e+01 -0.000000000000000000e+00
1.575000000000000000e+01 -0.000000000000000000e+00
1.580000000000000071e+01 -0.000000000000000000e+00
1.585000000000000142e+01 -0.000000000000000000e+00
1.590000000000000036e+01 -0.000000000000000000e+00
1.595000000000000107e+01 -0.000000000000000000e+00
1.600000000000000000e+01 -0.000000000000000000e+00
1.605000000000000071e+01 -0.000000000000000000e+00
1.610000000000000142e+01 -0.000000000000000000e+00
1.615000000000000213e+01 -0.000000000000000000e+00
1.619999999999999929e+01 -0.000000000000000000e+00
1.625000000000000000e+01 -0.000000000000000000e+00
1.630000000000000071e+01 -0.000000000000000000e+00
1.635000000000000142e+01 -0.000000000000000000e+00
1.640000000000000213e+01 -0.000000000000000000e+00
1.644999999999999929e+01 -0.000000000000000000e+00
