0.000000000000000000e+00 1.994383592544663469e-06
5.000000000000000278e-02 1.131692930138212251e-07
1.000000000000000056e-01 4.282119094960436009e-07
1.500000000000000222e-01 9.164403696241796718e-07
2.000000000000000111e-01 1.459770956133853521e-06
2.500000000000000000e-01 1.940196086334308723e-06
3.000000000000000444e-01 2.198588249612694132e-06
3.500000000000000333e-01 2.054022803814402666e-06
4.000000000000000222e-01 1.305180025410710476e-06
4.500000000000000111e-01 -2.620945419182705304e-07
5.000000000000000000e-01 -2.868068353071712761e-06
5.500000000000000444e-01 -6.731323876487361620e-06
6.000000000000000888e-01 -1.206083607551803719e-05
6.500000000000000222e-01 -1.904783359142745133e-05
7.000000000000000666e-01 -2.785744251437053556e-05
7.500000000000000000e-01 -3.862090287281846006e-05
8.000000000000000444e-01 -5.142812495792247097e-05
8.500000000000000888e-01 -6.632129247500531905e-05
9.000000000000000222e-01 -8.328718958550680273e-05
9.500000000000000666e-01 -1.022559005148226252e-04
1.000000000000000000e+00 -1.230939670719422832e-04
1.050000000000000044e+00 -1.456066455945029346e-04
1.100000000000000089e+00 -1.695355075747541818e-04
1.150000000000000133e+00 -1.945586087559970847e-04
1.200000000000000178e+00 -2.203006864080315032e-04
1.250000000000000000e+00 -2.463314265027969708e-04
1.300000000000000044e+00 -2.721766833537985733e-04
1.350000000000000089e+00 -2.973358737916287592e-04
1.400000000000000133e+00 -3.212705396163481521e-04
1.450000000000000178e+00 -3.434470596657169541e-04
1.500000000000000000e+00 -3.633199448036204533e-04
1.550000000000000044e+00 -3.803668282313665025e-04
1.600000000000000089e+00 -3.940957432328929416e-04
1.650000000000000133e+00 -4.040495223250293861e-04
1.700000000000000178e+00 -4.098474557004639848e-04
1.750000000000000000e+00 -4.111395960012669297e-04
1.800000000000000044e+00 -4.076957227800047032e-04
1.850000000000000089e+00 -3.993531316396653377e-04
1.900000000000000133e+00 -3.860419990698244277e-04
1.950000000000000178e+00 -3.677966728050132404e-04
2.000000000000000000e+00 -3.447475047225398155e-04
2.050000000000000266e+00 -3.171382547066061873e-04
2.100000000000000089e+00 -2.852801548513889877e-04
2.149999999999999911e+00 -2.495983944655855396e-04
2.200000000000000178e+00 -2.106018186000839976e-04
2.250000000000000000e+00 -1.688404875312452902e-04
2.300000000000000266e+00 -1.249484731509452871e-04
2.350000000000000089e+00 -7.959878252349632439e-05
2.400000000000000355e+00 -3.348173152563485360e-05
2.450000000000000178e+00 1.269075250848825668e-05
2.500000000000000000e+00 5.820191935544473979e-05
2.550000000000000266e+00 1.023984013194092954e-04
2.600000000000000089e+00 1.446010804369818163e-04
2.650000000000000355e+00 1.842216988373541521e-04
2.700000000000000178e+00 2.207205271962205042e-04
2.750000000000000000e+00 2.536341211092620822e-04
2.800000000000000266e+00 2.825780215769152937e-04
2.850000000000000089e+00 3.072378342629104625e-04
2.900000000000000355e+00 3.274202004473366050e-04
2.950000000000000178e+00 3.429915686913644632e-04
3.000000000000000000e+00 3.539238028746242255e-04
3.050000000000000266e+00 3.602865112292569249e-04
3.100000000000000089e+00 3.622012644585793136e-04
3.150000000000000355e+00 3.598963056194191064e-04
3.200000000000000178e+00 3.536271528239771271e-04
3.250000000000000000e+00 3.437428184023056852e-04
3.300000000000000266e+00 3.306165049887272063e-04
3.350000000000000089e+00 3.146654853294197159e-04
3.400000000000000355e+00 2.963008202876404851e-04
3.450000000000000178e+00 2.760039345636877022e-04
3.500000000000000000e+00 2.541894442317662694e-04
3.550000000000000266e+00 2.313094509361432341e-04
3.600000000000000089e+00 2.077817232947543394e-04
3.650000000000000355e+00 1.840095780924322203e-04
3.700000000000000178e+00 1.603489417672286448e-04
3.750000000000000000e+00 1.371323727606948300e-04
3.800000000000000266e+00 1.146419522794189100e-04
3.850000000000000089e+00 9.313854612392410699e-05
3.900000000000000355e+00 7.282328433433774896e-05
3.950000000000000178e+00 5.385683874520643397e-05
4.000000000000000000e+00 3.636682448238115484e-05
4.049999999999999822e+00 2.041726303256316246e-05
4.100000000000000533e+00 6.079700801128567153e-06
4.150000000000000355e+00 -6.650864947320409838e-06
4.200000000000000178e+00 -1.779405748101381410e-05
4.250000000000000000e+00 -2.737520162770582170e-05
4.299999999999999822e+00 -3.546942920605100565e-05
4.350000000000000533e+00 -4.216314538511076583e-05
4.400000000000000355e+00 -4.753677796678934428e-05
4.450000000000000178e+00 -5.170318452046622439e-05
4.500000000000000000e+00 -5.476793954440182551e-05
4.549999999999999822e+00 -5.684085728023630601e-05
4.600000000000000533e+00 -5.804454140435805388e-05
4.650000000000000355e+00 -5.848166081533566322e-05
4.700000000000000178e+00 -5.826191422497665719e-05
4.750000000000000000e+00 -5.749014732126742224e-05
4.800000000000000711e+00 -5.626090046161906695e-05
4.850000000000000533e+00 -5.466182866784058170e-05
4.900000000000000355e+00 -5.277484273432459167e-05
4.950000000000000178e+00 -5.067370004085136468e-05
5.000000000000000000e+00 -4.842071524407040562e-05
5.050000000000000711e+00 -4.607232804829198354e-05
5.100000000000000533e+00 -4.367868662390384958e-05
5.150000000000000355e+00 -4.128167329925348865e-05
5.200000000000000178e+00 -3.891066844860178038e-05
5.250000000000000000e+00 -3.659764829309508519e-05
5.300000000000000711e+00 -3.436168429016065969e-05
5.350000000000000533e+00 -3.221943752466052853e-05
5.400000000000000355e+00 -3.018146745662516399e-05
5.450000000000000178e+00 -2.825508227339842764e-05
5.500000000000000000e+00 -2.644357557432391734e-05
5.550000000000000711e+00 -2.474870295097503806e-05
5.600000000000000533e+00 -2.316579072465537904e-05
5.650000000000000355e+00 -2.169292965709816834e-05
5.700000000000000178e+00 -2.032411771281691820e-05
5.750000000000000000e+00 -1.905237955138087085e-05
5.800000000000000711e+00 -1.787350158686907834e-05
5.850000000000000533e+00 -1.677839835064632372e-05
5.900000000000000355e+00 -1.576065625624481652e-05
5.950000000000000178e+00 -1.481495085929156502e-05
6.000000000000000000e+00 -1.393469805956465632e-05
6.050000000000000711e+00 -1.311392595292597222e-05
6.100000000000000533e+00 -1.234932769046003962e-05
6.150000000000000355e+00 -1.163511686984921140e-05
6.200000000000000178e+00 -1.096876335935714772e-05
6.250000000000000000e+00 -1.034729930243974502e-05
6.300000000000000711e+00 -9.767292119096317345e-06
6.350000000000000533e+00 -9.227202688516688347e-06
6.400000000000000355e+00 -8.724912260436161086e-06
6.450000000000000178e+00 -8.258313496714932256e-06
6.500000000000000000e+00 -7.825011047846274417e-06
6.550000000000000711e+00 -7.424125473125580434e-06
6.600000000000000533e+00 -7.052323808463293331e-06
6.650000000000000355e+00 -6.707973936977805818e-06
6.700000000000000178e+00 -6.388779036267173152e-06
6.750000000000000000e+00 -6.091905350709130260e-06
6.800000000000000711e+00 -5.815242875663796452e-06
6.850000000000000533e+00 -5.555986900545319978e-06
6.900000000000000355e+00 -5.311742422346792488e-06
6.950000000000000178e+00 -5.080233471068197218e-06
7.000000000000000000e+00 -4.859616610110763037e-06
7.050000000000000711e+00 -4.647569006788395179e-06
7.100000000000000533e+00 -4.443335673038871615e-06
7.150000000000000355e+00 -4.245419097715980189e-06
7.200000000000000178e+00 -4.053114234024037062e-06
7.250000000000000000e+00 -3.866066296024219060e-06
7.300000000000000711e+00 -3.684523399539214725e-06
7.350000000000000533e+00 -3.508525667746750589e-06
7.400000000000000355e+00 -3.338495548352031803e-06
7.450000000000000178e+00 -3.175335273918216599e-06
7.500000000000000000e+00 -3.019578614133079033e-06
7.550000000000000711e+00 -2.871944990478810277e-06
7.600000000000000533e+00 -2.732869928211318511e-06
7.650000000000000355e+00 -2.603018208620618800e-06
7.700000000000000178e+00 -2.482597738986079979e-06
7.750000000000000000e+00 -2.371405715990184001e-06
7.800000000000000711e+00 -2.269221912622296565e-06
7.850000000000000533e+00 -2.175645788743935959e-06
7.900000000000000355e+00 -2.089794938790332079e-06
7.950000000000000178e+00 -2.010764265582448389e-06
8.000000000000000000e+00 -1.937553432037348162e-06
8.050000000000000711e+00 -1.868730616999312203e-06
8.099999999999999645e+00 -1.803397475404786684e-06
8.150000000000000355e+00 -1.740392146844356308e-06
8.200000000000001066e+00 -1.678654890792149411e-06
8.250000000000000000e+00 -1.617550885600017397e-06
8.300000000000000711e+00 -1.556349842824841947e-06
8.349999999999999645e+00 -1.494668927751833963e-06
8.400000000000000355e+00 -1.432552173680793938e-06
8.450000000000001066e+00 -1.370003950551153904e-06
8.500000000000000000e+00 -1.307499303678248809e-06
8.550000000000000711e+00 -1.245486986082329475e-06
8.599999999999999645e+00 -1.184612140973008609e-06
8.650000000000000355e+00 -1.125651995775212291e-06
8.700000000000001066e+00 -1.069238953093573025e-06
8.750000000000000000e+00 -1.016206104162575925e-06
8.800000000000000711e+00 -9.671000058544063054e-07
8.849999999999999645e+00 -9.222289496022055046e-07
8.900000000000000355e+00 -8.819761944330974997e-07
8.950000000000001066e+00 -8.463457419685623367e-07
9.000000000000000000e+00 -8.151873672845818551e-07
9.050000000000000711e+00 -7.882030622568716554e-07
9.099999999999999645e+00 -7.648578047268237347e-07
9.150000000000000355e+00 -7.444191823528176399e-07
9.200000000000001066e+00 -7.262149006492001202e-07
9.250000000000000000e+00 -7.094443354899117144e-07
9.300000000000000711e+00 -6.932847186953163629e-07
9.349999999999999645e+00 -6.770548257549859535e-07
9.400000000000000355e+00 -6.600954398329110155e-07
9.450000000000001066e+00 -6.418972617161864352e-07
9.500000000000000000e+00 -6.221909718670928216e-07
9.550000000000000711e+00 -6.008039067860766589e-07
9.600000000000001421e+00 -5.777584225182909371e-07
9.650000000000000355e+00 -5.533571871840698811e-07
9.700000000000001066e+00 -5.278639854976846567e-07
9.750000000000000000e+00 -5.018030082253054827e-07
9.800000000000000711e+00 -4.757621012158997163e-07
9.850000000000001421e+00 -4.503288008564066087e-07
9.900000000000000355e+00 -4.260830729964347237e-07
9.950000000000001066e+00 -4.035654848519537683e-07
1.000000000000000000e+01 -3.832468923254841585e-07
1.005000000000000071e+01 -3.654059513937044781e-07
1.010000000000000142e+01 -3.502846823477263751e-07
1.015000000000000036e+01 -3.378848225320979718e-07
1.020000000000000107e+01 -3.280890393015636641e-07
1.025000000000000000e+01 -3.206252704292156562e-07
1.030000000000000071e+01 -3.151160166280806273e-07
1.035000000000000142e+01 -3.110594926404834776e-07
1.040000000000000036e+01 -3.079455990389975802e-07
1.045000000000000107e+01 -3.052190997955681684e-07
1.050000000000000000e+01 -3.022881477894319976e-07
1.055000000000000071e+01 -2.987262435112428346e-07
1.060000000000000142e+01 -2.940847017403594211e-07
1.065000000000000036e+01 -2.880892667586410542e-07
1.070000000000000107e+01 -2.805823750500605219e-07
1.075000000000000000e+01 -2.715404195252750343e-07
1.080000000000000071e+01 -2.610414282856499025e-07
1.085000000000000142e+01 -2.493247586341852273e-07
1.090000000000000036e+01 -2.367100902301028154e-07
1.095000000000000107e+01 -2.235825661218745531e-07
1.100000000000000000e+01 -2.104152619502095696e-07
1.105000000000000071e+01 -1.976328490102238350e-07
1.110000000000000142e+01 -1.856596995848216987e-07
1.115000000000000036e+01 -1.748952041484440105e-07
1.120000000000000107e+01 -1.656147580822819584e-07
1.125000000000000000e+01 -1.580236569817489671e-07
1.130000000000000071e+01 -1.522187693931200913e-07
1.135000000000000142e+01 -1.481576121991287549e-07
1.140000000000000036e+01 -1.456964499402324033e-07
1.145000000000000107e+01 -1.446143665336066739e-07
1.150000000000000000e+01 -1.445834446501215975e-07
1.155000000000000071e+01 -1.452386467611362434e-07
1.160000000000000142e+01 -1.461791841149336696e-07
1.165000000000000036e+01 -1.470050337580073748e-07
1.170000000000000107e+01 -1.473440027746057603e-07
1.175000000000000000e+01 -1.468932755896034439e-07
1.180000000000000071e+01 -1.454067670406407217e-07
1.185000000000000142e+01 -1.427395446536267710e-07
1.190000000000000036e+01 -1.388399553256275097e-07
1.195000000000000107e+01 -1.337604050712057864e-07
1.200000000000000000e+01 -1.276387743049602595e-07
1.205000000000000071e+01 -1.207147962946453941e-07
1.210000000000000142e+01 -1.132653778989782815e-07
1.215000000000000036e+01 -1.056094748378443356e-07
1.220000000000000107e+01 -9.809925996142752313e-08
1.225000000000000000e+01 -9.105849283514681698e-08
1.230000000000000071e+01 -8.478459609442509365e-08
1.235000000000000142e+01 -7.951312452454621444e-08
1.240000000000000036e+01 -7.542089859054689554e-08
1.245000000000000107e+01 -7.257921289719674543e-08
1.250000000000000000e+01 -7.098579386015637416e-08
1.255000000000000071e+01 -7.055962387988607315e-08
1.260000000000000142e+01 -7.112172933649756569e-08
1.265000000000000036e+01 -7.244621261093324712e-08
1.270000000000000107e+01 -7.424823106096394738e-08
1.275000000000000000e+01 -7.622860015436835864e-08
1.280000000000000071e+01 -7.807376380216188185e-08
1.285000000000000142e+01 -7.950278162593815108e-08
1.290000000000000036e+01 -8.026635453594778817e-08
1.295000000000000107e+01 -8.017533936354071807e-08
1.300000000000000000e+01 -7.911459047966995281e-08
1.305000000000000071e+01 -7.704014198879430261e-08
1.310000000000000142e+01 -7.399194773858506717e-08
1.315000000000000036e+01 -7.008913174415748565e-08
1.320000000000000107e+01 -6.551225572992013030e-08
1.325000000000000000e+01 -6.049042861443670580e-08
1.330000000000000071e+01 -5.529404879028312359e-08
1.335000000000000142e+01 -5.020256312349752873e-08
1.340000000000000036e+01 -4.548291749807008461e-08
1.345000000000000107e+01 -4.138529648750704478e-08
1.350000000000000000e+01 -3.810824912355272172e-08
1.355000000000000071e+01 -3.578669737670920876e-08
1.360000000000000142e+01 -3.449381678245295037e-08
1.365000000000000036e+01 -3.422408548379534161e-08
1.370000000000000107e+01 -3.489663455192594766e-08
1.375000000000000000e+01 -3.637334345049266413e-08
1.380000000000000071e+01 -3.844749866480049892e-08
1.385000000000000142e+01 -4.087954960370620736e-08
1.390000000000000036e+01 -4.340671213425049395e-08
1.395000000000000107e+01 -4.576055862381789500e-08
1.400000000000000000e+01 -4.768939847738616655e-08
1.405000000000000071e+01 -4.897914031292852338e-08
1.410000000000000142e+01 -4.946131239343799173e-08
1.415000000000000036e+01 -4.903164735465741513e-08
1.420000000000000107e+01 -4.765466771245454798e-08
1.425000000000000000e+01 -4.537036700837584210e-08
1.430000000000000071e+01 -4.228048108013601024e-08
1.435000000000000142e+01 -3.855075624692887836e-08
1.440000000000000036e+01 -3.439633310494755689e-08
1.445000000000000107e+01 -3.006186112848890285e-08
1.450000000000000000e+01 -2.581001843304623282e-08
1.455000000000000071e+01 -2.189463457682108022e-08
1.460000000000000142e+01 -1.855108719831981733e-08
1.465000000000000036e+01 -1.597100881111314245e-08
1.470000000000000107e+01 -1.429401799443078278e-08
1.475000000000000000e+01 -1.359204263244361733e-08
1.480000000000000071e+01 -1.388606378261638242e-08
1.485000000000000142e+01 -1.505802095496024889e-08
1.490000000000000036e+01 -1.717963527683091939e-08
1.495000000000000107e+01 -1.931286489708922147e-08
1.500000000000000000e+01 -2.393445150599459554e-08
1.505000000000000071e+01 -2.338284338673681207e-08
1.510000000000000142e+01 -2.284583972224855294e-08
1.515000000000000036e+01 -2.232406493386041778e-08
1.520000000000000107e+01 -2.181469573541695991e-08
1.525000000000000000e+01 -2.131898479675880425e-08
1.530000000000000071e+01 -2.083635811562051386e-08
1.535000000000000142e+01 -2.036546079676675483e-08
1.540000000000000036e+01 -1.990762549827421013e-08
1.545000000000000107e+01 -1.946101988845719690e-08
1.550000000000000000e+01 -1.902550627938610746e-08
1.555000000000000071e+01 -1.860133456265304653e-08
1.560000000000000142e+01 -1.818797790047165347e-08
1.565000000000000036e+01 -1.778472891246845539e-08
1.570000000000000107e+01 -1.739260339974851553e-08
1.575000000000000000e+01 -1.700985491935354795e-08
1.580000000000000071e+01 -1.663618323572366058e-08
1.585000000000000142e+01 -1.627241212115015700e-08
1.590000000000000036e+01 -1.591749052325919589e-08
1.595000000000000107e+01 -1.557149590823825421e-08
1.600000000000000000e+01 -1.523413585302205515e-08
1.605000000000000071e+01 -1.490521416556972427e-08
1.610000000000000142e+01 -1.458408501200290923e-08
1.615000000000000213e+01 -1.427110599103310730e-08
1.619999999999999929e+01 -1.396501440830954304e-08
1.625000000000000000e+01 -1.366706607557645558e-08
1.630000000000000071e+01 -1.337627544485017311e-08
1.635000000000000142e+01 -1.309264549495921396e-08
1.640000000000000213e+01 -1.281644011800061157e-08
1.644999999999999929e+01 -1.254609040240490125e-08
