0.000000000000000000e+00 0.000000000000000000e+00
5.000000000000000278e-02 2.322230466934715541e-09
1.000000000000000056e-01 7.412207613045750454e-08
1.500000000000000222e-01 5.604766911071647167e-07
2.000000000000000111e-01 2.347827384915351250e-06
2.500000000000000000e-01 7.110369295571985930e-06
3.000000000000000444e-01 1.752810702720615778e-05
3.500000000000000333e-01 3.746846664872718858e-05
4.000000000000000222e-01 7.212444698945855170e-05
4.500000000000000111e-01 1.281035960117946494e-04
5.000000000000000000e-01 2.134635722371501336e-04
5.500000000000000444e-01 3.376916528115023273e-04
6.000000000000000888e-01 5.116272312683455784e-04
6.500000000000000222e-01 7.473280596896461408e-04
7.000000000000000666e-01 1.057882681483332662e-03
7.500000000000000000e-01 1.457173123024966491e-03
8.000000000000000444e-01 1.959593418013353024e-03
8.500000000000000888e-01 2.579730884454346264e-03
9.000000000000000222e-01 3.332018222696717363e-03
9.500000000000000666e-01 4.230365422065292258e-03
1.000000000000000000e+00 5.287781128602324181e-03
1.050000000000000044e+00 6.515993520188113376e-03
1.100000000000000089e+00 7.925080848930794730e-03
1.150000000000000133e+00 9.523121643516844689e-03
1.200000000000000178e+00 1.131587412366135553e-02
1.250000000000000000e+00 1.330649368013114495e-02
1.300000000000000044e+00 1.549529633945139623e-02
1.350000000000000089e+00 1.787957499113819806e-02
1.400000000000000133e+00 2.045347384130669424e-02
1.450000000000000178e+00 2.320792510823081051e-02
1.500000000000000000e+00 2.613065043436271079e-02
1.550000000000000044e+00 2.920622789869129279e-02
1.600000000000000089e+00 3.241622391680869242e-02
1.650000000000000133e+00 3.573938775650314231e-02
1.700000000000000178e+00 3.915190491488534236e-02
1.750000000000000000e+00 4.262770423658650276e-02
1.800000000000000044e+00 4.613881243486742806e-02
1.850000000000000089e+00 4.965574863697695684e-02
1.900000000000000133e+00 5.314795073456349966e-02
1.950000000000000178e+00 5.658422469601726706e-02
2.000000000000000000e+00 5.993320760056523866e-02
2.050000000000000266e+00 6.316383498755985537e-02
2.100000000000000089e+00 6.624580317617700942e-02
2.149999999999999911e+00 6.915001749213790794e-02
2.200000000000000178e+00 7.184901782501224021e-02
2.250000000000000000e+00 7.431737361315160495e-02
2.300000000000000266e+00 7.653204119014012097e-02
2.350000000000000089e+00 7.847267740027265293e-02
2.400000000000000355e+00 8.012190447192114873e-02
2.450000000000000178e+00 8.146552229609825557e-02
2.500000000000000000e+00 8.249266546178067594e-02
2.550000000000000266e+00 8.319590361854176108e-02
2.600000000000000089e+00 8.357128494076576652e-02
2.650000000000000355e+00 8.361832362797855245e-02
2.700000000000000178e+00 8.333993346695237059e-02
2.750000000000000000e+00 8.274231048057302529e-02
2.800000000000000266e+00 8.183476857686068640e-02
2.850000000000000089e+00 8.062953287367150002e-02
2.900000000000000355e+00 7.914149599915334954e-02
2.950000000000000178e+00 7.738794314773322913e-02
3.000000000000000000e+00 7.538825200304107021e-02
3.050000000000000266e+00 7.316357382336245718e-02
3.100000000000000089e+00 7.073650202619718996e-02
3.150000000000000355e+00 6.813073451378053036e-02
3.200000000000000178e+00 6.537073576136614994e-02
3.250000000000000000e+00 6.248140435741827980e-02
3.300000000000000266e+00 5.948775125428173299e-02
3.350000000000000089e+00 5.641459347543030522e-02
3.400000000000000355e+00 5.328626744797341358e-02
3.450000000000000178e+00 5.012636550402045643e-02
3.500000000000000000e+00 4.695749843898437692e-02
3.550000000000000266e+00 4.380108634563144310e-02
3.600000000000000089e+00 4.067717927542688350e-02
3.650000000000000355e+00 3.760430862802009028e-02
3.700000000000000178e+00 3.459936954857284475e-02
3.750000000000000000e+00 3.167753403235912257e-02
3.800000000000000266e+00 2.885219390608475404e-02
3.850000000000000089e+00 2.613493238317447440e-02
3.900000000000000355e+00 2.353552248136265776e-02
3.950000000000000178e+00 2.106195024887719605e-02
4.000000000000000000e+00 1.872046047203415262e-02
4.049999999999999822e+00 1.651562233213698522e-02
4.100000000000000533e+00 1.445041234159608924e-02
4.150000000000000355e+00 1.252631181514249174e-02
4.200000000000000178e+00 1.074341611771223101e-02
4.250000000000000000e+00 9.100552970848845361e-03
4.299999999999999822e+00 7.595407188374963398e-03
4.350000000000000533e+00 6.224649343155682323e-03
4.400000000000000355e+00 4.984066033209970034e-03
4.450000000000000178e+00 3.868689610297240504e-03
4.500000000000000000e+00 2.872925450535644947e-03
4.549999999999999822e+00 1.990675077928092274e-03
4.600000000000000533e+00 1.215453691575183208e-03
4.650000000000000355e+00 5.405008899865878635e-04
4.700000000000000178e+00 -4.111637401832488064e-05
4.750000000000000000e+00 -5.364093414716417140e-04
4.800000000000000711e+00 -9.523820104907662317e-04
4.850000000000000533e+00 -1.295955019479070594e-03
4.900000000000000355e+00 -1.573898965215040713e-03
4.950000000000000178e+00 -1.792777099862671473e-03
5.000000000000000000e+00 -1.958897200433995598e-03
5.050000000000000711e+00 -2.078272274818852069e-03
5.100000000000000533e+00 -2.156589660323902317e-03
5.150000000000000355e+00 -2.199187983407022498e-03
5.200000000000000178e+00 -2.211041382206992145e-03
5.250000000000000000e+00 -2.196750345459844676e-03
5.300000000000000711e+00 -2.160538491086692187e-03
5.350000000000000533e+00 -2.106254593545067808e-03
5.400000000000000355e+00 -2.037379169219483664e-03
5.450000000000000178e+00 -1.957034941859403260e-03
5.500000000000000000e+00 -1.868000533490038256e-03
5.550000000000000711e+00 -1.772726758472796798e-03
5.600000000000000533e+00 -1.673354937678175501e-03
5.650000000000000355e+00 -1.571736694345141939e-03
5.700000000000000178e+00 -1.469454741541842933e-03
5.750000000000000000e+00 -1.367844221754010341e-03
5.800000000000000711e+00 -1.268014210703002822e-03
5.850000000000000533e+00 -1.170869048887482984e-03
5.900000000000000355e+00 -1.077129214568937508e-03
5.950000000000000178e+00 -9.873515001621803629e-04
6.000000000000000000e+00 -9.019482995873118452e-04
6.050000000000000711e+00 -8.212058565800715035e-04
6.100000000000000533e+00 -7.453013628748561114e-04
6.150000000000000355e+00 -6.743188303284174904e-04
6.200000000000000178e+00 -6.082636923174927768e-04
6.250000000000000000e+00 -5.470761170956739416e-04
6.300000000000000711e+00 -4.906430392953332886e-04
6.350000000000000533e+00 -4.388089355417720936e-04
6.400000000000000355e+00 -3.913853863996742547e-04
6.450000000000000178e+00 -3.481594798314958375e-04
6.500000000000000000e+00 -3.089011212798061195e-04
6.550000000000000711e+00 -2.733693226792028338e-04
6.600000000000000533e+00 -2.413175474578991978e-04
6.650000000000000355e+00 -2.124981912052434894e-04
6.700000000000000178e+00 -1.866662784584200503e-04
6.750000000000000000e+00 -1.635824552852219106e-04
6.800000000000000711e+00 -1.430153552829031664e-04
6.850000000000000533e+00 -1.247434135291474160e-04
6.900000000000000355e+00 -1.085561991421334836e-04
6.950000000000000178e+00 -9.425533264244731718e-05
7.000000000000000000e+00 -8.165504944546615751e-05
7.050000000000000711e+00 -7.058246571219485132e-05
7.100000000000000533e+00 -6.087759758703553339e-05
7.150000000000000355e+00 -5.239317967070827479e-05
7.200000000000000178e+00 -4.499432351085360721e-05
7.250000000000000000e+00 -3.855805201797482659e-05
7.300000000000000711e+00 -3.297274109015364927e-05
7.350000000000000533e+00 -2.813749539860611814e-05
7.400000000000000355e+00 -2.396148127758684454e-05
7.450000000000000178e+00 -2.036323599342080060e-05
7.500000000000000000e+00 -1.726996934576329856e-05
7.550000000000000711e+00 -1.461687057830064373e-05
7.600000000000000533e+00 -1.234643093749216252e-05
7.650000000000000355e+00 -1.040778990377173936e-05
7.700000000000000178e+00 -8.756111111171613191e-06
7.750000000000000000e+00 -7.351992249050328392e-06
7.800000000000000711e+00 -6.160911780366777675e-06
7.850000000000000533e+00 -5.152714091475601586e-06
7.900000000000000355e+00 -4.301133684739663049e-06
7.950000000000000178e+00 -3.583358213887542089e-06
8.000000000000000000e+00 -2.979629520110312237e-06
8.050000000000000711e+00 -2.472881332331768948e-06
8.099999999999999645e+00 -2.048411927908132305e-06
8.150000000000000355e+00 -1.693589790868179753e-06
8.200000000000001066e+00 -1.397590136526807033e-06
8.250000000000000000e+00 -1.151160078462130917e-06
8.300000000000000711e+00 -9.464101821978804895e-07
8.349999999999999645e+00 -7.766301672980314644e-07
8.400000000000000355e+00 -6.361265751874641500e-07
8.450000000000001066e+00 -5.200803047806048383e-07
8.500000000000000000e+00 -4.244220235028126982e-07
8.550000000000000711e+00 -3.457235816168353539e-07
8.599999999999999645e+00 -2.811036866956953965e-07
8.650000000000000355e+00 -2.281462284729857555e-07
8.700000000000001066e+00 -1.848297786318937620e-07
8.750000000000000000e+00 -1.494669220980976973e-07
8.800000000000000711e+00 -1.206522043026719369e-07
8.849999999999999645e+00 -9.721760099877329705e-08
8.900000000000000355e+00 -7.819453215448529951e-08
8.950000000000001066e+00 -6.278154886182932986e-08
9.000000000000000000e+00 -5.031692165019177903e-08
9.050000000000000711e+00 -4.025544929052934258e-08
9.099999999999999645e+00 -3.214889048579750614e-08
9.150000000000000355e+00 -2.562949554149443168e-08
9.200000000000001066e+00 -2.039618255885071071e-08
9.250000000000000000e+00 -1.620296294658338028e-08
9.300000000000000711e+00 -1.284927440927970377e-08
9.349999999999999645e+00 -1.017192705262878737e-08
9.400000000000000355e+00 -8.038409793482833063e-09
9.450000000000001066e+00 -6.341340560293189573e-09
9.500000000000000000e+00 -4.993876027402002321e-09
9.550000000000000711e+00 -3.925923670570830760e-09
9.600000000000001421e+00 -3.081023370008590369e-09
9.650000000000000355e+00 -2.413786031779573717e-09
9.700000000000001066e+00 -1.887794586841939531e-09
9.750000000000000000e+00 -1.473887750175609070e-09
9.800000000000000711e+00 -1.148759899985259890e-09
9.850000000000001421e+00 -8.938214129628548636e-10
9.900000000000000355e+00 -6.942730241335958837e-10
9.950000000000001066e+00 -5.383556152373621632e-10
1.000000000000000000e+01 -4.167436420245852254e-10
1.005000000000000071e+01 -3.220555672075693463e-10
1.010000000000000142e+01 -2.484597352143148934e-10
1.015000000000000036e+01 -1.913576766124746157e-10
1.020000000000000107e+01 -1.471301315743742792e-10
1.025000000000000000e+01 -1.129339357655315084e-10
1.030000000000000071e+01 -8.653973398503848127e-11
1.035000000000000142e+01 -6.620276131251731311e-11
1.040000000000000036e+01 -5.056001888117352985e-11
1.045000000000000107e+01 -3.854872232999910186e-11
1.050000000000000000e+01 -2.934171681719378396e-11
1.055000000000000071e+01 -2.229640565690341132e-11
1.060000000000000142e+01 -1.691449822422727523e-11
1.065000000000000036e+01 -1.281030230694042234e-11
1.070000000000000107e+01 -9.685819770736695666e-12
1.075000000000000000e+01 -7.311245440294578570e-12
1.080000000000000071e+01 -5.509660805968042920e-12
1.085000000000000142e+01 -4.145135015949240357e-12
1.090000000000000036e+01 -3.113387678314929330e-12
1.095000000000000107e+01 -2.334582202587244849e-12
1.100000000000000000e+01 -1.747699380377704885e-12
1.105000000000000071e+01 -1.306201116981209432e-12
1.110000000000000142e+01 -9.746231679043263197e-13
1.115000000000000036e+01 -7.260133972384349038e-13
1.120000000000000107e+01 -5.399370345405993211e-13
1.125000000000000000e+01 -4.008913579584751613e-13
1.130000000000000071e+01 -2.971670009938158742e-13
1.135000000000000142e+01 -2.199187328868857075e-13
1.140000000000000036e+01 -1.624835706614311987e-13
1.145000000000000107e+01 -1.198539685411878955e-13
1.150000000000000000e+01 -8.826073552571339859e-14
1.155000000000000071e+01 -6.489385802129822336e-14
1.160000000000000142e+01 -4.763261800415373456e-14
1.165000000000000036e+01 -3.490926663161979095e-14
1.170000000000000107e+01 -2.553978317877089363e-14
1.175000000000000000e+01 -1.865621484559048941e-14
1.180000000000000071e+01 -1.360427819014594694e-14
1.185000000000000142e+01 -9.904222995997052432e-15
1.190000000000000036e+01 -7.199427251370269558e-15
1.195000000000000107e+01 -5.225259927558877071e-15
1.200000000000000000e+01 -3.789140474309738612e-15
1.205000000000000071e+01 -2.740117295616364375e-15
1.210000000000000142e+01 -1.979696202568475588e-15
1.215000000000000036e+01 -1.430474791869559202e-15
1.220000000000000107e+01 -1.031698962846807285e-15
1.225000000000000000e+01 -7.399687754944514042e-16
1.230000000000000071e+01 -5.305883684715028212e-16
1.235000000000000142e+01 -3.745055641582014549e-16
1.240000000000000036e+01 -2.704636738270892035e-16
1.245000000000000107e+01 -1.940265937158506712e-16
1.250000000000000000e+01 -1.386924827056290079e-16
1.255000000000000071e+01 -1.017332205105190291e-16
1.260000000000000142e+01 -6.868226576789255116e-17
1.265000000000000036e+01 -4.965014154204739049e-17
1.270000000000000107e+01 -3.239303717980123793e-17
1.275000000000000000e+01 -2.433936108903176684e-17
1.280000000000000071e+01 -1.537096540014982615e-17
1.285000000000000142e+01 -1.182049752226971290e-17
1.290000000000000036e+01 -7.932670039689732411e-18
1.295000000000000107e+01 -7.126413334676775766e-18
1.300000000000000000e+01 -4.884187241551144324e-18
1.305000000000000071e+01 -4.535622369564227994e-18
1.310000000000000142e+01 -1.494000417375593801e-18
1.315000000000000036e+01 -7.615762985166519449e-19
1.320000000000000107e+01 -3.244560737794292207e-18
1.325000000000000000e+01 6.314577819488065626e-19
1.330000000000000071e+01 1.691861683256394164e-18
1.335000000000000142e+01 -1.495102782723932562e-18
1.340000000000000036e+01 -1.681872126717927357e-19
1.345000000000000107e+01 3.656314822839771426e-19
1.350000000000000000e+01 9.969094727833410543e-19
1.355000000000000071e+01 -8.681784568546562433e-19
1.360000000000000142e+01 2.264096278534308093e-18
1.365000000000000036e+01 -1.046541706491497482e-18
1.370000000000000107e+01 -1.045533032358771974e-18
1.375000000000000000e+01 3.829250895990926184e-18
1.380000000000000071e+01 -5.721891389278280244e-19
1.385000000000000142e+01 1.351269457614721720e-18
1.390000000000000036e+01 9.538822336896496119e-19
1.395000000000000107e+01 -7.892141764564759124e-19
1.400000000000000000e+01 6.318339670930108707e-18
1.405000000000000071e+01 1.736411762330856510e-18
1.410000000000000142e+01 1.421191619705581644e-18
1.415000000000000036e+01 2.202754701304607481e-18
1.420000000000000107e+01 -3.523935471303208652e-19
1.425000000000000000e+01 -3.246130082175587339e-18
1.430000000000000071e+01 1.778652674957680435e-18
1.435000000000000142e+01 7.654040740391186488e-20
1.440000000000000036e+01 -3.333550459830463937e-18
1.445000000000000107e+01 -1.387736362896862176e-19
1.450000000000000000e+01 -8.245386963219666175e-19
1.455000000000000071e+01 2.107548169504894863e-18
1.460000000000000142e+01 -7.180226929555660097e-19
1.465000000000000036e+01 -4.740645603313379883e-19
1.470000000000000107e+01 -2.137929532026160475e-20
1.475000000000000000e+01 -6.905150597275837552e-18
1.480000000000000071e+01 -3.480425021779967639e-19
1.485000000000000142e+01 -1.060036939952790534e-18
1.490000000000000036e+01 1.932748194995440853e-18
1.495000000000000107e+01 1.543445263068365732e-18
1.500000000000000000e+01 -1.872736588413617766e-18
1.505000000000000071e+01 -2.500428971847292924e-18
1.510000000000000142e+01 -1.748622595772927266e-18
1.515000000000000036e+01 -1.029859452698810371e-18
1.520000000000000107e+01 -2.111657467544120769e-18
1.525000000000000000e+01 5.439974228795174269e-19
1.530000000000000071e+01 -2.691759356801999075e-18
1.535000000000000142e+01 1.179219410945523962e-18
1.540000000000000036e+01 4.579102429545998332e-18
1.545000000000000107e+01 -3.731132220680215084e-18
1.550000000000000000e+01 2.364163209180416856e-19
1.555000000000000071e+01 -3.664199170768203609e-18
1.560000000000000142e+01 1.899962585129793732e-18
1.565000000000000036e+01 2.053090970309101975e-19
1.570000000000000107e+01 -3.051962580444591000e-18
1.575000000000000000e+01 -2.102389760773509277e-18
1.580000000000000071e+01 3.175042989766116583e-18
1.585000000000000142e+01 -4.346012635332175064e-18
1.590000000000000036e+01 -4.421669098804005478e-19
1.595000000000000107e+01 -5.081344165104647942e-19
1.600000000000000000e+01 6.984898543944814119e-19
1.605000000000000071e+01 7.547470517969206652e-19
1.610000000000000142e+01 -1.992188745331818703e-18
1.615000000000000213e+01 7.436255860231955350e-18
1.619999999999999929e+01 -4.399181228195724501e-19
1.625000000000000000e+01 3.387994103661834034e-18
1.630000000000000071e+01 1.807916020135718627e-18
1.635000000000000142e+01 -1.066190612626167339e-18
1.640000000000000213e+01 7.882735690679564024e-19
1.644999999999999929e+01 2.064688822270765739e-18
1.650000000000000000e+01 -4.711464852184598153e-19
1.655000000000000071e+01 -1.384125109389101429e-18
1.660000000000000142e+01 1.205045757190714390e-18
1.665000000000000213e+01 2.131341005028011477e-19
1.669999999999999929e+01 -1.804649188431721382e-20
1.675000000000000000e+01 -7.418041993703357935e-19
1.680000000000000071e+01 -1.572448000268614334e-18
1.685000000000000142e+01 8.898830575663947426e-21
1.690000000000000213e+01 1.227718388411117554e-18
1.694999999999999929e+01 1.336714785603388068e-19
1.700000000000000000e+01 6.869759060036633031e-19
1.705000000000000071e+01 4.016511684706463788e-19
1.710000000000000142e+01 -2.405061540507539802e-18
1.715000000000000213e+01 4.717633259886042207e-19
1.719999999999999929e+01 -1.567609432191626468e-18
1.725000000000000000e+01 1.462465252536041955e-18
1.730000000000000071e+01 1.039773436837258244e-18
1.735000000000000142e+01 2.524223237790399497e-19
1.740000000000000213e+01 3.244365809858788611e-18
1.744999999999999929e+01 1.606118941053701636e-18
1.750000000000000000e+01 5.832886362409070722e-18
1.755000000000000071e+01 -2.205951834707649917e-18
1.760000000000000142e+01 2.275440096809846878e-18
1.765000000000000213e+01 3.976306862363793844e-18
1.769999999999999929e+01 1.349150993302364122e-19
1.775000000000000000e+01 9.203975303223841543e-19
1.780000000000000071e+01 -2.499159223577513834e-18
1.785000000000000142e+01 -1.134217216573032908e-18
1.790000000000000213e+01 2.560483131625402701e-18
1.794999999999999929e+01 4.621701722617801108e-19
1.800000000000000000e+01 8.761300181415125206e-19
1.805000000000000071e+01 -1.914625151891058839e-18
1.810000000000000142e+01 1.636125326480768787e-19
1.815000000000000213e+01 6.275101927542627247e-19
1.819999999999999929e+01 7.959067981994390727e-19
1.825000000000000000e+01 -1.616892459271419269e-18
1.830000000000000071e+01 -7.400067176831989528e-19
1.835000000000000142e+01 -5.698268739388729003e-19
1.840000000000000213e+01 2.869566286918658815e-18
1.844999999999999929e+01 -1.705551827372104725e-18
1.850000000000000000e+01 2.689856458840700292e-18
1.855000000000000071e+01 -9.883482783793262527e-19
1.860000000000000142e+01 1.491600281120336891e-18
1.865000000000000213e+01 9.355436335224963060e-20
1.869999999999999929e+01 -6.188690852264863348e-19
1.875000000000000000e+01 -1.699715460726561796e-18
1.880000000000000071e+01 5.117069528256137958e-20
1.885000000000000142e+01 5.692879445916440663e-19
1.890000000000000213e+01 -3.893980812096694545e-18
1.894999999999999929e+01 1.296873107990537669e-18
1.900000000000000000e+01 -1.645828976877008944e-18
1.905000000000000071e+01 -1.561148466175962944e-18
1.910000000000000142e+01 -2.980182802165628489e-19
1.915000000000000213e+01 1.259149149340622937e-18
1.920000000000000284e+01 -7.850226887318391026e-19
1.925000000000000000e+01 3.321828698177191978e-19
1.930000000000000071e+01 -2.577174480112108776e-18
1.935000000000000142e+01 -1.964890690505875959e-18
1.940000000000000213e+01 -1.106456520104522784e-18
1.945000000000000284e+01 1.141761946098397783e-18
1.950000000000000000e+01 8.153519649489721293e-20
1.955000000000000071e+01 1.036801745631012182e-18
1.960000000000000142e+01 -4.443822227915843886e-19
1.965000000000000213e+01 2.883169616489580772e-18
1.970000000000000284e+01 -1.280265272538246264e-18
1.975000000000000000e+01 5.243657455968929718e-19
1.980000000000000071e+01 9.612215030166952336e-19
1.985000000000000142e+01 1.186181491595651438e-18
1.990000000000000213e+01 2.672761030855055564e-19
1.995000000000000284e+01 1.759510894539451419e-18
2.000000000000000000e+01 3.252090038762133676e-19
2.005000000000000071e+01 1.382845383690243753e-18
2.010000000000000142e+01 2.663153753310440594e-18
2.015000000000000213e+01 -1.983849040313857325e-18
2.020000000000000284e+01 2.563362497330068953e-19
2.025000000000000000e+01 3.654675484492210167e-18
2.030000000000000071e+01 1.147403175300360317e-18
2.035000000000000142e+01 2.669290726736238079e-18
2.040000000000000213e+01 2.189017958601018555e-18
2.045000000000000284e+01 7.192797501500929239e-18
2.050000000000000000e+01 7.957187254778826517e-19
2.055000000000000071e+01 5.214897330771010556e-18
2.060000000000000142e+01 1.229604465267116775e-18
2.065000000000000213e+01 1.049351235694854211e-18
2.070000000000000284e+01 2.127454130785146790e-18
2.075000000000000000e+01 4.662246975551476935e-19
2.080000000000000071e+01 1.200091519888025805e-18
2.085000000000000142e+01 2.344722550842440603e-18
2.090000000000000213e+01 -1.236845791826456410e-18
2.095000000000000284e+01 8.865681379908187956e-19
2.100000000000000000e+01 -3.820678009773401874e-18
2.105000000000000071e+01 -4.688297946326032988e-19
2.110000000000000142e+01 -4.761173528439467521e-18
2.115000000000000213e+01 8.363258229183504329e-19
2.120000000000000284e+01 -9.767286696360378865e-19
2.125000000000000000e+01 -8.772628924768379581e-19
2.130000000000000071e+01 -6.111245771392647889e-19
2.135000000000000142e+01 -9.924743882390992670e-19
2.140000000000000213e+01 -1.819212814622600056e-18
2.145000000000000284e+01 -1.922581633529614386e-18
2.150000000000000000e+01 -3.239419124336401559e-18
2.155000000000000071e+01 -4.015956490117185729e-18
2.160000000000000142e+01 -4.629454935373398790e-18
2.165000000000000213e+01 -3.209816855118765489e-18
2.170000000000000284e+01 -4.675624846932459163e-18
2.175000000000000000e+01 -2.995469799451220821e-18
2.180000000000000071e+01 -1.986750611980917074e-18
2.185000000000000142e+01 -6.463183527085342716e-18
2.190000000000000213e+01 -3.851434085012571260e-18
2.195000000000000284e+01 -1.943428018563986929e-18
2.200000000000000000e+01 -6.220016615614849205e-18
2.205000000000000071e+01 -4.320981392993220067e-18
2.210000000000000142e+01 -4.878047301771362151e-18
2.215000000000000213e+01 -1.652498861776992596e-18
2.220000000000000284e+01 -1.127661400854610676e-18
2.225000000000000000e+01 5.574318386823748997e-19
2.230000000000000071e+01 5.443994814747956417e-19
2.235000000000000142e+01 -5.287967200760603939e-19
2.240000000000000213e+01 8.044375209676246858e-21
2.245000000000000284e+01 1.933845572883050278e-18
2.250000000000000000e+01 -7.370131096465105128e-19
2.255000000000000071e+01 1.400165682841072010e-18
2.260000000000000142e+01 1.399771243891239715e-18
2.265000000000000213e+01 2.524109983902723969e-18
2.270000000000000284e+01 4.775605971799070427e-18
2.275000000000000000e+01 4.881923214257086798e-18
2.280000000000000071e+01 4.543646031992754095e-18
2.285000000000000142e+01 1.374652525881064878e-18
2.290000000000000213e+01 4.220724111283760527e-18
2.295000000000000284e+01 8.821198534928183666e-18
2.300000000000000000e+01 5.956415034813089393e-18
2.305000000000000071e+01 4.726707864068806299e-18
2.310000000000000142e+01 3.813250307198154498e-18
2.315000000000000213e+01 3.216561277292747610e-18
2.320000000000000284e+01 5.826257503834977479e-18
2.325000000000000000e+01 8.610408672470105628e-19
2.330000000000000071e+01 5.672135425477195099e-18
2.335000000000000142e+01 4.391658843123786494e-18
2.340000000000000213e+01 6.291795246954301562e-18
2.345000000000000284e+01 6.105159806165410864e-18
2.350000000000000000e+01 2.505665149231003974e-18
2.355000000000000071e+01 2.955399166954623855e-19
2.360000000000000142e+01 5.435975816129725213e-18
2.365000000000000213e+01 3.098802711375256791e-18
2.370000000000000284e+01 1.662010209031871964e-18
2.375000000000000000e+01 7.488418399380368584e-19
2.380000000000000071e+01 4.600074579987404299e-18
2.385000000000000142e+01 -5.746735216674743952e-19
2.390000000000000213e+01 -1.788444574270696760e-18
2.395000000000000284e+01 -2.252984260004756410e-18
2.400000000000000000e+01 3.228156969478773244e-20
2.405000000000000071e+01 -1.843543480756685197e-18
2.410000000000000142e+01 -4.854934534777795418e-18
2.415000000000000213e+01 -2.392299213353512440e-18
2.420000000000000284e+01 -4.842688171913287892e-18
2.425000000000000000e+01 -2.478447643101389432e-18
2.430000000000000071e+01 -5.155641346187512718e-18
2.435000000000000142e+01 -6.731272852432360928e-18
2.440000000000000213e+01 -5.544226601391055988e-18
2.445000000000000284e+01 -6.108020163073250474e-18
2.450000000000000000e+01 -7.049797086379662798e-18
2.455000000000000071e+01 -3.923507368135694498e-18
2.460000000000000142e+01 -7.259192244300876109e-18
2.465000000000000213e+01 -1.074726675597054178e-17
2.470000000000000284e+01 -5.569040721880977468e-18
2.475000000000000000e+01 -2.470824219306070143e-18
2.480000000000000071e+01 -3.468560396273138524e-18
2.485000000000000142e+01 -5.544396055405849795e-18
2.490000000000000213e+01 -6.782786199709676642e-18
2.495000000000000284e+01 -5.169820264128550966e-18
