0.000000000000000000e+00 -1.637917850518953722e-02
5.000000000000000278e-02 -1.638434826914274278e-02
1.000000000000000056e-01 -1.639969366499793857e-02
1.500000000000000222e-01 -1.642472615766063168e-02
2.000000000000000111e-01 -1.645864196102653568e-02
2.500000000000000000e-01 -1.650033745110260006e-02
3.000000000000000444e-01 -1.654843026026625238e-02
3.500000000000000333e-01 -1.660128558421503434e-02
4.000000000000000222e-01 -1.665704712113140820e-02
4.500000000000000111e-01 -1.671367196596276056e-02
5.000000000000000000e-01 -1.676896870654926916e-02
5.500000000000000444e-01 -1.682063779040203835e-02
6.000000000000000888e-01 -1.686631406871740013e-02
6.500000000000000222e-01 -1.690360835576617399e-02
7.000000000000000666e-01 -1.693015111327869637e-02
7.500000000000000000e-01 -1.694363308316673700e-02
8.000000000000000444e-01 -1.694184524068790068e-02
8.500000000000000888e-01 -1.692271560134623806e-02
9.000000000000000222e-01 -1.688434310885409892e-02
9.500000000000000666e-01 -1.682502760042484113e-02
1.000000000000000000e+00 -1.674329558955997208e-02
1.050000000000000044e+00 -1.663792146395496815e-02
1.100000000000000089e+00 -1.650794330867215096e-02
1.150000000000000133e+00 -1.635267517599447301e-02
1.200000000000000178e+00 -1.617171274598809202e-02
1.250000000000000000e+00 -1.596493498579559453e-02
1.300000000000000044e+00 -1.573250102687002647e-02
1.350000000000000089e+00 -1.547484206708963847e-02
1.400000000000000133e+00 -1.519265020724777475e-02
1.450000000000000178e+00 -1.488686269881482963e-02
1.500000000000000000e+00 -1.455864341101846537e-02
1.550000000000000044e+00 -1.420936138267896512e-02
1.600000000000000089e+00 -1.384056798571438839e-02
1.650000000000000133e+00 -1.345397085788580319e-02
1.700000000000000178e+00 -1.305140837132416111e-02
1.750000000000000000e+00 -1.263482268914769419e-02
1.800000000000000044e+00 -1.220623258033652278e-02
1.850000000000000089e+00 -1.176770820338495470e-02
1.900000000000000133e+00 -1.132134342213538848e-02
1.950000000000000178e+00 -1.086923254970484365e-02
2.000000000000000000e+00 -1.041344749193515162e-02
2.050000000000000266e+00 -9.956015073673439228e-03
2.100000000000000089e+00 -9.498896838624145550e-03
2.149999999999999911e+00 -9.043975876763659175e-03
2.200000000000000178e+00 -8.593037541154452397e-03
2.250000000000000000e+00 -8.147758369204090648e-03
2.300000000000000266e+00 -7.709694931190463722e-03
2.350000000000000089e+00 -7.280275216979528209e-03
2.400000000000000355e+00 -6.860794421177675989e-03
2.450000000000000178e+00 -6.452406933447608212e-03
2.500000000000000000e+00 -6.056128157150595520e-03
2.550000000000000266e+00 -5.672832277479102243e-03
2.600000000000000089e+00 -5.303254476018279782e-03
2.650000000000000355e+00 -4.947992272615668770e-03
2.700000000000000178e+00 -4.607512398054122889e-03
2.750000000000000000e+00 -4.282153802775727318e-03
2.800000000000000266e+00 -3.972135459573219660e-03
2.850000000000000089e+00 -3.677563977734503615e-03
2.900000000000000355e+00 -3.398440345622432551e-03
2.950000000000000178e+00 -3.134667843249445366e-03
3.000000000000000000e+00 -2.886064140417774881e-03
3.050000000000000266e+00 -2.652366023182771860e-03
3.100000000000000089e+00 -2.433241297112555095e-03
3.150000000000000355e+00 -2.228296329209306786e-03
3.200000000000000178e+00 -2.037085485864493280e-03
3.250000000000000000e+00 -1.859118618755774364e-03
3.300000000000000266e+00 -1.693872817987800020e-03
3.350000000000000089e+00 -1.540794891493007732e-03
3.400000000000000355e+00 -1.399312204231365755e-03
3.450000000000000178e+00 -1.268838606322203813e-03
3.500000000000000000e+00 -1.148780684772560557e-03
3.550000000000000266e+00 -1.038543545660791569e-03
3.600000000000000089e+00 -9.375353871182121350e-04
3.650000000000000355e+00 -8.451730418473578886e-04
3.700000000000000178e+00 -7.608848595828347902e-04
3.750000000000000000e+00 -6.841145794793642224e-04
3.800000000000000266e+00 -6.143240321705493957e-04
3.850000000000000089e+00 -5.509961633570414300e-04
3.900000000000000355e+00 -4.936337396443515662e-04
3.950000000000000178e+00 -4.417655415498640309e-04
4.000000000000000000e+00 -3.949439329652504414e-04
4.049999999999999822e+00 -3.527462945446483019e-04
4.100000000000000533e+00 -3.147760186709241915e-04
4.150000000000000355e+00 -2.806587496822812960e-04
4.200000000000000178e+00 -2.500494192789185681e-04
4.250000000000000000e+00 -2.226241729102576062e-04
4.299999999999999822e+00 -1.980837534562402910e-04
4.350000000000000533e+00 -1.761516724365216815e-04
4.400000000000000355e+00 -1.565723951616377913e-04
4.450000000000000178e+00 -1.391138461895853693e-04
4.500000000000000000e+00 -1.235612209390026667e-04
4.549999999999999822e+00 -1.097191236422986134e-04
4.600000000000000533e+00 -9.741102126080648977e-05
4.650000000000000355e+00 -8.647269522869508341e-05
4.700000000000000178e+00 -7.675866711534769032e-05
4.750000000000000000e+00 -6.813800107002894349e-05
4.800000000000000711e+00 -6.049006253088929887e-05
4.850000000000000533e+00 -5.370825471174949639e-05
4.900000000000000355e+00 -4.769629609616775194e-05
4.950000000000000178e+00 -4.236801837944549252e-05
5.000000000000000000e+00 -3.764639891163712638e-05
5.050000000000000711e+00 -3.346271254978837794e-05
5.100000000000000533e+00 -2.975573667905517927e-05
5.150000000000000355e+00 -2.647101007351154852e-05
5.200000000000000178e+00 -2.356014571534850735e-05
5.250000000000000000e+00 -2.098019719243420802e-05
5.300000000000000711e+00 -1.869324466803513562e-05
5.350000000000000533e+00 -1.666456227140239625e-05
5.400000000000000355e+00 -1.486615179602906606e-05
5.450000000000000178e+00 -1.327007937176194683e-05
5.500000000000000000e+00 -1.185308066136958007e-05
5.550000000000000711e+00 -1.059453697639512249e-05
5.600000000000000533e+00 -9.476062079832636752e-06
5.650000000000000355e+00 -8.481381833815168706e-06
5.700000000000000178e+00 -7.596097000458645598e-06
5.750000000000000000e+00 -6.807474849445677579e-06
5.800000000000000711e+00 -6.104266040228005806e-06
5.850000000000000533e+00 -5.476543361301603080e-06
5.900000000000000355e+00 -4.915532095236798066e-06
5.950000000000000178e+00 -4.413711010224362622e-06
