0.000000000000000000e+00 5.299711394190487462e-04
5.000000000000000278e-02 2.761233933977066824e-05
1.000000000000000056e-01 1.079089856400885058e-04
1.500000000000000222e-01 2.471814510709711738e-04
2.000000000000000111e-01 4.364486082122567422e-04
2.500000000000000000e-01 6.747336983407848906e-04
3.000000000000000444e-01 9.571967461697542413e-04
3.500000000000000333e-01 1.279079144555227403e-03
4.000000000000000222e-01 1.634670102994134231e-03
4.500000000000000111e-01 2.017692557345257803e-03
5.000000000000000000e-01 2.421332266199643923e-03
5.500000000000000444e-01 2.838346247607031504e-03
6.000000000000000888e-01 3.261226717550611259e-03
6.500000000000000222e-01 3.682251733003657438e-03
7.000000000000000666e-01 4.093674913623676116e-03
7.500000000000000000e-01 4.487726582873340780e-03
8.000000000000000444e-01 4.857012687384624876e-03
8.500000000000000888e-01 5.194378187995812857e-03
9.000000000000000222e-01 5.492999277480048632e-03
9.500000000000000666e-01 5.746729979569613692e-03
1.000000000000000000e+00 5.950108074759437315e-03
1.050000000000000044e+00 6.098358646628373146e-03
1.100000000000000089e+00 6.187665938286140803e-03
1.150000000000000133e+00 6.214941240301678597e-03
1.200000000000000178e+00 6.178301665783892185e-03
1.250000000000000000e+00 6.076580749075294677e-03
1.300000000000000044e+00 5.909923200666745459e-03
1.350000000000000089e+00 5.679435344847570677e-03
1.400000000000000133e+00 5.386944011731300240e-03
1.450000000000000178e+00 5.035904449337138579e-03
1.500000000000000000e+00 4.630086924972688124e-03
1.550000000000000044e+00 4.174117658481040286e-03
1.600000000000000089e+00 3.673988236360493671e-03
1.650000000000000133e+00 3.135863217733933332e-03
1.700000000000000178e+00 2.567038564455958755e-03
1.750000000000000000e+00 1.974193426545683278e-03
1.800000000000000044e+00 1.365346104336413345e-03
1.850000000000000089e+00 7.483609094136772820e-04
1.900000000000000133e+00 1.313188246307547726e-04
1.950000000000000178e+00 -4.781105858610170496e-04
2.000000000000000000e+00 -1.071924968926163402e-03
2.050000000000000266e+00 -1.643101635378004443e-03
2.100000000000000089e+00 -2.184813063813047587e-03
2.149999999999999911e+00 -2.690617775643232117e-03
2.200000000000000178e+00 -3.154784436926360864e-03
2.250000000000000000e+00 -3.572680333646823664e-03
2.300000000000000266e+00 -3.939813492665163348e-03
2.350000000000000089e+00 -4.253355912264712886e-03
2.400000000000000355e+00 -4.510850586014429967e-03
2.450000000000000178e+00 -4.710625739492364447e-03
2.500000000000000000e+00 -4.852419771657049199e-03
2.550000000000000266e+00 -4.936692485936944666e-03
2.600000000000000089e+00 -4.964644175011929256e-03
2.650000000000000355e+00 -4.937966553716031590e-03
2.700000000000000178e+00 -4.859896033491340611e-03
2.750000000000000000e+00 -4.733844575959170187e-03
2.800000000000000266e+00 -4.563587456083587589e-03
2.850000000000000089e+00 -4.353799940442319716e-03
2.900000000000000355e+00 -4.109310948000291681e-03
2.950000000000000178e+00 -3.835186151298264692e-03
3.000000000000000000e+00 -3.536768734554378724e-03
3.050000000000000266e+00 -3.219500727749704822e-03
3.100000000000000089e+00 -2.888921057412771609e-03
3.150000000000000355e+00 -2.550058201663215219e-03
3.200000000000000178e+00 -2.207915094408600259e-03
3.250000000000000000e+00 -1.867310388922596232e-03
3.300000000000000266e+00 -1.532670809499374299e-03
3.350000000000000089e+00 -1.207919293412451243e-03
3.400000000000000355e+00 -8.966038625547296213e-04
3.450000000000000178e+00 -6.017806409910806363e-04
3.500000000000000000e+00 -3.259556823874085207e-04
3.550000000000000266e+00 -7.129772356236802630e-05
3.600000000000000089e+00 1.608507749726613271e-04
3.650000000000000355e+00 3.692757531292243127e-04
3.700000000000000178e+00 5.535356623091853244e-04
3.750000000000000000e+00 7.134764046105070969e-04
3.800000000000000266e+00 8.493494454569859705e-04
3.850000000000000089e+00 9.617528654021450900e-04
3.900000000000000355e+00 1.051740087927346187e-03
3.950000000000000178e+00 1.120462444413249927e-03
4.000000000000000000e+00 1.169356168579521738e-03
4.049999999999999822e+00 1.200097053324226341e-03
4.100000000000000533e+00 1.214271930213503938e-03
4.150000000000000355e+00 1.213720774528007865e-03
4.200000000000000178e+00 1.200369586521556108e-03
4.250000000000000000e+00 1.175849392771893430e-03
4.299999999999999822e+00 1.142010250471716662e-03
4.350000000000000533e+00 1.100590547694971222e-03
4.400000000000000355e+00 1.053068749138361257e-03
4.450000000000000178e+00 1.001004156785194419e-03
4.500000000000000000e+00 9.457012792117005986e-04
4.549999999999999822e+00 8.883809504979728929e-04
4.600000000000000533e+00 8.300799962585806834e-04
4.650000000000000355e+00 7.717694975573655917e-04
4.700000000000000178e+00 7.141646466825433319e-04
4.750000000000000000e+00 6.579484489851306463e-04
4.800000000000000711e+00 6.036272664086600242e-04
4.850000000000000533e+00 5.515913454274112143e-04
4.900000000000000355e+00 5.021510970709085458e-04
4.950000000000000178e+00 4.555031405918255681e-04
5.000000000000000000e+00 4.117639711258743720e-04
5.050000000000000711e+00 3.710005636996567416e-04
5.100000000000000533e+00 3.332022411079086483e-04
5.150000000000000355e+00 2.983311446675591147e-04
5.200000000000000178e+00 2.662972936911041258e-04
5.250000000000000000e+00 2.370019859831179086e-04
5.300000000000000711e+00 2.103143338396012464e-04
5.350000000000000533e+00 1.860952735972038385e-04
5.400000000000000355e+00 1.642010852597536254e-04
5.450000000000000178e+00 1.444853643492510699e-04
5.500000000000000000e+00 1.267880804583362755e-04
5.550000000000000711e+00 1.109808063872617316e-04
5.600000000000000533e+00 9.690047129351353060e-05
5.650000000000000355e+00 8.443655179368919400e-05
5.700000000000000178e+00 7.340531507437353929e-05
5.750000000000000000e+00 6.374352762558538300e-05
5.800000000000000711e+00 5.527967373091770482e-05
5.850000000000000533e+00 4.792556120515018789e-05
5.900000000000000355e+00 4.153329093503191528e-05
5.950000000000000178e+00 3.606016980422239028e-05
6.000000000000000000e+00 3.132899464621782180e-05
6.050000000000000711e+00 2.729688247481321269e-05
6.100000000000000533e+00 2.385273252420147457e-05
6.150000000000000355e+00 2.091748280614611630e-05
6.200000000000000178e+00 1.841353350210837760e-05
6.250000000000000000e+00 1.626690079456961883e-05
6.300000000000000711e+00 1.442347316083210325e-05
6.350000000000000533e+00 1.281420619694301543e-05
6.400000000000000355e+00 1.140117732590985401e-05
6.450000000000000178e+00 1.013927526278449894e-05
6.500000000000000000e+00 8.996748219835276429e-06
6.550000000000000711e+00 7.947459511071927406e-06
6.600000000000000533e+00 6.972385647177641939e-06
6.650000000000000355e+00 6.058361895976113820e-06
6.700000000000000178e+00 5.198587145502121064e-06
6.750000000000000000e+00 4.386658195464723717e-06
6.800000000000000711e+00 3.629211683770098686e-06
6.850000000000000533e+00 2.930019730977333827e-06
6.900000000000000355e+00 2.269409140653487554e-06
6.950000000000000178e+00 1.693833156508652795e-06
7.000000000000000000e+00 1.174698120520660472e-06
7.050000000000000711e+00 7.336809344307809880e-07
7.100000000000000533e+00 3.598988345037174629e-07
7.150000000000000355e+00 6.812416632715219715e-08
7.200000000000000178e+00 -1.535137528873575995e-07
7.250000000000000000e+00 -3.045576652563043039e-07
7.300000000000000711e+00 -3.921880606255216789e-07
7.350000000000000533e+00 -4.240343958488196315e-07
7.400000000000000355e+00 -4.096940111040374596e-07
7.450000000000000178e+00 -3.597918560602995645e-07
7.500000000000000000e+00 -2.856714876426229700e-07
7.550000000000000711e+00 -1.983704874544579141e-07
7.600000000000000533e+00 -1.098474730576067234e-07
7.650000000000000355e+00 -2.582631791988085543e-08
7.700000000000000178e+00 3.540050570489970518e-08
7.750000000000000000e+00 8.008569997898056334e-08
7.800000000000000711e+00 9.500992202875929316e-08
7.850000000000000533e+00 7.789022595362256773e-08
7.900000000000000355e+00 3.683710032490106610e-08
7.950000000000000178e+00 -3.864447085625646380e-08
8.000000000000000000e+00 -1.352346994139382776e-07
8.050000000000000711e+00 -2.514754351461440306e-07
8.099999999999999645e+00 -3.796773799279927177e-07
8.150000000000000355e+00 -5.126846118646374217e-07
8.200000000000001066e+00 -6.426553908717872387e-07
8.250000000000000000e+00 -7.620306986316524195e-07
8.300000000000000711e+00 -8.637502789545069671e-07
8.349999999999999645e+00 -9.417756204204294620e-07
8.400000000000000355e+00 -9.913907639902441962e-07
8.450000000000001066e+00 -1.009415050912542249e-06
8.500000000000000000e+00 -9.943967993805895777e-07
8.550000000000000711e+00 -9.466351453472444151e-07
8.599999999999999645e+00 -8.682331631620507689e-07
8.650000000000000355e+00 -7.626097075687584507e-07
8.700000000000001066e+00 -6.355835048689381552e-07
8.750000000000000000e+00 -4.902201880159082833e-07
8.800000000000000711e+00 -3.446384046432457423e-07
8.849999999999999645e+00 -1.789901652106433625e-07
8.900000000000000355e+00 -3.674835138158991302e-08
8.950000000000001066e+00 1.024397756643044227e-07
9.000000000000000000e+00 2.212022235632559585e-07
9.050000000000000711e+00 3.176084295749373395e-07
9.099999999999999645e+00 3.871544208817951946e-07
9.150000000000000355e+00 4.278188050174333492e-07
9.200000000000001066e+00 4.388381381829198879e-07
9.250000000000000000e+00 4.210553320966057428e-07
9.300000000000000711e+00 3.767496073625963677e-07
9.349999999999999645e+00 3.094991867538902635e-07
9.400000000000000355e+00 2.239668806534675201e-07
9.450000000000001066e+00 1.256210510595802281e-07
9.500000000000000000e+00 2.042645936204198327e-08
9.550000000000000711e+00 -8.547250663703652092e-08
9.600000000000001421e+00 -1.860843655417091096e-07
9.650000000000000355e+00 -2.758877089581662786e-07
9.700000000000001066e+00 -3.500950816058159520e-07
9.750000000000000000e+00 -4.049003466766997207e-07
9.800000000000000711e+00 -4.376501399415607449e-07
9.850000000000001421e+00 -4.469505934621104669e-07
9.900000000000000355e+00 -4.327132029676603748e-07
9.950000000000001066e+00 -3.961239245638401037e-07
1.000000000000000000e+01 -3.395489628974358940e-07
1.005000000000000071e+01 -2.663801466436609526e-07
1.010000000000000142e+01 -1.808256684417233351e-07
1.015000000000000036e+01 -8.767118757689847828e-08
1.020000000000000107e+01 7.992123387042946262e-09
1.025000000000000000e+01 1.010450853222268376e-07
1.030000000000000071e+01 1.866140664373457759e-07
1.035000000000000142e+01 2.603241317170192076e-07
1.040000000000000036e+01 3.185243180884414259e-07
1.045000000000000107e+01 3.584608502917730004e-07
1.050000000000000000e+01 3.784057119816990802e-07
1.055000000000000071e+01 3.777293445083150968e-07
1.060000000000000142e+01 3.569073507760098765e-07
1.065000000000000036e+01 3.174708457504709709e-07
1.070000000000000107e+01 2.619141806017831499e-07
1.075000000000000000e+01 1.934935074576122335e-07
1.080000000000000071e+01 1.162310952717912643e-07
1.085000000000000142e+01 3.397039629493226611e-08
1.090000000000000036e+01 -3.460308710864959453e-170
1.095000000000000107e+01 -0.000000000000000000e+00
1.100000000000000000e+01 -0.000000000000000000e+00
1.105000000000000071e+01 -0.000000000000000000e+00
1.110000000000000142e+01 -0.000000000000000000e+00
1.115000000000000036e+01 -0.000000000000000000e+00
1.120000000000000107e+01 -0.000000000000000000e+00
1.125000000000000000e+01 -0.000000000000000000e+00
1.130000000000000071e+01 -0.000000000000000000e+00
1.135000000000000142e+01 -0.000000000000000000e+00
1.140000000000000036e+01 -0.000000000000000000e+00
1.145000000000000107e+01 -0.000000000000000000e+00
1.150000000000000000e+01 -0.000000000000000000e+00
1.155000000000000071e+01 -0.000000000000000000e+00
1.160000000000000142e+01 -0.000000000000000000e+00
1.165000000000000036e+01 -0.000000000000000000e+00
1.170000000000000107e+01 -0.000000000000000000e+00
1.175000000000000000e+01 -0.000000000000000000e+00
1.180000000000000071e+01 -0.000000000000000000e+00
1.185000000000000142e+01 -0.000000000000000000e+00
1.190000000000000036e+01 -0.000000000000000000e+00
1.195000000000000107e+01 -0.000000000000000000e+00
1.200000000000000000e+01 -0.000000000000000000e+00
1.205000000000000071e+01 -0.000000000000000000e+00
1.210000000000000142e+01 -0.000000000000000000e+00
