0.000000000000000000e+00 -1.619720480984295161e-05
5.000000000000000278e-02 2.139997077962745074e-04
1.000000000000000056e-01 9.017449036303865594e-04
1.500000000000000222e-01 2.038542115785622368e-03
2.000000000000000111e-01 3.610364752785281180e-03
2.500000000000000000e-01 5.597854323107614646e-03
3.000000000000000444e-01 7.976593565756190732e-03
3.500000000000000333e-01 1.071744973237718709e-02
4.000000000000000222e-01 1.378698231849960314e-02
4.500000000000000111e-01 1.714790850384224907e-02
5.000000000000000000e-01 2.075961865371814610e-02
5.500000000000000444e-01 2.457873347192313443e-02
6.000000000000000888e-01 2.855969379348208270e-02
6.500000000000000222e-01 3.265537357313594985e-02
7.000000000000000666e-01 3.681770636872865043e-02
7.500000000000000000e-01 4.099831554020483965e-02
8.000000000000000444e-01 4.514913848352159614e-02
8.500000000000000888e-01 4.922303548951931229e-02
9.000000000000000222e-01 5.317437425231898857e-02
9.500000000000000666e-01 5.695958163849704908e-02
1.000000000000000000e+00 6.053765505262002911e-02
1.050000000000000044e+00 6.387062657963550605e-02
1.100000000000000089e+00 6.692397403096576880e-02
1.150000000000000133e+00 6.966697404815616612e-02
1.200000000000000178e+00 7.207299350368927271e-02
1.250000000000000000e+00 7.411971656058159719e-02
1.300000000000000044e+00 7.578930588800888990e-02
1.350000000000000089e+00 7.706849765726689339e-02
1.400000000000000133e+00 7.794863103951832350e-02
1.450000000000000178e+00 7.842561397401003054e-02
1.500000000000000000e+00 7.849982795445518968e-02
1.550000000000000044e+00 7.817597547582991191e-02
1.600000000000000089e+00 7.746287458002243387e-02
1.650000000000000133e+00 7.637320562523856882e-02
1.700000000000000178e+00 7.492321597215897966e-02
1.750000000000000000e+00 7.313238872368012233e-02
1.800000000000000044e+00 7.102308197157049252e-02
1.850000000000000089e+00 6.862014519218233299e-02
1.900000000000000133e+00 6.595051949674864133e-02
1.950000000000000178e+00 6.304282838448836690e-02
2.000000000000000000e+00 5.992696547568277660e-02
2.050000000000000266e+00 5.663368542599680339e-02
2.100000000000000089e+00 5.319420385319618971e-02
2.149999999999999911e+00 4.963981165499815190e-02
2.200000000000000178e+00 4.600150857508359531e-02
2.250000000000000000e+00 4.230966029694552960e-02
2.300000000000000266e+00 3.859368272628666691e-02
2.350000000000000089e+00 3.488175647615451153e-02
2.400000000000000355e+00 3.120057390869462183e-02
2.450000000000000178e+00 2.757512042653640846e-02
2.500000000000000000e+00 2.402849105780836478e-02
2.550000000000000266e+00 2.058174275301044229e-02
2.600000000000000089e+00 1.725378221962734979e-02
2.650000000000000355e+00 1.406128857029753654e-02
2.700000000000000178e+00 1.101866955995539979e-02
2.750000000000000000e+00 8.138049742531889771e-03
2.800000000000000266e+00 5.429288492906265279e-03
2.850000000000000089e+00 2.900025517703197671e-03
2.900000000000000355e+00 5.557512206267422976e-04
2.950000000000000178e+00 -1.600100905673635396e-03
3.000000000000000000e+00 -3.566042819967509860e-03
3.050000000000000266e+00 -5.342404434039489496e-03
3.100000000000000089e+00 -6.931193117679347593e-03
3.150000000000000355e+00 -8.335943209606309912e-03
3.200000000000000178e+00 -9.561558449461255924e-03
3.250000000000000000e+00 -1.061415011634452357e-02
3.300000000000000266e+00 -1.150087349338007811e-02
3.350000000000000089e+00 -1.222976508157768566e-02
3.400000000000000355e+00 -1.280958276603925104e-02
3.450000000000000178e+00 -1.324965089944542956e-02
3.500000000000000000e+00 -1.355971201770285288e-02
3.550000000000000266e+00 -1.374978664627228390e-02
3.600000000000000089e+00 -1.383004239828455363e-02
3.650000000000000355e+00 -1.381067331187063249e-02
3.700000000000000178e+00 -1.370179012844915424e-02
3.750000000000000000e+00 -1.351332197973171244e-02
3.800000000000000266e+00 -1.325492973204150937e-02
3.850000000000000089e+00 -1.293593103471624324e-02
3.900000000000000355e+00 -1.256523693681934825e-02
3.950000000000000178e+00 -1.215129977447850125e-02
4.000000000000000000e+00 -1.170207189073260191e-02
4.049999999999999822e+00 -1.122497463112083135e-02
4.100000000000000533e+00 -1.072687696125380376e-02
4.150000000000000355e+00 -1.021408297672662772e-02
4.200000000000000178e+00 -9.692327520072286165e-03
4.250000000000000000e+00 -9.166779082822379063e-03
4.299999999999999822e+00 -8.642049151710498936e-03
4.350000000000000533e+00 -8.122207155011752777e-03
4.400000000000000355e+00 -7.610800176216953386e-03
4.450000000000000178e+00 -7.110876625873004814e-03
4.500000000000000000e+00 -6.625013096630529875e-03
4.549999999999999822e+00 -6.155343669482102320e-03
4.600000000000000533e+00 -5.703590989057436347e-03
4.650000000000000355e+00 -5.271098480947171948e-03
4.700000000000000178e+00 -4.858863142744156496e-03
4.750000000000000000e+00 -4.467568401335438727e-03
4.800000000000000711e+00 -4.097616590602956403e-03
4.850000000000000533e+00 -3.749160664905961532e-03
4.900000000000000355e+00 -3.422134823485189613e-03
4.950000000000000178e+00 -3.116283778373526731e-03
5.000000000000000000e+00 -2.831190452799211676e-03
5.050000000000000711e+00 -2.566301947858319176e-03
5.100000000000000533e+00 -2.320953661989078737e-03
5.150000000000000355e+00 -2.094391490210058011e-03
5.200000000000000178e+00 -1.885792068019263032e-03
5.250000000000000000e+00 -1.694281058230431283e-03
5.300000000000000711e+00 -1.518949507881871015e-03
5.350000000000000533e+00 -1.358868326808328501e-03
5.400000000000000355e+00 -1.213100959700891181e-03
5.450000000000000178e+00 -1.080714339732945315e-03
5.500000000000000000e+00 -9.607882243806831592e-04
5.550000000000000711e+00 -8.524230232247564758e-04
5.600000000000000533e+00 -7.547462336143440564e-04
5.650000000000000355e+00 -6.669176034443250519e-04
5.700000000000000178e+00 -5.881331412804314878e-04
5.750000000000000000e+00 -5.176280930003610047e-04
5.800000000000000711e+00 -4.546790013226787168e-04
5.850000000000000533e+00 -3.986049603764854165e-04
5.900000000000000355e+00 -3.487681721084660478e-04
5.950000000000000178e+00 -3.045739050941558587e-04
6.000000000000000000e+00 -2.654699494553552138e-04
6.050000000000000711e+00 -2.309456543000238619e-04
6.100000000000000533e+00 -2.005306265829502447e-04
6.150000000000000355e+00 -1.737931626985600496e-04
6.200000000000000178e+00 -1.503384766007853364e-04
6.250000000000000000e+00 -1.298067809152663409e-04
6.300000000000000711e+00 -1.118712704612918581e-04
6.350000000000000533e+00 -9.623605090952306207e-05
6.400000000000000355e+00 -8.263404902372784857e-05
6.450000000000000178e+00 -7.082493511088223969e-05
6.500000000000000000e+00 -6.059308296012259800e-05
6.550000000000000711e+00 -5.174558770045182133e-05
6.600000000000000533e+00 -4.411035765203512017e-05
6.650000000000000355e+00 -3.753429237964509555e-05
6.700000000000000178e+00 -3.188155576397361479e-05
6.750000000000000000e+00 -2.703194996682029773e-05
6.800000000000000711e+00 -2.287939365253307183e-05
6.850000000000000533e+00 -1.933050571162210071e-05
6.900000000000000355e+00 -1.630329398006544601e-05
6.950000000000000178e+00 -1.372594702587778359e-05
7.000000000000000000e+00 -1.153572594813805117e-05
7.050000000000000711e+00 -9.677952268462435511e-06
7.100000000000000533e+00 -8.105087357028265807e-06
7.150000000000000355e+00 -6.775898392556749558e-06
7.200000000000000178e+00 -5.654705577681369025e-06
7.250000000000000000e+00 -4.710705189881475569e-06
7.300000000000000711e+00 -3.917363018024211023e-06
7.350000000000000533e+00 -3.251872792944937811e-06
7.400000000000000355e+00 -2.694674347408906447e-06
7.450000000000000178e+00 -2.229026419011491248e-06
7.500000000000000000e+00 -1.840629225155894753e-06
7.550000000000000711e+00 -1.517292179867451278e-06
7.600000000000000533e+00 -1.248642379135203072e-06
7.650000000000000355e+00 -1.025869746790452356e-06
7.700000000000000178e+00 -8.415050019526452972e-07
7.750000000000000000e+00 -6.892268771266777861e-07
7.800000000000000711e+00 -5.636952810685895845e-07
7.850000000000000533e+00 -4.604073604833430826e-07
7.900000000000000355e+00 -3.755736682483661392e-07
7.950000000000000178e+00 -3.060118926944962427e-07
8.000000000000000000e+00 -2.490558417206345442e-07
8.050000000000000711e+00 -2.024776066619084919e-07
8.099999999999999645e+00 -1.644210534128467908e-07
8.150000000000000355e+00 -1.333450011150495579e-07
8.200000000000001066e+00 -1.079746513769177273e-07
8.250000000000000000e+00 -8.726002179060511969e-08
8.300000000000000711e+00 -7.034031558402471499e-08
8.349999999999999645e+00 -5.651332333310515450e-08
8.400000000000000355e+00 -4.520910143366276413e-08
8.450000000000001066e+00 -3.596730461188123343e-08
8.500000000000000000e+00 -2.841766554031443155e-08
8.550000000000000711e+00 -2.226321292150439200e-08
8.599999999999999645e+00 -1.726590071818764398e-08
8.650000000000000355e+00 -1.323438558303777158e-08
8.700000000000001066e+00 -1.001373834049370424e-08
8.750000000000000000e+00 -7.476909690589380296e-09
8.800000000000000711e+00 -5.517792189857003906e-09
8.849999999999999645e+00 -4.045731945516442075e-09
8.900000000000000355e+00 -2.981346804802182220e-09
8.950000000000001066e+00 -2.253505432951614640e-09
9.000000000000000000e+00 -1.797316201758936481e-09
9.050000000000000711e+00 -1.552968269871110176e-09
9.099999999999999645e+00 -1.465261912113467344e-09
9.150000000000000355e+00 -1.483662753266195514e-09
9.200000000000001066e+00 -1.562716141756079343e-09
9.250000000000000000e+00 -1.662664745451211585e-09
9.300000000000000711e+00 -1.750124418198336099e-09
9.349999999999999645e+00 -1.798690801530836862e-09
9.400000000000000355e+00 -1.789370992184802436e-09
9.450000000000001066e+00 -1.710760441696743778e-09
9.500000000000000000e+00 -1.558913227554395916e-09
9.550000000000000711e+00 -1.336883077950286259e-09
9.600000000000001421e+00 -1.053940898737503244e-09
9.650000000000000355e+00 -7.245010457408228868e-10
9.700000000000001066e+00 -3.668112220829248488e-10
9.750000000000000000e+00 -1.479004624134550271e-12
9.800000000000000711e+00 3.500798301873032752e-10
9.850000000000001421e+00 6.671799266210085197e-10
9.900000000000000355e+00 9.313010997029898604e-10
9.950000000000001066e+00 1.127335057790582256e-09
1.000000000000000000e+01 1.244572135687655791e-09
1.005000000000000071e+01 1.277373019254130121e-09
1.010000000000000142e+01 1.225490764112311405e-09
1.015000000000000036e+01 1.094030828747903915e-09
1.020000000000000107e+01 8.930597646304179801e-10
1.025000000000000000e+01 6.368952227239808747e-10
1.030000000000000071e+01 3.431294619399053235e-10
1.035000000000000142e+01 3.145460732122183465e-11
1.040000000000000036e+01 -2.776307505341495365e-10
1.045000000000000107e+01 -5.641479002290396047e-10
1.050000000000000000e+01 -8.099109410548589720e-10
1.055000000000000071e+01 -9.996650101464244349e-10
1.060000000000000142e+01 -1.122018478145235112e-09
1.065000000000000036e+01 -1.170112334420710905e-09
1.070000000000000107e+01 -1.141987779374556268e-09
1.075000000000000000e+01 -1.040633131050113065e-09
1.080000000000000071e+01 -8.737120894533071094e-10
1.085000000000000142e+01 -6.529958082235236183e-10
1.090000000000000036e+01 -3.935399805210740325e-10
1.095000000000000107e+01 -1.126637895527101671e-10
