0.000000000000000000e+00 0.000000000000000000e+00
5.000000000000000278e-02 -2.708263177433908843e-06
1.000000000000000056e-01 -1.083649869001623216e-05
1.500000000000000222e-01 -2.439458462693931475e-05
2.000000000000000111e-01 -4.339585323081933139e-05
2.500000000000000000e-01 -6.785640610283890652e-05
3.000000000000000444e-01 -9.778842497698629318e-05
3.500000000000000333e-01 -1.331965050903374781e-04
4.000000000000000222e-01 -1.740717090497289590e-04
4.500000000000000111e-01 -2.203854697783316579e-04
5.000000000000000000e-01 -2.720833245377681365e-04
5.500000000000000444e-01 -3.290787465676548742e-04
6.000000000000000888e-01 -3.912473389534750455e-04
6.500000000000000222e-01 -4.584216430361994095e-04
7.000000000000000666e-01 -5.303867916464670082e-04
7.500000000000000000e-01 -6.068772067139508852e-04
8.000000000000000444e-01 -6.875745027463861210e-04
8.500000000000000888e-01 -7.721067139495874348e-04
9.000000000000000222e-01 -8.600489152275665608e-04
9.500000000000000666e-01 -9.509256014746558143e-04
1.000000000000000000e+00 -1.044212625740470598e-03
1.050000000000000044e+00 -1.139344172496529898e-03
1.100000000000000089e+00 -1.235717722885993144e-03
1.150000000000000133e+00 -1.332699999679700905e-03
1.200000000000000178e+00 -1.429636247591380745e-03
1.250000000000000000e+00 -1.525857924527403674e-03
1.300000000000000044e+00 -1.620691735477806537e-03
1.350000000000000089e+00 -1.713469834009056277e-03
1.400000000000000133e+00 -1.803534122843113152e-03
1.450000000000000178e+00 -1.890251984258047805e-03
1.500000000000000000e+00 -1.973018937102618154e-03
1.550000000000000044e+00 -2.051271115347645408e-03
1.600000000000000089e+00 -2.124486486041769848e-03
1.650000000000000133e+00 -2.192195540124163358e-03
1.700000000000000178e+00 -2.253980517263599621e-03
1.750000000000000000e+00 -2.309486557366974974e-03
1.800000000000000044e+00 -2.358419089800232408e-03
1.850000000000000089e+00 -2.400546983230535114e-03
1.900000000000000133e+00 -2.435703021557080773e-03
1.950000000000000178e+00 -2.463783437609163088e-03
2.000000000000000000e+00 -2.484746435822800074e-03
2.050000000000000266e+00 -2.498612387466154963e-03
2.100000000000000089e+00 -2.505456453119926652e-03
2.149999999999999911e+00 -2.505409525427331960e-03
2.200000000000000178e+00 -2.498650534469665837e-03
2.250000000000000000e+00 -2.485405275323541302e-03
2.300000000000000266e+00 -2.465942120488876302e-03
2.350000000000000089e+00 -2.440565037981600512e-03
2.400000000000000355e+00 -2.409609641847066004e-03
2.450000000000000178e+00 -2.373441256278527485e-03
2.500000000000000000e+00 -2.332445403285107396e-03
2.550000000000000266e+00 -2.287026434994047022e-03
2.600000000000000089e+00 -2.237602263258817517e-03
2.650000000000000355e+00 -2.184600018519322878e-03
2.700000000000000178e+00 -2.128451897467687360e-03
2.750000000000000000e+00 -2.069591199307301097e-03
2.800000000000000266e+00 -2.008448755926793734e-03
2.850000000000000089e+00 -1.945449107166889865e-03
2.900000000000000355e+00 -1.881006230808479921e-03
2.950000000000000178e+00 -1.815522989467499224e-03
3.000000000000000000e+00 -1.749386088768273241e-03
3.050000000000000266e+00 -1.682964128321101259e-03
3.100000000000000089e+00 -1.616605377059709102e-03
3.150000000000000355e+00 -1.550635311085786549e-03
3.200000000000000178e+00 -1.485356098788183539e-03
3.250000000000000000e+00 -1.421043377040281898e-03
3.300000000000000266e+00 -1.357946439657184857e-03
3.350000000000000089e+00 -1.296287140666298621e-03
3.400000000000000355e+00 -1.236259459655418081e-03
3.450000000000000178e+00 -1.178029955803577703e-03
3.500000000000000000e+00 -1.121737139022416447e-03
3.550000000000000266e+00 -1.067492761172160205e-03
3.600000000000000089e+00 -1.015382711380033443e-03
3.650000000000000355e+00 -9.654676745944132258e-04
3.700000000000000178e+00 -9.177864800322787630e-04
3.750000000000000000e+00 -8.723549390582875001e-04
3.800000000000000266e+00 -8.291697306356351528e-04
3.850000000000000089e+00 -7.882097589980591743e-04
3.900000000000000355e+00 -7.494385545349620606e-04
3.950000000000000178e+00 -7.128054771352245085e-04
4.000000000000000000e+00 -6.782487347226090349e-04
4.049999999999999822e+00 -6.456976427729338181e-04
4.100000000000000533e+00 -6.150733414161273010e-04
4.150000000000000355e+00 -5.862927901879673356e-04
4.200000000000000178e+00 -5.592669616881388401e-04
4.250000000000000000e+00 -5.339059061403740982e-04
4.299999999999999822e+00 -5.101183541555788297e-04
4.350000000000000533e+00 -4.878130242987053274e-04
4.400000000000000355e+00 -4.669001069878193390e-04
4.450000000000000178e+00 -4.472916689642824034e-04
4.500000000000000000e+00 -4.289024037307300483e-04
4.549999999999999822e+00 -4.116495861062186143e-04
4.600000000000000533e+00 -3.954551304298873911e-04
4.650000000000000355e+00 -3.802439602250659622e-04
4.700000000000000178e+00 -3.659450795417123624e-04
4.750000000000000000e+00 -3.524915745786949225e-04
4.800000000000000711e+00 -3.398204667260271389e-04
4.850000000000000533e+00 -3.278727956042760852e-04
4.900000000000000355e+00 -3.165935103581104778e-04
4.950000000000000178e+00 -3.059313792012638227e-04
5.000000000000000000e+00 -2.958388780407193242e-04
5.050000000000000711e+00 -2.862720675355498652e-04
5.100000000000000533e+00 -2.771906161120909996e-04
5.150000000000000355e+00 -2.685570138678248543e-04
5.200000000000000178e+00 -2.603374389171026122e-04
5.250000000000000000e+00 -2.525009139757159230e-04
5.300000000000000711e+00 -2.450193493095811177e-04
5.350000000000000533e+00 -2.378672830405216619e-04
5.400000000000000355e+00 -2.310218255030056160e-04
5.450000000000000178e+00 -2.244623551735300249e-04
5.500000000000000000e+00 -2.181704041826383741e-04
5.550000000000000711e+00 -2.121294272757899460e-04
5.600000000000000533e+00 -2.063245965771187587e-04
5.650000000000000355e+00 -2.007425952092003780e-04
5.700000000000000178e+00 -1.953714712318079525e-04
5.750000000000000000e+00 -1.902000581570937937e-04
5.800000000000000711e+00 -1.852188132783273472e-04
5.850000000000000533e+00 -1.804183568570239178e-04
5.900000000000000355e+00 -1.757900747152783935e-04
5.950000000000000178e+00 -1.713260225952572548e-04
