0.000000000000000000e+00 -2.267924076502290248e-02
5.000000000000000278e-02 -2.269320911014293882e-02
1.000000000000000056e-01 -2.273482029810341629e-02
1.500000000000000222e-01 -2.280319777178329080e-02
2.000000000000000111e-01 -2.289689712160904861e-02
2.500000000000000000e-01 -2.301393052337576475e-02
3.000000000000000444e-01 -2.315180027236593552e-02
3.500000000000000333e-01 -2.330754078333313953e-02
4.000000000000000222e-01 -2.347776821481084228e-02
4.500000000000000111e-01 -2.365873672479617412e-02
5.000000000000000000e-01 -2.384640039248334120e-02
5.500000000000000444e-01 -2.403647951503536453e-02
6.000000000000000888e-01 -2.422453008795295501e-02
6.500000000000000222e-01 -2.440601517003463880e-02
7.000000000000000666e-01 -2.457637682885403449e-02
7.500000000000000000e-01 -2.473110737104647350e-02
8.000000000000000444e-01 -2.486581863437550485e-02
8.500000000000000888e-01 -2.497630807575203574e-02
9.000000000000000222e-01 -2.505862066983559344e-02
9.500000000000000666e-01 -2.510910552405598573e-02
1.000000000000000000e+00 -2.512446653203853283e-02
1.050000000000000044e+00 -2.510180590964437158e-02
1.100000000000000089e+00 -2.503866067762367323e-02
1.150000000000000133e+00 -2.493303117797637802e-02
1.200000000000000178e+00 -2.478340158781304828e-02
1.250000000000000000e+00 -2.458875232844364572e-02
1.300000000000000044e+00 -2.434856441315285530e-02
1.350000000000000089e+00 -2.406281598908659169e-02
1.400000000000000133e+00 -2.373197136287068937e-02
1.450000000000000178e+00 -2.335696323861978854e-02
1.500000000000000000e+00 -2.293916827032369682e-02
1.550000000000000044e+00 -2.248037726347763832e-02
1.600000000000000089e+00 -2.198276023863702383e-02
1.650000000000000133e+00 -2.144882747235940523e-02
1.700000000000000178e+00 -2.088138727072694559e-02
1.750000000000000000e+00 -2.028350135331698917e-02
1.800000000000000044e+00 -1.965843871134512547e-02
1.850000000000000089e+00 -1.900962876004043400e-02
1.900000000000000133e+00 -1.834061463155012284e-02
1.950000000000000178e+00 -1.765500732411222351e-02
2.000000000000000000e+00 -1.695644129732438304e-02
2.050000000000000266e+00 -1.624853245920122521e-02
2.100000000000000089e+00 -1.553483867168645345e-02
2.149999999999999911e+00 -1.481882319502568143e-02
2.200000000000000178e+00 -1.410382227980603968e-02
2.250000000000000000e+00 -1.339301581711093737e-02
2.300000000000000266e+00 -1.268940232817034226e-02
2.350000000000000089e+00 -1.199577790911626057e-02
2.400000000000000355e+00 -1.131471925013717746e-02
2.450000000000000178e+00 -1.064857067679556187e-02
2.500000000000000000e+00 -9.999435058000352011e-03
2.550000000000000266e+00 -9.369168477807063647e-03
2.600000000000000089e+00 -8.759378420701320958e-03
2.650000000000000355e+00 -8.171425067923190899e-03
2.700000000000000178e+00 -7.606425669859241852e-03
2.750000000000000000e+00 -7.065261527241478538e-03
2.800000000000000266e+00 -6.548587127953283196e-03
2.850000000000000089e+00 -6.056841398842096810e-03
2.900000000000000355e+00 -5.590260530741826030e-03
2.950000000000000178e+00 -5.148892024800656719e-03
3.000000000000000000e+00 -4.732609863681285813e-03
3.050000000000000266e+00 -4.341130164505527592e-03
3.100000000000000089e+00 -3.974027411454037276e-03
3.150000000000000355e+00 -3.630750745609845429e-03
3.200000000000000178e+00 -3.310640186865634622e-03
3.250000000000000000e+00 -3.012942565049042069e-03
3.300000000000000266e+00 -2.736826981137279423e-03
3.350000000000000089e+00 -2.481399645347350663e-03
3.400000000000000355e+00 -2.245717934384841141e-03
3.450000000000000178e+00 -2.028803745052540092e-03
3.500000000000000000e+00 -1.829655605408564987e-03
3.550000000000000266e+00 -1.647260102453814963e-03
3.600000000000000089e+00 -1.480602117091560539e-03
3.650000000000000355e+00 -1.328674029128969159e-03
3.700000000000000178e+00 -1.190483887352859586e-03
3.750000000000000000e+00 -1.065062476425261521e-03
3.800000000000000266e+00 -9.514693997573514962e-04
3.850000000000000089e+00 -8.487981428504783000e-04
3.900000000000000355e+00 -7.561801853883551262e-04
3.950000000000000178e+00 -6.727882090059945962e-04
4.000000000000000000e+00 -5.978384710725815005e-04
4.049999999999999822e+00 -5.305923411741274472e-04
4.100000000000000533e+00 -4.703571959672516725e-04
4.150000000000000355e+00 -4.164866574147044719e-04
4.200000000000000178e+00 -3.683801955052462356e-04
4.250000000000000000e+00 -3.254822386217300534e-04
4.299999999999999822e+00 -2.872811030714080330e-04
4.350000000000000533e+00 -2.533070007154176670e-04
4.400000000000000355e+00 -2.231304012402901657e-04
4.450000000000000178e+00 -1.963597926358545296e-04
4.500000000000000000e+00 -1.726394006389871669e-04
4.549999999999999822e+00 -1.516468005941979150e-04
4.600000000000000533e+00 -1.330904867125770488e-04
4.650000000000000355e+00 -1.167074462494940417e-04
4.700000000000000178e+00 -1.022607799777808490e-04
4.750000000000000000e+00 -8.953740392321186080e-05
4.800000000000000711e+00 -7.834586079666613413e-05
4.850000000000000533e+00 -6.851426835921705207e-05
4.900000000000000355e+00 -5.988836704384307974e-05
4.950000000000000178e+00 -5.232988451415114512e-05
5.000000000000000000e+00 -4.571479367447985298e-05
5.050000000000000711e+00 -3.993197668736957878e-05
5.100000000000000533e+00 -3.488190116731415205e-05
5.150000000000000355e+00 -3.047552855075973124e-05
5.200000000000000178e+00 -2.663328411315991971e-05
5.250000000000000000e+00 -2.328418574574063973e-05
5.300000000000000711e+00 -2.036506857903442818e-05
5.350000000000000533e+00 -1.781989831035779123e-05
5.400000000000000355e+00 -1.559914859624857448e-05
5.450000000000000178e+00 -1.365928711070246207e-05
5.500000000000000000e+00 -1.196219893099132558e-05
5.550000000000000711e+00 -1.047476005690552736e-05
5.600000000000000533e+00 -9.168373523810615562e-06
5.650000000000000355e+00 -8.018536241727146482e-06
5.700000000000000178e+00 -7.004404630969487945e-06
5.750000000000000000e+00 -6.108436895521151781e-06
5.800000000000000711e+00 -5.315918883905197213e-06
5.850000000000000533e+00 -4.614619938501548482e-06
5.900000000000000355e+00 -3.994406586090022869e-06
5.950000000000000178e+00 -3.446884196586031854e-06
6.000000000000000000e+00 -2.965060653445803276e-06
6.050000000000000711e+00 -2.543036747027942815e-06
6.100000000000000533e+00 -2.175727832250724649e-06
6.150000000000000355e+00 -1.858620751892658669e-06
6.200000000000000178e+00 -1.587569169232480392e-06
6.250000000000000000e+00 -1.358629344669061729e-06
6.300000000000000711e+00 -1.167937106286323605e-06
6.350000000000000533e+00 -1.011625385927005617e-06
6.400000000000000355e+00 -8.857803030328162487e-07
6.450000000000000178e+00 -7.864324584109089221e-07
6.500000000000000000e+00 -7.095789225872643923e-07
6.550000000000000711e+00 -6.512641902887991941e-07
6.600000000000000533e+00 -6.075112989795138916e-07
6.650000000000000355e+00 -5.746029699070071617e-07
6.700000000000000178e+00 -5.490308766545626448e-07
6.750000000000000000e+00 -5.276217460343916980e-07
6.800000000000000711e+00 -5.075738536966357215e-07
6.850000000000000533e+00 -4.866100036465843990e-07
6.900000000000000355e+00 -4.628797105029518387e-07
6.950000000000000178e+00 -4.351487327908149288e-07
7.000000000000000000e+00 -4.027042819713834100e-07
7.050000000000000711e+00 -3.653637370963549086e-07
7.100000000000000533e+00 -3.234363357198338866e-07
7.150000000000000355e+00 -2.776799598688031688e-07
7.200000000000000178e+00 -2.291686052028223324e-07
7.250000000000000000e+00 -1.792865401010856877e-07
7.300000000000000711e+00 -1.295790764710294463e-07
7.350000000000000533e+00 -8.166409386882881470e-08
7.400000000000000355e+00 -3.713223162849132856e-08
7.450000000000000178e+00 2.547066941352822450e-09
7.500000000000000000e+00 3.610923672542897823e-08
7.550000000000000711e+00 6.256418429036912400e-08
7.600000000000000533e+00 8.126124603095179607e-08
7.650000000000000355e+00 9.187083591197750401e-08
7.700000000000000178e+00 9.447740592965152808e-08
7.750000000000000000e+00 8.951710371623780865e-08
7.800000000000000711e+00 7.776526118880622707e-08
7.850000000000000533e+00 6.029233312953645591e-08
7.900000000000000355e+00 3.840522275698491773e-08
7.950000000000000178e+00 1.357743762042995685e-08
8.000000000000000000e+00 -1.262800261053980449e-08
8.050000000000000711e+00 -3.862714652487796094e-08
8.099999999999999645e+00 -6.294288408162254255e-08
8.150000000000000355e+00 -8.420179307935379732e-08
8.200000000000001066e+00 -1.012525530022493819e-07
8.250000000000000000e+00 -1.132046883713151103e-07
8.300000000000000711e+00 -1.194667519741657009e-07
8.349999999999999645e+00 -1.197683433439656449e-07
8.400000000000000355e+00 -1.141651950687289775e-07
8.450000000000001066e+00 -1.030274485660755437e-07
8.500000000000000000e+00 -8.701210258032506062e-08
8.550000000000000711e+00 -6.700809117511598801e-08
8.599999999999999645e+00 -4.413447416496244140e-08
8.650000000000000355e+00 -1.960457956392858001e-08
8.700000000000001066e+00 5.293813682422471834e-09
8.750000000000000000e+00 2.927842507831695979e-08
8.800000000000000711e+00 5.113928102147962307e-08
8.849999999999999645e+00 6.982303894686192917e-08
8.900000000000000355e+00 8.439553945580054423e-08
8.950000000000001066e+00 9.421910066041062187e-08
9.000000000000000000e+00 9.889272076488137992e-08
9.050000000000000711e+00 9.828965419406364334e-08
9.099999999999999645e+00 9.255832296024233258e-08
9.150000000000000355e+00 8.210896744438860653e-08
9.200000000000001066e+00 6.758703512076778996e-08
9.250000000000000000e+00 4.983496539439169042e-08
9.300000000000000711e+00 2.984458925821890544e-08
9.349999999999999645e+00 8.702797263628696560e-09
9.400000000000000355e+00 -1.247755207213715937e-08
9.450000000000001066e+00 -3.257051731060985622e-08
9.500000000000000000e+00 -5.056550252094783900e-08
9.550000000000000711e+00 -6.556869060373433699e-08
9.600000000000001421e+00 -7.685952454538782074e-08
9.650000000000000355e+00 -8.392444901372818572e-08
9.700000000000001066e+00 -8.647928970994245722e-08
9.750000000000000000e+00 -8.447934678505304121e-08
9.800000000000000711e+00 -7.811692908134433710e-08
9.850000000000001421e+00 -6.780670726672159814e-08
9.900000000000000355e+00 -5.415988267454598222e-08
9.950000000000001066e+00 -3.794872392817222405e-08
1.000000000000000000e+01 -2.007704512629190718e-08
1.005000000000000071e+01 -1.478987453702832127e-09
1.010000000000000142e+01 1.685483713556186474e-08
1.015000000000000036e+01 3.397812218575320113e-08
1.020000000000000107e+01 4.902515162646803188e-08
1.025000000000000000e+01 6.125402888900841548e-08
1.030000000000000071e+01 7.007585351186695434e-08
1.035000000000000142e+01 7.511050008779641038e-08
1.040000000000000036e+01 7.615850523458427087e-08
1.045000000000000107e+01 7.323850850179454722e-08
1.050000000000000000e+01 6.657423211953606117e-08
1.055000000000000071e+01 5.657913307114743170e-08
1.060000000000000142e+01 4.383154910065550941e-08
1.065000000000000036e+01 2.904179507056058455e-08
1.070000000000000107e+01 1.301305303592120730e-08
1.075000000000000000e+01 -3.391425251384417737e-09
1.080000000000000071e+01 -1.933655580365594017e-08
1.085000000000000142e+01 -3.399244008710591580e-08
1.090000000000000036e+01 -4.662239530355904794e-08
1.095000000000000107e+01 -5.660758554281900932e-08
