0.000000000000000000e+00 -1.187421233492856609e-01
5.000000000000000278e-02 -1.235922873711000486e-01
1.000000000000000056e-01 -1.228369279314559526e-01
1.500000000000000222e-01 -1.214153341616228537e-01
2.000000000000000111e-01 -1.195300669796790227e-01
2.500000000000000000e-01 -1.170604177286316411e-01
3.000000000000000444e-01 -1.141293020423034960e-01
3.500000000000000333e-01 -1.107050575981928242e-01
4.000000000000000222e-01 -1.067788970772575313e-01
4.500000000000000111e-01 -1.024112040115756211e-01
5.000000000000000000e-01 -9.762896570573534327e-02
5.500000000000000444e-01 -9.244116075896270657e-02
6.000000000000000888e-01 -8.688180261040363839e-02
6.500000000000000222e-01 -8.099221150550912907e-02
7.000000000000000666e-01 -7.479941951358026753e-02
7.500000000000000000e-01 -6.832401068369699237e-02
8.000000000000000444e-01 -6.161588932788766848e-02
8.500000000000000888e-01 -5.470971599108911260e-02
9.000000000000000222e-01 -4.764407992877228021e-02
9.500000000000000666e-01 -4.040368230181422965e-02
1.000000000000000000e+00 -3.321239043507784316e-02
1.050000000000000044e+00 -2.570026112633568352e-02
1.100000000000000089e+00 -1.834372680372790138e-02
1.150000000000000133e+00 -1.110822661464217972e-02
1.200000000000000178e+00 -3.724051112948802578e-03
1.250000000000000000e+00 3.445927259093651152e-03
1.300000000000000044e+00 1.052704427020145078e-02
1.350000000000000089e+00 1.742531940164760221e-02
1.400000000000000133e+00 2.410649481061998001e-02
1.450000000000000178e+00 3.055334073525745736e-02
1.500000000000000000e+00 3.671116937171210043e-02
1.550000000000000044e+00 4.255721170557879435e-02
1.600000000000000089e+00 4.805180926673227604e-02
1.650000000000000133e+00 5.316351193502557443e-02
1.700000000000000178e+00 5.785447406583688057e-02
1.750000000000000000e+00 6.211125163768278085e-02
1.800000000000000044e+00 6.591067221029206502e-02
1.850000000000000089e+00 6.920115379705796266e-02
1.900000000000000133e+00 7.199523710480709715e-02
1.950000000000000178e+00 7.426029466247635602e-02
2.000000000000000000e+00 7.599080398615343235e-02
2.050000000000000266e+00 7.717735309510223574e-02
2.100000000000000089e+00 7.782180904596872062e-02
2.149999999999999911e+00 7.792740365203583430e-02
2.200000000000000178e+00 7.748207156513046978e-02
2.250000000000000000e+00 7.655218721328950482e-02
2.300000000000000266e+00 7.509334175116839927e-02
2.350000000000000089e+00 7.313906535185679680e-02
2.400000000000000355e+00 7.076708774907966570e-02
2.450000000000000178e+00 6.796653113765559195e-02
2.500000000000000000e+00 6.476392749072651389e-02
2.550000000000000266e+00 6.123774148519670751e-02
2.600000000000000089e+00 5.741034884457226622e-02
2.650000000000000355e+00 5.332066071086234010e-02
2.700000000000000178e+00 4.902985813622112721e-02
2.750000000000000000e+00 4.458322953203321115e-02
2.800000000000000266e+00 4.002305723680315425e-02
2.850000000000000089e+00 3.540575410277724960e-02
2.900000000000000355e+00 3.077938392825877931e-02
2.950000000000000178e+00 2.618362945821274199e-02
3.000000000000000000e+00 2.166800117109346502e-02
3.050000000000000266e+00 1.727144576610963045e-02
3.100000000000000089e+00 1.302877460523871843e-02
3.150000000000000355e+00 8.980294644190974646e-03
3.200000000000000178e+00 5.148944371532568516e-03
3.250000000000000000e+00 1.561341671105013085e-03
3.300000000000000266e+00 -1.760598367882314176e-03
3.350000000000000089e+00 -4.805190156681149807e-03
3.400000000000000355e+00 -7.557740822149038376e-03
3.450000000000000178e+00 -1.001481286774657045e-02
3.500000000000000000e+00 -1.217299392654349992e-02
3.550000000000000266e+00 -1.403514934895352256e-02
3.600000000000000089e+00 -1.560752171532481074e-02
3.650000000000000355e+00 -1.689699346089252457e-02
3.700000000000000178e+00 -1.792112773069014231e-02
3.750000000000000000e+00 -1.868874016498288382e-02
3.800000000000000266e+00 -1.922295824894513019e-02
3.850000000000000089e+00 -1.953408385721451881e-02
3.900000000000000355e+00 -1.964947361272164836e-02
3.950000000000000178e+00 -1.958165772876565083e-02
4.000000000000000000e+00 -1.936193353008208717e-02
4.049999999999999822e+00 -1.899857967704168121e-02
4.100000000000000533e+00 -1.851407373127196207e-02
4.150000000000000355e+00 -1.793461566118231820e-02
4.200000000000000178e+00 -1.727157205908139842e-02
4.250000000000000000e+00 -1.654354410486857940e-02
4.299999999999999822e+00 -1.576674226247973265e-02
4.350000000000000533e+00 -1.495583745549127277e-02
4.400000000000000355e+00 -1.412278474878866409e-02
4.450000000000000178e+00 -1.327992003211017451e-02
4.500000000000000000e+00 -1.243716556205073584e-02
4.549999999999999822e+00 -1.160265915947691212e-02
4.600000000000000533e+00 -1.078631038405179592e-02
4.650000000000000355e+00 -9.987842862629362287e-03
4.700000000000000178e+00 -9.223192768606862033e-03
4.750000000000000000e+00 -8.485047658000887186e-03
4.800000000000000711e+00 -7.783674255921592053e-03
4.850000000000000533e+00 -7.118305756700089859e-03
4.900000000000000355e+00 -6.491366849615871730e-03
4.950000000000000178e+00 -5.903272641348724335e-03
5.000000000000000000e+00 -5.354352899019273679e-03
5.050000000000000711e+00 -4.844256421023062677e-03
5.100000000000000533e+00 -4.372329754645712559e-03
5.150000000000000355e+00 -3.937576151348623661e-03
5.200000000000000178e+00 -3.538381197006648573e-03
5.250000000000000000e+00 -3.174275435437716539e-03
5.300000000000000711e+00 -2.840895252371039830e-03
5.350000000000000533e+00 -2.540062436900027056e-03
5.400000000000000355e+00 -2.266365292082080096e-03
5.450000000000000178e+00 -2.020996413553076496e-03
5.500000000000000000e+00 -1.799119869823897003e-03
5.550000000000000711e+00 -1.600337373139856106e-03
5.600000000000000533e+00 -1.422703878156342770e-03
5.650000000000000355e+00 -1.262167401311374559e-03
5.700000000000000178e+00 -1.122955509731605800e-03
5.750000000000000000e+00 -9.931622437722353782e-04
5.800000000000000711e+00 -8.824769842417940630e-04
5.850000000000000533e+00 -7.807700043209203243e-04
5.900000000000000355e+00 -6.918055267405076375e-04
5.950000000000000178e+00 -6.121475163342550343e-04
6.000000000000000000e+00 -5.409183742387466956e-04
6.050000000000000711e+00 -4.789987771850511347e-04
6.100000000000000533e+00 -4.200376445063288980e-04
6.150000000000000355e+00 -3.731904744081562288e-04
6.200000000000000178e+00 -3.277119231713303488e-04
6.250000000000000000e+00 -2.875319620682296020e-04
6.300000000000000711e+00 -2.576300873739399634e-04
6.350000000000000533e+00 -2.195724057539005759e-04
6.400000000000000355e+00 -1.972922278883895361e-04
6.450000000000000178e+00 -1.720597035550565943e-04
6.500000000000000000e+00 -1.523609086432931871e-04
6.550000000000000711e+00 -1.353162747087221498e-04
6.600000000000000533e+00 -1.176163638585553666e-04
6.650000000000000355e+00 -1.060702394546449612e-04
6.700000000000000178e+00 -9.415308198385288448e-05
6.750000000000000000e+00 -8.448960116674920418e-05
6.800000000000000711e+00 -7.607203466354289594e-05
6.850000000000000533e+00 -6.840267263752677278e-05
6.900000000000000355e+00 -6.345523836405517323e-05
6.950000000000000178e+00 -5.840339806000350746e-05
7.000000000000000000e+00 -5.096494803671920541e-05
7.050000000000000711e+00 -4.553256804580896907e-05
7.100000000000000533e+00 -4.067893327640877669e-05
7.150000000000000355e+00 -3.634207589692600390e-05
7.200000000000000178e+00 -3.246713996942906540e-05
7.250000000000000000e+00 -2.900471058652324567e-05
7.300000000000000711e+00 -2.591137826346083021e-05
7.350000000000000533e+00 -2.314760459125054506e-05
7.400000000000000355e+00 -2.067820284414055010e-05
7.450000000000000178e+00 -1.847213672632049033e-05
7.500000000000000000e+00 -1.650120047637869923e-05
7.550000000000000711e+00 -1.474037777009639825e-05
7.600000000000000533e+00 -1.316719709813372211e-05
7.650000000000000355e+00 -1.176186239903384793e-05
