0.000000000000000000e+00 -2.213978456915145429e-02
5.000000000000000278e-02 -2.213666293339379768e-02
1.000000000000000056e-01 -2.212729382817653703e-02
1.500000000000000222e-01 -2.211166481098704797e-02
2.000000000000000111e-01 -2.208975564540026360e-02
2.500000000000000000e-01 -2.206153904123953763e-02
3.000000000000000444e-01 -2.202698166813407341e-02
3.500000000000000333e-01 -2.198604542049207092e-02
4.000000000000000222e-01 -2.193868890658632123e-02
4.500000000000000111e-01 -2.188486912980469948e-02
5.000000000000000000e-01 -2.182454332625946569e-02
5.500000000000000444e-01 -2.175767091494264921e-02
6.000000000000000888e-01 -2.168421544493932471e-02
6.500000000000000222e-01 -2.160414716614850877e-02
7.000000000000000666e-01 -2.151744401391258651e-02
7.500000000000000000e-01 -2.142409474676744419e-02
8.000000000000000444e-01 -2.132410027071282924e-02
8.500000000000000888e-01 -2.121747557360459391e-02
9.000000000000000222e-01 -2.110425135815460068e-02
9.500000000000000666e-01 -2.098447549160947431e-02
1.000000000000000000e+00 -2.085821424123676660e-02
1.050000000000000044e+00 -2.072555320309153737e-02
1.100000000000000089e+00 -2.058659841675658519e-02
1.150000000000000133e+00 -2.044147607081844148e-02
1.200000000000000178e+00 -2.029033380684047705e-02
1.250000000000000000e+00 -2.013333946308315872e-02
1.300000000000000044e+00 -1.997068185919038952e-02
1.350000000000000089e+00 -1.980256932325319061e-02
1.400000000000000133e+00 -1.962923006807864093e-02
1.450000000000000178e+00 -1.945090976877267286e-02
1.500000000000000000e+00 -1.926787152738667144e-02
1.550000000000000044e+00 -1.908039348787933867e-02
1.600000000000000089e+00 -1.888876808078569780e-02
1.650000000000000133e+00 -1.869330311030211952e-02
1.700000000000000178e+00 -1.849430417977723090e-02
1.750000000000000000e+00 -1.829210448151224327e-02
1.800000000000000044e+00 -1.808703116745580958e-02
1.850000000000000089e+00 -1.787941953321450089e-02
1.900000000000000133e+00 -1.766960740733462126e-02
1.950000000000000178e+00 -1.745793353077071397e-02
2.000000000000000000e+00 -1.724473587878823377e-02
2.050000000000000266e+00 -1.703034880058119926e-02
2.100000000000000089e+00 -1.681510272068979447e-02
2.149999999999999911e+00 -1.659932156892930319e-02
2.200000000000000178e+00 -1.638332145361917971e-02
2.250000000000000000e+00 -1.616740916861280145e-02
2.300000000000000266e+00 -1.595188119129162252e-02
2.350000000000000089e+00 -1.573702205519249622e-02
2.400000000000000355e+00 -1.552310369946768159e-02
2.450000000000000178e+00 -1.531038430638849424e-02
2.500000000000000000e+00 -1.509910768838999481e-02
2.550000000000000266e+00 -1.488950308004775326e-02
2.600000000000000089e+00 -1.468178399489088008e-02
2.650000000000000355e+00 -1.447614834809447804e-02
2.700000000000000178e+00 -1.427277817451204356e-02
2.750000000000000000e+00 -1.407183940726729546e-02
2.800000000000000266e+00 -1.387348270353820807e-02
2.850000000000000089e+00 -1.367784224191935516e-02
2.900000000000000355e+00 -1.348503720351267553e-02
2.950000000000000178e+00 -1.329517161994445487e-02
3.000000000000000000e+00 -1.310833487928211687e-02
3.050000000000000266e+00 -1.292460243920992569e-02
3.100000000000000089e+00 -1.274403623933466692e-02
3.150000000000000355e+00 -1.256668517590794898e-02
3.200000000000000178e+00 -1.239258612300178988e-02
3.250000000000000000e+00 -1.222176452859866959e-02
3.300000000000000266e+00 -1.205423518842389623e-02
3.350000000000000089e+00 -1.189000271577145620e-02
3.400000000000000355e+00 -1.172906279324283964e-02
3.450000000000000178e+00 -1.157140260581356918e-02
3.500000000000000000e+00 -1.141700166151441743e-02
3.550000000000000266e+00 -1.126583265503762477e-02
3.600000000000000089e+00 -1.111786197189609630e-02
3.650000000000000355e+00 -1.097305045313235264e-02
3.700000000000000178e+00 -1.083135412503818430e-02
3.750000000000000000e+00 -1.069272493599633493e-02
3.800000000000000266e+00 -1.055711131105870407e-02
3.850000000000000089e+00 -1.042445830142360759e-02
3.900000000000000355e+00 -1.029470862287891302e-02
3.950000000000000178e+00 -1.016780310538763221e-02
4.000000000000000000e+00 -1.004368079346064715e-02
4.049999999999999822e+00 -9.922279613952908472e-03
4.100000000000000533e+00 -9.803536723380391893e-03
4.150000000000000355e+00 -9.687388719182401034e-03
4.200000000000000178e+00 -9.573772097026799280e-03
4.250000000000000000e+00 -9.462623535672506220e-03
4.299999999999999822e+00 -9.353879869888136189e-03
4.350000000000000533e+00 -9.247478797051322461e-03
4.400000000000000355e+00 -9.143358262639914025e-03
4.450000000000000178e+00 -9.041457232878264555e-03
4.500000000000000000e+00 -8.941715981848594869e-03
4.549999999999999822e+00 -8.844075520019220246e-03
4.600000000000000533e+00 -8.748478255917133475e-03
4.650000000000000355e+00 -8.654867787004100893e-03
4.700000000000000178e+00 -8.563189172864358809e-03
4.750000000000000000e+00 -8.473388636792485162e-03
4.800000000000000711e+00 -8.385413995071559420e-03
4.850000000000000533e+00 -8.299214278757913524e-03
4.900000000000000355e+00 -8.214740086724368895e-03
4.950000000000000178e+00 -8.131943334223762365e-03
5.000000000000000000e+00 -8.050777495902966541e-03
5.050000000000000711e+00 -7.971197448458044316e-03
5.100000000000000533e+00 -7.893159311073495374e-03
5.150000000000000355e+00 -7.816620629413302546e-03
5.200000000000000178e+00 -7.741540323400602185e-03
5.250000000000000000e+00 -7.667878473626147350e-03
5.300000000000000711e+00 -7.595596572247700212e-03
5.350000000000000533e+00 -7.524657343510698752e-03
5.400000000000000355e+00 -7.455024620019054526e-03
5.450000000000000178e+00 -7.386663544264458932e-03
5.500000000000000000e+00 -7.319540281531750417e-03
5.550000000000000711e+00 -7.253622192110980270e-03
5.600000000000000533e+00 -7.188877497094425285e-03
5.650000000000000355e+00 -7.125275652454570764e-03
5.700000000000000178e+00 -7.062787042616980315e-03
5.750000000000000000e+00 -7.001383015044919216e-03
5.800000000000000711e+00 -6.941035847956648387e-03
5.850000000000000533e+00 -6.881718718758800951e-03
5.900000000000000355e+00 -6.823405687243854975e-03
5.950000000000000178e+00 -6.766071613921252614e-03
