0.000000000000000000e+00 -0.000000000000000000e+00
5.000000000000000278e-02 -1.318342923273118240e-04
1.000000000000000056e-01 -2.664191040270222376e-04
1.500000000000000222e-01 -4.064363109891921174e-04
2.000000000000000111e-01 -5.544320128030809629e-04
2.500000000000000000e-01 -7.127522939949145495e-04
3.000000000000000444e-01 -8.834841063038172300e-04
3.500000000000000333e-01 -1.068401093322613382e-03
4.000000000000000222e-01 -1.268917064173345939e-03
4.500000000000000111e-01 -1.486047413116534576e-03
5.000000000000000000e-01 -1.720379269207465960e-03
5.500000000000000444e-01 -1.972051345670563192e-03
6.000000000000000888e-01 -2.240743550577563043e-03
6.500000000000000222e-01 -2.525676585031871608e-03
7.000000000000000666e-01 -2.825622175061668143e-03
7.500000000000000000e-01 -3.138922171999943087e-03
8.000000000000000444e-01 -3.463517520341660109e-03
8.500000000000000888e-01 -3.796985479764377648e-03
9.000000000000000222e-01 -4.136580509163963540e-03
9.500000000000000666e-01 -4.479302598781137630e-03
1.000000000000000000e+00 -4.821927363711349390e-03
1.050000000000000044e+00 -5.161086645571986119e-03
1.100000000000000089e+00 -5.493325786018443332e-03
1.150000000000000133e+00 -5.815169937008106762e-03
1.200000000000000178e+00 -6.123184695381313561e-03
1.250000000000000000e+00 -6.414047697566606886e-03
1.300000000000000044e+00 -6.684601690997248220e-03
1.350000000000000089e+00 -6.931910569853935201e-03
1.400000000000000133e+00 -7.153318877690858883e-03
1.450000000000000178e+00 -7.346488730785122497e-03
1.500000000000000000e+00 -7.509439313668054769e-03
1.550000000000000044e+00 -7.640580444818797362e-03
1.600000000000000089e+00 -7.738732750117546973e-03
1.650000000000000133e+00 -7.803143551267152818e-03
1.700000000000000178e+00 -7.833493792106205680e-03
1.750000000000000000e+00 -7.829888030914913116e-03
1.800000000000000044e+00 -7.792852667531441867e-03
1.850000000000000089e+00 -7.723318020760264017e-03
1.900000000000000133e+00 -7.622584102975318333e-03
1.950000000000000178e+00 -7.492300526916187246e-03
2.000000000000000000e+00 -7.334421871804110496e-03
2.050000000000000266e+00 -7.151176423801919313e-03
2.100000000000000089e+00 -6.945011620071268703e-03
2.149999999999999911e+00 -6.718553542930735464e-03
2.200000000000000178e+00 -6.474559597361396850e-03
2.250000000000000000e+00 -6.215868041932539299e-03
2.300000000000000266e+00 -5.945353053483602539e-03
2.350000000000000089e+00 -5.665875975681123472e-03
2.400000000000000355e+00 -5.380246402912711862e-03
2.450000000000000178e+00 -5.091180698421335360e-03
2.500000000000000000e+00 -4.801261597893053019e-03
2.550000000000000266e+00 -4.512916962896140922e-03
2.600000000000000089e+00 -4.228382697046433741e-03
2.650000000000000355e+00 -3.949686437284289503e-03
2.700000000000000178e+00 -3.678630040747826995e-03
2.750000000000000000e+00 -3.416778697544985838e-03
2.800000000000000266e+00 -3.165453344897315065e-03
2.850000000000000089e+00 -2.925731767295075125e-03
2.900000000000000355e+00 -2.698450523209993800e-03
2.950000000000000178e+00 -2.484213211977662726e-03
3.000000000000000000e+00 -2.283401608857640527e-03
3.050000000000000266e+00 -2.096189802252170550e-03
3.100000000000000089e+00 -1.922561748950298629e-03
3.150000000000000355e+00 -1.762329233129688926e-03
3.200000000000000178e+00 -1.615156328184820652e-03
3.250000000000000000e+00 -1.480576143788795698e-03
3.300000000000000266e+00 -1.358015900896663436e-03
3.350000000000000089e+00 -1.246817034432876796e-03
3.400000000000000355e+00 -1.146258446043130425e-03
3.450000000000000178e+00 -1.055573973293994199e-03
3.500000000000000000e+00 -9.739733158181596495e-04
3.550000000000000266e+00 -9.006567230645648242e-04
3.600000000000000089e+00 -8.348329933676538464e-04
3.650000000000000355e+00 -7.757308793989345060e-04
3.700000000000000178e+00 -7.226104525430713165e-04
3.750000000000000000e+00 -6.747723661259778663e-04
3.800000000000000266e+00 -6.315641701868387288e-04
3.850000000000000089e+00 -5.923860140555452236e-04
3.900000000000000355e+00 -5.566931717367346738e-04
3.950000000000000178e+00 -5.239979832838961502e-04
4.000000000000000000e+00 -4.938680258999248460e-04
4.049999999999999822e+00 -4.659274064026813506e-04
4.100000000000000533e+00 -4.398520093526315871e-04
4.150000000000000355e+00 -4.153684707664560350e-04
4.200000000000000178e+00 -3.922477103628916380e-04
4.250000000000000000e+00 -3.703025047831221819e-04
4.299999999999999822e+00 -3.493821833332880276e-04
4.350000000000000533e+00 -3.293663244653039532e-04
4.400000000000000355e+00 -3.101655832057700771e-04
4.450000000000000178e+00 -2.917108071537609132e-04
4.500000000000000000e+00 -2.739527833016942274e-04
4.549999999999999822e+00 -2.568568022183069424e-04
4.600000000000000533e+00 -2.404014306750066211e-04
4.650000000000000355e+00 -2.245727169300631174e-04
4.700000000000000178e+00 -2.093639805604665717e-04
4.750000000000000000e+00 -1.947716808438523480e-04
4.800000000000000711e+00 -1.807956936273922373e-04
4.850000000000000533e+00 -1.674369950976658085e-04
4.900000000000000355e+00 -1.546974245637086523e-04
4.950000000000000178e+00 -1.425761835174096004e-04
5.000000000000000000e+00 -1.310727054682039633e-04
5.050000000000000711e+00 -1.201844615971940753e-04
5.100000000000000533e+00 -1.099069762151119766e-04
5.150000000000000355e+00 -1.002344606582892541e-04
5.200000000000000178e+00 -9.115758944594904963e-05
5.250000000000000000e+00 -8.266664312166559323e-05
5.300000000000000711e+00 -7.474910629467835306e-05
5.350000000000000533e+00 -6.739122113287217828e-05
5.400000000000000355e+00 -6.057735680346768470e-05
5.450000000000000178e+00 -5.428957168054577892e-05
5.500000000000000000e+00 -4.850913323195628265e-05
5.550000000000000711e+00 -4.321572454475734694e-05
5.600000000000000533e+00 -3.838775346193524883e-05
5.650000000000000355e+00 -3.400266423844925507e-05
5.700000000000000178e+00 -3.003689018103837758e-05
5.750000000000000000e+00 -2.646561615203098242e-05
5.800000000000000711e+00 -2.326507936945741584e-05
5.850000000000000533e+00 -2.040949423869420497e-05
5.900000000000000355e+00 -1.787373730066289546e-05
5.950000000000000178e+00 -1.563315739727694508e-05
6.000000000000000000e+00 -1.366189782054258362e-05
6.050000000000000711e+00 -1.194003009113517971e-05
6.100000000000000533e+00 -1.043451551183135674e-05
6.150000000000000355e+00 -9.132245261986140494e-06
6.200000000000000178e+00 -8.008956956881821464e-06
6.250000000000000000e+00 -7.044740535234240025e-06
6.300000000000000711e+00 -6.220882297758519345e-06
6.350000000000000533e+00 -5.520813272662076116e-06
6.400000000000000355e+00 -4.927732010808949631e-06
6.450000000000000178e+00 -4.428126535028383456e-06
6.500000000000000000e+00 -4.009088316775261987e-06
6.550000000000000711e+00 -3.658907423060582080e-06
6.600000000000000533e+00 -3.368034324595979773e-06
6.650000000000000355e+00 -3.126928259049792190e-06
6.700000000000000178e+00 -2.927826927657137586e-06
6.750000000000000000e+00 -2.763765848346348283e-06
6.800000000000000711e+00 -2.628638498344491916e-06
6.850000000000000533e+00 -2.517002536123678762e-06
6.900000000000000355e+00 -2.424264426428452709e-06
6.950000000000000178e+00 -2.345640196895725220e-06
7.000000000000000000e+00 -2.278467490142776185e-06
7.050000000000000711e+00 -2.219088899076150092e-06
7.100000000000000533e+00 -2.164757204898990145e-06
7.150000000000000355e+00 -2.112907059026785310e-06
7.200000000000000178e+00 -2.061302276823168071e-06
7.250000000000000000e+00 -2.008496835057684187e-06
7.300000000000000711e+00 -1.953067775030149377e-06
7.350000000000000533e+00 -1.894008504528586176e-06
7.400000000000000355e+00 -1.830617500819331635e-06
7.450000000000000178e+00 -1.762701863158848280e-06
7.500000000000000000e+00 -1.690026545164695776e-06
7.550000000000000711e+00 -1.613021122573472243e-06
7.600000000000000533e+00 -1.532450836332140997e-06
7.650000000000000355e+00 -1.448419108999422899e-06
7.700000000000000178e+00 -1.362190164848715111e-06
7.750000000000000000e+00 -1.274622359303106447e-06
7.800000000000000711e+00 -1.187061063365996724e-06
7.850000000000000533e+00 -1.100342636917828330e-06
7.900000000000000355e+00 -1.015528718903795428e-06
7.950000000000000178e+00 -9.335712984989288869e-07
8.000000000000000000e+00 -8.552178770100773950e-07
8.050000000000000711e+00 -7.811038780176812950e-07
8.099999999999999645e+00 -7.119194832466230284e-07
8.150000000000000355e+00 -6.474402791844535331e-07
8.200000000000001066e+00 -5.875561710086080075e-07
8.250000000000000000e+00 -5.330788145428358265e-07
8.300000000000000711e+00 -4.832502681375279839e-07
8.349999999999999645e+00 -4.378466109609667182e-07
8.400000000000000355e+00 -3.961844457902046288e-07
8.450000000000001066e+00 -3.579825839190568267e-07
8.500000000000000000e+00 -3.227074022603604131e-07
8.550000000000000711e+00 -2.898897981597218453e-07
8.599999999999999645e+00 -2.591459511552906439e-07
8.650000000000000355e+00 -2.301352974469643915e-07
8.700000000000001066e+00 -2.026250655376664192e-07
8.750000000000000000e+00 -1.763916813972053966e-07
8.800000000000000711e+00 -1.518230588267283178e-07
8.849999999999999645e+00 -1.283115329940702841e-07
8.900000000000000355e+00 -1.063382316215942150e-07
8.950000000000001066e+00 -8.595652928055257735e-08
9.000000000000000000e+00 -6.758340415830038624e-08
9.050000000000000711e+00 -5.124757678099580416e-08
9.099999999999999645e+00 -3.717056127410892579e-08
9.150000000000000355e+00 -2.528933832481012704e-08
9.200000000000001066e+00 -1.604911909229030634e-08
9.250000000000000000e+00 -9.240794158615019465e-09
9.300000000000000711e+00 -4.897276542198214860e-09
9.349999999999999645e+00 -2.630633099051474679e-09
9.400000000000000355e+00 -1.909247122529023856e-09
9.450000000000001066e+00 -3.040943250665021622e-09
9.500000000000000000e+00 -5.283002963586100934e-09
9.550000000000000711e+00 -8.243152236431706273e-09
9.600000000000001421e+00 -1.158063200573521187e-08
9.650000000000000355e+00 -1.510758312064133908e-08
9.700000000000001066e+00 -1.784440285460335048e-08
9.750000000000000000e+00 -1.950955166029269854e-08
9.800000000000000711e+00 -2.055128511459085364e-08
9.850000000000001421e+00 -2.048109308406375153e-08
9.900000000000000355e+00 -1.926408928734027534e-08
9.950000000000001066e+00 -1.715709695808038628e-08
