0.000000000000000000e+00 0.000000000000000000e+00
5.000000000000000278e-02 -6.421573033625644668e-03
1.000000000000000056e-01 -1.270855138125285069e-02
1.500000000000000222e-01 -1.872912728690513673e-02
2.000000000000000111e-01 -2.435700366961704444e-02
2.500000000000000000e-01 -2.947399296317955095e-02
3.000000000000000444e-01 -3.397243271576422252e-02
3.500000000000000333e-01 -3.775736368625273731e-02
4.000000000000000222e-01 -4.074842227116605431e-02
4.500000000000000111e-01 -4.288140649102239327e-02
5.000000000000000000e-01 -4.410948174791278625e-02
5.500000000000000444e-01 -4.440400250323477821e-02
6.000000000000000888e-01 -4.375493431712833975e-02
6.500000000000000222e-01 -4.217087109609195250e-02
7.000000000000000666e-01 -3.967865153172914217e-02
7.500000000000000000e-01 -3.632258809569786917e-02
8.000000000000000444e-01 -3.216333154906032138e-02
8.500000000000000888e-01 -2.727640155051412954e-02
9.000000000000000222e-01 -2.175042184258399458e-02
9.500000000000000666e-01 -1.568510475000377269e-02
1.000000000000000000e+00 -9.189034950475311742e-03
1.050000000000000044e+00 -2.377306299066430078e-03
1.100000000000000089e+00 4.630931853520511669e-03
1.150000000000000133e+00 1.171496168543326687e-02
1.200000000000000178e+00 1.875496028706540030e-02
1.250000000000000000e+00 2.563438399042862470e-02
1.300000000000000044e+00 3.224222229386156796e-02
1.350000000000000089e+00 3.847507302606999885e-02
1.400000000000000133e+00 4.423899704586516796e-02
1.450000000000000178e+00 4.945111656897695218e-02
1.500000000000000000e+00 5.404092827284154299e-02
1.550000000000000044e+00 5.795131007464852935e-02
1.600000000000000089e+00 6.113920960760495238e-02
1.650000000000000133e+00 6.357600533677926213e-02
1.700000000000000178e+00 6.524754989530318072e-02
1.750000000000000000e+00 6.615389916704143836e-02
1.800000000000000044e+00 6.630874936702210731e-02
1.850000000000000089e+00 6.573860308122583818e-02
1.900000000000000133e+00 6.448169683658022677e-02
1.950000000000000178e+00 6.258672170563076009e-02
2.000000000000000000e+00 6.011137636947314761e-02
2.050000000000000266e+00 5.712079330426027973e-02
2.100000000000000089e+00 5.368587860857827049e-02
2.149999999999999911e+00 4.988160910730433939e-02
2.200000000000000178e+00 4.578532726275517245e-02
2.250000000000000000e+00 4.147507367117606036e-02
2.300000000000000266e+00 3.702799381396526535e-02
2.350000000000000089e+00 3.251885247419680769e-02
2.400000000000000355e+00 2.801868450750551187e-02
2.450000000000000178e+00 2.359360608348399710e-02
2.500000000000000000e+00 1.930380606288315329e-02
2.550000000000000266e+00 1.520272842005536244e-02
2.600000000000000089e+00 1.133645770252779926e-02
2.650000000000000355e+00 7.743306193443066400e-03
2.700000000000000178e+00 4.453600360620032367e-03
2.750000000000000000e+00 1.489663719182310287e-03
2.800000000000000266e+00 -1.134024566411955936e-03
2.850000000000000089e+00 -3.410503558476572772e-03
2.900000000000000355e+00 -5.339859702013279724e-03
2.950000000000000178e+00 -6.928632604870776403e-03
3.000000000000000000e+00 -8.189119449266486772e-03
3.050000000000000266e+00 -9.138605181811117542e-03
3.100000000000000089e+00 -9.798539803086920089e-03
3.150000000000000355e+00 -1.019368948814119297e-02
3.200000000000000178e+00 -1.035128425191577523e-02
3.250000000000000000e+00 -1.030018255622835825e-02
3.300000000000000266e+00 -1.007007524776238130e-02
3.350000000000000089e+00 -9.690742362796843368e-03
3.400000000000000355e+00 -9.191379852733248118e-03
3.450000000000000178e+00 -8.600006020763406936e-03
3.500000000000000000e+00 -7.942957368060639747e-03
3.550000000000000266e+00 -7.244474703009023270e-03
3.600000000000000089e+00 -6.526389091737700397e-03
3.650000000000000355e+00 -5.807898758828663674e-03
3.700000000000000178e+00 -5.105439010777250430e-03
3.750000000000000000e+00 -4.432637613232391638e-03
3.800000000000000266e+00 -3.800346852646718874e-03
3.850000000000000089e+00 -3.216747700546591926e-03
3.900000000000000355e+00 -2.687508560602615455e-03
3.950000000000000178e+00 -2.215995210388294143e-03
4.000000000000000000e+00 -1.803514896431213533e-03
4.049999999999999822e+00 -1.449587358022336181e-03
4.100000000000000533e+00 -1.152229129272079643e-03
4.150000000000000355e+00 -9.082425536291212484e-04
4.200000000000000178e+00 -7.134998045457318283e-04
4.250000000000000000e+00 -5.632139600642290878e-04
4.299999999999999822e+00 -4.521904064197985237e-04
4.350000000000000533e+00 -3.750532690486559962e-04
4.400000000000000355e+00 -3.264427728101422987e-04
4.450000000000000178e+00 -3.011817281504739732e-04
4.500000000000000000e+00 -2.944080749725222403e-04
4.549999999999999822e+00 -3.016775801386530780e-04
4.600000000000000533e+00 -3.190323596075913355e-04
4.650000000000000355e+00 -3.430419703709261200e-04
4.700000000000000178e+00 -3.708183735680616565e-04
4.750000000000000000e+00 -4.000077021269144643e-04
4.800000000000000711e+00 -4.287631426504373892e-04
4.850000000000000533e+00 -4.557033352060708108e-04
4.900000000000000355e+00 -4.798605138203058864e-04
4.950000000000000178e+00 -5.006210410856781843e-04
5.000000000000000000e+00 -5.176624298067421769e-04
5.050000000000000711e+00 -5.308925376186570972e-04
5.100000000000000533e+00 -5.403895898869939124e-04
5.150000000000000355e+00 -5.463481416112436675e-04
5.200000000000000178e+00 -5.490320841175275841e-04
5.250000000000000000e+00 -5.487350300456633962e-04
5.300000000000000711e+00 -5.457496531263245033e-04
5.350000000000000533e+00 -5.403453502434549163e-04
5.400000000000000355e+00 -5.327543576164237536e-04
5.450000000000000178e+00 -5.231652138514892745e-04
5.500000000000000000e+00 -5.117225748829672301e-04
5.550000000000000711e+00 -4.985316337898017562e-04
5.600000000000000533e+00 -4.836684754899461141e-04
5.650000000000000355e+00 -4.671905946581724530e-04
5.700000000000000178e+00 -4.491497735374080425e-04
5.750000000000000000e+00 -4.296046531810384338e-04
5.800000000000000711e+00 -4.086321651148529699e-04
5.850000000000000533e+00 -3.863369533863061358e-04
5.900000000000000355e+00 -3.628581438482744118e-04
5.950000000000000178e+00 -3.383732532190773736e-04
6.000000000000000000e+00 -3.130978779681041707e-04
6.050000000000000711e+00 -2.872841705212123399e-04
6.100000000000000533e+00 -2.612147096257323177e-04
6.150000000000000355e+00 -2.351944144975259680e-04
6.200000000000000178e+00 -2.095405412715519420e-04
6.250000000000000000e+00 -1.845717213771835114e-04
6.300000000000000711e+00 -1.605960943135410724e-04
6.350000000000000533e+00 -1.378999299901796757e-04
6.400000000000000355e+00 -1.167365617490087615e-04
6.450000000000000178e+00 -9.731682606113536277e-05
6.500000000000000000e+00 -7.980217048624556970e-05
6.550000000000000711e+00 -6.429954119259445730e-05
6.600000000000000533e+00 -5.085784038439863095e-05
6.650000000000000355e+00 -3.946846568534845317e-05
6.700000000000000178e+00 -3.006756522133491753e-05
6.750000000000000000e+00 -2.254071566998137408e-05
6.800000000000000711e+00 -1.673019030642804018e-05
6.850000000000000533e+00 -1.244255579414719023e-05
6.900000000000000355e+00 -9.459002440355603007e-06
6.950000000000000178e+00 -7.545620331928496733e-06
7.000000000000000000e+00 -6.463696368941933675e-06
7.050000000000000711e+00 -5.979764631618086753e-06
7.100000000000000533e+00 -5.875563627111642754e-06
7.150000000000000355e+00 -5.955287896894797667e-06
7.200000000000000178e+00 -6.052180356039047950e-06
7.250000000000000000e+00 -6.033945434483584037e-06
7.300000000000000711e+00 -5.804933984995128750e-06
7.350000000000000533e+00 -5.307083461198683027e-06
7.400000000000000355e+00 -4.518653626582588154e-06
7.450000000000000178e+00 -3.451937703125105507e-06
7.500000000000000000e+00 -2.148207087516172149e-06
7.550000000000000711e+00 -6.718349880517070632e-07
7.600000000000000533e+00 8.948279882193140687e-07
7.650000000000000355e+00 2.459662364161732672e-06
7.700000000000000178e+00 3.927202651454305958e-06
7.750000000000000000e+00 5.205586703873531016e-06
7.800000000000000711e+00 6.212596222044817027e-06
7.850000000000000533e+00 6.880865069862970585e-06
7.900000000000000355e+00 7.162147492005500964e-06
7.950000000000000178e+00 7.029944299363610168e-06
