0.000000000000000000e+00 0.000000000000000000e+00
5.000000000000000278e-02 2.084205069105987153e-05
1.000000000000000056e-01 4.149835105992448589e-05
1.500000000000000222e-01 6.178646566682040580e-05
2.000000000000000111e-01 8.153071651391276384e-05
2.500000000000000000e-01 1.005669906959050312e-04
3.000000000000000444e-01 1.187431361913337077e-04
3.500000000000000333e-01 1.359233786057959989e-04
4.000000000000000222e-01 1.519910480352994002e-04
4.500000000000000111e-01 1.668503972581644507e-04
5.000000000000000000e-01 1.804285766483079896e-04
5.500000000000000444e-01 1.926770758941564500e-04
6.000000000000000888e-01 2.035731727770672002e-04
6.500000000000000222e-01 2.131187518905059536e-04
7.000000000000000666e-01 2.213429473470997428e-04
7.500000000000000000e-01 2.283000998453323257e-04
8.000000000000000444e-01 2.340693355042969498e-04
8.500000000000000888e-01 2.387532977232358447e-04
9.000000000000000222e-01 2.424764652713061160e-04
9.500000000000000666e-01 2.453831416416437316e-04
1.000000000000000000e+00 2.476341203922883638e-04
1.050000000000000044e+00 2.494071151987341164e-04
1.100000000000000089e+00 2.508894452372930684e-04
1.150000000000000133e+00 2.522776606568653390e-04
1.200000000000000178e+00 2.537735823826222682e-04
1.250000000000000000e+00 2.555817597395059035e-04
1.300000000000000044e+00 2.579028280948107796e-04
1.350000000000000089e+00 2.609342324949386039e-04
1.400000000000000133e+00 2.648670228789544922e-04
1.450000000000000178e+00 2.698786110779755271e-04
1.500000000000000000e+00 2.761332092016927195e-04
1.550000000000000044e+00 2.837783593597318515e-04
1.600000000000000089e+00 2.929435297872829357e-04
1.650000000000000133e+00 3.037343677579970179e-04
1.700000000000000178e+00 3.162366429859807151e-04
1.750000000000000000e+00 3.305102636876802030e-04
1.800000000000000044e+00 3.465932552988160165e-04
1.850000000000000089e+00 3.644954555716324466e-04
1.900000000000000133e+00 3.842023193238071886e-04
1.950000000000000178e+00 4.056743004256799581e-04
2.000000000000000000e+00 4.288485676554481575e-04
2.050000000000000266e+00 4.536360925723169368e-04
2.100000000000000089e+00 4.799280863904012515e-04
2.149999999999999911e+00 5.075976744200042575e-04
2.200000000000000178e+00 5.364969654532678088e-04
2.250000000000000000e+00 5.664632465871094697e-04
2.300000000000000266e+00 5.973213137058557215e-04
2.350000000000000089e+00 6.288823271418877850e-04
2.400000000000000355e+00 6.609510752573154700e-04
2.450000000000000178e+00 6.933288219798264349e-04
2.500000000000000000e+00 7.258110880921900439e-04
2.550000000000000266e+00 7.581942174065068717e-04
2.600000000000000089e+00 7.902769668189137944e-04
2.650000000000000355e+00 8.218630474348813690e-04
2.700000000000000178e+00 8.527630233616962383e-04
2.750000000000000000e+00 8.827969973984712507e-04
2.800000000000000266e+00 9.117960978398232481e-04
2.850000000000000089e+00 9.396042110804732209e-04
2.900000000000000355e+00 9.660793824113155090e-04
2.950000000000000178e+00 9.910949305334179876e-04
3.000000000000000000e+00 1.014540302227840383e-03
3.050000000000000266e+00 1.036321653991423720e-03
3.100000000000000089e+00 1.056362167286367844e-03
3.150000000000000355e+00 1.074602170309846326e-03
3.200000000000000178e+00 1.090998713950098835e-03
3.250000000000000000e+00 1.105525488394151074e-03
3.300000000000000266e+00 1.118172003908849332e-03
3.350000000000000089e+00 1.128942832864006894e-03
3.400000000000000355e+00 1.137856647985952679e-03
3.450000000000000178e+00 1.144945007803232313e-03
3.500000000000000000e+00 1.150251641542169570e-03
3.550000000000000266e+00 1.153830444008097870e-03
3.600000000000000089e+00 1.155744629753929558e-03
3.650000000000000355e+00 1.156065259692218208e-03
3.700000000000000178e+00 1.154869886804661813e-03
3.750000000000000000e+00 1.152241224185323112e-03
3.800000000000000266e+00 1.148265856063556507e-03
3.850000000000000089e+00 1.143033010000246838e-03
3.900000000000000355e+00 1.136633401527241101e-03
3.950000000000000178e+00 1.129158170591367319e-03
4.000000000000000000e+00 1.120697951713429778e-03
4.049999999999999822e+00 1.111341976085491361e-03
4.100000000000000533e+00 1.101177341340049383e-03
4.150000000000000355e+00 1.090288378039824943e-03
4.200000000000000178e+00 1.078756127351330378e-03
4.250000000000000000e+00 1.066658019130605362e-03
4.299999999999999822e+00 1.054067192382701678e-03
4.350000000000000533e+00 1.041052827606927210e-03
4.400000000000000355e+00 1.027679660375530176e-03
4.450000000000000178e+00 1.014007941818018252e-03
4.500000000000000000e+00 1.000093787101210673e-03
4.549999999999999822e+00 9.859887517052251180e-04
4.600000000000000533e+00 9.717403026375559831e-04
4.650000000000000355e+00 9.573918987021533137e-04
4.700000000000000178e+00 9.429831863906146337e-04
4.750000000000000000e+00 9.285502154875381782e-04
4.800000000000000711e+00 9.141256661396862790e-04
4.850000000000000533e+00 8.997390619047368563e-04
4.900000000000000355e+00 8.854170618167667628e-04
4.950000000000000178e+00 8.711836042908262375e-04
5.000000000000000000e+00 8.570601576115303641e-04
5.050000000000000711e+00 8.430659092857203333e-04
5.100000000000000533e+00 8.292179460501252148e-04
5.150000000000000355e+00 8.155314644522000970e-04
5.200000000000000178e+00 8.020197235618040663e-04
5.250000000000000000e+00 7.886944644002704579e-04
5.300000000000000711e+00 7.755658303441764247e-04
5.350000000000000533e+00 7.626424827059078045e-04
5.400000000000000355e+00 7.499318231305547242e-04
5.450000000000000178e+00 7.374398637228203688e-04
5.500000000000000000e+00 7.251714421664313308e-04
5.550000000000000711e+00 7.131302542684960942e-04
5.600000000000000533e+00 7.013189132571900691e-04
5.650000000000000355e+00 6.897390205884842366e-04
5.700000000000000178e+00 6.783912258779842622e-04
5.750000000000000000e+00 6.672752943862163017e-04
5.800000000000000711e+00 6.563901761264826157e-04
5.850000000000000533e+00 6.457340780761310853e-04
5.900000000000000355e+00 6.353045394956526341e-04
5.950000000000000178e+00 6.250985099981499777e-04
