0.000000000000000000e+00 0.000000000000000000e+00
5.000000000000000278e-02 5.085770188894275963e-03
1.000000000000000056e-01 1.002810866044172473e-02
1.500000000000000222e-01 1.468783011458314053e-02
2.000000000000000111e-01 1.893410636674404748e-02
2.500000000000000000e-01 2.264831024857123787e-02
3.000000000000000444e-01 2.572747074656468388e-02
3.500000000000000333e-01 2.808723067160145276e-02
4.000000000000000222e-01 2.966421507586528353e-02
4.500000000000000111e-01 3.041773861413841692e-02
5.000000000000000000e-01 3.033080236684304945e-02
5.500000000000000444e-01 2.941035450465611170e-02
6.000000000000000888e-01 2.768681372980705963e-02
6.500000000000000222e-01 2.521287880866124320e-02
7.000000000000000666e-01 2.206167085799036476e-02
7.500000000000000000e-01 1.832427655183123741e-02
8.000000000000000444e-01 1.410677933939307079e-02
8.500000000000000888e-01 9.526881470044911912e-03
9.000000000000000222e-01 4.710231595166950933e-03
9.500000000000000666e-01 -2.134194142877302990e-04
1.000000000000000000e+00 -5.114108250964278027e-03
1.050000000000000044e+00 -9.865469211238955122e-03
1.100000000000000089e+00 -1.434834427323327354e-02
1.150000000000000133e+00 -1.845408214975675573e-02
1.200000000000000178e+00 -2.208742804503980792e-02
1.250000000000000000e+00 -2.516892175044475530e-02
1.300000000000000044e+00 -2.763674010993864838e-02
1.350000000000000089e+00 -2.944794006668771669e-02
1.400000000000000133e+00 -3.057907971196529781e-02
1.450000000000000178e+00 -3.102621621863132020e-02
1.500000000000000000e+00 -3.080430048291209547e-02
1.550000000000000044e+00 -2.994600798513201434e-02
1.600000000000000089e+00 -2.850006314015227776e-02
1.650000000000000133e+00 -2.652912965584591776e-02
1.700000000000000178e+00 -2.410735167394151973e-02
1.750000000000000000e+00 -2.131763937522455563e-02
1.800000000000000044e+00 -1.824879806646469496e-02
1.850000000000000089e+00 -1.499260144369381730e-02
1.900000000000000133e+00 -1.164090779762955337e-02
1.950000000000000178e+00 -8.282912576539252017e-03
2.000000000000000000e+00 -5.002622255960285057e-03
2.050000000000000266e+00 -1.876623296648716232e-03
2.100000000000000089e+00 1.027793396665768310e-03
2.149999999999999911e+00 3.654107104756117164e-03
2.200000000000000178e+00 5.957611624301065514e-03
2.250000000000000000e+00 7.906016328730176845e-03
2.300000000000000266e+00 9.479607176736392152e-03
2.350000000000000089e+00 1.067098625242782380e-02
2.400000000000000355e+00 1.148442242732222729e-02
2.450000000000000178e+00 1.193485791205229664e-02
2.500000000000000000e+00 1.204662543399959845e-02
2.550000000000000266e+00 1.185193825451074344e-02
2.600000000000000089e+00 1.138922005099136242e-02
2.650000000000000355e+00 1.070134376992576235e-02
2.700000000000000178e+00 9.833847950028989232e-03
2.750000000000000000e+00 8.833195866304528396e-03
2.800000000000000266e+00 7.745137394858888670e-03
2.850000000000000089e+00 6.613226064098973352e-03
2.900000000000000355e+00 5.477534723888510815e-03
2.950000000000000178e+00 4.373603060299904172e-03
3.000000000000000000e+00 3.331639267080660927e-03
3.050000000000000266e+00 2.375987021049926970e-03
3.100000000000000089e+00 1.524857951307926436e-03
3.150000000000000355e+00 7.903194661729927252e-04
3.200000000000000178e+00 1.785184867156314355e-04
3.250000000000000000e+00 -3.098863476284799781e-04
3.300000000000000266e+00 -6.791178363410637015e-04
3.350000000000000089e+00 -9.375372160356481438e-04
3.400000000000000355e+00 -1.096806269510766001e-03
3.450000000000000178e+00 -1.170996743447246793e-03
3.500000000000000000e+00 -1.175688401645948525e-03
3.550000000000000266e+00 -1.127094507884502609e-03
3.600000000000000089e+00 -1.041249537387611791e-03
3.650000000000000355e+00 -9.332887096664306548e-04
3.700000000000000178e+00 -8.168428076742426146e-04
3.750000000000000000e+00 -7.035650128120009891e-04
3.800000000000000266e+00 -6.027994660935381138e-04
3.850000000000000089e+00 -5.213942820148494096e-04
3.900000000000000355e+00 -4.636550945524570556e-04
3.950000000000000178e+00 -4.314291751535056238e-04
4.000000000000000000e+00 -4.243049608500384451e-04
4.049999999999999822e+00 -4.399076482275464167e-04
4.100000000000000533e+00 -4.742684729607120103e-04
4.150000000000000355e+00 -5.222434745932681482e-04
4.200000000000000178e+00 -5.779569539604246728e-04
4.250000000000000000e+00 -6.352454223023247222e-04
4.299999999999999822e+00 -6.880795218535883063e-04
4.350000000000000533e+00 -7.309440283258144318e-04
4.400000000000000355e+00 -7.591594510499001481e-04
4.450000000000000178e+00 -7.691327250656542804e-04
4.500000000000000000e+00 -7.585288236084293534e-04
4.549999999999999822e+00 -7.263595863996227505e-04
4.600000000000000533e+00 -6.729904411797200817e-04
4.650000000000000355e+00 -6.000697901989671904e-04
4.700000000000000178e+00 -5.103894606241050295e-04
4.750000000000000000e+00 -4.076876295197693224e-04
4.800000000000000711e+00 -2.964079179661941029e-04
4.850000000000000533e+00 -1.814298325708923424e-04
4.900000000000000355e+00 -6.778638514099603136e-05
4.950000000000000178e+00 3.961544734417457434e-05
5.000000000000000000e+00 1.362567013003230891e-04
5.050000000000000711e+00 2.182377523100773303e-04
5.100000000000000533e+00 2.824681026762363486e-04
5.150000000000000355e+00 3.268063919437712902e-04
5.200000000000000178e+00 3.501453282885670149e-04
5.250000000000000000e+00 3.524393075085925555e-04
5.300000000000000711e+00 3.346755298434182617e-04
5.350000000000000533e+00 2.987922935508107022e-04
5.400000000000000355e+00 2.475507035345082926e-04
5.450000000000000178e+00 1.843681695641714543e-04
5.500000000000000000e+00 1.131236934027321316e-04
5.550000000000000711e+00 3.794599779144221290e-05
5.600000000000000533e+00 -3.700399647762328065e-05
5.650000000000000355e+00 -1.077449847845064816e-04
5.700000000000000178e+00 -1.706707371982910094e-04
5.750000000000000000e+00 -2.227197782182715287e-04
5.800000000000000711e+00 -2.615115182588894412e-04
5.850000000000000533e+00 -2.854430518131849523e-04
5.900000000000000355e+00 -2.937430409723475948e-04
5.950000000000000178e+00 -2.864814078093008655e-04
6.000000000000000000e+00 -2.645358461132870059e-04
6.050000000000000711e+00 -2.295183183172509018e-04
6.100000000000000533e+00 -1.836666239950230511e-04
6.150000000000000355e+00 -1.297077241091751647e-04
6.200000000000000178e+00 -7.070071143817391356e-05
6.250000000000000000e+00 -9.868085302992611501e-06
6.300000000000000711e+00 4.957570574570070921e-05
6.350000000000000533e+00 1.045896460373025092e-04
6.400000000000000355e+00 1.524572476466841593e-04
6.450000000000000178e+00 1.909161356947562801e-04
6.500000000000000000e+00 2.182602235339222894e-04
6.550000000000000711e+00 2.334101540887036324e-04
6.600000000000000533e+00 2.359494282449953195e-04
6.650000000000000355e+00 2.261254607602119473e-04
6.700000000000000178e+00 2.048166050359428948e-04
6.750000000000000000e+00 1.734678804460063691e-04
6.800000000000000711e+00 1.339996381342726259e-04
6.850000000000000533e+00 8.869464367866401429e-05
6.900000000000000355e+00 4.006998324835966995e-05
6.950000000000000178e+00 -9.259223295044569728e-06
7.000000000000000000e+00 -5.671711195389214671e-05
7.050000000000000711e+00 -9.989833875216708940e-05
7.100000000000000533e+00 -1.366868030195320398e-04
7.150000000000000355e+00 -1.653561411157663640e-04
7.200000000000000178e+00 -1.846473921831501546e-04
7.250000000000000000e+00 -1.938205288069221716e-04
7.300000000000000711e+00 -1.926779670190018328e-04
7.350000000000000533e+00 -1.815596466158243621e-04
7.400000000000000355e+00 -1.613107283565102081e-04
7.450000000000000178e+00 -1.332243165128407141e-04
7.500000000000000000e+00 -9.896281742765767231e-05
7.550000000000000711e+00 -6.046253100950275153e-05
7.600000000000000533e+00 -1.982679863421494602e-05
7.650000000000000355e+00 2.078653183915874576e-05
7.700000000000000178e+00 5.927742954308506951e-05
7.750000000000000000e+00 9.371006663695483367e-05
7.800000000000000711e+00 1.224079950396041476e-04
7.850000000000000533e+00 1.440335511842450638e-04
7.900000000000000355e+00 1.576478479182256943e-04
7.950000000000000178e+00 1.627487949690766455e-04
