0.000000000000000000e+00 0.000000000000000000e+00
5.000000000000000278e-02 -9.392981319992731973e-05
1.000000000000000056e-01 -1.878922086956206496e-04
1.500000000000000222e-01 -2.819178448057944571e-04
2.000000000000000111e-01 -3.760335632887345679e-04
2.500000000000000000e-01 -4.702605589661944707e-04
3.000000000000000444e-01 -5.646126412230265340e-04
3.500000000000000333e-01 -6.590946153702810333e-04
4.000000000000000222e-01 -7.537008096859856279e-04
4.500000000000000111e-01 -8.484137713361090353e-04
5.000000000000000000e-01 -9.432031513926080737e-04
5.500000000000000444e-01 -1.038024795877798582e-03
6.000000000000000888e-01 -1.132820056251228379e-03
6.500000000000000222e-01 -1.227515329095874019e-03
7.000000000000000666e-01 -1.322021831033477540e-03
7.500000000000000000e-01 -1.416235611180324729e-03
8.000000000000000444e-01 -1.510037799815749536e-03
8.500000000000000888e-01 -1.603295088440435121e-03
9.000000000000000222e-01 -1.695860433106267419e-03
9.500000000000000666e-01 -1.787573969850616033e-03
1.000000000000000000e+00 -1.878264128302568371e-03
1.050000000000000044e+00 -1.967748927073523051e-03
1.100000000000000089e+00 -2.055837432417233560e-03
1.150000000000000133e+00 -2.142331359853278609e-03
1.200000000000000178e+00 -2.227026796993869344e-03
1.250000000000000000e+00 -2.309716024691329996e-03
1.300000000000000044e+00 -2.390189412821774190e-03
1.350000000000000089e+00 -2.468237366525513361e-03
1.400000000000000133e+00 -2.543652298520493894e-03
1.450000000000000178e+00 -2.616230603174808482e-03
1.500000000000000000e+00 -2.685774608351972244e-03
1.550000000000000044e+00 -2.752094481613095826e-03
1.600000000000000089e+00 -2.815010068160411945e-03
1.650000000000000133e+00 -2.874352638925718045e-03
1.700000000000000178e+00 -2.929966528436113871e-03
1.750000000000000000e+00 -2.981710643520455069e-03
1.800000000000000044e+00 -3.029459825546275409e-03
1.850000000000000089e+00 -3.073106050691900692e-03
1.900000000000000133e+00 -3.112559454754001368e-03
1.950000000000000178e+00 -3.147749171156782790e-03
2.000000000000000000e+00 -3.178623973152107721e-03
2.050000000000000266e+00 -3.205152713662512507e-03
2.100000000000000089e+00 -3.227324558799064477e-03
2.149999999999999911e+00 -3.245149013755679879e-03
2.200000000000000178e+00 -3.258655742507720731e-03
2.250000000000000000e+00 -3.267894185487294281e-03
2.300000000000000266e+00 -3.272932982127546488e-03
2.350000000000000089e+00 -3.273859207816619873e-03
2.400000000000000355e+00 -3.270777437329675831e-03
2.450000000000000178e+00 -3.263808649163636461e-03
2.500000000000000000e+00 -3.253088987334641028e-03
2.550000000000000266e+00 -3.238768399064751238e-03
2.600000000000000089e+00 -3.221009168338983750e-03
2.650000000000000355e+00 -3.199984366518871578e-03
2.700000000000000178e+00 -3.175876242024432399e-03
2.750000000000000000e+00 -3.148874571521824081e-03
2.800000000000000266e+00 -3.119174995067864210e-03
2.850000000000000089e+00 -3.086977357264948825e-03
2.900000000000000355e+00 -3.052484075680822126e-03
2.950000000000000178e+00 -3.015898556609319763e-03
3.000000000000000000e+00 -2.977423676721632599e-03
3.050000000000000266e+00 -2.937260347324507394e-03
3.100000000000000089e+00 -2.895606175850824575e-03
3.150000000000000355e+00 -2.852654236914889223e-03
3.200000000000000178e+00 -2.808591962829299835e-03
3.250000000000000000e+00 -2.763600160965049620e-03
3.300000000000000266e+00 -2.717852162804222996e-03
3.350000000000000089e+00 -2.671513107046571186e-03
3.400000000000000355e+00 -2.624739356744661654e-03
3.450000000000000178e+00 -2.577678048209501409e-03
3.500000000000000000e+00 -2.530466767394398773e-03
3.550000000000000266e+00 -2.483233347666582644e-03
3.600000000000000089e+00 -2.436095781341608268e-03
3.650000000000000355e+00 -2.389162236103534957e-03
3.700000000000000178e+00 -2.342531166473297080e-03
3.750000000000000000e+00 -2.296291509818549140e-03
3.800000000000000266e+00 -2.250522956011714697e-03
3.850000000000000089e+00 -2.205296279722656749e-03
3.900000000000000355e+00 -2.160673724455281896e-03
3.950000000000000178e+00 -2.116709427775478707e-03
4.000000000000000000e+00 -2.073449877698922000e-03
4.049999999999999822e+00 -2.030934390877421440e-03
4.100000000000000533e+00 -1.989195604006461192e-03
4.150000000000000355e+00 -1.948259970739764759e-03
4.200000000000000178e+00 -1.908148257306280801e-03
4.250000000000000000e+00 -1.868876030950705107e-03
4.299999999999999822e+00 -1.830454136233761056e-03
4.350000000000000533e+00 -1.792889155110615309e-03
4.400000000000000355e+00 -1.756183847536509860e-03
4.450000000000000178e+00 -1.720337570114594374e-03
4.500000000000000000e+00 -1.685346670992606639e-03
4.549999999999999822e+00 -1.651204859827435679e-03
4.600000000000000533e+00 -1.617903552168194594e-03
4.650000000000000355e+00 -1.585432188060949092e-03
4.700000000000000178e+00 -1.553778525055717454e-03
4.750000000000000000e+00 -1.522928906104902913e-03
4.800000000000000711e+00 -1.492868503088924962e-03
4.850000000000000533e+00 -1.463581536897418057e-03
4.900000000000000355e+00 -1.435051475140638978e-03
4.950000000000000178e+00 -1.407261208673258506e-03
5.000000000000000000e+00 -1.380193208188139082e-03
5.050000000000000711e+00 -1.353829662186942836e-03
5.100000000000000533e+00 -1.328152597662280972e-03
5.150000000000000355e+00 -1.303143984836229157e-03
5.200000000000000178e+00 -1.278785827295406607e-03
5.250000000000000000e+00 -1.255060238845123917e-03
5.300000000000000711e+00 -1.231949508375815815e-03
5.350000000000000533e+00 -1.209436153994834177e-03
5.400000000000000355e+00 -1.187502967626309159e-03
5.450000000000000178e+00 -1.166133051221677477e-03
5.500000000000000000e+00 -1.145309845654437272e-03
5.550000000000000711e+00 -1.125017153295514594e-03
5.600000000000000533e+00 -1.105239155181658153e-03
5.650000000000000355e+00 -1.085960423600140822e-03
5.700000000000000178e+00 -1.067165930820643564e-03
5.750000000000000000e+00 -1.048841054611795564e-03
5.800000000000000711e+00 -1.030971581087729251e-03
5.850000000000000533e+00 -1.013543705341689999e-03
5.900000000000000355e+00 -9.965440302413639158e-04
5.950000000000000178e+00 -9.799595636862661486e-04
6.000000000000000000e+00 -9.637777145628600257e-04
6.050000000000000711e+00 -9.479862875792202572e-04
6.100000000000000533e+00 -9.325734771186047333e-04
6.150000000000000355e+00 -9.175278602202634149e-04
6.200000000000000178e+00 -9.028383887756349403e-04
6.250000000000000000e+00 -8.884943810176166353e-04
6.300000000000000711e+00 -8.744855123783390168e-04
6.350000000000000533e+00 -8.608018057948918717e-04
6.400000000000000355e+00 -8.474336215506140125e-04
6.450000000000000178e+00 -8.343716467497941120e-04
6.500000000000000000e+00 -8.216068845337064870e-04
6.550000000000000711e+00 -8.091306431540905590e-04
6.600000000000000533e+00 -7.969345250248186614e-04
6.650000000000000355e+00 -7.850104158725284111e-04
6.700000000000000178e+00 -7.733504741017580833e-04
6.750000000000000000e+00 -7.619471204794457707e-04
6.800000000000000711e+00 -7.507930282279406346e-04
6.850000000000000533e+00 -7.398811135956266790e-04
6.900000000000000355e+00 -7.292045269510939861e-04
6.950000000000000178e+00 -7.187566444218976541e-04
7.000000000000000000e+00 -7.085310600738586309e-04
7.050000000000000711e+00 -6.985215786031746116e-04
7.100000000000000533e+00 -6.887222084928590555e-04
7.150000000000000355e+00 -6.791271555684074042e-04
7.200000000000000178e+00 -6.697308168761661020e-04
7.250000000000000000e+00 -6.605277748022176645e-04
7.300000000000000711e+00 -6.515127913499316886e-04
7.350000000000000533e+00 -6.426808025004419325e-04
7.400000000000000355e+00 -6.340269125916196680e-04
7.450000000000000178e+00 -6.255463886666135865e-04
7.500000000000000000e+00 -6.172346547615825511e-04
7.550000000000000711e+00 -6.090872861223635588e-04
7.600000000000000533e+00 -6.011000033600475117e-04
7.650000000000000355e+00 -5.932686665743140686e-04
7.700000000000000178e+00 -5.855892694895761287e-04
7.750000000000000000e+00 -5.780579336613133950e-04
7.800000000000000711e+00 -5.706709028177437510e-04
7.850000000000000533e+00 -5.634245374045561633e-04
7.900000000000000355e+00 -5.563153093978289061e-04
7.950000000000000178e+00 -5.493397974426656458e-04
8.000000000000000000e+00 -5.424946823631485431e-04
8.050000000000000711e+00 -5.357767430738476395e-04
8.099999999999999645e+00 -5.291828529054419137e-04
8.150000000000000355e+00 -5.227099763383094609e-04
8.200000000000001066e+00 -5.163551661195840432e-04
8.250000000000000000e+00 -5.101155607223649196e-04
8.300000000000000711e+00 -5.039883820917682999e-04
8.349999999999999645e+00 -4.979709336121716529e-04
8.400000000000000355e+00 -4.920605982240684826e-04
8.450000000000001066e+00 -4.862548366177238120e-04
8.500000000000000000e+00 -4.805511854343522951e-04
8.550000000000000711e+00 -4.749472554135268404e-04
8.599999999999999645e+00 -4.694407294372990877e-04
8.650000000000000355e+00 -4.640293604362753072e-04
8.700000000000001066e+00 -4.587109691395378579e-04
8.750000000000000000e+00 -4.534834416676599865e-04
8.800000000000000711e+00 -4.483447269849555133e-04
8.849999999999999645e+00 -4.432928342423467227e-04
8.900000000000000355e+00 -4.383258300548378947e-04
8.950000000000001066e+00 -4.334418357667244493e-04
9.000000000000000000e+00 -4.286390247627452671e-04
9.050000000000000711e+00 -4.239156198842154331e-04
9.099999999999999645e+00 -4.192698910056679015e-04
9.150000000000000355e+00 -4.147001528200985865e-04
9.200000000000001066e+00 -4.102047628701137641e-04
9.250000000000000000e+00 -4.057821198488893158e-04
9.300000000000000711e+00 -4.014306621799216103e-04
9.349999999999999645e+00 -3.971488668690591195e-04
9.400000000000000355e+00 -3.929352486074044835e-04
9.450000000000001066e+00 -3.887883590903498947e-04
9.500000000000000000e+00 -3.847067865071502734e-04
9.550000000000000711e+00 -3.806891551477974145e-04
9.600000000000001421e+00 -3.767341250699612117e-04
9.650000000000000355e+00 -3.728403917686398152e-04
9.700000000000001066e+00 -3.690066857948958172e-04
9.750000000000000000e+00 -3.652317722772543398e-04
9.800000000000000711e+00 -3.615144503095105545e-04
9.850000000000001421e+00 -3.578535521810706607e-04
9.900000000000000355e+00 -3.542479424396303761e-04
9.950000000000001066e+00 -3.506965167900334603e-04
1.000000000000000000e+01 -3.471982008465929431e-04
1.005000000000000071e+01 -3.437519487680482252e-04
1.010000000000000142e+01 -3.403567418139448984e-04
1.015000000000000036e+01 -3.370115868678792877e-04
1.020000000000000107e+01 -3.337155149764146466e-04
1.025000000000000000e+01 -3.304675799523196537e-04
1.030000000000000071e+01 -3.272668570872148876e-04
1.035000000000000142e+01 -3.241124420120616531e-04
1.040000000000000036e+01 -3.210034497346618272e-04
1.045000000000000107e+01 -3.179390138721837765e-04
1.050000000000000000e+01 -3.149182860844977486e-04
1.055000000000000071e+01 -3.119404357016079018e-04
1.060000000000000142e+01 -3.090046495266399770e-04
1.065000000000000036e+01 -3.061101317854432978e-04
1.070000000000000107e+01 -3.032561041855964140e-04
1.075000000000000000e+01 -3.004418060420095378e-04
1.080000000000000071e+01 -2.976664944237228079e-04
1.085000000000000142e+01 -2.949294442770296972e-04
1.090000000000000036e+01 -2.922299484836335089e-04
1.095000000000000107e+01 -2.895673178188464501e-04
1.100000000000000000e+01 -2.869408807834163220e-04
1.105000000000000071e+01 -2.843499832927469059e-04
1.110000000000000142e+01 -2.817939882183654460e-04
1.115000000000000036e+01 -2.792722747876951535e-04
1.120000000000000107e+01 -2.767842378587289948e-04
1.125000000000000000e+01 -2.743292870953792850e-04
1.130000000000000071e+01 -2.719068460764773607e-04
1.135000000000000142e+01 -2.695163513761578513e-04
1.140000000000000036e+01 -2.671572516554085517e-04
1.145000000000000107e+01 -2.648290068038068753e-04
1.150000000000000000e+01 -2.625310871669960444e-04
1.155000000000000071e+01 -2.602629728895700491e-04
1.160000000000000142e+01 -2.580241533951998980e-04
1.165000000000000036e+01 -2.558141270165950913e-04
1.170000000000000107e+01 -2.536324007779414331e-04
1.175000000000000000e+01 -2.514784903224866804e-04
1.180000000000000071e+01 -2.493519199686279478e-04
1.185000000000000142e+01 -2.472522228698509892e-04
1.190000000000000036e+01 -2.451789412476875689e-04
1.195000000000000107e+01 -2.431316266629048365e-04
1.200000000000000000e+01 -2.411098402886385414e-04
1.205000000000000071e+01 -2.391131531502011247e-04
1.210000000000000142e+01 -2.371411462997257910e-04
1.215000000000000036e+01 -2.351934108993438972e-04
1.220000000000000107e+01 -2.332695481938545738e-04
1.225000000000000000e+01 -2.313691693622627803e-04
1.230000000000000071e+01 -2.294918952465569968e-04
1.235000000000000142e+01 -2.276373559650304173e-04
1.240000000000000036e+01 -2.258051904257064640e-04
1.245000000000000107e+01 -2.239950457624394100e-04
1.250000000000000000e+01 -2.222065767215894232e-04
1.255000000000000071e+01 -2.204394450304457442e-04
1.260000000000000142e+01 -2.186933187796281301e-04
1.265000000000000036e+01 -2.169678718504835840e-04
1.270000000000000107e+01 -2.152627834151525199e-04
1.275000000000000000e+01 -2.135777375317619322e-04
1.280000000000000071e+01 -2.119124228505038521e-04
1.285000000000000142e+01 -2.102665324386916832e-04
1.290000000000000036e+01 -2.086397637247615930e-04
1.295000000000000107e+01 -2.070318185532102567e-04
1.300000000000000000e+01 -2.054424033351611844e-04
1.305000000000000071e+01 -2.038712292731334648e-04
1.310000000000000142e+01 -2.023180126340472609e-04
1.315000000000000036e+01 -2.007824750418370468e-04
1.320000000000000107e+01 -1.992643437603990476e-04
1.325000000000000000e+01 -1.977633519389905884e-04
1.330000000000000071e+01 -1.962792387954999168e-04
1.335000000000000142e+01 -1.948117497179345189e-04
1.340000000000000036e+01 -1.933606362707044506e-04
1.345000000000000107e+01 -1.919256560993012342e-04
1.350000000000000000e+01 -1.905065727343386694e-04
1.355000000000000071e+01 -1.891031553030844475e-04
1.360000000000000142e+01 -1.877151781630872845e-04
1.365000000000000036e+01 -1.863424204778570538e-04
1.370000000000000107e+01 -1.849846657584315276e-04
1.375000000000000000e+01 -1.836417013968149627e-04
1.380000000000000071e+01 -1.823133182175856921e-04
1.385000000000000142e+01 -1.809993100724456312e-04
1.390000000000000036e+01 -1.796994734992650130e-04
1.395000000000000107e+01 -1.784136074625027046e-04
1.400000000000000000e+01 -1.771415131861179941e-04
1.405000000000000071e+01 -1.758829940836349694e-04
1.410000000000000142e+01 -1.746378557833440934e-04
1.415000000000000036e+01 -1.734059062401965032e-04
1.420000000000000107e+01 -1.721869559201933515e-04
1.425000000000000000e+01 -1.709808180383971322e-04
1.430000000000000071e+01 -1.697873088283957102e-04
1.435000000000000142e+01 -1.686062478193382026e-04
1.440000000000000036e+01 -1.674374580966187063e-04
1.445000000000000107e+01 -1.662807665239230705e-04
1.450000000000000000e+01 -1.651360039074701853e-04
1.455000000000000071e+01 -1.640030050877034468e-04
1.460000000000000142e+01 -1.628816089490407704e-04
1.465000000000000036e+01 -1.617716583442099917e-04
1.470000000000000107e+01 -1.606729999357642583e-04
1.475000000000000000e+01 -1.595854839631521440e-04
1.480000000000000071e+01 -1.585089639488219081e-04
1.485000000000000142e+01 -1.574432963609379097e-04
1.490000000000000036e+01 -1.563883402530805741e-04
1.495000000000000107e+01 -1.553439569026574603e-04
