0.000000000000000000e+00 -1.405542568938330551e-02
5.000000000000000278e-02 -7.202082649810356623e-04
1.000000000000000056e-01 -2.815231012613252960e-03
1.500000000000000222e-01 -6.504246593333315625e-03
2.000000000000000111e-01 -1.149554056670301812e-02
2.500000000000000000e-01 -1.767710954229256837e-02
3.000000000000000444e-01 -2.491228448278057575e-02
3.500000000000000333e-01 -3.304731059633251450e-02
4.000000000000000222e-01 -4.183784623725897434e-02
4.500000000000000111e-01 -5.113330583267177570e-02
5.000000000000000000e-01 -6.069062044242179432e-02
5.500000000000000444e-01 -7.028717416919105787e-02
6.000000000000000888e-01 -7.968126177031306656e-02
6.500000000000000222e-01 -8.870366333554154104e-02
7.000000000000000666e-01 -9.709244454510589095e-02
7.500000000000000000e-01 -1.047355126083794330e-01
8.000000000000000444e-01 -1.114631530174220314e-01
8.500000000000000888e-01 -1.171187416638344719e-01
9.000000000000000222e-01 -1.215933773714703292e-01
9.500000000000000666e-01 -1.248279382863112102e-01
1.000000000000000000e+00 -1.267824725446897727e-01
1.050000000000000044e+00 -1.274135781549317614e-01
1.100000000000000089e+00 -1.267616874726422427e-01
1.150000000000000133e+00 -1.248401713843403094e-01
1.200000000000000178e+00 -1.217221614257294054e-01
1.250000000000000000e+00 -1.174924093660934116e-01
1.300000000000000044e+00 -1.122657230021313901e-01
1.350000000000000089e+00 -1.061552535388020080e-01
1.400000000000000133e+00 -9.927945223053921686e-02
1.450000000000000178e+00 -9.179268502788553996e-02
1.500000000000000000e+00 -8.383179724230022112e-02
1.550000000000000044e+00 -7.554183989354930351e-02
1.600000000000000089e+00 -6.706932772247815866e-02
1.650000000000000133e+00 -5.853707467793672209e-02
1.700000000000000178e+00 -5.007492765806328960e-02
1.750000000000000000e+00 -4.180640907381474175e-02
1.800000000000000044e+00 -3.382568787825813994e-02
1.850000000000000089e+00 -2.622721638413730988e-02
1.900000000000000133e+00 -1.908249458195350814e-02
1.950000000000000178e+00 -1.245299798776857911e-02
2.000000000000000000e+00 -6.388006586662460691e-03
2.050000000000000266e+00 -9.154829572645894423e-04
2.100000000000000089e+00 3.942807994609574818e-03
2.149999999999999911e+00 8.188578162716253842e-03
2.200000000000000178e+00 1.182137182528304048e-02
2.250000000000000000e+00 1.486078435996749346e-02
2.300000000000000266e+00 1.733279955185564394e-02
2.350000000000000089e+00 1.926874917702567011e-02
2.400000000000000355e+00 2.070303374654540451e-02
2.450000000000000178e+00 2.168137688893680137e-02
2.500000000000000000e+00 2.224851202698679281e-02
2.550000000000000266e+00 2.244981908236285545e-02
2.600000000000000089e+00 2.233093390283268434e-02
2.650000000000000355e+00 2.194097933634427469e-02
2.700000000000000178e+00 2.132258664792520061e-02
2.750000000000000000e+00 2.051771870934178052e-02
2.800000000000000266e+00 1.956785758265095973e-02
2.850000000000000089e+00 1.850854091143212116e-02
2.900000000000000355e+00 1.737225775331010039e-02
2.950000000000000178e+00 1.618915366932265065e-02
3.000000000000000000e+00 1.498490603746910864e-02
3.050000000000000266e+00 1.378119697324792226e-02
3.100000000000000089e+00 1.259688717219182783e-02
3.150000000000000355e+00 1.144677481931532723e-02
3.200000000000000178e+00 1.034307842804371887e-02
3.250000000000000000e+00 9.295099751502075222e-03
3.300000000000000266e+00 8.309323527422453337e-03
3.350000000000000089e+00 7.390207143799556663e-03
3.400000000000000355e+00 6.540027388749157337e-03
3.450000000000000178e+00 5.759674113440888844e-03
3.500000000000000000e+00 5.048376414500917349e-03
3.550000000000000266e+00 4.404434574919059014e-03
3.600000000000000089e+00 3.825213127241308686e-03
3.650000000000000355e+00 3.307331674611960204e-03
3.700000000000000178e+00 2.847045967839962992e-03
3.750000000000000000e+00 2.440274764221686023e-03
3.800000000000000266e+00 2.082744137737943969e-03
3.850000000000000089e+00 1.770135154810439579e-03
3.900000000000000355e+00 1.498254403024482139e-03
3.950000000000000178e+00 1.262961090924876731e-03
4.000000000000000000e+00 1.060318983157372552e-03
4.049999999999999822e+00 8.866606031170987416e-04
4.100000000000000533e+00 7.385063766055647606e-04
4.150000000000000355e+00 6.127048918249859786e-04
4.200000000000000178e+00 5.063757849605635521e-04
4.250000000000000000e+00 4.168868329764435104e-04
4.299999999999999822e+00 3.419086573687132088e-04
4.350000000000000533e+00 2.793622390813885973e-04
4.400000000000000355e+00 2.273993104465854673e-04
4.450000000000000178e+00 1.844155707066875039e-04
4.500000000000000000e+00 1.490046669696917683e-04
4.549999999999999822e+00 1.199509618020583817e-04
4.600000000000000533e+00 9.621111920899206075e-05
4.650000000000000355e+00 7.689014985248579807e-05
4.700000000000000178e+00 6.122750923266727981e-05
4.750000000000000000e+00 4.858102566694188042e-05
4.800000000000000711e+00 3.840932259782761275e-05
4.850000000000000533e+00 3.025949449689165557e-05
4.900000000000000355e+00 2.375494883990609656e-05
4.950000000000000178e+00 1.858310520658820048e-05
5.000000000000000000e+00 1.448642065119346356e-05
5.050000000000000711e+00 1.125348511615133485e-05
5.100000000000000533e+00 8.711770139166494871e-06
5.150000000000000355e+00 6.720835159900326828e-06
5.200000000000000178e+00 5.167028858844303072e-06
5.250000000000000000e+00 3.958849289404255445e-06
5.300000000000000711e+00 3.022807313670143504e-06
5.350000000000000533e+00 2.300219059497610907e-06
5.400000000000000355e+00 1.744426910425898090e-06
5.450000000000000178e+00 1.318452822476822715e-06
5.500000000000000000e+00 9.931328083793134983e-07
5.550000000000000711e+00 7.455733405394390382e-07
5.600000000000000533e+00 5.578417355953975290e-07
5.650000000000000355e+00 4.159856757189905657e-07
5.700000000000000178e+00 3.091680540714523544e-07
5.750000000000000000e+00 2.290138973010644794e-07
5.800000000000000711e+00 1.690778331154472059e-07
5.850000000000000533e+00 1.244146169534518930e-07
5.900000000000000355e+00 9.124681271599061349e-08
5.950000000000000178e+00 6.670086273803640204e-08
6.000000000000000000e+00 4.859758201735416511e-08
6.050000000000000711e+00 3.529141111105913862e-08
6.100000000000000533e+00 2.554473509836195545e-08
6.150000000000000355e+00 1.842932495405495448e-08
6.200000000000000178e+00 1.325251704447241555e-08
6.250000000000000000e+00 9.498904496829397411e-09
6.300000000000000711e+00 6.786287661515753114e-09
6.350000000000000533e+00 4.832593889432819538e-09
6.400000000000000355e+00 3.430212421801947941e-09
6.450000000000000178e+00 2.426909455275191409e-09
6.500000000000000000e+00 1.711523288915597727e-09
6.550000000000000711e+00 1.203123184146863183e-09
6.600000000000000533e+00 8.430202445528237890e-10
6.650000000000000355e+00 5.888012118000634927e-10
6.700000000000000178e+00 4.099204432245607650e-10
6.750000000000000000e+00 2.844750079229999249e-10
6.800000000000000711e+00 1.967857917114119100e-10
6.850000000000000533e+00 1.356910504213257091e-10
6.900000000000000355e+00 9.326628231265859777e-11
6.950000000000000178e+00 6.389922104255879451e-11
7.000000000000000000e+00 4.364457399018232375e-11
7.050000000000000711e+00 2.971135069122308481e-11
7.100000000000000533e+00 2.016282278034938984e-11
7.150000000000000355e+00 1.364085678603554444e-11
7.200000000000000178e+00 9.197745801173558112e-12
7.250000000000000000e+00 6.183539284553042766e-12
7.300000000000000711e+00 4.142340414592873309e-12
7.350000000000000533e+00 2.768618005841023640e-12
7.400000000000000355e+00 1.842405281975564145e-12
7.450000000000000178e+00 1.222941555423480291e-12
7.500000000000000000e+00 8.101696524957659414e-13
7.550000000000000711e+00 5.329531942092538586e-13
7.600000000000000533e+00 3.510973476169849188e-13
7.650000000000000355e+00 2.300085689281896462e-13
7.700000000000000178e+00 1.516110907249630864e-13
7.750000000000000000e+00 9.580370477808471971e-14
7.800000000000000711e+00 6.591453809361408295e-14
7.850000000000000533e+00 3.912900937516120105e-14
7.900000000000000355e+00 2.731861257811711950e-14
7.950000000000000178e+00 1.779927865106203972e-14
8.000000000000000000e+00 9.351441468356372103e-15
8.050000000000000711e+00 8.570090151788282555e-15
8.099999999999999645e+00 4.004120858571295508e-15
8.150000000000000355e+00 1.931672511834491727e-15
8.200000000000001066e+00 3.453629760706685775e-15
8.250000000000000000e+00 -1.046474655791352495e-15
8.300000000000000711e+00 3.014995211160067646e-15
8.349999999999999645e+00 -8.967722742303653708e-16
8.400000000000000355e+00 2.249005143723288895e-16
8.450000000000001066e+00 6.383401677446479579e-16
8.500000000000000000e+00 1.690319807576037916e-16
8.550000000000000711e+00 1.508488137739804273e-16
8.599999999999999645e+00 -1.227253754206328116e-15
8.650000000000000355e+00 2.258439176015882672e-15
8.700000000000001066e+00 -2.015391001360337003e-15
8.750000000000000000e+00 1.758522575285109079e-15
8.800000000000000711e+00 -1.610143635565069059e-15
8.849999999999999645e+00 1.080627438368572378e-15
8.900000000000000355e+00 -1.162772983343560337e-15
8.950000000000001066e+00 1.373368749116323238e-15
9.000000000000000000e+00 -8.224335240557815095e-16
9.050000000000000711e+00 3.875580764443096241e-17
9.099999999999999645e+00 6.191991622070830644e-16
9.150000000000000355e+00 -9.261223982911299765e-16
9.200000000000001066e+00 7.900184496175590988e-16
9.250000000000000000e+00 -7.980120510454199187e-16
9.300000000000000711e+00 1.089782937123501139e-15
9.349999999999999645e+00 -4.261286543475078324e-16
9.400000000000000355e+00 -3.538022145381383540e-16
9.450000000000001066e+00 3.429661596841859765e-16
9.500000000000000000e+00 -7.092444316253330712e-16
9.550000000000000711e+00 1.180660413052621385e-15
9.600000000000001421e+00 -1.077968913584497219e-15
9.650000000000000355e+00 8.825532530689287721e-16
9.700000000000001066e+00 -5.965035617128383792e-16
9.750000000000000000e+00 -2.912049371422018094e-16
9.800000000000000711e+00 1.046573691280653252e-15
9.850000000000001421e+00 -7.956286673521950926e-16
9.900000000000000355e+00 5.265105066977514918e-16
9.950000000000001066e+00 -6.008559219137405745e-16
1.000000000000000000e+01 4.433315549403329412e-16
1.005000000000000071e+01 -2.891568432043117060e-16
1.010000000000000142e+01 2.465508933913783792e-16
1.015000000000000036e+01 -7.394913087286927417e-16
1.020000000000000107e+01 1.666867260891802625e-15
1.025000000000000000e+01 -2.082050653180784852e-15
1.030000000000000071e+01 1.030911221300142759e-15
1.035000000000000142e+01 5.878759812959222886e-16
1.040000000000000036e+01 -5.109937826628923379e-16
1.045000000000000107e+01 -8.176523430635494671e-16
1.050000000000000000e+01 1.403866884839817692e-15
1.055000000000000071e+01 -8.339572265214540910e-16
1.060000000000000142e+01 -2.360060676290265148e-16
1.065000000000000036e+01 1.191745791714442900e-15
1.070000000000000107e+01 -1.084421541620146451e-15
1.075000000000000000e+01 1.316175800464751967e-16
1.080000000000000071e+01 5.647992428877708549e-16
1.085000000000000142e+01 -7.375654750996725739e-16
1.090000000000000036e+01 8.074731435233087988e-16
1.095000000000000107e+01 -1.450462688564569779e-15
1.100000000000000000e+01 2.377415315791534296e-15
1.105000000000000071e+01 -2.307170591646388079e-15
1.110000000000000142e+01 1.127298608733390978e-15
1.115000000000000036e+01 -2.393855720726691560e-16
1.120000000000000107e+01 -4.347342647811941310e-16
1.125000000000000000e+01 9.538347452412477594e-16
1.130000000000000071e+01 -1.777877297869837569e-16
1.135000000000000142e+01 -3.191097034175131999e-16
1.140000000000000036e+01 -6.873591706591242909e-16
1.145000000000000107e+01 1.331127692359332708e-15
1.150000000000000000e+01 -9.230807428519148609e-16
1.155000000000000071e+01 6.962751524490396160e-16
1.160000000000000142e+01 -6.158134487113200910e-16
1.165000000000000036e+01 2.127155253800366997e-16
1.170000000000000107e+01 -1.356343346918997046e-16
1.175000000000000000e+01 5.383657142727039614e-16
1.180000000000000071e+01 -5.428076888584685331e-16
1.185000000000000142e+01 7.869128680944588582e-17
1.190000000000000036e+01 1.607366112492969330e-21
1.195000000000000107e+01 1.631281611274354532e-21
1.200000000000000000e+01 1.654047488214404762e-21
1.205000000000000071e+01 1.676253556966181130e-21
1.210000000000000142e+01 1.698191305061287239e-21
1.215000000000000036e+01 1.717915974268968796e-21
1.220000000000000107e+01 1.737410344401927483e-21
1.225000000000000000e+01 1.756403827563970511e-21
1.230000000000000071e+01 1.773817434388845790e-21
1.235000000000000142e+01 1.791035957454043050e-21
1.240000000000000036e+01 1.807526187081868905e-21
1.245000000000000107e+01 1.823569250165970248e-21
1.250000000000000000e+01 1.837852962552662034e-21
1.255000000000000071e+01 1.851464062616566746e-21
1.260000000000000142e+01 1.864937046354424931e-21
1.265000000000000036e+01 1.877757240192924568e-21
1.270000000000000107e+01 1.889938059796361058e-21
1.275000000000000000e+01 1.901492646812428698e-21
1.280000000000000071e+01 1.911675390849002275e-21
1.285000000000000142e+01 1.922021320409691234e-21
1.290000000000000036e+01 1.931529576922656731e-21
1.295000000000000107e+01 1.940465022630494404e-21
1.300000000000000000e+01 1.948839445342263865e-21
1.305000000000000071e+01 1.956664395894449287e-21
1.310000000000000142e+01 1.963709004947716763e-21
1.315000000000000036e+01 1.969989481773725347e-21
