0.000000000000000000e+00 -1.343025934154926717e-06
5.000000000000000278e-02 -1.956987235897626032e-08
1.000000000000000056e-01 -1.550794562767831248e-07
1.500000000000000222e-01 -5.581555809472072165e-07
2.000000000000000111e-01 -1.331670964395258623e-06
2.500000000000000000e-01 -2.591855276692184405e-06
3.000000000000000444e-01 -4.434792437301495311e-06
3.500000000000000333e-01 -6.943894648576885112e-06
4.000000000000000222e-01 -1.018482920730104319e-05
4.500000000000000111e-01 -1.420439793900155446e-05
5.000000000000000000e-01 -1.902892712964406150e-05
5.500000000000000444e-01 -2.466322553573974989e-05
6.000000000000000888e-01 -3.109044130982991559e-05
6.500000000000000222e-01 -3.827147156509920484e-05
7.000000000000000666e-01 -4.614589459078843674e-05
7.500000000000000000e-01 -5.463243662473713343e-05
8.000000000000000444e-01 -6.363084936975916314e-05
8.500000000000000888e-01 -7.302452611091410893e-05
9.000000000000000222e-01 -8.267934650103222506e-05
9.500000000000000666e-01 -9.244990529390518369e-05
1.000000000000000000e+00 -1.021821243883582614e-04
1.050000000000000044e+00 -1.117136554188593011e-04
1.100000000000000089e+00 -1.208807702338243474e-04
1.150000000000000133e+00 -1.295160924756150406e-04
1.200000000000000178e+00 -1.374594223410890081e-04
1.250000000000000000e+00 -1.445539190816605326e-04
1.300000000000000044e+00 -1.506530517813447242e-04
1.350000000000000089e+00 -1.556277010918970813e-04
1.400000000000000133e+00 -1.593530919041194233e-04
1.450000000000000178e+00 -1.617379996622148638e-04
1.500000000000000000e+00 -1.626941932207714525e-04
1.550000000000000044e+00 -1.621679123698437184e-04
1.600000000000000089e+00 -1.601220741990975322e-04
1.650000000000000133e+00 -1.565404801558513740e-04
1.700000000000000178e+00 -1.514435038436330139e-04
1.750000000000000000e+00 -1.448549470469132278e-04
1.800000000000000044e+00 -1.368382513208326278e-04
1.850000000000000089e+00 -1.274746395084922835e-04
1.900000000000000133e+00 -1.168683303270240414e-04
1.950000000000000178e+00 -1.051279357674225458e-04
2.000000000000000000e+00 -9.239724424300066485e-05
2.050000000000000266e+00 -7.882892371958047872e-05
2.100000000000000089e+00 -6.457422653023777348e-05
2.149999999999999911e+00 -4.980934250314945542e-05
2.200000000000000178e+00 -3.470782800614456324e-05
2.250000000000000000e+00 -1.944543112910773660e-05
2.300000000000000266e+00 -4.207733368593702638e-06
2.350000000000000089e+00 1.083866611096321895e-05
2.400000000000000355e+00 2.552901050902093926e-05
2.450000000000000178e+00 3.968728108690490616e-05
2.500000000000000000e+00 5.318948913505499833e-05
2.550000000000000266e+00 6.588203780463209572e-05
2.600000000000000089e+00 7.764614309791155326e-05
2.650000000000000355e+00 8.838276573049060677e-05
2.700000000000000178e+00 9.800178817947773795e-05
2.750000000000000000e+00 1.064369221824564509e-04
2.800000000000000266e+00 1.136319679053384351e-04
2.850000000000000089e+00 1.195601761104264540e-04
2.900000000000000355e+00 1.242067446511775761e-04
2.950000000000000178e+00 1.275711846760028858e-04
3.000000000000000000e+00 1.296751993168029926e-04
3.050000000000000266e+00 1.305552779129052804e-04
3.100000000000000089e+00 1.302610890841030282e-04
3.150000000000000355e+00 1.288579548867665168e-04
3.200000000000000178e+00 1.264142977232561907e-04
3.250000000000000000e+00 1.230095174596781212e-04
3.300000000000000266e+00 1.187407376960252289e-04
3.350000000000000089e+00 1.137006249217440036e-04
3.400000000000000355e+00 1.079896217217128618e-04
3.450000000000000178e+00 1.017114747601795364e-04
3.500000000000000000e+00 9.496327915808761553e-05
3.550000000000000266e+00 8.784905105464161246e-05
3.600000000000000089e+00 8.046528227621104151e-05
3.650000000000000355e+00 7.291275003891416488e-05
3.700000000000000178e+00 6.527738697987100461e-05
3.750000000000000000e+00 5.764235795145637985e-05
3.800000000000000266e+00 5.008925957188273368e-05
3.850000000000000089e+00 4.268937635527991878e-05
3.900000000000000355e+00 3.550503048047526697e-05
3.950000000000000178e+00 2.859190087787843109e-05
4.000000000000000000e+00 2.200163077713171078e-05
4.049999999999999822e+00 1.576767070062179741e-05
4.100000000000000533e+00 9.931868992818294713e-06
4.150000000000000355e+00 4.514634503625492595e-06
4.200000000000000178e+00 -4.691437429275888502e-07
4.250000000000000000e+00 -4.999859488642569128e-06
4.299999999999999822e+00 -9.076170710133448635e-06
4.350000000000000533e+00 -1.270251561193485493e-05
4.400000000000000355e+00 -1.587795698993691500e-05
4.450000000000000178e+00 -1.861543048967578116e-05
4.500000000000000000e+00 -2.093068504010413860e-05
4.549999999999999822e+00 -2.283831365399852629e-05
4.600000000000000533e+00 -2.436375272923098031e-05
4.650000000000000355e+00 -2.552726347720090427e-05
4.700000000000000178e+00 -2.635375506353839970e-05
4.750000000000000000e+00 -2.687155088066500900e-05
4.800000000000000711e+00 -2.710874864228038253e-05
4.850000000000000533e+00 -2.709152406609537548e-05
4.900000000000000355e+00 -2.684970763680268732e-05
4.950000000000000178e+00 -2.641108269067904340e-05
5.000000000000000000e+00 -2.580311037464015622e-05
5.050000000000000711e+00 -2.505124527540737031e-05
5.100000000000000533e+00 -2.418278594312305894e-05
5.150000000000000355e+00 -2.322112591452742125e-05
5.200000000000000178e+00 -2.218769236506690662e-05
5.250000000000000000e+00 -2.110483258613514006e-05
5.300000000000000711e+00 -1.999031912848046397e-05
5.350000000000000533e+00 -1.886152802139058263e-05
5.400000000000000355e+00 -1.773377493612571078e-05
5.450000000000000178e+00 -1.661982374075324928e-05
5.500000000000000000e+00 -1.553040600090535895e-05
5.550000000000000711e+00 -1.447556636121427414e-05
5.600000000000000533e+00 -1.346141757856133594e-05
5.650000000000000355e+00 -1.249423769213007005e-05
5.700000000000000178e+00 -1.157775588845529249e-05
5.750000000000000000e+00 -1.071410021704417942e-05
5.800000000000000711e+00 -9.904850572544065865e-06
5.850000000000000533e+00 -9.149729206288664699e-06
5.900000000000000355e+00 -8.447577547348322175e-06
5.950000000000000178e+00 -7.796832540451991523e-06
6.000000000000000000e+00 -7.194962573985130033e-06
6.050000000000000711e+00 -6.639044038858446041e-06
6.100000000000000533e+00 -6.126140991470989949e-06
6.150000000000000355e+00 -5.652611139360897611e-06
6.200000000000000178e+00 -5.215300694800738405e-06
6.250000000000000000e+00 -4.811224637560629188e-06
6.300000000000000711e+00 -4.437034943007942897e-06
6.350000000000000533e+00 -4.090069103141226933e-06
6.400000000000000355e+00 -3.768139361704096061e-06
6.450000000000000178e+00 -3.468773609796727681e-06
6.500000000000000000e+00 -3.190413693748143963e-06
6.550000000000000711e+00 -2.931765753063617045e-06
6.600000000000000533e+00 -2.691442324834108050e-06
6.650000000000000355e+00 -2.468731826077589711e-06
6.700000000000000178e+00 -2.262972277094083227e-06
6.750000000000000000e+00 -2.073641964929022887e-06
6.800000000000000711e+00 -1.900456563872415281e-06
6.850000000000000533e+00 -1.743018366098205849e-06
6.900000000000000355e+00 -1.600979927598947724e-06
6.950000000000000178e+00 -1.473940486481990432e-06
7.000000000000000000e+00 -1.361475440872081050e-06
7.050000000000000711e+00 -1.262830099616100665e-06
7.100000000000000533e+00 -1.177358836217883465e-06
7.150000000000000355e+00 -1.104077866055677076e-06
7.200000000000000178e+00 -1.041937042804936722e-06
7.250000000000000000e+00 -9.896865793475788530e-07
7.300000000000000711e+00 -9.460794095557118326e-07
7.350000000000000533e+00 -9.096737469630100767e-07
7.400000000000000355e+00 -8.790400989321626702e-07
7.450000000000000178e+00 -8.527999038668314742e-07
7.500000000000000000e+00 -8.295327875780205662e-07
7.550000000000000711e+00 -8.079744518224399817e-07
7.600000000000000533e+00 -7.869463218175925546e-07
7.650000000000000355e+00 -7.654713078214093679e-07
7.700000000000000178e+00 -7.427754328495611663e-07
7.750000000000000000e+00 -7.182312856821490332e-07
7.800000000000000711e+00 -6.914418331522968232e-07
7.850000000000000533e+00 -6.624027919495587303e-07
7.900000000000000355e+00 -6.307243566761079434e-07
7.950000000000000178e+00 -5.983030608210555453e-07
8.000000000000000000e+00 -4.088489131934061422e-07
8.050000000000000711e+00 -3.952297171048904773e-07
8.099999999999999645e+00 -3.820576948123026053e-07
8.150000000000000355e+00 -3.693039876082991085e-07
8.200000000000001066e+00 -3.569432247932678095e-07
8.250000000000000000e+00 -3.450152275258961273e-07
8.300000000000000711e+00 -3.334562674585667837e-07
8.349999999999999645e+00 -3.222595925482945688e-07
8.400000000000000355e+00 -3.114329004261653720e-07
8.450000000000001066e+00 -3.009596423665916125e-07
8.500000000000000000e+00 -2.908272774791701247e-07
8.550000000000000711e+00 -2.810247530455094863e-07
8.599999999999999645e+00 -2.715412875001972727e-07
8.650000000000000355e+00 -2.623675015321518640e-07
8.700000000000001066e+00 -2.534829759583833255e-07
8.750000000000000000e+00 -2.449047157836460639e-07
