0.000000000000000000e+00 -9.602519792790212893e-06
5.000000000000000278e-02 -1.397845027567597201e-07
1.000000000000000056e-01 -1.108449483894177828e-06
1.500000000000000222e-01 -3.995667673714231384e-06
2.000000000000000111e-01 -9.553406219724275522e-06
2.500000000000000000e-01 -1.864467872050802524e-05
3.000000000000000444e-01 -3.200776287553915478e-05
3.500000000000000333e-01 -5.031230332468160404e-05
4.000000000000000222e-01 -7.412417171042884529e-05
4.500000000000000111e-01 -1.038976061027648316e-04
5.000000000000000000e-01 -1.399613360073289454e-04
5.500000000000000444e-01 -1.825096040756748951e-04
6.000000000000000888e-01 -2.315920129112120584e-04
6.500000000000000222e-01 -2.871117089406512429e-04
7.000000000000000666e-01 -3.488137325861333129e-04
7.500000000000000000e-01 -4.162924480579405402e-04
8.000000000000000444e-01 -4.889865068331643696e-04
8.500000000000000888e-01 -5.661959189057824346e-04
9.000000000000000222e-01 -6.470564719629881339e-04
9.500000000000000666e-01 -7.305894305577031187e-04
1.000000000000000000e+00 -8.157049710574805143e-04
1.050000000000000044e+00 -9.011942230193653635e-04
1.100000000000000089e+00 -9.857913301954707597e-04
1.150000000000000133e+00 -1.068124994905152126e-03
1.200000000000000178e+00 -1.146841559481325207e-03
1.250000000000000000e+00 -1.220527389032987145e-03
1.300000000000000044e+00 -1.287797975782483924e-03
1.350000000000000089e+00 -1.347340532624809097e-03
1.400000000000000133e+00 -1.397816051092824492e-03
1.450000000000000178e+00 -1.438130608726652339e-03
1.500000000000000000e+00 -1.467183758012259457e-03
1.550000000000000044e+00 -1.484032079631061657e-03
1.600000000000000089e+00 -1.487972139251717094e-03
1.650000000000000133e+00 -1.478380035341231953e-03
1.700000000000000178e+00 -1.455015742382034143e-03
1.750000000000000000e+00 -1.417573243390759250e-03
1.800000000000000044e+00 -1.366194174589793840e-03
1.850000000000000089e+00 -1.301224455879549952e-03
1.900000000000000133e+00 -1.223107249340653346e-03
1.950000000000000178e+00 -1.132619694466000405e-03
2.000000000000000000e+00 -1.030646173657071007e-03
2.050000000000000266e+00 -9.183833500890817942e-04
2.100000000000000089e+00 -7.971210896297682615e-04
2.149999999999999911e+00 -6.682586777648383096e-04
2.200000000000000178e+00 -5.334650574689616667e-04
2.250000000000000000e+00 -3.943669755535167106e-04
2.300000000000000266e+00 -2.526493242830665179e-04
2.350000000000000089e+00 -1.101469155875548682e-04
2.400000000000000355e+00 3.144666591140939864e-05
2.450000000000000178e+00 1.703023648340643503e-04
2.500000000000000000e+00 3.048454104227970251e-04
2.550000000000000266e+00 4.334789008937487602e-04
2.600000000000000089e+00 5.547036312496396145e-04
2.650000000000000355e+00 6.672678588640914253e-04
2.700000000000000178e+00 7.700869804134623416e-04
2.750000000000000000e+00 8.620748320738143636e-04
2.800000000000000266e+00 9.425940649904900352e-04
2.850000000000000089e+00 1.011025119096244833e-03
2.900000000000000355e+00 1.067069078599627808e-03
2.950000000000000178e+00 1.110560071355922492e-03
3.000000000000000000e+00 1.141480304631766916e-03
3.050000000000000266e+00 1.160130834910939315e-03
3.100000000000000089e+00 1.167005799422647693e-03
3.150000000000000355e+00 1.162544627393278336e-03
3.200000000000000178e+00 1.147594450078131493e-03
3.250000000000000000e+00 1.122883156327853307e-03
3.300000000000000266e+00 1.089443126760266398e-03
3.350000000000000089e+00 1.048220665369531705e-03
3.400000000000000355e+00 1.000252076854653586e-03
3.450000000000000178e+00 9.466737608244295884e-04
3.500000000000000000e+00 8.885589645493476322e-04
3.550000000000000266e+00 8.269533223971704382e-04
3.600000000000000089e+00 7.629364580791295073e-04
3.650000000000000355e+00 6.974699292445140589e-04
3.700000000000000178e+00 6.314653698821761025e-04
3.750000000000000000e+00 5.657673873902791493e-04
3.800000000000000266e+00 5.011103622583224382e-04
3.850000000000000089e+00 4.382051148342800480e-04
3.900000000000000355e+00 3.775804705636861885e-04
3.950000000000000178e+00 3.197050320617666423e-04
4.000000000000000000e+00 2.649995409090624698e-04
4.049999999999999822e+00 2.136694204754693740e-04
4.100000000000000533e+00 1.659989585416737608e-04
4.150000000000000355e+00 1.220806367656542533e-04
4.200000000000000178e+00 8.190820425846929900e-05
4.250000000000000000e+00 4.555812064905349174e-05
4.299999999999999822e+00 1.290704901626670122e-05
4.350000000000000533e+00 -1.618361658400702059e-05
4.400000000000000355e+00 -4.181084083112318058e-05
4.450000000000000178e+00 -6.417259645958310794e-05
4.500000000000000000e+00 -8.345489616116088150e-05
4.549999999999999822e+00 -9.988200569965685518e-05
4.600000000000000533e+00 -1.136834656127716210e-04
4.650000000000000355e+00 -1.250729365365647145e-04
4.700000000000000178e+00 -1.342458810134794956e-04
4.750000000000000000e+00 -1.414414236569225757e-04
4.800000000000000711e+00 -1.468544259187828005e-04
4.850000000000000533e+00 -1.506783919151057658e-04
4.900000000000000355e+00 -1.530942745750985196e-04
4.950000000000000178e+00 -1.542711182334488974e-04
5.000000000000000000e+00 -1.543606365297933985e-04
5.050000000000000711e+00 -1.535027178107325064e-04
5.100000000000000533e+00 -1.518449989731874747e-04
5.150000000000000355e+00 -1.495003689036753501e-04
5.200000000000000178e+00 -1.465663799301605396e-04
5.250000000000000000e+00 -1.431734085181492330e-04
5.300000000000000711e+00 -1.393807726660861528e-04
5.350000000000000533e+00 -1.352849057703065785e-04
5.400000000000000355e+00 -1.309620543334861532e-04
5.450000000000000178e+00 -1.264781176689517758e-04
5.500000000000000000e+00 -1.218905649226035155e-04
5.550000000000000711e+00 -1.172584110319519314e-04
5.600000000000000533e+00 -1.126152152026349329e-04
5.650000000000000355e+00 -1.080107011790995824e-04
5.700000000000000178e+00 -1.034762508713878420e-04
5.750000000000000000e+00 -9.903150216370138978e-05
5.800000000000000711e+00 -9.470622537684115648e-05
5.850000000000000533e+00 -9.051583210175738069e-05
5.900000000000000355e+00 -8.646404287686578556e-05
5.950000000000000178e+00 -8.256611406753349011e-05
6.000000000000000000e+00 -7.881865890295788749e-05
6.050000000000000711e+00 -7.522191444521044823e-05
6.100000000000000533e+00 -7.177570156779610919e-05
6.150000000000000355e+00 -6.846989078001441888e-05
6.200000000000000178e+00 -6.529893333399563104e-05
6.250000000000000000e+00 -6.225974326128906491e-05
6.300000000000000711e+00 -5.933703568722633139e-05
6.350000000000000533e+00 -5.652874356215198648e-05
6.400000000000000355e+00 -5.382906019207028402e-05
6.450000000000000178e+00 -5.122894371847328606e-05
6.500000000000000000e+00 -4.872526199222756662e-05
6.550000000000000711e+00 -4.631733075712437750e-05
6.600000000000000533e+00 -4.399949335207465739e-05
6.650000000000000355e+00 -4.177419239788323941e-05
6.700000000000000178e+00 -3.963934453688448692e-05
6.750000000000000000e+00 -3.759653382482982360e-05
6.800000000000000711e+00 -3.564777646202219377e-05
6.850000000000000533e+00 -3.379296499936764326e-05
6.900000000000000355e+00 -3.203249754810459199e-05
6.950000000000000178e+00 -3.036777949111834940e-05
7.000000000000000000e+00 -2.879819105644767512e-05
7.050000000000000711e+00 -2.732026422067126449e-05
7.100000000000000533e+00 -2.593446110146044274e-05
7.150000000000000355e+00 -2.463513466670471533e-05
7.200000000000000178e+00 -2.341814804633084206e-05
7.250000000000000000e+00 -2.227799265251791323e-05
7.300000000000000711e+00 -2.120894959879334043e-05
7.350000000000000533e+00 -2.020403262153210153e-05
7.400000000000000355e+00 -1.925640910229639140e-05
7.450000000000000178e+00 -1.835967977604019094e-05
7.500000000000000000e+00 -1.750654606846650831e-05
7.550000000000000711e+00 -1.669202147176994795e-05
7.600000000000000533e+00 -1.591000862940194338e-05
7.650000000000000355e+00 -1.515694981217152031e-05
7.700000000000000178e+00 -1.442945401125684306e-05
7.750000000000000000e+00 -1.372500509755806517e-05
7.800000000000000711e+00 -1.304235931298814742e-05
7.850000000000000533e+00 -1.238200132197763380e-05
7.900000000000000355e+00 -1.174387298977315185e-05
7.950000000000000178e+00 -1.112922736117332130e-05
8.000000000000000000e+00 -1.054068549536412691e-05
8.050000000000000711e+00 -9.978687931318731946e-06
8.099999999999999645e+00 -9.446523312599008112e-06
8.150000000000000355e+00 -8.945518529061724064e-06
8.200000000000001066e+00 -8.476582316511519904e-06
8.250000000000000000e+00 -8.041332747745055985e-06
8.300000000000000711e+00 -7.639195070356177107e-06
8.349999999999999645e+00 -7.269334732297476493e-06
8.400000000000000355e+00 -6.931280214035923131e-06
8.450000000000001066e+00 -6.622319700577421507e-06
8.500000000000000000e+00 -6.340017265160337958e-06
8.550000000000000711e+00 -6.080840301401053002e-06
8.599999999999999645e+00 -5.841556876715860534e-06
8.650000000000000355e+00 -5.618347115610875057e-06
8.700000000000001066e+00 -5.407392648266896382e-06
8.750000000000000000e+00 -5.205484934315435229e-06
8.800000000000000711e+00 -5.009574458539034572e-06
8.849999999999999645e+00 -4.816400190314949942e-06
8.900000000000000355e+00 -4.624527411827288560e-06
8.950000000000001066e+00 -4.432447881833015033e-06
9.000000000000000000e+00 -4.239401547790405636e-06
9.050000000000000711e+00 -4.045864327591843485e-06
9.099999999999999645e+00 -3.852395408421452279e-06
9.150000000000000355e+00 -3.659998259450931795e-06
9.200000000000001066e+00 -3.470671474698605817e-06
9.250000000000000000e+00 -3.286394565232714757e-06
9.300000000000000711e+00 -3.108953559160520363e-06
9.349999999999999645e+00 -2.940866979493322837e-06
9.400000000000000355e+00 -2.783642106860704456e-06
9.450000000000001066e+00 -2.638860087725008962e-06
9.500000000000000000e+00 -2.507724042476244602e-06
9.550000000000000711e+00 -2.390860506732883762e-06
9.600000000000001421e+00 -2.288049031694859279e-06
9.650000000000000355e+00 -2.199064973055683244e-06
9.700000000000001066e+00 -2.122618735822920144e-06
9.750000000000000000e+00 -2.057135419113423656e-06
9.800000000000000711e+00 -2.000802445195428128e-06
9.850000000000001421e+00 -1.951392238095287896e-06
9.900000000000000355e+00 -1.906544585347443313e-06
9.950000000000001066e+00 -1.863956825928568385e-06
1.000000000000000000e+01 -1.821487495241479676e-06
1.005000000000000071e+01 -1.777046899831710831e-06
1.010000000000000142e+01 -1.729222838979921981e-06
1.015000000000000036e+01 -1.676864857285252835e-06
1.020000000000000107e+01 -1.619365938397282603e-06
1.025000000000000000e+01 -1.556541096450161846e-06
1.030000000000000071e+01 -1.488830540643668673e-06
1.035000000000000142e+01 -1.417051223378315979e-06
1.040000000000000036e+01 -1.342447587224168741e-06
1.045000000000000107e+01 -1.266616289655515390e-06
1.050000000000000000e+01 -1.191152294578854354e-06
1.055000000000000071e+01 -1.117915744095335743e-06
1.060000000000000142e+01 -1.048617207509491862e-06
1.065000000000000036e+01 -9.848291694573638189e-07
1.070000000000000107e+01 -9.278293996538577210e-07
1.075000000000000000e+01 -8.786451685983786878e-07
1.080000000000000071e+01 -8.377148085796452649e-07
1.085000000000000142e+01 -8.052086798172500720e-07
1.090000000000000036e+01 -7.808227771031015270e-07
1.095000000000000107e+01 -7.637548616315526865e-07
1.100000000000000000e+01 -7.529998286723573275e-07
1.105000000000000071e+01 -7.471059222786057608e-07
1.110000000000000142e+01 -7.444699571209137396e-07
1.115000000000000036e+01 -7.434436586907269135e-07
1.120000000000000107e+01 -7.423243716330944141e-07
1.125000000000000000e+01 -7.395386513360287635e-07
1.130000000000000071e+01 -7.337334338421435609e-07
1.135000000000000142e+01 -7.237715087660899952e-07
1.140000000000000036e+01 -7.089009735323800440e-07
1.145000000000000107e+01 -6.887827974102071896e-07
1.150000000000000000e+01 -6.634140216704615284e-07
1.155000000000000071e+01 -6.331942792387832778e-07
1.160000000000000142e+01 -5.988715321302522404e-07
1.165000000000000036e+01 -5.614979396221673853e-07
1.170000000000000107e+01 -5.222954638601605994e-07
1.175000000000000000e+01 -4.826914306099415322e-07
1.180000000000000071e+01 -4.441115569747984481e-07
1.185000000000000142e+01 -4.079385746547500104e-07
1.190000000000000036e+01 -3.754138337569626720e-07
1.195000000000000107e+01 -3.475582541425941744e-07
1.200000000000000000e+01 -3.251242271857261314e-07
1.205000000000000071e+01 -3.085545483805622953e-07
1.210000000000000142e+01 -2.979283768216141305e-07
1.215000000000000036e+01 -2.929807488628050520e-07
1.220000000000000107e+01 -2.931286841893910306e-07
1.225000000000000000e+01 -2.975217084574460014e-07
1.230000000000000071e+01 -3.050652983464749175e-07
1.235000000000000142e+01 -3.145090043060850587e-07
1.240000000000000036e+01 -3.245711501009050133e-07
1.245000000000000107e+01 -3.339272840846539228e-07
1.250000000000000000e+01 -3.413551996943988631e-07
1.255000000000000071e+01 -3.458416004092980849e-07
1.260000000000000142e+01 -3.465446433847822253e-07
1.265000000000000036e+01 -3.429185294427276710e-07
1.270000000000000107e+01 -3.347244374131945537e-07
1.275000000000000000e+01 -3.220319978116910505e-07
1.280000000000000071e+01 -3.051905703376154725e-07
1.285000000000000142e+01 -2.848611873219055433e-07
1.290000000000000036e+01 -2.618978143866578818e-07
1.295000000000000107e+01 -2.373400239175406684e-07
1.300000000000000000e+01 -2.123192233292257438e-07
1.305000000000000071e+01 -1.879835441571434958e-07
1.310000000000000142e+01 -1.654490227745288743e-07
1.315000000000000036e+01 -1.457070728258603451e-07
