0.000000000000000000e+00 0.000000000000000000e+00
5.000000000000000278e-02 -6.512741897763925433e-09
1.000000000000000056e-01 -5.202894324761242737e-08
1.500000000000000222e-01 -1.751879522810723240e-07
2.000000000000000111e-01 -4.139048425682697014e-07
2.500000000000000000e-01 -8.050180928444055623e-07
3.000000000000000444e-01 -1.383948901838641854e-06
3.500000000000000333e-01 -2.184375776275490273e-06
4.000000000000000222e-01 -3.237927829274678805e-06
4.500000000000000111e-01 -4.573899981225714996e-06
5.000000000000000000e-01 -6.218992969712908133e-06
5.500000000000000444e-01 -8.197080753680538248e-06
6.000000000000000888e-01 -1.052900754474923426e-05
6.500000000000000222e-01 -1.323241632085435348e-05
7.000000000000000666e-01 -1.632161027994412183e-05
7.500000000000000000e-01 -1.980744828035536006e-05
8.000000000000000444e-01 -2.369727489581200579e-05
8.500000000000000888e-01 -2.799488529292300148e-05
9.000000000000000222e-01 -3.270052472366566344e-05
9.500000000000000666e-01 -3.781092202051519318e-05
1.000000000000000000e+00 -4.331935609322471413e-05
1.050000000000000044e+00 -4.921575405900647485e-05
1.100000000000000089e+00 -5.548681929678926964e-05
1.150000000000000133e+00 -6.211618740558628819e-05
1.200000000000000178e+00 -6.908460777046681179e-05
1.250000000000000000e+00 -7.637014820022923120e-05
1.300000000000000044e+00 -8.394841990098833215e-05
1.350000000000000089e+00 -9.179281989120887156e-05
1.400000000000000133e+00 -9.987478784723486541e-05
1.450000000000000178e+00 -1.081640742943761963e-04
1.500000000000000000e+00 -1.166290170267669432e-04
1.550000000000000044e+00 -1.252368226484841963e-04
1.600000000000000089e+00 -1.339538501772099058e-04
1.650000000000000133e+00 -1.427458937378639655e-04
1.700000000000000178e+00 -1.515784614944824988e-04
1.750000000000000000e+00 -1.604170481210712206e-04
1.800000000000000044e+00 -1.692273982927836127e-04
1.850000000000000089e+00 -1.779757588838234874e-04
1.900000000000000133e+00 -1.866291177840056440e-04
1.950000000000000178e+00 -1.951554274878429193e-04
2.000000000000000000e+00 -2.035238118642179121e-04
2.050000000000000266e+00 -2.117047547770153882e-04
2.100000000000000089e+00 -2.196702694934732076e-04
2.149999999999999911e+00 -2.273940480835525324e-04
2.200000000000000178e+00 -2.348515902766154062e-04
2.250000000000000000e+00 -2.420203114976744870e-04
2.300000000000000266e+00 -2.488796300512775080e-04
2.350000000000000089e+00 -2.554110336538724249e-04
2.400000000000000355e+00 -2.615981257328118962e-04
2.450000000000000178e+00 -2.674266521098666726e-04
2.500000000000000000e+00 -2.728845088675754490e-04
2.550000000000000266e+00 -2.779617323565939518e-04
2.600000000000000089e+00 -2.826504724405652516e-04
2.650000000000000355e+00 -2.869449501913261973e-04
2.700000000000000178e+00 -2.908414013413626663e-04
2.750000000000000000e+00 -2.943380068724931343e-04
2.800000000000000266e+00 -2.974348121702749472e-04
2.850000000000000089e+00 -3.001336362034027387e-04
2.900000000000000355e+00 -3.024379721974211101e-04
2.950000000000000178e+00 -3.043528812636626599e-04
3.000000000000000000e+00 -3.058848804188992170e-04
3.050000000000000266e+00 -3.070418263903388397e-04
3.100000000000000089e+00 -3.078327965460126510e-04
3.150000000000000355e+00 -3.082679682240400411e-04
3.200000000000000178e+00 -3.083584976575593178e-04
3.250000000000000000e+00 -3.081163996070651460e-04
3.300000000000000266e+00 -3.075544287203076576e-04
3.350000000000000089e+00 -3.066859635435194493e-04
3.400000000000000355e+00 -3.055248940082182013e-04
3.450000000000000178e+00 -3.040855131167528630e-04
3.500000000000000000e+00 -3.023824134485895662e-04
3.550000000000000266e+00 -3.004303890094053311e-04
3.600000000000000089e+00 -2.982443428475710519e-04
3.650000000000000355e+00 -2.958392007686240000e-04
3.700000000000000178e+00 -2.932298313887673948e-04
3.750000000000000000e+00 -2.904309726840508129e-04
3.800000000000000266e+00 -2.874571651132979484e-04
3.850000000000000089e+00 -2.843226913205561322e-04
3.900000000000000355e+00 -2.810415223571433745e-04
3.950000000000000178e+00 -2.776272703045272591e-04
4.000000000000000000e+00 -2.740931471273455101e-04
4.049999999999999822e+00 -2.704519295408658861e-04
4.100000000000000533e+00 -2.667159296389874775e-04
4.150000000000000355e+00 -2.628969709972823468e-04
4.200000000000000178e+00 -2.590063699403228345e-04
4.250000000000000000e+00 -2.550549216432968381e-04
4.299999999999999822e+00 -2.510528907242766524e-04
4.350000000000000533e+00 -2.470100059751027723e-04
4.400000000000000355e+00 -2.429354588751800185e-04
4.450000000000000178e+00 -2.388379055331157127e-04
4.500000000000000000e+00 -2.347254717055891125e-04
4.549999999999999822e+00 -2.306057605506277850e-04
4.600000000000000533e+00 -2.264858627831472918e-04
4.650000000000000355e+00 -2.223723689136989376e-04
4.700000000000000178e+00 -2.182713832664450815e-04
4.750000000000000000e+00 -2.141885394890391385e-04
4.800000000000000711e+00 -2.101290172849171027e-04
4.850000000000000533e+00 -2.060975601171805851e-04
4.900000000000000355e+00 -2.020984936524163099e-04
4.950000000000000178e+00 -1.981357447321917405e-04
5.000000000000000000e+00 -1.942128606792958487e-04
5.050000000000000711e+00 -1.903330287648613377e-04
5.100000000000000533e+00 -1.864990956810992650e-04
5.150000000000000355e+00 -1.827135868823335943e-04
5.200000000000000178e+00 -1.789787256742191946e-04
5.250000000000000000e+00 -1.752964519473396024e-04
5.300000000000000711e+00 -1.716684404667383700e-04
5.350000000000000533e+00 -1.680961186432820592e-04
5.400000000000000355e+00 -1.645806837260401130e-04
5.450000000000000178e+00 -1.611231193670845444e-04
5.500000000000000000e+00 -1.577242115212583635e-04
5.550000000000000711e+00 -1.543845636535457443e-04
5.600000000000000533e+00 -1.511046112357257388e-04
5.650000000000000355e+00 -1.478846355220446668e-04
5.700000000000000178e+00 -1.447247766007299776e-04
5.750000000000000000e+00 -1.416250457243606721e-04
5.800000000000000711e+00 -1.385853369274383032e-04
5.850000000000000533e+00 -1.356054379440465197e-04
5.900000000000000355e+00 -1.326850404422872222e-04
5.950000000000000178e+00 -1.298237495953162590e-04
6.000000000000000000e+00 -1.270210930113158283e-04
6.050000000000000711e+00 -1.242765290467048693e-04
6.100000000000000533e+00 -1.215894545283557535e-04
6.150000000000000355e+00 -1.189592119116089311e-04
6.200000000000000178e+00 -1.163850959015192609e-04
6.250000000000000000e+00 -1.138663595650636471e-04
6.300000000000000711e+00 -1.114022199620468017e-04
6.350000000000000533e+00 -1.089918633222059879e-04
6.400000000000000355e+00 -1.066344497955585695e-04
6.450000000000000178e+00 -1.043291178024161612e-04
6.500000000000000000e+00 -1.020749880087257487e-04
6.550000000000000711e+00 -9.987116695151952370e-05
6.600000000000000533e+00 -9.771675033829437039e-05
6.650000000000000355e+00 -9.561082604312086907e-05
6.700000000000000178e+00 -9.355247682121165290e-05
6.750000000000000000e+00 -9.154078276258960378e-05
6.800000000000000711e+00 -8.957482350439325083e-05
6.850000000000000533e+00 -8.765368022025911638e-05
6.900000000000000355e+00 -8.577643740413114421e-05
6.950000000000000178e+00 -8.394218446478519306e-05
7.000000000000000000e+00 -8.215001714631849506e-05
7.050000000000000711e+00 -8.039903878885036029e-05
7.100000000000000533e+00 -7.868836144271947996e-05
7.150000000000000355e+00 -7.701710684853626946e-05
7.200000000000000178e+00 -7.538440729457212826e-05
7.250000000000000000e+00 -7.378940636213218403e-05
7.300000000000000711e+00 -7.223125956876796222e-05
7.350000000000000533e+00 -7.070913491844333721e-05
7.400000000000000355e+00 -6.922221336706720117e-05
7.450000000000000178e+00 -6.776968921115157749e-05
7.500000000000000000e+00 -6.635077040673986769e-05
7.550000000000000711e+00 -6.496467882517969854e-05
7.600000000000000533e+00 -6.361065045178138089e-05
7.650000000000000355e+00 -6.228793553290824390e-05
7.700000000000000178e+00 -6.099579867658831982e-05
7.750000000000000000e+00 -5.973351891130839836e-05
7.800000000000000711e+00 -5.850038970726204474e-05
7.850000000000000533e+00 -5.729571896395743990e-05
7.900000000000000355e+00 -5.611882896775759069e-05
7.950000000000000178e+00 -5.496905632261583701e-05
8.000000000000000000e+00 -5.384575185698599570e-05
8.050000000000000711e+00 -5.274828050962453835e-05
8.099999999999999645e+00 -5.167602119676286223e-05
8.150000000000000355e+00 -5.062836666290539101e-05
8.200000000000001066e+00 -4.960472331730873949e-05
8.250000000000000000e+00 -4.860451105801005632e-05
8.300000000000000711e+00 -4.762716308510208031e-05
8.349999999999999645e+00 -4.667212570479778390e-05
8.400000000000000355e+00 -4.573885812568344181e-05
8.450000000000001066e+00 -4.482683224842798380e-05
8.500000000000000000e+00 -4.393553245009729647e-05
8.550000000000000711e+00 -4.306445536411235660e-05
8.599999999999999645e+00 -4.221310965679003378e-05
8.650000000000000355e+00 -4.138101580131263300e-05
8.700000000000001066e+00 -4.056770584989073637e-05
8.750000000000000000e+00 -3.977272320480495263e-05
8.800000000000000711e+00 -3.899562238894375662e-05
8.849999999999999645e+00 -3.823596881639064639e-05
8.900000000000000355e+00 -3.749333856355495316e-05
8.950000000000001066e+00 -3.676731814128789290e-05
9.000000000000000000e+00 -3.605750426837720131e-05
9.050000000000000711e+00 -3.536350364676846237e-05
9.099999999999999645e+00 -3.468493273882251442e-05
9.150000000000000355e+00 -3.402141754687977414e-05
9.200000000000001066e+00 -3.337259339537045018e-05
9.250000000000000000e+00 -3.273810471567800017e-05
9.300000000000000711e+00 -3.211760483393606610e-05
9.349999999999999645e+00 -3.151075576191418641e-05
9.400000000000000355e+00 -3.091722799112373097e-05
9.450000000000001066e+00 -3.033670029025593821e-05
9.500000000000000000e+00 -2.976885950604418461e-05
9.550000000000000711e+00 -2.921340036762610289e-05
9.600000000000001421e+00 -2.867002529446524429e-05
9.650000000000000355e+00 -2.813844420787860756e-05
9.700000000000001066e+00 -2.761837434620317741e-05
9.750000000000000000e+00 -2.710954008362389148e-05
9.800000000000000711e+00 -2.661167275267392222e-05
9.850000000000001421e+00 -2.612451047041113920e-05
9.900000000000000355e+00 -2.564779796826422318e-05
9.950000000000001066e+00 -2.518128642553537394e-05
1.000000000000000000e+01 -2.472473330654062143e-05
1.005000000000000071e+01 -2.427790220136179735e-05
1.010000000000000142e+01 -2.384056267017948752e-05
1.015000000000000036e+01 -2.341249009115203695e-05
1.020000000000000107e+01 -2.299346551180057668e-05
1.025000000000000000e+01 -2.258327550385845267e-05
1.030000000000000071e+01 -2.218171202153757543e-05
1.035000000000000142e+01 -2.178857226316454116e-05
1.040000000000000036e+01 -2.140365853613430310e-05
1.045000000000000107e+01 -2.102677812512972750e-05
1.050000000000000000e+01 -2.065774316355180765e-05
1.055000000000000071e+01 -2.029637050810496383e-05
1.060000000000000142e+01 -1.994248161648049159e-05
1.065000000000000036e+01 -1.959590242808062461e-05
1.070000000000000107e+01 -1.925646324772447868e-05
1.075000000000000000e+01 -1.892399863227730981e-05
1.080000000000000071e+01 -1.859834728014395989e-05
1.085000000000000142e+01 -1.827935192356718093e-05
1.090000000000000036e+01 -1.796685922367170801e-05
1.095000000000000107e+01 -1.766071966819497845e-05
1.100000000000000000e+01 -1.736078747184595706e-05
1.105000000000000071e+01 -1.706692047923319525e-05
1.110000000000000142e+01 -1.677898007030461731e-05
1.115000000000000036e+01 -1.649683106824131356e-05
1.120000000000000107e+01 -1.622034164974867055e-05
1.125000000000000000e+01 -1.594938325768843944e-05
1.130000000000000071e+01 -1.568383051599656341e-05
1.135000000000000142e+01 -1.542356114683189001e-05
1.140000000000000036e+01 -1.516845588990189028e-05
1.145000000000000107e+01 -1.491839842391229945e-05
1.150000000000000000e+01 -1.467327529008878654e-05
1.155000000000000071e+01 -1.443297581771869091e-05
1.160000000000000142e+01 -1.419739205166325377e-05
1.165000000000000036e+01 -1.396641868179032083e-05
1.170000000000000107e+01 -1.373995297427901820e-05
1.175000000000000000e+01 -1.351789470474919985e-05
1.180000000000000071e+01 -1.330014609316875115e-05
1.185000000000000142e+01 -1.308661174049298505e-05
1.190000000000000036e+01 -1.287719856699185464e-05
1.195000000000000107e+01 -1.267181575222069435e-05
1.200000000000000000e+01 -1.247037467659221251e-05
1.205000000000000071e+01 -1.227278886450756320e-05
1.210000000000000142e+01 -1.207897392900557398e-05
1.215000000000000036e+01 -1.188884751789060336e-05
1.220000000000000107e+01 -1.170232926129929053e-05
1.225000000000000000e+01 -1.151934072066878703e-05
1.230000000000000071e+01 -1.133980533906873866e-05
1.235000000000000142e+01 -1.116364839286106101e-05
1.240000000000000036e+01 -1.099079694465164342e-05
1.245000000000000107e+01 -1.082117979749995455e-05
1.250000000000000000e+01 -1.065472745035236663e-05
1.255000000000000071e+01 -1.049137205466655870e-05
1.260000000000000142e+01 -1.033104737219482368e-05
1.265000000000000036e+01 -1.017368873389527253e-05
1.270000000000000107e+01 -1.001923299993996653e-05
1.275000000000000000e+01 -9.867618520791110592e-06
1.280000000000000071e+01 -9.718785099315464999e-06
1.285000000000000142e+01 -9.572673953909718164e-06
1.290000000000000036e+01 -9.429227682608675028e-06
1.295000000000000107e+01 -9.288390228150057392e-06
1.300000000000000000e+01 -9.150106843969522605e-06
1.305000000000000071e+01 -9.014324061101038500e-06
1.310000000000000142e+01 -8.880989655957369607e-06
1.315000000000000036e+01 -8.750052618967347359e-06
1.320000000000000107e+01 -8.621463124046019319e-06
1.325000000000000000e+01 -8.495172498875310689e-06
1.330000000000000071e+01 -8.371133195972799149e-06
1.335000000000000142e+01 -8.249298764527520381e-06
1.340000000000000036e+01 -8.129623822981147348e-06
1.345000000000000107e+01 -8.012064032335188606e-06
1.350000000000000000e+01 -7.896576070163231439e-06
1.355000000000000071e+01 -7.783117605309972854e-06
1.360000000000000142e+01 -7.671647273257619371e-06
1.365000000000000036e+01 -7.562124652141783199e-06
1.370000000000000107e+01 -7.454510239398892305e-06
1.375000000000000000e+01 -7.348765429028074598e-06
1.380000000000000071e+01 -7.244852489450550168e-06
1.385000000000000142e+01 -7.142734541950404071e-06
1.390000000000000036e+01 -7.042375539680718880e-06
1.395000000000000107e+01 -6.943740247219679790e-06
1.400000000000000000e+01 -6.846794220661653040e-06
1.405000000000000071e+01 -6.751503788228720332e-06
1.410000000000000142e+01 -6.657836031388428943e-06
1.415000000000000036e+01 -6.565758766463880580e-06
1.420000000000000107e+01 -6.475240526722866501e-06
1.425000000000000000e+01 -6.386250544933024065e-06
1.430000000000000071e+01 -6.298758736370230449e-06
1.435000000000000142e+01 -6.212735682267946469e-06
1.440000000000000036e+01 -6.128152613695708806e-06
1.445000000000000107e+01 -6.044981395854741047e-06
1.450000000000000000e+01 -5.963194512779785657e-06
1.455000000000000071e+01 -5.882765052435816761e-06
1.460000000000000142e+01 -5.803666692199158515e-06
1.465000000000000036e+01 -5.725873684712405037e-06
1.470000000000000107e+01 -5.649360844103263814e-06
1.475000000000000000e+01 -5.574103532557154793e-06
1.480000000000000071e+01 -5.500077647234476496e-06
1.485000000000000142e+01 -5.427259607522745766e-06
1.490000000000000036e+01 -5.355626342614893476e-06
1.495000000000000107e+01 -5.285155279404808804e-06
1.500000000000000000e+01 -5.215824330691769325e-06
1.505000000000000071e+01 -5.147611883685012137e-06
1.510000000000000142e+01 -5.080496788801027723e-06
1.515000000000000036e+01 -5.014458348745197683e-06
1.520000000000000107e+01 -4.949476307870171695e-06
1.525000000000000000e+01 -4.885530841804141343e-06
1.530000000000000071e+01 -4.822602547340986056e-06
1.535000000000000142e+01 -4.760672432585871468e-06
1.540000000000000036e+01 -4.699721907349262212e-06
1.545000000000000107e+01 -4.639732773782733832e-06
1.550000000000000000e+01 -4.580687217250231890e-06
1.555000000000000071e+01 -4.522567797428270532e-06
1.560000000000000142e+01 -4.465357439629313224e-06
1.565000000000000036e+01 -4.409039426342286148e-06
1.570000000000000107e+01 -4.353597388984227266e-06
1.575000000000000000e+01 -4.299015299857882127e-06
1.580000000000000071e+01 -4.245277464309416292e-06
1.585000000000000142e+01 -4.192368513081424753e-06
1.590000000000000036e+01 -4.140273394855357407e-06
1.595000000000000107e+01 -4.088977368979210962e-06
1.600000000000000000e+01 -4.038465998374959535e-06
1.605000000000000071e+01 -3.988725142621345641e-06
1.610000000000000142e+01 -3.939740951207262770e-06
1.615000000000000213e+01 -3.891499856951314812e-06
1.619999999999999929e+01 -3.843988569583155393e-06
1.625000000000000000e+01 -3.797194069482516785e-06
1.630000000000000071e+01 -3.751103601571580591e-06
1.635000000000000142e+01 -3.705704669356839991e-06
1.640000000000000213e+01 -3.660985029116582209e-06
1.644999999999999929e+01 -3.616932684230004198e-06
1.650000000000000000e+01 -3.573535879644566651e-06
1.655000000000000071e+01 -3.530783096477737828e-06
1.660000000000000142e+01 -3.488663046749753057e-06
1.665000000000000213e+01 -3.447164668244122470e-06
1.669999999999999929e+01 -3.406277119492167234e-06
1.675000000000000000e+01 -3.365989774879062235e-06
1.680000000000000071e+01 -3.326292219867445665e-06
1.685000000000000142e+01 -3.287174246336374164e-06
1.690000000000000213e+01 -3.248625848031872864e-06
1.694999999999999929e+01 -3.210637216126896674e-06
1.700000000000000000e+01 -3.173198734887469267e-06
1.705000000000000071e+01 -3.136300977442467979e-06
1.710000000000000142e+01 -3.099934701654275087e-06
1.715000000000000213e+01 -3.064090846087857283e-06
1.719999999999999929e+01 -3.028760526075740283e-06
1.725000000000000000e+01 -2.993935029876201957e-06
1.730000000000000071e+01 -2.959605814922810764e-06
1.735000000000000142e+01 -2.925764504162354188e-06
1.740000000000000213e+01 -2.892402882479617701e-06
1.744999999999999929e+01 -2.859512893205984833e-06
1.750000000000000000e+01 -2.827086634710690723e-06
1.755000000000000071e+01 -2.795116357071811107e-06
1.760000000000000142e+01 -2.763594458825430759e-06
1.765000000000000213e+01 -2.732513483790942409e-06
1.769999999999999929e+01 -2.701866117970468659e-06
1.775000000000000000e+01 -2.671645186520661179e-06
1.780000000000000071e+01 -2.641843650794985317e-06
1.785000000000000142e+01 -2.612454605454786759e-06
1.790000000000000213e+01 -2.583471275647307665e-06
1.794999999999999929e+01 -2.554887014249195820e-06
1.800000000000000000e+01 -2.526695299173611559e-06
1.805000000000000071e+01 -2.498889730739542062e-06
1.810000000000000142e+01 -2.471464029101818688e-06
1.815000000000000213e+01 -2.444412031739981924e-06
1.819999999999999929e+01 -2.417727691005023673e-06
1.825000000000000000e+01 -2.391405071722325092e-06
1.830000000000000071e+01 -2.365438348849237801e-06
1.835000000000000142e+01 -2.339821805186327588e-06
1.840000000000000213e+01 -2.314549829140754692e-06
1.844999999999999929e+01 -2.289616912540373145e-06
1.850000000000000000e+01 -2.265017648497726705e-06
1.855000000000000071e+01 -2.240746729322237581e-06
1.860000000000000142e+01 -2.216798944479672725e-06
1.865000000000000213e+01 -2.193169178597889032e-06
1.869999999999999929e+01 -2.169852409517178222e-06
1.875000000000000000e+01 -2.146843706384865800e-06
1.880000000000000071e+01 -2.124138227792326889e-06
1.885000000000000142e+01 -2.101731219954182604e-06
1.890000000000000213e+01 -2.079618014927778353e-06
1.894999999999999929e+01 -2.057794028872876722e-06
1.900000000000000000e+01 -2.036254760349792097e-06
1.905000000000000071e+01 -2.014995788655660833e-06
1.910000000000000142e+01 -1.994012772197500181e-06
1.915000000000000213e+01 -1.973301446901406294e-06
1.920000000000000284e+01 -1.952857624656971448e-06
1.925000000000000000e+01 -1.932677191796084438e-06
1.930000000000000071e+01 -1.912756107605070624e-06
1.935000000000000142e+01 -1.893090402869962601e-06
1.940000000000000213e+01 -1.873676178453330696e-06
1.945000000000000284e+01 -1.854509603902609946e-06
1.950000000000000000e+01 -1.835586916088657057e-06
1.955000000000000071e+01 -1.816904417874277715e-06
1.960000000000000142e+01 -1.798458476811551534e-06
1.965000000000000213e+01 -1.780245523867739920e-06
1.970000000000000284e+01 -1.762262052178685873e-06
1.975000000000000000e+01 -1.744504615829307191e-06
1.980000000000000071e+01 -1.726969828660550144e-06
1.985000000000000142e+01 -1.709654363101980501e-06
1.990000000000000213e+01 -1.692554949029687292e-06
1.995000000000000284e+01 -1.675668372648665183e-06
2.000000000000000000e+01 -1.658991475399219557e-06
2.005000000000000071e+01 -1.642521152886844783e-06
2.010000000000000142e+01 -1.626254353835071474e-06
2.015000000000000213e+01 -1.610188079060486743e-06
2.020000000000000284e+01 -1.594319380469719500e-06
2.025000000000000000e+01 -1.578645360077929805e-06
2.030000000000000071e+01 -1.563163169047845328e-06
2.035000000000000142e+01 -1.547870006749345138e-06
2.040000000000000213e+01 -1.532763119838898791e-06
2.045000000000000284e+01 -1.517839801358505806e-06
2.050000000000000000e+01 -1.503097389853553630e-06
2.055000000000000071e+01 -1.488533268509227524e-06
2.060000000000000142e+01 -1.474144864305183118e-06
2.065000000000000213e+01 -1.459929647187722685e-06
2.070000000000000284e+01 -1.445885129259566839e-06
2.075000000000000000e+01 -1.432008863986255175e-06
2.080000000000000071e+01 -1.418298445419280262e-06
2.085000000000000142e+01 -1.404751507435348931e-06
2.090000000000000213e+01 -1.391365722991381222e-06
2.095000000000000284e+01 -1.378138803395040738e-06
2.100000000000000000e+01 -1.365068497590196075e-06
2.105000000000000071e+01 -1.352152591457320099e-06
2.110000000000000142e+01 -1.339388907128201756e-06
2.115000000000000213e+01 -1.326775302314762662e-06
2.120000000000000284e+01 -1.314309669651696017e-06
2.125000000000000000e+01 -1.301989936052475498e-06
2.130000000000000071e+01 -1.289814062078619584e-06
2.135000000000000142e+01 -1.277780041321868908e-06
2.140000000000000213e+01 -1.265885899798806082e-06
2.145000000000000284e+01 -1.254129695357928198e-06
2.150000000000000000e+01 -1.242509517098688307e-06
2.155000000000000071e+01 -1.231023484802232958e-06
2.160000000000000142e+01 -1.219669748373915178e-06
2.165000000000000213e+01 -1.208446487296607340e-06
2.170000000000000284e+01 -1.197351910095572638e-06
2.175000000000000000e+01 -1.186384253813577616e-06
2.180000000000000071e+01 -1.175541783496914909e-06
2.185000000000000142e+01 -1.164822791691513076e-06
2.190000000000000213e+01 -1.154225597949212327e-06
2.195000000000000284e+01 -1.143748548343845701e-06
2.200000000000000000e+01 -1.133390014996977483e-06
2.205000000000000071e+01 -1.123148395613021457e-06
2.210000000000000142e+01 -1.113022113023723102e-06
2.215000000000000213e+01 -1.103009614741496246e-06
2.220000000000000284e+01 -1.093109372521586449e-06
2.225000000000000000e+01 -1.083319881933055159e-06
2.230000000000000071e+01 -1.073639661938080689e-06
2.235000000000000142e+01 -1.064067254479445970e-06
2.240000000000000213e+01 -1.054601224076300331e-06
2.245000000000000284e+01 -1.045240157427643901e-06
2.250000000000000000e+01 -1.035982663023834887e-06
2.255000000000000071e+01 -1.026827370765284771e-06
2.260000000000000142e+01 -1.017772931588960834e-06
2.265000000000000213e+01 -1.008818017101862074e-06
2.270000000000000284e+01 -9.999613192217851306e-07
2.275000000000000000e+01 -9.912015498249356998e-07
2.280000000000000071e+01 -9.825374404003966962e-07
2.285000000000000142e+01 -9.739677417112288862e-07
2.290000000000000213e+01 -9.654912234621557223e-07
2.295000000000000284e+01 -9.571066739735073281e-07
2.300000000000000000e+01 -9.488128998616200374e-07
2.305000000000000071e+01 -9.406087257251057678e-07
2.310000000000000142e+01 -9.324929938372973212e-07
2.315000000000000213e+01 -9.244645638444937440e-07
2.320000000000000284e+01 -9.165223124699043122e-07
2.325000000000000000e+01 -9.086651332233682231e-07
2.330000000000000071e+01 -9.008919361163565957e-07
2.335000000000000142e+01 -8.932016473825013614e-07
2.340000000000000213e+01 -8.855932092034588738e-07
2.345000000000000284e+01 -8.780655794397900717e-07
2.350000000000000000e+01 -8.706177313669767312e-07
2.355000000000000071e+01 -8.632486534164148847e-07
2.360000000000000142e+01 -8.559573489212583498e-07
2.365000000000000213e+01 -8.487428358670314769e-07
2.370000000000000284e+01 -8.416041466467634652e-07
2.375000000000000000e+01 -8.345403278208813100e-07
2.380000000000000071e+01 -8.275504398814459104e-07
2.385000000000000142e+01 -8.206335570208592411e-07
2.390000000000000213e+01 -8.137887669047094922e-07
2.395000000000000284e+01 -8.070151704489682636e-07
2.400000000000000000e+01 -8.003118816012675999e-07
2.405000000000000071e+01 -7.936780271261013288e-07
2.410000000000000142e+01 -7.871127463941562144e-07
2.415000000000000213e+01 -7.806151911753014461e-07
2.420000000000000284e+01 -7.741845254356269448e-07
2.425000000000000000e+01 -7.678199251379566219e-07
2.430000000000000071e+01 -7.615205780460850887e-07
2.435000000000000142e+01 -7.552856835327245829e-07
2.440000000000000213e+01 -7.491144523906500787e-07
2.445000000000000284e+01 -7.430061066475581078e-07
2.450000000000000000e+01 -7.369598793841674925e-07
2.455000000000000071e+01 -7.309750145555098994e-07
2.460000000000000142e+01 -7.250507668156943926e-07
2.465000000000000213e+01 -7.191864013455199237e-07
2.470000000000000284e+01 -7.133811936834915176e-07
2.475000000000000000e+01 -7.076344295596468079e-07
2.480000000000000071e+01 -7.019454047324993356e-07
2.485000000000000142e+01 -6.963134248287704925e-07
2.490000000000000213e+01 -6.907378051861362660e-07
2.495000000000000284e+01 -6.852178706986686084e-07
