0.000000000000000000e+00 -0.000000000000000000e+00
5.000000000000000278e-02 3.805831814928087222e-04
1.000000000000000056e-01 7.580185175558033957e-04
1.500000000000000222e-01 1.129189177612778712e-03
2.000000000000000111e-01 1.491039808002644820e-03
2.500000000000000000e-01 1.840606511895956018e-03
3.000000000000000444e-01 2.175045601108988123e-03
3.500000000000000333e-01 2.491660913075686816e-03
4.000000000000000222e-01 2.787929556402205748e-03
4.500000000000000111e-01 3.061525523932221229e-03
5.000000000000000000e-01 3.310341135436103803e-03
5.500000000000000444e-01 3.532506021277874789e-03
6.000000000000000888e-01 3.726403487437175786e-03
6.500000000000000222e-01 3.890684127246862509e-03
7.000000000000000666e-01 4.024276582793747531e-03
7.500000000000000000e-01 4.126395395456552637e-03
8.000000000000000444e-01 4.196545919765434264e-03
8.500000000000000888e-01 4.234526307051352835e-03
9.000000000000000222e-01 4.240426594397619930e-03
9.500000000000000666e-01 4.214624963822312907e-03
1.000000000000000000e+00 4.157781248529767229e-03
1.050000000000000044e+00 4.070827804508890015e-03
1.100000000000000089e+00 3.954957869824081949e-03
1.150000000000000133e+00 3.811611487621517289e-03
1.200000000000000178e+00 3.642459289305430108e-03
1.250000000000000000e+00 3.449384145963863176e-03
1.300000000000000044e+00 3.234460889311578137e-03
1.350000000000000089e+00 2.999934375333077226e-03
1.400000000000000133e+00 2.748195997850961299e-03
1.450000000000000178e+00 2.481758740339348127e-03
1.500000000000000000e+00 2.203231407833537714e-03
1.550000000000000044e+00 1.915291650296307643e-03
1.600000000000000089e+00 1.620658488482447064e-03
1.650000000000000133e+00 1.322064385468226314e-03
1.700000000000000178e+00 1.022227260547865736e-03
1.750000000000000000e+00 7.238224781524965970e-04
1.800000000000000044e+00 4.294554375563525606e-04
1.850000000000000089e+00 1.416348245373843259e-04
1.900000000000000133e+00 -1.372530824897020760e-04
1.950000000000000178e+00 -4.049686648985460140e-04
2.000000000000000000e+00 -6.594416750114250958e-04
2.050000000000000266e+00 -8.987917609914306992e-04
2.100000000000000089e+00 -1.121346822130232009e-03
2.149999999999999911e+00 -1.325658630491023280e-03
2.200000000000000178e+00 -1.510515756845086204e-03
2.250000000000000000e+00 -1.674953306577606476e-03
2.300000000000000266e+00 -1.818259423269900270e-03
2.350000000000000089e+00 -1.939978367166226647e-03
2.400000000000000355e+00 -2.039910150377246493e-03
2.450000000000000178e+00 -2.118106512582278948e-03
2.500000000000000000e+00 -2.174863662122833094e-03
2.550000000000000266e+00 -2.210711374578409709e-03
2.600000000000000089e+00 -2.226398998052630217e-03
2.650000000000000355e+00 -2.222878438208674388e-03
2.700000000000000178e+00 -2.201284440571685871e-03
2.750000000000000000e+00 -2.162912507665742251e-03
2.800000000000000266e+00 -2.109194913912640443e-03
2.850000000000000089e+00 -2.041675112345576158e-03
2.900000000000000355e+00 -1.961981192962693795e-03
2.950000000000000178e+00 -1.871798722145514432e-03
3.000000000000000000e+00 -1.772843650787057348e-03
3.050000000000000266e+00 -1.666835622119923910e-03
3.100000000000000089e+00 -1.555472247822180763e-03
3.150000000000000355e+00 -1.440404853236083946e-03
3.200000000000000178e+00 -1.323216070083290622e-03
3.250000000000000000e+00 -1.205399672937013198e-03
3.300000000000000266e+00 -1.088342997144499738e-03
3.350000000000000089e+00 -9.733121610819164089e-04
3.400000000000000355e+00 -8.614403271131909103e-04
3.450000000000000178e+00 -7.537190572682541832e-04
3.500000000000000000e+00 -6.509929215866557071e-04
3.550000000000000266e+00 -5.539570397257538234e-04
3.600000000000000089e+00 -4.631578781317618153e-04
3.650000000000000355e+00 -3.789966446031388663e-04
3.700000000000000178e+00 -3.017354414364169582e-04
3.750000000000000000e+00 -2.315056298771596128e-04
3.800000000000000266e+00 -1.683181562527378097e-04
3.850000000000000089e+00 -1.120755005320989091e-04
3.900000000000000355e+00 -6.258475613471137168e-05
3.950000000000000178e+00 -1.957162174114263265e-05
4.000000000000000000e+00 1.730530395517908499e-05
4.049999999999999822e+00 4.844014690648626074e-05
4.100000000000000533e+00 7.426572065604573794e-05
4.150000000000000355e+00 9.524013187174928182e-05
4.200000000000000178e+00 1.118343157704179247e-04
4.250000000000000000e+00 1.245207463722172389e-04
4.299999999999999822e+00 1.337634666859818919e-04
4.350000000000000533e+00 1.400096038268938616e-04
4.400000000000000355e+00 1.436824286830889563e-04
4.450000000000000178e+00 1.451759641694729582e-04
4.500000000000000000e+00 1.448511677953297000e-04
4.549999999999999822e+00 1.430335266746890065e-04
4.600000000000000533e+00 1.400120773240191093e-04
4.650000000000000355e+00 1.360395644856312420e-04
4.700000000000000178e+00 1.313336300506274992e-04
4.750000000000000000e+00 1.260789279678572409e-04
4.800000000000000711e+00 1.204298613004445621e-04
4.850000000000000533e+00 1.145137400054871375e-04
4.900000000000000355e+00 1.084342731017455221e-04
4.950000000000000178e+00 1.022751015475313624e-04
5.000000000000000000e+00 9.610331916292166171e-05
5.050000000000000711e+00 8.997278997657968762e-05
5.100000000000000533e+00 8.392704414481246434e-05
5.150000000000000355e+00 7.800196917654247421e-05
5.200000000000000178e+00 7.222790857411615540e-05
5.250000000000000000e+00 6.663136242384738207e-05
5.300000000000000711e+00 6.123617140849652181e-05
5.350000000000000533e+00 5.606429504807685575e-05
5.400000000000000355e+00 5.113614547611719556e-05
5.450000000000000178e+00 4.647062665195123709e-05
5.500000000000000000e+00 4.208485084689564398e-05
5.550000000000000711e+00 3.799368662459586470e-05
5.600000000000000533e+00 3.420918202500961182e-05
5.650000000000000355e+00 3.073998009395773181e-05
5.700000000000000178e+00 2.759068290080405976e-05
5.750000000000000000e+00 2.476144530049894751e-05
5.800000000000000711e+00 2.224761549889431975e-05
5.850000000000000533e+00 2.003958871170822011e-05
5.900000000000000355e+00 1.812289997308351105e-05
5.950000000000000178e+00 1.647844925225709314e-05
6.000000000000000000e+00 1.508308816076732957e-05
6.050000000000000711e+00 1.391022873981926508e-05
6.100000000000000533e+00 1.293072325859281381e-05
6.150000000000000355e+00 1.211380894041596241e-05
6.200000000000000178e+00 1.142814253128176648e-05
6.250000000000000000e+00 1.084285159210589832e-05
6.300000000000000711e+00 1.032855561177337296e-05
6.350000000000000533e+00 9.858308371999870829e-06
6.400000000000000355e+00 9.408416229944686419e-06
6.450000000000000178e+00 8.959118566103229728e-06
6.500000000000000000e+00 8.495002818276135956e-06
6.550000000000000711e+00 8.005337821921646504e-06
6.600000000000000533e+00 7.484102198247058951e-06
6.650000000000000355e+00 6.929824994445729014e-06
6.700000000000000178e+00 6.345237309243209800e-06
6.750000000000000000e+00 5.736746459381417806e-06
6.800000000000000711e+00 5.113763712553391756e-06
6.850000000000000533e+00 4.487942165146904534e-06
6.900000000000000355e+00 3.872314499822928446e-06
6.950000000000000178e+00 3.280443259645239922e-06
7.000000000000000000e+00 2.725572621762754332e-06
7.050000000000000711e+00 2.219843752930293118e-06
7.100000000000000533e+00 1.773606024911398439e-06
7.150000000000000355e+00 1.394854168285387586e-06
7.200000000000000178e+00 1.088814234618622916e-06
7.250000000000000000e+00 8.576756987766207921e-07
7.300000000000000711e+00 7.005820252030821091e-07
7.350000000000000533e+00 6.136042054018898654e-07
7.400000000000000355e+00 5.900726874022071317e-07
7.450000000000000178e+00 6.209185181752555651e-07
7.500000000000000000e+00 6.951828111476176608e-07
7.550000000000000711e+00 8.005935383897863184e-07
7.600000000000000533e+00 9.242009279690398426e-07
7.650000000000000355e+00 1.053014671273214375e-06
7.700000000000000178e+00 1.174658308449708547e-06
7.750000000000000000e+00 1.277941732564475729e-06
7.800000000000000711e+00 1.353374394283642223e-06
7.850000000000000533e+00 1.393574644280130964e-06
7.900000000000000355e+00 1.393547796140562822e-06
7.950000000000000178e+00 1.350897872680677757e-06
8.000000000000000000e+00 1.265780791373572559e-06
8.050000000000000711e+00 1.140847140747326214e-06
8.099999999999999645e+00 9.810029481740774564e-07
8.150000000000000355e+00 7.930742108644348345e-07
8.200000000000001066e+00 5.853837309072188693e-07
8.250000000000000000e+00 3.672642077619591638e-07
8.300000000000000711e+00 1.485375488713087837e-07
8.349999999999999645e+00 -6.103600924720623244e-08
8.400000000000000355e+00 -2.522393140809534671e-07
8.450000000000001066e+00 -4.169049109108240087e-07
8.500000000000000000e+00 -5.483035894375199421e-07
8.550000000000000711e+00 -6.414559116387933563e-07
8.599999999999999645e+00 -6.934040142972312240e-07
8.650000000000000355e+00 -7.032466285743382581e-07
8.700000000000001066e+00 -6.721944911294221062e-07
8.750000000000000000e+00 -6.034508174161074958e-07
8.800000000000000711e+00 -5.020054331510292932e-07
8.849999999999999645e+00 -3.743420483896178114e-07
8.900000000000000355e+00 -2.280758159607921199e-07
8.950000000000001066e+00 -7.154142413959692718e-08
9.000000000000000000e+00 8.664602098346655597e-08
9.050000000000000711e+00 2.380342386518012387e-07
9.099999999999999645e+00 3.747584170052326291e-07
9.150000000000000355e+00 4.899260333218155071e-07
9.200000000000001066e+00 5.779431666894782503e-07
9.250000000000000000e+00 6.347670431875021044e-07
9.300000000000000711e+00 6.580736686901181685e-07
9.349999999999999645e+00 6.473463705531217234e-07
9.400000000000000355e+00 6.038099757704426601e-07
9.450000000000001066e+00 5.303952719708683529e-07
9.500000000000000000e+00 4.315022468557439008e-07
9.550000000000000711e+00 3.127504510287655957e-07
9.600000000000001421e+00 1.806617606809912851e-07
9.650000000000000355e+00 4.230439583915833640e-08
9.700000000000001066e+00 -9.508279440684231143e-08
9.750000000000000000e+00 -2.244661929848825845e-07
9.800000000000000711e+00 -3.393871241002876091e-07
9.850000000000001421e+00 -4.342296697404214182e-07
9.900000000000000355e+00 -5.045679800953186316e-07
9.950000000000001066e+00 -5.473156909490184563e-07
1.000000000000000000e+01 -5.608687985156776813e-07
1.005000000000000071e+01 -5.451563173927375461e-07
1.010000000000000142e+01 -5.016113793680574969e-07
1.015000000000000036e+01 -4.330659659658086455e-07
1.020000000000000107e+01 -3.435762856525066763e-07
1.025000000000000000e+01 -2.381891872583683486e-07
1.030000000000000071e+01 -1.226627824022314832e-07
1.035000000000000142e+01 -3.156503229683299555e-09
1.040000000000000036e+01 1.140929412328466298e-07
1.045000000000000107e+01 2.230928720458864318e-07
1.050000000000000000e+01 3.183968611700078117e-07
1.055000000000000071e+01 3.953728260450576068e-07
1.060000000000000142e+01 4.504240048160292105e-07
1.065000000000000036e+01 4.811524847770823740e-07
1.070000000000000107e+01 4.864580932567757556e-07
1.075000000000000000e+01 4.665688991444940317e-07
1.080000000000000071e+01 4.230031340134269569e-07
1.085000000000000142e+01 3.584658411821462900e-07
1.090000000000000036e+01 2.766868226818889295e-07
1.095000000000000107e+01 1.822093170960054662e-07
1.100000000000000000e+01 8.014116805413922591e-08
1.105000000000000071e+01 -2.411807384433327929e-08
1.110000000000000142e+01 -1.251597067272467483e-07
1.115000000000000036e+01 -2.178434676404686376e-07
1.120000000000000107e+01 -2.975560683940563530e-07
1.125000000000000000e+01 -3.604378294343822947e-07
1.130000000000000071e+01 -4.035664358208597269e-07
1.135000000000000142e+01 -4.250892344302371812e-07
1.140000000000000036e+01 -4.242982783818983118e-07
1.145000000000000107e+01 -4.016453543248234054e-07
1.150000000000000000e+01 -3.586973421214386328e-07
1.155000000000000071e+01 -2.980352947159180333e-07
1.160000000000000142e+01 -2.231034354975364056e-07
1.165000000000000036e+01 -1.380167125802635454e-07
1.170000000000000107e+01 -4.733750665091059268e-08
1.175000000000000000e+01 4.416652935708371906e-08
1.180000000000000071e+01 1.317707743647692297e-07
1.185000000000000142e+01 2.110352784479529103e-07
1.190000000000000036e+01 2.780274989642269819e-07
1.195000000000000107e+01 3.295150789718883446e-07
