0.000000000000000000e+00 1.716486084582252482e-06
5.000000000000000278e-02 2.502249731962027285e-08
1.000000000000000056e-01 1.982305638493865604e-07
1.500000000000000222e-01 7.129715467422183450e-07
2.000000000000000111e-01 1.699365826576220952e-06
2.500000000000000000e-01 3.303190597126425671e-06
3.000000000000000444e-01 5.642503320391076754e-06
3.500000000000000333e-01 8.816619535876171548e-06
4.000000000000000222e-01 1.289897027662791383e-05
4.500000000000000111e-01 1.793510235952726722e-05
5.000000000000000000e-01 2.393986415626537384e-05
5.500000000000000444e-01 3.089599886865822509e-05
6.000000000000000888e-01 3.875256538719884828e-05
6.500000000000000222e-01 4.742550004969860975e-05
7.000000000000000666e-01 5.679731314054401093e-05
7.500000000000000000e-01 6.671925092758633610e-05
8.000000000000000444e-01 7.701418811059438057e-05
8.500000000000000888e-01 8.747979865211887886e-05
9.000000000000000222e-01 9.789242268464283818e-05
9.500000000000000666e-01 1.080087157221978439e-04
1.000000000000000000e+00 1.175890685838006143e-04
1.050000000000000044e+00 1.263708025991109761e-04
1.100000000000000089e+00 1.341146294372520321e-04
1.150000000000000133e+00 1.405782247125492493e-04
1.200000000000000178e+00 1.455454574294974817e-04
1.250000000000000000e+00 1.488239726092478819e-04
1.300000000000000044e+00 1.502531072701508914e-04
1.350000000000000089e+00 1.497125197932322796e-04
1.400000000000000133e+00 1.471190640471934372e-04
1.450000000000000178e+00 1.424472342410163135e-04
1.500000000000000000e+00 1.357081091647341462e-04
1.550000000000000044e+00 1.269706598445090415e-04
1.600000000000000089e+00 1.163547280415700011e-04
1.650000000000000133e+00 1.040231028657631520e-04
1.700000000000000178e+00 9.018148125620148480e-05
1.750000000000000000e+00 7.508988347434320161e-05
1.800000000000000044e+00 5.901039268216027255e-05
1.850000000000000089e+00 4.226257157947093122e-05
1.900000000000000133e+00 2.516284132694482890e-05
1.950000000000000178e+00 8.036654167184460837e-06
2.000000000000000000e+00 -8.786939604932554243e-06
2.050000000000000266e+00 -2.499456994598346632e-05
2.100000000000000089e+00 -4.029591914884517656e-05
2.149999999999999911e+00 -5.442638705733098692e-05
2.200000000000000178e+00 -6.715060936619814548e-05
2.250000000000000000e+00 -7.829161714345702445e-05
2.300000000000000266e+00 -8.770301780923874056e-05
2.350000000000000089e+00 -9.529775260530418731e-05
2.400000000000000355e+00 -1.010329843954155959e-04
2.450000000000000178e+00 -1.049245628979935031e-04
2.500000000000000000e+00 -1.070211189079581910e-04
2.550000000000000266e+00 -1.074401695136597158e-04
2.600000000000000089e+00 -1.063080364459957432e-04
2.650000000000000355e+00 -1.037985894499830438e-04
2.700000000000000178e+00 -1.001150775443410921e-04
2.750000000000000000e+00 -9.546866234118419248e-05
2.800000000000000266e+00 -9.008253428725668548e-05
2.850000000000000089e+00 -8.417416488241690777e-05
2.900000000000000355e+00 -7.796144566688332893e-05
2.950000000000000178e+00 -7.163912389376386964e-05
3.000000000000000000e+00 -6.539335348057429464e-05
3.050000000000000266e+00 -5.936948886944622697e-05
3.100000000000000089e+00 -5.369531351412331314e-05
3.150000000000000355e+00 -4.845698623540390228e-05
3.200000000000000178e+00 -4.371839986146519130e-05
3.250000000000000000e+00 -3.949972591609056665e-05
3.300000000000000266e+00 -3.580302355306123739e-05
3.350000000000000089e+00 -3.259444262576490458e-05
3.400000000000000355e+00 -2.982151971229888678e-05
3.450000000000000178e+00 -2.741399139361062101e-05
3.500000000000000000e+00 -2.528799679460157210e-05
3.550000000000000266e+00 -2.335446298467269848e-05
3.600000000000000089e+00 -2.152269575086587756e-05
3.650000000000000355e+00 -1.970768616189672021e-05
3.700000000000000178e+00 -1.782859664403335613e-05
3.750000000000000000e+00 -1.582430429382167665e-05
3.800000000000000266e+00 -1.364558242246815620e-05
3.850000000000000089e+00 -1.126320163136640580e-05
3.900000000000000355e+00 -8.664024855011383730e-06
3.950000000000000178e+00 -5.856924333077018860e-06
4.000000000000000000e+00 -2.871162189293022672e-06
4.049999999999999822e+00 2.560153639602102601e-07
4.100000000000000533e+00 3.462544643281007987e-06
4.150000000000000355e+00 6.686326488268783238e-06
4.200000000000000178e+00 9.856955270835573838e-06
4.250000000000000000e+00 1.289507739159613357e-05
4.299999999999999822e+00 1.573059160000779590e-05
4.350000000000000533e+00 1.829746586520260339e-05
4.400000000000000355e+00 2.053269368744191277e-05
4.450000000000000178e+00 2.239159241845366859e-05
4.500000000000000000e+00 2.383839226683336269e-05
4.549999999999999822e+00 2.485316139000120049e-05
4.600000000000000533e+00 2.543285311218494648e-05
4.650000000000000355e+00 2.558743353758782563e-05
4.700000000000000178e+00 2.534122035398069493e-05
4.750000000000000000e+00 2.473260518229775465e-05
4.800000000000000711e+00 2.380869120443719888e-05
4.850000000000000533e+00 2.262443126198669213e-05
4.900000000000000355e+00 2.124085559355833993e-05
4.950000000000000178e+00 1.971969649909165274e-05
5.000000000000000000e+00 1.812235023775522402e-05
5.050000000000000711e+00 1.650627092285584634e-05
5.100000000000000533e+00 1.492369345439045690e-05
5.150000000000000355e+00 1.341841529086914508e-05
5.200000000000000178e+00 1.202492903923915874e-05
5.250000000000000000e+00 1.076835128121185637e-05
5.300000000000000711e+00 9.662858800012989990e-06
5.350000000000000533e+00 8.712824885210595466e-06
5.400000000000000355e+00 7.913636262144986167e-06
5.450000000000000178e+00 7.252570873723301268e-06
5.500000000000000000e+00 6.710554120169962431e-06
5.550000000000000711e+00 6.264269200932390548e-06
5.600000000000000533e+00 5.887476059927736168e-06
5.650000000000000355e+00 5.553705639210264595e-06
5.700000000000000178e+00 5.237560221678919841e-06
5.750000000000000000e+00 4.916534175224629164e-06
5.800000000000000711e+00 4.572440840617670365e-06
5.850000000000000533e+00 4.192200060601326554e-06
5.900000000000000355e+00 3.768557621178915081e-06
5.950000000000000178e+00 3.300250893385027758e-06
6.000000000000000000e+00 2.791728131220231076e-06
6.050000000000000711e+00 2.252604675888931808e-06
6.100000000000000533e+00 1.696750925223581722e-06
6.150000000000000355e+00 1.141131624969033554e-06
6.200000000000000178e+00 6.045171820998090266e-07
6.250000000000000000e+00 1.060836470092949314e-07
6.300000000000000711e+00 -3.359262482046271321e-07
6.350000000000000533e+00 -7.055011843751446633e-07
6.400000000000000355e+00 -9.899358244528682576e-07
6.450000000000000178e+00 -1.180673938154632100e-06
6.500000000000000000e+00 -1.273899879533239298e-06
6.550000000000000711e+00 -1.270776969058759064e-06
6.600000000000000533e+00 -1.177405524654871951e-06
6.650000000000000355e+00 -1.004440991370703554e-06
6.700000000000000178e+00 -7.664628709994225164e-07
6.750000000000000000e+00 -4.811025005670169868e-07
6.800000000000000711e+00 -1.679864770952267421e-07
6.850000000000000533e+00 1.523909071918957225e-07
6.900000000000000355e+00 4.598554660487755522e-07
6.950000000000000178e+00 7.357092481742150764e-07
7.000000000000000000e+00 9.637366398209947408e-07
7.050000000000000711e+00 1.131087064875075815e-06
7.100000000000000533e+00 1.228930823953494084e-06
7.150000000000000355e+00 1.252848407548383573e-06
7.200000000000000178e+00 1.202975475638350115e-06
7.250000000000000000e+00 1.083868969420950489e-06
7.300000000000000711e+00 9.041136571647528235e-07
7.350000000000000533e+00 6.757127727579095208e-07
7.400000000000000355e+00 4.132867834080668513e-07
7.450000000000000178e+00 1.331308683180306171e-07
7.500000000000000000e+00 -1.477791686403084055e-07
7.550000000000000711e+00 -4.128193991353034056e-07
7.600000000000000533e+00 -6.466893178334978768e-07
7.650000000000000355e+00 -8.362949753800668869e-07
7.700000000000000178e+00 -9.714558797132710641e-07
7.750000000000000000e+00 -1.045448469139090155e-06
7.800000000000000711e+00 -1.055314855058657323e-06
7.850000000000000533e+00 -1.001950571553032313e-06
7.900000000000000355e+00 -8.899567728199876615e-07
7.950000000000000178e+00 -7.272840868530772523e-07
8.000000000000000000e+00 -5.246743998748821416e-07
8.050000000000000711e+00 -2.949839154570970673e-07
8.099999999999999645e+00 -5.234025669409093100e-08
8.150000000000000355e+00 1.886851255902372029e-07
8.200000000000001066e+00 4.139583835038854410e-07
8.250000000000000000e+00 6.106194766788307885e-07
8.300000000000000711e+00 7.677682078674633353e-07
8.349999999999999645e+00 8.770938991896555835e-07
8.400000000000000355e+00 9.332890865690561440e-07
8.450000000000001066e+00 9.342787357041849064e-07
8.500000000000000000e+00 8.812734829240969387e-07
8.550000000000000711e+00 7.786153528295650573e-07
8.599999999999999645e+00 6.334466287106168037e-07
8.650000000000000355e+00 4.552233148707528081e-07
8.700000000000001066e+00 2.551076141504313969e-07
8.750000000000000000e+00 4.525939572099383458e-08
8.800000000000000711e+00 -1.618837153585137564e-07
8.849999999999999645e+00 -3.543378898671853440e-07
8.900000000000000355e+00 -5.212895451541654708e-07
8.950000000000001066e+00 -6.536677473447745795e-07
9.000000000000000000e+00 -7.446441845160134374e-07
9.050000000000000711e+00 -7.899771918380426571e-07
9.099999999999999645e+00 -7.881856454264418578e-07
9.150000000000000355e+00 -7.405719184593259985e-07
9.200000000000001066e+00 -6.510712748429323368e-07
9.250000000000000000e+00 -5.259566201035603663e-07
9.300000000000000711e+00 -3.734146203919438336e-07
9.349999999999999645e+00 -2.030074638125872122e-07
9.400000000000000355e+00 -2.510253901353490008e-08
9.450000000000001066e+00 1.497719120947702526e-07
9.500000000000000000e+00 3.115425945538441745e-07
9.550000000000000711e+00 4.511533680065619657e-07
9.600000000000001421e+00 5.610735915687397801e-07
9.650000000000000355e+00 6.357001769339618322e-07
9.700000000000001066e+00 6.716189870533229535e-07
9.750000000000000000e+00 6.677582570016137786e-07
9.800000000000000711e+00 6.253820881890645395e-07
9.850000000000001421e+00 5.479540649609710596e-07
9.900000000000000355e+00 4.408792991437691912e-07
9.950000000000001066e+00 3.111371274069314886e-07
1.000000000000000000e+01 1.668330107734408246e-07
1.005000000000000071e+01 1.670105820994744292e-08
1.010000000000000142e+01 -1.304281506705638730e-07
1.015000000000000036e+01 -2.661304492056169326e-07
1.020000000000000107e+01 -3.828723880509190350e-07
1.025000000000000000e+01 -4.744213407663576377e-07
1.030000000000000071e+01 -5.361700044366946957e-07
1.035000000000000142e+01 -5.653584096810734913e-07
1.040000000000000036e+01 -5.611831868550600829e-07
1.045000000000000107e+01 -5.247868455454693852e-07
1.050000000000000000e+01 -4.591419657438251077e-07
1.055000000000000071e+01 -3.688227912539275631e-07
1.060000000000000142e+01 -2.597018797002724350e-07
1.065000000000000036e+01 -1.385730617254909083e-07
1.070000000000000107e+01 -1.272959008561727852e-08
1.075000000000000000e+01 1.104637514094802368e-07
1.080000000000000071e+01 2.239952214905183110e-07
1.085000000000000142e+01 3.216111929731933849e-07
1.090000000000000036e+01 3.981412120958692465e-07
1.095000000000000107e+01 4.497705330120505901e-07
1.100000000000000000e+01 4.742209979323691716e-07
1.105000000000000071e+01 4.708335348942846766e-07
1.110000000000000142e+01 4.405644371482886524e-07
1.115000000000000036e+01 3.858810899771168177e-07
1.120000000000000107e+01 3.105784846681817011e-07
1.125000000000000000e+01 2.195248984662265244e-07
1.130000000000000071e+01 1.183480209976290543e-07
1.135000000000000142e+01 1.310094527577081784e-08
1.140000000000000036e+01 -9.010351149204274633e-08
1.145000000000000107e+01 -1.854423129836879695e-07
1.150000000000000000e+01 -2.677001002176382737e-07
1.155000000000000071e+01 -3.325522864924492630e-07
1.160000000000000142e+01 -3.767840876791986284e-07
1.165000000000000036e+01 -3.984404224065670352e-07
1.170000000000000107e+01 -3.969005564987275125e-07
1.175000000000000000e+01 -3.728744101332338217e-07
1.180000000000000071e+01 -3.283236986482285826e-07
1.185000000000000142e+01 -2.663148749097762302e-07
1.190000000000000036e+01 -1.908144331499202652e-07
1.195000000000000107e+01 -1.064389312952233999e-07
1.200000000000000000e+01 -1.817762469871276819e-08
1.205000000000000071e+01 6.890207093024547026e-08
1.210000000000000142e+01 1.499370187136642351e-07
1.215000000000000036e+01 2.205344397356581854e-07
1.220000000000000107e+01 2.770103544672543208e-07
1.225000000000000000e+01 3.165677720324934540e-07
1.230000000000000071e+01 3.374308475704692520e-07
1.235000000000000142e+01 3.389134879049268073e-07
1.240000000000000036e+01 3.214263213916807226e-07
1.245000000000000107e+01 2.864225714491266228e-07
1.250000000000000000e+01 2.362882909645373524e-07
1.255000000000000071e+01 1.741819826042916267e-07
1.260000000000000142e+01 1.038410100327171172e-07
1.265000000000000036e+01 2.935758851650974757e-08
1.270000000000000107e+01 -4.505576161171246722e-08
1.275000000000000000e+01 -1.153008458995828463e-07
1.280000000000000071e+01 -1.776146271080730027e-07
1.285000000000000142e+01 -2.287676716643083249e-07
1.290000000000000036e+01 -2.662224567926442996e-07
1.295000000000000107e+01 -2.882545945582113276e-07
1.300000000000000000e+01 -2.940236907559662382e-07
1.305000000000000071e+01 -2.835949527444053011e-07
1.310000000000000142e+01 -2.579110994617371687e-07
1.315000000000000036e+01 -2.187171110906072381e-07
1.320000000000000107e+01 -1.684453319671774308e-07
1.325000000000000000e+01 -1.100677163438611963e-07
1.330000000000000071e+01 -4.691822650414454352e-08
1.335000000000000142e+01 1.749143035759476702e-08
1.340000000000000036e+01 7.966560066184153985e-08
1.345000000000000107e+01 1.363124201043791271e-07
1.350000000000000000e+01 1.845114372914164451e-07
1.355000000000000071e+01 2.218596667277889547e-07
1.360000000000000142e+01 2.465893188713828160e-07
1.365000000000000036e+01 2.576421574876746787e-07
1.370000000000000107e+01 2.547103457235513360e-07
1.375000000000000000e+01 2.382336745753507521e-07
1.380000000000000071e+01 2.093596008527421030e-07
1.385000000000000142e+01 1.698661031352337833e-07
1.390000000000000036e+01 1.220530414846951001e-07
1.395000000000000107e+01 6.861141322469579890e-08
1.400000000000000000e+01 1.247325943970579955e-08
1.405000000000000071e+01 -4.334852926649751471e-08
1.410000000000000142e+01 -9.591516890493833923e-08
1.415000000000000036e+01 -1.425172321135565186e-07
1.420000000000000107e+01 -1.808102771259923803e-07
1.425000000000000000e+01 -2.089276190097690138e-07
1.430000000000000071e+01 -2.255695172860129260e-07
1.435000000000000142e+01 -2.300590751952431487e-07
1.440000000000000036e+01 -2.223657145664280733e-07
1.445000000000000107e+01 -2.030950041182393617e-07
1.450000000000000000e+01 -1.734454909703247665e-07
1.455000000000000071e+01 -1.351364561526780193e-07
1.460000000000000142e+01 -9.031173856196121382e-08
1.465000000000000036e+01 -4.141455457796048485e-08
1.470000000000000107e+01 1.442459438499770932e-12
1.475000000000000000e+01 1.403778044977568728e-12
1.480000000000000071e+01 1.366278315123792614e-12
1.485000000000000142e+01 1.329937947935078415e-12
1.490000000000000036e+01 1.294632686632908775e-12
1.495000000000000107e+01 1.260399890028248156e-12
1.500000000000000000e+01 1.227193704898914230e-12
1.505000000000000071e+01 1.194931551549247617e-12
1.510000000000000142e+01 1.163638628632185099e-12
1.515000000000000036e+01 1.133289745932911425e-12
1.520000000000000107e+01 1.103792407347250499e-12
1.525000000000000000e+01 1.075172433334936948e-12
1.530000000000000071e+01 1.047381854792905586e-12
1.535000000000000142e+01 1.020391818380644365e-12
1.540000000000000036e+01 9.941980233323194863e-13
1.545000000000000107e+01 9.687423699093523189e-13
1.550000000000000000e+01 9.440214063934716644e-13
1.555000000000000071e+01 9.200139130669818949e-13
1.560000000000000142e+01 8.966902337039083519e-13
1.565000000000000036e+01 8.740096213030591452e-13
1.570000000000000107e+01 8.520074704954979842e-13
1.575000000000000000e+01 8.306116686089295426e-13
1.580000000000000071e+01 8.097917524695620836e-13
1.585000000000000142e+01 7.895918302562429814e-13
1.590000000000000036e+01 7.699417173211987015e-13
1.595000000000000107e+01 7.508458659605878539e-13
1.600000000000000000e+01 7.322861522530133033e-13
1.605000000000000071e+01 7.142336535256970783e-13
1.610000000000000142e+01 6.966793560797880485e-13
1.615000000000000213e+01 6.796171033642975653e-13
1.619999999999999929e+01 6.629861756262716477e-13
1.625000000000000000e+01 6.468466119702826827e-13
1.630000000000000071e+01 6.311436205094520819e-13
1.635000000000000142e+01 6.158692004950796355e-13
1.640000000000000213e+01 6.010341287485184613e-13
1.644999999999999929e+01 5.865798817528716325e-13
