0.000000000000000000e+00 0.000000000000000000e+00
5.000000000000000278e-02 4.209449422800762296e-12
1.000000000000000056e-01 1.344506822605756492e-10
1.500000000000000222e-01 1.017807424623431020e-09
2.000000000000000111e-01 4.270358168241856603e-09
2.500000000000000000e-01 1.295920140705937453e-08
3.000000000000000444e-01 3.202634898272095184e-08
3.500000000000000333e-01 6.866314679830852612e-08
4.000000000000000222e-01 1.326250144191383019e-07
4.500000000000000111e-01 2.364776592552417209e-07
5.000000000000000000e-01 3.957674849432063733e-07
5.500000000000000444e-01 6.291106404723304452e-07
6.000000000000000888e-01 9.581970061425352459e-07
6.500000000000000222e-01 1.407707341578436616e-06
7.000000000000000666e-01 2.005143785175813109e-06
7.500000000000000000e-01 2.780575848487395206e-06
8.000000000000000444e-01 3.766305948774775769e-06
8.500000000000000888e-01 4.996460325591926432e-06
9.000000000000000222e-01 6.506512852888976235e-06
9.500000000000000666e-01 8.332750750466967081e-06
1.000000000000000000e+00 1.051169248590403767e-05
1.050000000000000044e+00 1.307946921373585469e-05
1.100000000000000089e+00 1.607118190188241082e-05
1.150000000000000133e+00 1.952024683139966916e-05
1.200000000000000178e+00 2.345774241631832897e-05
1.250000000000000000e+00 2.791177027380404454e-05
1.300000000000000044e+00 3.290684318569966026e-05
1.350000000000000089e+00 3.846331204139042862e-05
1.400000000000000133e+00 4.459684305530662050e-05
1.450000000000000178e+00 5.131795553189089266e-05
1.500000000000000000e+00 5.863162923273498286e-05
1.550000000000000044e+00 6.653698901487957028e-05
1.600000000000000089e+00 7.502707288904545151e-05
1.650000000000000133e+00 8.408868802706034515e-05
1.700000000000000178e+00 9.370235756545274269e-05
1.750000000000000000e+00 1.038423593439964665e-04
1.800000000000000044e+00 1.144768560202766283e-04
1.850000000000000089e+00 1.255681143491858018e-04
1.900000000000000133e+00 1.370728098426131272e-04
1.950000000000000178e+00 1.489424115596541930e-04
2.000000000000000000e+00 1.611236404482638078e-04
2.050000000000000266e+00 1.735589934883560162e-04
2.100000000000000089e+00 1.861873248926257266e-04
2.149999999999999911e+00 1.989444748190557079e-04
2.200000000000000178e+00 2.117639354477180509e-04
2.250000000000000000e+00 2.245775438790268319e-04
2.300000000000000266e+00 2.373161911213381050e-04
2.350000000000000089e+00 2.499105364487030564e-04
2.400000000000000355e+00 2.622917166165120617e-04
2.450000000000000178e+00 2.743920398118606611e-04
2.500000000000000000e+00 2.861456547716048474e-04
2.550000000000000266e+00 2.974891862063343251e-04
2.600000000000000089e+00 3.083623285027302396e-04
2.650000000000000355e+00 3.187083906181681402e-04
2.700000000000000178e+00 3.284747861070174118e-04
2.750000000000000000e+00 3.376134633044043979e-04
2.800000000000000266e+00 3.460812718167280704e-04
2.850000000000000089e+00 3.538402626059847689e-04
2.900000000000000355e+00 3.608579200849245001e-04
2.950000000000000178e+00 3.671073257416482077e-04
3.000000000000000000e+00 3.725672538665691230e-04
3.050000000000000266e+00 3.772222009449261457e-04
3.100000000000000089e+00 3.810623511897125561e-04
3.150000000000000355e+00 3.840834815109183385e-04
3.200000000000000178e+00 3.862868099378460201e-04
3.250000000000000000e+00 3.876787921250162664e-04
3.300000000000000266e+00 3.882708710744348806e-04
3.350000000000000089e+00 3.880791855958461416e-04
3.400000000000000355e+00 3.871242433024356822e-04
3.450000000000000178e+00 3.854305641048976958e-04
3.500000000000000000e+00 3.830263002263212496e-04
3.550000000000000266e+00 3.799428387202744136e-04
3.600000000000000089e+00 3.762143923424248653e-04
3.650000000000000355e+00 3.718775844109537161e-04
3.700000000000000178e+00 3.669710330026429435e-04
3.750000000000000000e+00 3.615349394803196552e-04
3.800000000000000266e+00 3.556106859440732082e-04
3.850000000000000089e+00 3.492404457542891763e-04
3.900000000000000355e+00 3.424668107998351868e-04
3.950000000000000178e+00 3.353324386902166747e-04
4.000000000000000000e+00 3.278797225461454697e-04
4.049999999999999822e+00 3.201504855580737858e-04
4.100000000000000533e+00 3.121857019853711249e-04
4.150000000000000355e+00 3.040252457875796104e-04
4.200000000000000178e+00 2.957076676202816286e-04
4.250000000000000000e+00 2.872700004972004312e-04
4.299999999999999822e+00 2.787475940218616267e-04
4.350000000000000533e+00 2.701739767301319039e-04
4.400000000000000355e+00 2.615807457617912689e-04
4.450000000000000178e+00 2.529974827967036342e-04
4.500000000000000000e+00 2.444516949499087304e-04
4.549999999999999822e+00 2.359687791199912351e-04
4.600000000000000533e+00 2.275720081256998428e-04
4.650000000000000355e+00 2.192825368455020589e-04
4.700000000000000178e+00 2.111194264916701146e-04
4.750000000000000000e+00 2.030996851021536255e-04
4.800000000000000711e+00 1.952383223171358752e-04
4.850000000000000533e+00 1.875484165197589782e-04
4.900000000000000355e+00 1.800411924588065206e-04
4.950000000000000178e+00 1.727261075318278695e-04
5.000000000000000000e+00 1.656109449869334394e-04
5.050000000000000711e+00 1.587019123969594958e-04
5.100000000000000533e+00 1.520037438677176685e-04
5.150000000000000355e+00 1.455198045594989530e-04
5.200000000000000178e+00 1.392521962250712676e-04
5.250000000000000000e+00 1.332018625953980515e-04
5.300000000000000711e+00 1.273686935738256414e-04
5.350000000000000533e+00 1.217516273283791243e-04
5.400000000000000355e+00 1.163487494981805783e-04
5.450000000000000178e+00 1.111573888522523519e-04
5.500000000000000000e+00 1.061742088557376398e-04
5.550000000000000711e+00 1.013952947087576697e-04
5.600000000000000533e+00 9.681623552590637081e-05
5.650000000000000355e+00 9.243220141910948504e-05
5.700000000000000178e+00 8.823801533286603068e-05
5.750000000000000000e+00 8.422821955850853424e-05
5.800000000000000711e+00 8.039713692303327819e-05
5.850000000000000533e+00 7.673892670835226373e-05
5.900000000000000355e+00 7.324763540874788727e-05
5.950000000000000178e+00 6.991724247819048211e-05
6.000000000000000000e+00 6.674170125543860892e-05
6.050000000000000711e+00 6.371497528396863645e-05
6.100000000000000533e+00 6.083107026630431833e-05
6.150000000000000355e+00 5.808406190881141901e-05
6.200000000000000178e+00 5.546811992408170387e-05
6.250000000000000000e+00 5.297752846422648524e-05
6.300000000000000711e+00 5.060670326034153881e-05
6.350000000000000533e+00 4.835020574164986185e-05
6.400000000000000355e+00 4.620275440292287162e-05
6.450000000000000178e+00 4.415923368125562217e-05
6.500000000000000000e+00 4.221470059359461879e-05
6.550000000000000711e+00 4.036438937504579848e-05
6.600000000000000533e+00 3.860371434533218436e-05
6.650000000000000355e+00 3.692827121718323633e-05
6.700000000000000178e+00 3.533383704625694862e-05
6.750000000000000000e+00 3.381636900769766486e-05
6.800000000000000711e+00 3.237200216986930648e-05
6.850000000000000533e+00 3.099704642138041309e-05
6.900000000000000355e+00 2.968798269340934814e-05
6.950000000000000178e+00 2.844145860568635250e-05
7.000000000000000000e+00 2.725428365140842931e-05
7.050000000000000711e+00 2.612342402393230635e-05
7.100000000000000533e+00 2.504599717638103049e-05
7.150000000000000355e+00 2.401926619434312682e-05
7.200000000000000178e+00 2.304063405166962365e-05
7.250000000000000000e+00 2.210763780998657838e-05
7.300000000000000711e+00 2.121794281393677179e-05
7.350000000000000533e+00 2.036933692632940038e-05
7.400000000000000355e+00 1.955972484028037765e-05
7.450000000000000178e+00 1.878712249904956801e-05
7.500000000000000000e+00 1.804965164857571993e-05
7.550000000000000711e+00 1.734553454264802376e-05
7.600000000000000533e+00 1.667308881618588282e-05
7.650000000000000355e+00 1.603072253818621756e-05
7.700000000000000178e+00 1.541692945249949220e-05
7.750000000000000000e+00 1.483028441166321368e-05
7.800000000000000711e+00 1.426943900651827358e-05
7.850000000000000533e+00 1.373311739221657219e-05
7.900000000000000355e+00 1.322011230945701613e-05
7.950000000000000178e+00 1.272928129832764162e-05
8.000000000000000000e+00 1.225954310094403110e-05
8.050000000000000711e+00 1.180987424813084369e-05
8.099999999999999645e+00 1.137930582465725394e-05
8.150000000000000355e+00 1.096692040698627298e-05
8.200000000000001066e+00 1.057184916710012723e-05
8.250000000000000000e+00 1.019326913570018861e-05
8.300000000000000711e+00 9.830400617925025996e-06
8.349999999999999645e+00 9.482504754669349512e-06
8.400000000000000355e+00 9.148881222598726558e-06
8.450000000000001066e+00 8.828866066027473317e-06
8.500000000000000000e+00 8.521829653949572402e-06
8.550000000000000711e+00 8.227174755668822920e-06
8.599999999999999645e+00 7.944334728661716629e-06
8.650000000000000355e+00 7.672771812513699507e-06
8.700000000000001066e+00 7.411975522991304969e-06
8.750000000000000000e+00 7.161461140546064378e-06
8.800000000000000711e+00 6.920768287784941758e-06
8.849999999999999645e+00 6.689459590686317150e-06
8.900000000000000355e+00 6.467119418584233580e-06
8.950000000000001066e+00 6.253352698190511542e-06
9.000000000000000000e+00 6.047783797165748596e-06
9.050000000000000711e+00 5.850055472993018600e-06
9.099999999999999645e+00 5.659827883144418305e-06
9.150000000000000355e+00 5.476777652762679957e-06
9.200000000000001066e+00 5.300596996307861138e-06
9.250000000000000000e+00 5.130992889837758380e-06
9.300000000000000711e+00 4.967686290803945147e-06
9.349999999999999645e+00 4.810411402447079445e-06
9.400000000000000355e+00 4.658914980069808332e-06
9.450000000000001066e+00 4.512955676647609599e-06
9.500000000000000000e+00 4.372303425408925993e-06
9.550000000000000711e+00 4.236738857176320339e-06
9.600000000000001421e+00 4.106052750407151242e-06
9.650000000000000355e+00 3.980045512007358109e-06
9.700000000000001066e+00 3.858526687116206483e-06
9.750000000000000000e+00 3.741314496171626384e-06
9.800000000000000711e+00 3.628235397667339375e-06
9.850000000000001421e+00 3.519123675105521584e-06
9.900000000000000355e+00 3.413821046733254123e-06
9.950000000000001066e+00 3.312176296726852750e-06
1.000000000000000000e+01 3.214044926560481464e-06
1.005000000000000071e+01 3.119288825361559773e-06
1.010000000000000142e+01 3.027775958119156651e-06
1.015000000000000036e+01 2.939380070672393907e-06
1.020000000000000107e+01 2.853980410466003641e-06
1.025000000000000000e+01 2.771461462117932211e-06
1.030000000000000071e+01 2.691712696902918374e-06
1.035000000000000142e+01 2.614628335312531761e-06
1.040000000000000036e+01 2.540107121909919146e-06
1.045000000000000107e+01 2.468052111751808824e-06
1.050000000000000000e+01 2.398370467706170841e-06
1.055000000000000071e+01 2.330973268044980642e-06
1.060000000000000142e+01 2.265775323740362202e-06
1.065000000000000036e+01 2.202695004939095879e-06
1.070000000000000107e+01 2.141654076131662833e-06
1.075000000000000000e+01 2.082577539568512127e-06
1.080000000000000071e+01 2.025393486510501674e-06
1.085000000000000142e+01 1.970032955925845966e-06
1.090000000000000036e+01 1.916429800270853692e-06
1.095000000000000107e+01 1.864520558009005795e-06
1.100000000000000000e+01 1.814244332538282890e-06
1.105000000000000071e+01 1.765542677207428193e-06
1.110000000000000142e+01 1.718359486112358634e-06
1.115000000000000036e+01 1.672640890369073828e-06
1.120000000000000107e+01 1.628335159568232579e-06
1.125000000000000000e+01 1.585392608122304750e-06
1.130000000000000071e+01 1.543765506223485794e-06
1.135000000000000142e+01 1.503407995140076770e-06
1.140000000000000036e+01 1.464276006589005427e-06
1.145000000000000107e+01 1.426327185934974496e-06
1.150000000000000000e+01 1.389520818981156505e-06
1.155000000000000071e+01 1.353817762132567979e-06
1.160000000000000142e+01 1.319180375730891252e-06
1.165000000000000036e+01 1.285572460378222518e-06
1.170000000000000107e+01 1.252959196086233578e-06
1.175000000000000000e+01 1.221307084105875445e-06
1.180000000000000071e+01 1.190583891309797632e-06
1.185000000000000142e+01 1.160758597016854492e-06
1.190000000000000036e+01 1.131801342160814189e-06
1.195000000000000107e+01 1.103683380716951953e-06
1.200000000000000000e+01 1.076377033309377293e-06
1.205000000000000071e+01 1.049855642926171791e-06
1.210000000000000142e+01 1.024093532673527044e-06
1.215000000000000036e+01 9.990659654992947803e-07
1.220000000000000107e+01 9.747491058149878901e-07
1.225000000000000000e+01 9.511199829409991266e-07
1.230000000000000071e+01 9.281564562966115386e-07
1.235000000000000142e+01 9.058371822498759490e-07
1.240000000000000036e+01 8.841415825393038618e-07
1.245000000000000107e+01 8.630498141751212057e-07
1.250000000000000000e+01 8.425427407255958578e-07
1.255000000000000071e+01 8.226019048941624880e-07
1.260000000000000142e+01 8.032095022949564042e-07
1.265000000000000036e+01 7.843483563372187695e-07
1.270000000000000107e+01 7.660018941370475404e-07
1.275000000000000000e+01 7.481541233809057532e-07
1.280000000000000071e+01 7.307896100759200487e-07
1.285000000000000142e+01 7.138934571317283824e-07
1.290000000000000036e+01 6.974512837296489877e-07
1.295000000000000107e+01 6.814492054448527360e-07
1.300000000000000000e+01 6.658738150980685628e-07
1.305000000000000071e+01 6.507121643202350429e-07
1.310000000000000142e+01 6.359517458219863987e-07
1.315000000000000036e+01 6.215804763630008574e-07
1.320000000000000107e+01 6.075866804197885528e-07
1.325000000000000000e+01 5.939590745501698514e-07
1.330000000000000071e+01 5.806867524510983189e-07
1.335000000000000142e+01 5.677591707024615788e-07
1.340000000000000036e+01 5.551661351850389759e-07
1.345000000000000107e+01 5.428977881532437653e-07
1.350000000000000000e+01 5.309445959386537026e-07
1.355000000000000071e+01 5.192973372519131301e-07
1.360000000000000142e+01 5.079470920461540627e-07
1.365000000000000036e+01 4.968852308995749892e-07
1.370000000000000107e+01 4.861034048721455203e-07
1.375000000000000000e+01 4.755935357896218987e-07
1.380000000000000071e+01 4.653478069087335304e-07
1.385000000000000142e+01 4.553586539202673695e-07
1.390000000000000036e+01 4.456187562500770840e-07
1.395000000000000107e+01 4.361210286250592156e-07
1.400000000000000000e+01 4.268586128771775194e-07
1.405000000000000071e+01 4.178248699664160990e-07
1.410000000000000142e+01 4.090133722123655964e-07
1.415000000000000036e+01 4.004178957298542726e-07
1.420000000000000107e+01 3.920324130729801623e-07
1.425000000000000000e+01 3.838510860958792144e-07
1.430000000000000071e+01 3.758682590432613352e-07
1.435000000000000142e+01 3.680784518862399752e-07
1.440000000000000036e+01 3.604763539186574855e-07
1.445000000000000107e+01 3.530568176287689754e-07
1.450000000000000000e+01 3.458148528564564228e-07
1.455000000000000071e+01 3.387456212436637805e-07
1.460000000000000142e+01 3.318444309780187193e-07
1.465000000000000036e+01 3.251067318251621109e-07
1.470000000000000107e+01 3.185281104377115354e-07
1.475000000000000000e+01 3.121042859238217530e-07
1.480000000000000071e+01 3.058311056518572509e-07
1.485000000000000142e+01 2.997045412648776568e-07
1.490000000000000036e+01 2.937206848750261738e-07
1.495000000000000107e+01 2.878757454073365871e-07
1.500000000000000000e+01 2.821660450630098195e-07
1.505000000000000071e+01 2.765880158748132619e-07
1.510000000000000142e+01 2.711381963305712293e-07
1.515000000000000036e+01 2.658132280465426928e-07
1.520000000000000107e+01 2.606098524777494999e-07
1.525000000000000000e+01 2.555249076590099106e-07
1.530000000000000071e+01 2.505553249768407663e-07
1.535000000000000142e+01 2.456981259785030066e-07
1.540000000000000036e+01 2.409504192289917391e-07
1.545000000000000107e+01 2.363093972321367770e-07
1.550000000000000000e+01 2.317723334328514742e-07
1.555000000000000071e+01 2.273365793202477793e-07
1.560000000000000142e+01 2.229995616494850851e-07
1.565000000000000036e+01 2.187587797988035523e-07
1.570000000000000107e+01 2.146118032748119680e-07
1.575000000000000000e+01 2.105562693738729770e-07
1.580000000000000071e+01 2.065898810026164492e-07
1.585000000000000142e+01 2.027104046547245487e-07
1.590000000000000036e+01 1.989156685361587722e-07
1.595000000000000107e+01 1.952035608240159097e-07
1.600000000000000000e+01 1.915720280425013989e-07
1.605000000000000071e+01 1.880190735335947424e-07
1.610000000000000142e+01 1.845427560003334946e-07
1.615000000000000213e+01 1.811411880986366303e-07
1.619999999999999929e+01 1.778125350553036144e-07
1.625000000000000000e+01 1.745550132928898694e-07
1.630000000000000071e+01 1.713668890442062752e-07
1.635000000000000142e+01 1.682464769460326124e-07
1.640000000000000213e+01 1.651921386047895303e-07
1.644999999999999929e+01 1.622022811340739856e-07
1.650000000000000000e+01 1.592753556682735714e-07
1.655000000000000071e+01 1.564098558621844997e-07
1.660000000000000142e+01 1.536043163896089358e-07
1.665000000000000213e+01 1.508573114578365831e-07
1.669999999999999929e+01 1.481674533562932205e-07
1.675000000000000000e+01 1.455333910570473241e-07
1.680000000000000071e+01 1.429538088850354667e-07
1.685000000000000142e+01 1.404274252723411803e-07
1.690000000000000213e+01 1.379529916081222074e-07
1.694999999999999929e+01 1.355292911905743057e-07
1.700000000000000000e+01 1.331551382832482952e-07
1.705000000000000071e+01 1.308293772723546603e-07
1.710000000000000142e+01 1.285508819171613619e-07
1.715000000000000213e+01 1.263185546811127764e-07
1.719999999999999929e+01 1.241313261276957023e-07
1.725000000000000000e+01 1.219881543632697164e-07
1.730000000000000071e+01 1.198880245066038171e-07
1.735000000000000142e+01 1.178299481669279331e-07
1.740000000000000213e+01 1.158129629113834305e-07
1.744999999999999929e+01 1.138361317078595311e-07
1.750000000000000000e+01 1.118985423305114036e-07
1.755000000000000071e+01 1.099993067210207584e-07
1.760000000000000142e+01 1.081375603034524954e-07
1.765000000000000213e+01 1.063124612535159129e-07
1.769999999999999929e+01 1.045231897305807001e-07
1.775000000000000000e+01 1.027689470821146081e-07
1.780000000000000071e+01 1.010489550346516440e-07
1.785000000000000142e+01 9.936245488744076559e-08
1.790000000000000213e+01 9.770870672553583556e-08
1.794999999999999929e+01 9.608698866880690672e-08
1.800000000000000000e+01 9.449659617208909580e-08
1.805000000000000071e+01 9.293684138874182641e-08
1.810000000000000142e+01 9.140705260655609399e-08
1.815000000000000213e+01 8.990657376099597122e-08
1.819999999999999929e+01 8.843476402597588163e-08
1.825000000000000000e+01 8.699099747812262666e-08
1.830000000000000071e+01 8.557466282651771838e-08
1.835000000000000142e+01 8.418516319567332412e-08
1.840000000000000213e+01 8.282191594758998042e-08
1.844999999999999929e+01 8.148435252639735677e-08
1.850000000000000000e+01 8.017191830898407176e-08
1.855000000000000071e+01 7.888407244477267604e-08
1.860000000000000142e+01 7.762028767098800017e-08
1.865000000000000213e+01 7.638005009032514083e-08
1.869999999999999929e+01 7.516285890388780758e-08
1.875000000000000000e+01 7.396822609347540971e-08
1.880000000000000071e+01 7.279567605436277452e-08
1.885000000000000142e+01 7.164474518136447659e-08
1.890000000000000213e+01 7.051498141699949843e-08
1.894999999999999929e+01 6.940594377198842013e-08
1.900000000000000000e+01 6.831720183195871559e-08
1.905000000000000071e+01 6.724833526548004944e-08
1.910000000000000142e+01 6.619893334805200999e-08
1.915000000000000213e+01 6.516859451720413007e-08
1.920000000000000284e+01 6.415692597098903513e-08
1.925000000000000000e+01 6.316354332029707068e-08
1.930000000000000071e+01 6.218807030135547934e-08
1.935000000000000142e+01 6.123013855169619342e-08
1.940000000000000213e+01 6.028938744809438432e-08
1.945000000000000284e+01 5.936546400174972345e-08
1.950000000000000000e+01 5.845802280219706491e-08
1.955000000000000071e+01 5.756672599834447469e-08
1.960000000000000142e+01 5.669124330323386030e-08
1.965000000000000213e+01 5.583125200794452025e-08
1.970000000000000284e+01 5.498643698968770193e-08
1.975000000000000000e+01 5.415649070065563784e-08
1.980000000000000071e+01 5.334111312504087040e-08
1.985000000000000142e+01 5.254001169565402422e-08
1.990000000000000213e+01 5.175290116367263811e-08
1.995000000000000284e+01 5.097950341935328117e-08
2.000000000000000000e+01 5.021954726523124833e-08
2.005000000000000071e+01 4.947276814700524925e-08
2.010000000000000142e+01 4.873890784999548206e-08
2.015000000000000213e+01 4.801771417299942038e-08
2.020000000000000284e+01 4.730894059163854196e-08
2.025000000000000000e+01 4.661234592480869192e-08
2.030000000000000071e+01 4.592769401844248256e-08
2.035000000000000142e+01 4.525475345872153321e-08
2.040000000000000213e+01 4.459329732492404190e-08
2.045000000000000284e+01 4.394310299084800246e-08
2.050000000000000000e+01 4.330395197835394707e-08
2.055000000000000071e+01 4.267562986557798782e-08
2.060000000000000142e+01 4.205792624587560695e-08
2.065000000000000213e+01 4.145063473346535796e-08
2.070000000000000284e+01 4.085355300566004243e-08
2.075000000000000000e+01 4.026648287156886411e-08
2.080000000000000071e+01 3.968923035443583417e-08
2.085000000000000142e+01 3.912160577421684112e-08
2.090000000000000213e+01 3.856342381797348862e-08
2.095000000000000284e+01 3.801450358582195276e-08
2.100000000000000000e+01 3.747466860314048050e-08
2.105000000000000071e+01 3.694374679170104431e-08
2.110000000000000142e+01 3.642157039552814468e-08
2.115000000000000213e+01 3.590797586165388898e-08
2.120000000000000284e+01 3.540280367727470960e-08
2.125000000000000000e+01 3.490589817064204219e-08
2.130000000000000071e+01 3.441710728296711293e-08
2.135000000000000142e+01 3.393628232288812983e-08
2.140000000000000213e+01 3.346327771509944502e-08
2.145000000000000284e+01 3.299795075545322005e-08
2.150000000000000000e+01 3.254016138476917041e-08
2.155000000000000071e+01 3.208977199180019657e-08
2.160000000000000142e+01 3.164664725413583322e-08
2.165000000000000213e+01 3.121065402300737650e-08
2.170000000000000284e+01 3.078166125502357308e-08
2.175000000000000000e+01 3.035953999092648462e-08
2.180000000000000071e+01 2.994416337746228876e-08
2.185000000000000142e+01 2.953540672673849920e-08
2.190000000000000213e+01 2.913314760394514292e-08
2.195000000000000284e+01 2.873726593302719921e-08
2.200000000000000000e+01 2.834764410868979124e-08
2.205000000000000071e+01 2.796416710322183553e-08
2.210000000000000142e+01 2.758672255604067588e-08
2.215000000000000213e+01 2.721520083722874610e-08
2.220000000000000284e+01 2.684949507618587225e-08
2.225000000000000000e+01 2.648950115069909328e-08
2.230000000000000071e+01 2.613511763392807000e-08
2.235000000000000142e+01 2.578624570007834458e-08
2.240000000000000213e+01 2.544278899231060231e-08
2.245000000000000284e+01 2.510465345945015305e-08
2.250000000000000000e+01 2.477174716990983669e-08
2.255000000000000071e+01 2.444398011337105265e-08
2.260000000000000142e+01 2.412126400075955315e-08
2.265000000000000213e+01 2.380351207436193156e-08
2.270000000000000284e+01 2.349063893763818438e-08
2.275000000000000000e+01 2.318256041466068649e-08
2.280000000000000071e+01 2.287919344543549054e-08
2.285000000000000142e+01 2.258045602186067378e-08
2.290000000000000213e+01 2.228626716569434274e-08
2.295000000000000284e+01 2.199654694749768803e-08
2.300000000000000000e+01 2.171121654201310502e-08
2.305000000000000071e+01 2.143019831407384881e-08
2.310000000000000142e+01 2.115341592553298709e-08
2.315000000000000213e+01 2.088079445396937340e-08
2.320000000000000284e+01 2.061226051229684204e-08
2.325000000000000000e+01 2.034774235832028657e-08
2.330000000000000071e+01 2.008716998545946622e-08
2.335000000000000142e+01 1.983047518489209751e-08
2.340000000000000213e+01 1.957759157456912337e-08
2.345000000000000284e+01 1.932845459009799170e-08
2.350000000000000000e+01 1.908300143719860993e-08
2.355000000000000071e+01 1.884117100728698939e-08
2.360000000000000142e+01 1.860290376049677587e-08
2.365000000000000213e+01 1.836814158290672448e-08
2.370000000000000284e+01 1.813682762666721125e-08
2.375000000000000000e+01 1.790890614225432785e-08
2.380000000000000071e+01 1.768432231324633457e-08
2.385000000000000142e+01 1.746302210355029330e-08
2.390000000000000213e+01 1.724495212635524770e-08
2.395000000000000284e+01 1.703005954165491817e-08
2.400000000000000000e+01 1.681829198841444801e-08
2.405000000000000071e+01 1.660959755406791983e-08
2.410000000000000142e+01 1.640392478172177184e-08
2.415000000000000213e+01 1.620122271316724013e-08
2.420000000000000284e+01 1.600144096216387248e-08
2.425000000000000000e+01 1.580452981247311328e-08
2.430000000000000071e+01 1.561044033123717407e-08
2.435000000000000142e+01 1.541912448857681667e-08
2.440000000000000213e+01 1.523053527399070685e-08
2.445000000000000284e+01 1.504462679979896554e-08
2.450000000000000000e+01 1.486135438333338633e-08
2.455000000000000071e+01 1.468067460136190464e-08
2.460000000000000142e+01 1.450254531141869553e-08
2.465000000000000213e+01 1.432692563833578900e-08
2.470000000000000284e+01 1.415377592550299431e-08
2.475000000000000000e+01 1.398305765367298257e-08
2.480000000000000071e+01 1.381473333250078585e-08
2.485000000000000142e+01 1.364876637113863145e-08
2.490000000000000213e+01 1.348512093627400744e-08
2.495000000000000284e+01 1.332376180692304436e-08
