0.000000000000000000e+00 -1.276262194196726787e-05
5.000000000000000278e-02 1.722584218506613397e-04
1.000000000000000056e-01 3.431091537828234684e-04
1.500000000000000222e-01 5.107053142316013211e-04
2.000000000000000111e-01 6.737336905967513702e-04
2.500000000000000000e-01 8.306542373858958857e-04
3.000000000000000444e-01 9.800792007554329135e-04
3.500000000000000333e-01 1.120670353069484933e-03
4.000000000000000222e-01 1.251190712402756476e-03
4.500000000000000111e-01 1.370493460681410525e-03
5.000000000000000000e-01 1.477549770775651947e-03
5.500000000000000444e-01 1.571458446763894295e-03
6.000000000000000888e-01 1.651444119280459167e-03
6.500000000000000222e-01 1.716891367925746847e-03
7.000000000000000666e-01 1.767301138436885421e-03
7.500000000000000000e-01 1.802349335970246597e-03
8.000000000000000444e-01 1.821844541405707573e-03
8.500000000000000888e-01 1.825824574029177253e-03
9.000000000000000222e-01 1.814340884089506688e-03
9.500000000000000666e-01 1.787728317021023946e-03
1.000000000000000000e+00 1.746384923337947898e-03
1.050000000000000044e+00 1.691016803502389020e-03
1.100000000000000089e+00 1.622265751493651934e-03
1.150000000000000133e+00 1.540938823790564786e-03
1.200000000000000178e+00 1.448126469812734607e-03
1.250000000000000000e+00 1.344821055749968828e-03
1.300000000000000044e+00 1.232270020282236547e-03
1.350000000000000089e+00 1.111710762118698140e-03
1.400000000000000133e+00 9.844497768832093272e-04
1.450000000000000178e+00 8.519945787963658854e-04
1.500000000000000000e+00 7.155372103085428552e-04
1.550000000000000044e+00 5.767140457035533361e-04
1.600000000000000089e+00 4.368239821362437264e-04
1.650000000000000133e+00 2.973275859095450644e-04
1.700000000000000178e+00 1.597049713931888559e-04
1.750000000000000000e+00 2.506943609104825526e-05
1.800000000000000044e+00 -1.052114777039665322e-04
1.850000000000000089e+00 -2.298347909714686566e-04
1.900000000000000133e+00 -3.478577815159100109e-04
1.950000000000000178e+00 -4.582352401223251603e-04
2.000000000000000000e+00 -5.601335479608835757e-04
2.050000000000000266e+00 -6.527761842608573173e-04
2.100000000000000089e+00 -7.356103585075811921e-04
2.149999999999999911e+00 -8.081587361543393199e-04
2.200000000000000178e+00 -8.700343018037925676e-04
2.250000000000000000e+00 -9.210549518987213398e-04
2.300000000000000266e+00 -9.612073645582742487e-04
2.350000000000000089e+00 -9.905193453739549476e-04
2.400000000000000355e+00 -1.009300426973072217e-03
2.450000000000000178e+00 -1.017775838400023294e-03
2.500000000000000000e+00 -1.016462438365887087e-03
2.550000000000000266e+00 -1.005862492443666953e-03
2.600000000000000089e+00 -9.866412891257291245e-04
2.650000000000000355e+00 -9.595152195877302463e-04
2.700000000000000178e+00 -9.252676447027466085e-04
2.750000000000000000e+00 -8.847308918232360498e-04
2.800000000000000266e+00 -8.387629738305756987e-04
2.850000000000000089e+00 -7.882347298436092296e-04
2.900000000000000355e+00 -7.341040953000700989e-04
2.950000000000000178e+00 -6.771939531719940036e-04
3.000000000000000000e+00 -6.183616006150677693e-04
3.050000000000000266e+00 -5.584651964976884144e-04
3.100000000000000089e+00 -4.982831378335209364e-04
3.150000000000000355e+00 -4.385518606884894152e-04
3.200000000000000178e+00 -3.799185561959537993e-04
3.250000000000000000e+00 -3.230026103683050201e-04
3.300000000000000266e+00 -2.683197764111394179e-04
3.350000000000000089e+00 -2.163027247029677513e-04
3.400000000000000355e+00 -1.673751584813894320e-04
3.450000000000000178e+00 -1.217808519853940487e-04
3.500000000000000000e+00 -7.975127822244423143e-05
3.550000000000000266e+00 -4.142672994228151787e-05
3.600000000000000089e+00 -6.877422419613704710e-06
3.650000000000000355e+00 2.386771319465681517e-05
3.700000000000000178e+00 5.088147762064522601e-05
3.750000000000000000e+00 7.426610002733297089e-05
3.800000000000000266e+00 9.416715109144670822e-05
3.850000000000000089e+00 1.107532919824407905e-04
3.900000000000000355e+00 1.242592198776473842e-04
3.950000000000000178e+00 1.349148591245419098e-04
4.000000000000000000e+00 1.429586096203527834e-04
4.049999999999999822e+00 1.486808397686857348e-04
4.100000000000000533e+00 1.522996136041731684e-04
4.150000000000000355e+00 1.541040522110023812e-04
4.200000000000000178e+00 1.543468052478008418e-04
4.250000000000000000e+00 1.532458615160103735e-04
4.299999999999999822e+00 1.510315592084188674e-04
4.350000000000000533e+00 1.479249565539180670e-04
4.400000000000000355e+00 1.440804267113835022e-04
4.450000000000000178e+00 1.396887719966228864e-04
4.500000000000000000e+00 1.348793389415052003e-04
4.549999999999999822e+00 1.297707334278953200e-04
4.600000000000000533e+00 1.244843000034995912e-04
4.650000000000000355e+00 1.190933808191133107e-04
4.700000000000000178e+00 1.136646651573141714e-04
4.750000000000000000e+00 1.082609388275414209e-04
4.800000000000000711e+00 1.029250544315359062e-04
4.850000000000000533e+00 9.768061757326979911e-05
4.900000000000000355e+00 9.255524928186585805e-05
4.950000000000000178e+00 8.756865223049702747e-05
5.000000000000000000e+00 8.272526429211707289e-05
5.050000000000000711e+00 7.803507025425681959e-05
5.100000000000000533e+00 7.350765334805463942e-05
5.150000000000000355e+00 6.914180914051895827e-05
5.200000000000000178e+00 6.493943929572471149e-05
5.250000000000000000e+00 6.090877653337928592e-05
5.300000000000000711e+00 5.705364307847489512e-05
5.350000000000000533e+00 5.337312077678457506e-05
5.400000000000000355e+00 4.987317112955349564e-05
5.450000000000000178e+00 4.655926834933611896e-05
5.500000000000000000e+00 4.343290230894059789e-05
5.550000000000000711e+00 4.049850638633078028e-05
5.600000000000000533e+00 3.775544914999516430e-05
5.650000000000000355e+00 3.520483429251266237e-05
5.700000000000000178e+00 3.284633986201075060e-05
5.750000000000000000e+00 3.067399316725120121e-05
5.800000000000000711e+00 2.868448079279372256e-05
5.850000000000000533e+00 2.686957784971124319e-05
5.900000000000000355e+00 2.521819569149970195e-05
5.950000000000000178e+00 2.372078721643456958e-05
6.000000000000000000e+00 2.236342521601809605e-05
6.050000000000000711e+00 2.113179044246159114e-05
6.100000000000000533e+00 2.001295171720034589e-05
6.150000000000000355e+00 1.898904849450995592e-05
6.200000000000000178e+00 1.804679366554318439e-05
6.250000000000000000e+00 1.717266720931478612e-05
6.300000000000000711e+00 1.635155274528086116e-05
6.350000000000000533e+00 1.557201133730723842e-05
6.400000000000000355e+00 1.482544204665816305e-05
6.450000000000000178e+00 1.410152241766226023e-05
6.500000000000000000e+00 1.339509332678207104e-05
6.550000000000000711e+00 1.270287257814965824e-05
6.600000000000000533e+00 1.202100708211091625e-05
6.650000000000000355e+00 1.135010802054214158e-05
6.700000000000000178e+00 1.069132258228119757e-05
6.750000000000000000e+00 1.004732698723915900e-05
6.800000000000000711e+00 9.421959491199615461e-06
6.850000000000000533e+00 8.819766872428301289e-06
6.900000000000000355e+00 8.244929536620712550e-06
6.950000000000000178e+00 7.702515301042232079e-06
7.000000000000000000e+00 7.196778370184390136e-06
7.050000000000000711e+00 6.730522269504988733e-06
7.100000000000000533e+00 6.307503735830299662e-06
7.150000000000000355e+00 5.928283975129469466e-06
7.200000000000000178e+00 5.593434691379221993e-06
7.250000000000000000e+00 5.301735606871225249e-06
7.300000000000000711e+00 5.051452630619803810e-06
7.350000000000000533e+00 4.838562467811223828e-06
7.400000000000000355e+00 4.659042488527974013e-06
7.450000000000000178e+00 4.507775438331695889e-06
7.500000000000000000e+00 4.378939612421872201e-06
7.550000000000000711e+00 4.266606366205919169e-06
7.600000000000000533e+00 4.164932190395120345e-06
7.650000000000000355e+00 4.068113104884088263e-06
7.700000000000000178e+00 3.971239212704317773e-06
7.750000000000000000e+00 3.869410831050390593e-06
7.800000000000000711e+00 3.759365364935947363e-06
7.850000000000000533e+00 3.638745840725286618e-06
7.900000000000000355e+00 3.505845566274228054e-06
7.950000000000000178e+00 3.360299938768795294e-06
8.000000000000000000e+00 3.203313371657692928e-06
8.050000000000000711e+00 3.035883969405580758e-06
8.099999999999999645e+00 2.861152445559668969e-06
8.150000000000000355e+00 2.682043922396470910e-06
8.200000000000001066e+00 2.502302438474580182e-06
8.250000000000000000e+00 2.325972424931597084e-06
8.300000000000000711e+00 2.156637197620394000e-06
8.349999999999999645e+00 1.998002805981937855e-06
8.400000000000000355e+00 1.853638504347071797e-06
8.450000000000001066e+00 1.726125282429120123e-06
8.500000000000000000e+00 1.617533520023602801e-06
8.550000000000000711e+00 1.528811956216991039e-06
8.599999999999999645e+00 1.460556496084486446e-06
8.650000000000000355e+00 1.412040153216752193e-06
8.700000000000001066e+00 1.381869566244587949e-06
8.750000000000000000e+00 1.368210512907871405e-06
8.800000000000000711e+00 1.368154044718848736e-06
8.849999999999999645e+00 1.378239712039306616e-06
8.900000000000000355e+00 1.395173604761263201e-06
8.950000000000001066e+00 1.415135746349205299e-06
9.000000000000000000e+00 1.434434336853030596e-06
9.050000000000000711e+00 1.449887691578416152e-06
9.099999999999999645e+00 1.458304316566181242e-06
9.150000000000000355e+00 1.457161689290444466e-06
9.200000000000001066e+00 1.444578385636069175e-06
9.250000000000000000e+00 1.419562057508135314e-06
9.300000000000000711e+00 1.381492414786352182e-06
9.349999999999999645e+00 1.330977857184304926e-06
9.400000000000000355e+00 1.268845620700375469e-06
9.450000000000001066e+00 1.196802012650630163e-06
9.500000000000000000e+00 1.117224650486786157e-06
9.550000000000000711e+00 1.032607600381272091e-06
9.600000000000001421e+00 9.457754386745938319e-07
9.650000000000000355e+00 8.598902164404454811e-07
9.700000000000001066e+00 7.776949343133005751e-07
9.750000000000000000e+00 7.019268422898944507e-07
9.800000000000000711e+00 6.350246780532365569e-07
9.850000000000001421e+00 5.788945239706081854e-07
9.900000000000000355e+00 5.349091324178107982e-07
9.950000000000001066e+00 5.037870869959298028e-07
1.000000000000000000e+01 4.857236072574050998e-07
1.005000000000000071e+01 4.801677133618474523e-07
1.010000000000000142e+01 4.860861557143117342e-07
1.015000000000000036e+01 5.018186949181436431e-07
1.020000000000000107e+01 5.254212161438655481e-07
1.025000000000000000e+01 5.544426671969034165e-07
1.030000000000000071e+01 5.863580317910518204e-07
1.035000000000000142e+01 6.185257286347207859e-07
1.040000000000000036e+01 6.484738566250694929e-07
1.045000000000000107e+01 6.738104045520924284e-07
1.050000000000000000e+01 6.924717161272990304e-07
1.055000000000000071e+01 7.028887400510685675e-07
1.060000000000000142e+01 7.038742909696324564e-07
1.065000000000000036e+01 6.948469311559996355e-07
1.070000000000000107e+01 6.757401888963347464e-07
1.075000000000000000e+01 6.470511045057918493e-07
1.080000000000000071e+01 6.097217081888787501e-07
1.085000000000000142e+01 5.651767758134811618e-07
1.090000000000000036e+01 5.152275317537018600e-07
1.095000000000000107e+01 4.618786652737423396e-07
1.100000000000000000e+01 4.073913319927801144e-07
1.105000000000000071e+01 3.539632126477424325e-07
1.110000000000000142e+01 3.037129845860760551e-07
1.115000000000000036e+01 2.586478362894391933e-07
1.120000000000000107e+01 2.204613866921628215e-07
1.125000000000000000e+01 1.904257676454973550e-07
1.130000000000000071e+01 1.694763193765827427e-07
1.135000000000000142e+01 1.579922442789864887e-07
1.140000000000000036e+01 1.559073833127456149e-07
1.145000000000000107e+01 1.627312021395380849e-07
1.150000000000000000e+01 1.775175688484360935e-07
1.155000000000000071e+01 1.989160805184756482e-07
1.160000000000000142e+01 2.252988058461624277e-07
1.165000000000000036e+01 2.548286515789787729e-07
1.170000000000000107e+01 2.855118842483693023e-07
1.175000000000000000e+01 3.154729015883309734e-07
1.180000000000000071e+01 3.426268567219785599e-07
1.185000000000000142e+01 3.659136584835932452e-07
1.190000000000000036e+01 3.815290476728691955e-07
1.195000000000000107e+01 3.971900349112435927e-07
1.200000000000000000e+01 1.635535966648217874e-07
1.205000000000000071e+01 1.614837272906074032e-07
1.210000000000000142e+01 1.594482139407054386e-07
1.215000000000000036e+01 1.574074352491732878e-07
1.220000000000000107e+01 1.553983109311960856e-07
1.225000000000000000e+01 1.533987513378016423e-07
1.230000000000000071e+01 1.514280251783700335e-07
1.235000000000000142e+01 1.494668002264055673e-07
1.240000000000000036e+01 1.475316935351756905e-07
1.245000000000000107e+01 1.456107322321103209e-07
1.250000000000000000e+01 1.437085585562522983e-07
1.255000000000000071e+01 1.418250607246558178e-07
1.260000000000000142e+01 1.399624155608053103e-07
1.265000000000000036e+01 1.381227318184476787e-07
1.270000000000000107e+01 1.362945131647208801e-07
1.275000000000000000e+01 1.344912331698899619e-07
1.280000000000000071e+01 1.326926140187461214e-07
1.285000000000000142e+01 1.309275301237957796e-07
1.290000000000000036e+01 1.291801844072929622e-07
1.295000000000000107e+01 1.274482833933020259e-07
1.300000000000000000e+01 1.257317557172036432e-07
1.305000000000000071e+01 1.240412557406356472e-07
1.310000000000000142e+01 1.223615694125507775e-07
1.315000000000000036e+01 1.207054048149652106e-07
