0.000000000000000000e+00 -9.692800769321192889e-02
5.000000000000000278e-02 -1.004288858866884959e-01
1.000000000000000056e-01 -9.989286905397580518e-02
1.500000000000000222e-01 -9.886367494064143835e-02
2.000000000000000111e-01 -9.748018967930666134e-02
2.500000000000000000e-01 -9.567918090730433145e-02
3.000000000000000444e-01 -9.351613212289147659e-02
3.500000000000000333e-01 -9.097678982463502928e-02
4.000000000000000222e-01 -8.806201505815039465e-02
4.500000000000000111e-01 -8.482633367600500574e-02
5.000000000000000000e-01 -8.110885153789215707e-02
5.500000000000000444e-01 -7.728789575809141832e-02
6.000000000000000888e-01 -7.291393424757065811e-02
6.500000000000000222e-01 -6.832645371954558511e-02
7.000000000000000666e-01 -6.352014210238478287e-02
7.500000000000000000e-01 -5.824364295620958892e-02
8.000000000000000444e-01 -5.291374258934419123e-02
8.500000000000000888e-01 -4.723265713182148856e-02
9.000000000000000222e-01 -4.148623578812121737e-02
9.500000000000000666e-01 -3.532869551354357596e-02
1.000000000000000000e+00 -2.915767101027699759e-02
1.050000000000000044e+00 -2.294889239771755185e-02
1.100000000000000089e+00 -1.645224231894657635e-02
1.150000000000000133e+00 -9.999815444513514978e-03
1.200000000000000178e+00 -3.481546123619924920e-03
1.250000000000000000e+00 3.025045300672799670e-03
1.300000000000000044e+00 9.503423342700323406e-03
1.350000000000000089e+00 1.589865169537324832e-02
1.400000000000000133e+00 2.218298589773677956e-02
1.450000000000000178e+00 2.831617531700081000e-02
1.500000000000000000e+00 3.426583830167127809e-02
1.550000000000000044e+00 3.997847508539804917e-02
1.600000000000000089e+00 4.543090947963709936e-02
1.650000000000000133e+00 5.057360305194659456e-02
1.700000000000000178e+00 5.537374526156383509e-02
1.750000000000000000e+00 5.980155220452804815e-02
1.800000000000000044e+00 6.382997069809706603e-02
1.850000000000000089e+00 6.741051915706181008e-02
1.900000000000000133e+00 7.053326285712321897e-02
1.950000000000000178e+00 7.315692646921934106e-02
2.000000000000000000e+00 7.527429817313913141e-02
2.050000000000000266e+00 7.686975532277738610e-02
2.100000000000000089e+00 7.793808404492827413e-02
2.149999999999999911e+00 7.846062132078746032e-02
2.200000000000000178e+00 7.845229469934456024e-02
2.250000000000000000e+00 7.789722475332487572e-02
2.300000000000000266e+00 7.685492749837585791e-02
2.350000000000000089e+00 7.527166071782193102e-02
2.400000000000000355e+00 7.322727854086151511e-02
2.450000000000000178e+00 7.073782696108511792e-02
2.500000000000000000e+00 6.779025606005820159e-02
2.550000000000000266e+00 6.449500949582502585e-02
2.600000000000000089e+00 6.084092683186420603e-02
2.650000000000000355e+00 5.689749088942980260e-02
2.700000000000000178e+00 5.268677446975695428e-02
2.750000000000000000e+00 4.829225492787784374e-02
2.800000000000000266e+00 4.373449189212847560e-02
2.850000000000000089e+00 3.907414321582169947e-02
2.900000000000000355e+00 3.436335098433499630e-02
2.950000000000000178e+00 2.965049763207526501e-02
3.000000000000000000e+00 2.498178780970435400e-02
3.050000000000000266e+00 2.040260971215835523e-02
3.100000000000000089e+00 1.595459679421082355e-02
3.150000000000000355e+00 1.167585129793659825e-02
3.200000000000000178e+00 7.602777374467449036e-03
3.250000000000000000e+00 3.759381290625185817e-03
3.300000000000000266e+00 1.731252615373586850e-04
3.350000000000000089e+00 -3.135837573420318866e-03
3.400000000000000355e+00 -6.153816289511066483e-03
3.450000000000000178e+00 -8.868776694516236278e-03
3.500000000000000000e+00 -1.127797046379248359e-02
3.550000000000000266e+00 -1.337964552339116278e-02
3.600000000000000089e+00 -1.517808848948896949e-02
3.650000000000000355e+00 -1.668015421696337347e-02
3.700000000000000178e+00 -1.789581466125797146e-02
3.750000000000000000e+00 -1.884311206311937645e-02
3.800000000000000266e+00 -1.952572054472450844e-02
3.850000000000000089e+00 -1.999006925311069827e-02
3.900000000000000355e+00 -2.021508345616296679e-02
3.950000000000000178e+00 -2.025635831972797188e-02
4.000000000000000000e+00 -2.011580521182887785e-02
4.049999999999999822e+00 -1.982293466368433704e-02
4.100000000000000533e+00 -1.939574505082771946e-02
4.150000000000000355e+00 -1.885104825399762374e-02
4.200000000000000178e+00 -1.821736391334362673e-02
4.250000000000000000e+00 -1.750402038286399606e-02
4.299999999999999822e+00 -1.673234036197776553e-02
4.350000000000000533e+00 -1.591774759929353092e-02
4.400000000000000355e+00 -1.507321214605779336e-02
4.450000000000000178e+00 -1.421256109135199744e-02
4.500000000000000000e+00 -1.334628904461914248e-02
4.549999999999999822e+00 -1.248426859045860191e-02
4.600000000000000533e+00 -1.163508035248257862e-02
4.650000000000000355e+00 -1.080559417865735103e-02
4.700000000000000178e+00 -1.000115688295973547e-02
4.750000000000000000e+00 -9.227554028973595016e-03
4.800000000000000711e+00 -8.486264001010889596e-03
4.850000000000000533e+00 -7.785198907394082733e-03
4.900000000000000355e+00 -7.114525732822908274e-03
4.950000000000000178e+00 -6.491178852588837429e-03
5.000000000000000000e+00 -5.903791481613279019e-03
5.050000000000000711e+00 -5.357274402485534028e-03
5.100000000000000533e+00 -4.849860249641091761e-03
5.150000000000000355e+00 -4.381148103162257890e-03
5.200000000000000178e+00 -3.949666635681519690e-03
5.250000000000000000e+00 -3.554033714461023608e-03
5.300000000000000711e+00 -3.193103788513843282e-03
5.350000000000000533e+00 -2.863826937638718276e-03
5.400000000000000355e+00 -2.565535193107092680e-03
5.450000000000000178e+00 -2.295532066306788053e-03
5.500000000000000000e+00 -2.052016136688936902e-03
5.550000000000000711e+00 -1.832852455190761435e-03
5.600000000000000533e+00 -1.636032226433796781e-03
5.650000000000000355e+00 -1.459590629298915254e-03
5.700000000000000178e+00 -1.301382651975611536e-03
5.750000000000000000e+00 -1.160182837087438048e-03
5.800000000000000711e+00 -1.034583218266572078e-03
5.850000000000000533e+00 -9.171805350442085612e-04
5.900000000000000355e+00 -8.235110968782978881e-04
5.950000000000000178e+00 -7.276502808146560752e-04
6.000000000000000000e+00 -6.137227103559036870e-04
6.050000000000000711e+00 -5.509006015090846210e-04
6.100000000000000533e+00 -4.945049434308211979e-04
6.150000000000000355e+00 -4.438623264452093518e-04
6.200000000000000178e+00 -3.983957042314401000e-04
6.250000000000000000e+00 -3.575851878815488054e-04
6.300000000000000711e+00 -3.209415261384230200e-04
6.350000000000000533e+00 -2.880460892599862022e-04
6.400000000000000355e+00 -2.585217052999319565e-04
6.450000000000000178e+00 -2.320132735786561648e-04
6.500000000000000000e+00 -2.082194674897730143e-04
6.550000000000000711e+00 -1.868645686560937763e-04
