0.000000000000000000e+00 -1.221507918133701992e-01
5.000000000000000278e-02 -1.264726972238436331e-01
1.000000000000000056e-01 -1.257813605548187275e-01
1.500000000000000222e-01 -1.245213748678522664e-01
2.000000000000000111e-01 -1.228010327284618647e-01
2.500000000000000000e-01 -1.205935086470710932e-01
3.000000000000000444e-01 -1.179400030736498239e-01
3.500000000000000333e-01 -1.148595465885687839e-01
4.000000000000000222e-01 -1.113370333214652730e-01
4.500000000000000111e-01 -1.073974568975526733e-01
5.000000000000000000e-01 -1.030777155551961394e-01
5.500000000000000444e-01 -9.839082555671924135e-02
6.000000000000000888e-01 -9.337311212276561134e-02
6.500000000000000222e-01 -8.802115665501923647e-02
7.000000000000000666e-01 -8.241328979879751493e-02
7.500000000000000000e-01 -7.650527814260690840e-02
8.000000000000000444e-01 -7.036846879209893157e-02
8.500000000000000888e-01 -6.403801134121439587e-02
9.000000000000000222e-01 -5.750210926457750837e-02
9.500000000000000666e-01 -5.082299619112837230e-02
1.000000000000000000e+00 -4.401131301415284192e-02
1.050000000000000044e+00 -3.709731741204874006e-02
1.100000000000000089e+00 -3.011673541243336735e-02
1.150000000000000133e+00 -2.310028195116261077e-02
1.200000000000000178e+00 -1.606014307057738663e-02
1.250000000000000000e+00 -9.043136880314429221e-03
1.300000000000000044e+00 -2.073391011521006320e-03
1.350000000000000089e+00 4.805533098380867542e-03
1.400000000000000133e+00 1.157332024114197597e-02
1.450000000000000178e+00 1.819384130546502706e-02
1.500000000000000000e+00 2.464279383823036670e-02
1.550000000000000044e+00 3.086508123222082844e-02
1.600000000000000089e+00 3.683827006564944356e-02
1.650000000000000133e+00 4.253331975913892532e-02
1.700000000000000178e+00 4.788511941158841989e-02
1.750000000000000000e+00 5.292486800744602288e-02
1.800000000000000044e+00 5.753026955744093562e-02
1.850000000000000089e+00 6.174485666310636223e-02
1.900000000000000133e+00 6.550181671908954228e-02
1.950000000000000178e+00 6.878473580694270673e-02
2.000000000000000000e+00 7.156955307447791792e-02
2.050000000000000266e+00 7.383466071004621267e-02
2.100000000000000089e+00 7.556368324155637861e-02
2.149999999999999911e+00 7.675885059888525042e-02
2.200000000000000178e+00 7.739897443528043208e-02
2.250000000000000000e+00 7.748645908176889086e-02
2.300000000000000266e+00 7.703007203474010467e-02
2.350000000000000089e+00 7.603785185560305027e-02
2.400000000000000355e+00 7.453891637680937210e-02
2.450000000000000178e+00 7.254675031707551180e-02
2.500000000000000000e+00 7.008179813488320253e-02
2.550000000000000266e+00 6.719258053034880829e-02
2.600000000000000089e+00 6.391653164123153874e-02
2.650000000000000355e+00 6.027510985413118971e-02
2.700000000000000178e+00 5.635214910941624411e-02
2.750000000000000000e+00 5.214246516727542857e-02
2.800000000000000266e+00 4.775747239900346441e-02
2.850000000000000089e+00 4.320180772533264296e-02
2.900000000000000355e+00 3.855077469482183494e-02
2.950000000000000178e+00 3.387786893550098766e-02
3.000000000000000000e+00 2.914645178449711341e-02
3.050000000000000266e+00 2.451447635510061590e-02
3.100000000000000089e+00 1.995824179538861071e-02
3.150000000000000355e+00 1.554384125466157923e-02
3.200000000000000178e+00 1.130702218078845529e-02
3.250000000000000000e+00 7.271590495612723255e-03
3.300000000000000266e+00 3.484184431774479864e-03
3.350000000000000089e+00 -5.946152603788368166e-05
3.400000000000000355e+00 -3.300098468236069282e-03
3.450000000000000178e+00 -6.263640940458250345e-03
3.500000000000000000e+00 -8.916580296487511964e-03
3.550000000000000266e+00 -1.126507711601949444e-02
3.600000000000000089e+00 -1.330706054941972055e-02
3.650000000000000355e+00 -1.504752142458725545e-02
3.700000000000000178e+00 -1.649533815951098603e-02
3.750000000000000000e+00 -1.766119217749244699e-02
3.800000000000000266e+00 -1.856437677226602245e-02
3.850000000000000089e+00 -1.921091865129816861e-02
3.900000000000000355e+00 -1.963092322483539834e-02
3.950000000000000178e+00 -1.983775036337070627e-02
4.000000000000000000e+00 -1.985351401473378977e-02
4.049999999999999822e+00 -1.969994338227734620e-02
4.100000000000000533e+00 -1.939609699311938343e-02
4.150000000000000355e+00 -1.896322477834264109e-02
4.200000000000000178e+00 -1.842284858048127624e-02
4.250000000000000000e+00 -1.779080070067051017e-02
4.299999999999999822e+00 -1.708734849924940444e-02
4.350000000000000533e+00 -1.632684427179623490e-02
4.400000000000000355e+00 -1.552656665709313370e-02
4.450000000000000178e+00 -1.469829347043461083e-02
4.500000000000000000e+00 -1.385501642358491665e-02
4.549999999999999822e+00 -1.300681479946211999e-02
4.600000000000000533e+00 -1.216500590559808394e-02
4.650000000000000355e+00 -1.133183971216523631e-02
4.700000000000000178e+00 -1.052385688395459859e-02
4.750000000000000000e+00 -9.736287467022548825e-03
4.800000000000000711e+00 -8.982573652203288544e-03
4.850000000000000533e+00 -8.255675424492353240e-03
4.900000000000000355e+00 -7.569454411816135646e-03
4.950000000000000178e+00 -6.917580673351162585e-03
5.000000000000000000e+00 -6.320065232638210490e-03
5.050000000000000711e+00 -5.722229309576211571e-03
5.100000000000000533e+00 -5.204797867924664152e-03
5.150000000000000355e+00 -4.705731153538384587e-03
5.200000000000000178e+00 -4.248826147002074394e-03
5.250000000000000000e+00 -3.831011852744405522e-03
5.300000000000000711e+00 -3.434160772841062317e-03
5.350000000000000533e+00 -3.100116133628366601e-03
5.400000000000000355e+00 -2.769423854641030278e-03
5.450000000000000178e+00 -2.481253371417689677e-03
5.500000000000000000e+00 -2.218073813939674000e-03
5.550000000000000711e+00 -1.981429732959174520e-03
5.600000000000000533e+00 -1.768347737460571750e-03
5.650000000000000355e+00 -1.576827338357842225e-03
5.700000000000000178e+00 -1.405690028832351241e-03
5.750000000000000000e+00 -1.251670154159961789e-03
5.800000000000000711e+00 -1.114457151778356064e-03
5.850000000000000533e+00 -9.916237389130681725e-04
5.900000000000000355e+00 -8.817777457087079291e-04
5.950000000000000178e+00 -7.837730039704235777e-04
6.000000000000000000e+00 -6.963531557830972838e-04
6.050000000000000711e+00 -6.170742489306984364e-04
6.100000000000000533e+00 -5.490088344697110221e-04
6.150000000000000355e+00 -4.856677510444691939e-04
6.200000000000000178e+00 -4.303573785759697533e-04
6.250000000000000000e+00 -3.818858786714415896e-04
6.300000000000000711e+00 -3.347010546514330299e-04
6.350000000000000533e+00 -3.020619666969519322e-04
6.400000000000000355e+00 -2.648580187804609959e-04
6.450000000000000178e+00 -2.335978780007183465e-04
6.500000000000000000e+00 -2.080960279121252287e-04
6.550000000000000711e+00 -1.872729909083995967e-04
6.600000000000000533e+00 -1.654353531796981785e-04
6.650000000000000355e+00 -1.494196699933056816e-04
6.700000000000000178e+00 -1.344214094481068411e-04
6.750000000000000000e+00 -1.217696191174908143e-04
6.800000000000000711e+00 -1.107354927892699643e-04
6.850000000000000533e+00 -1.010480434997591050e-04
6.900000000000000355e+00 -9.276904556124049577e-05
6.950000000000000178e+00 -8.432105085413627195e-05
7.000000000000000000e+00 -8.366760897939163721e-05
7.050000000000000711e+00 -7.482340887233210813e-05
7.100000000000000533e+00 -6.691344835629547819e-05
7.150000000000000355e+00 -5.983872714007938898e-05
7.200000000000000178e+00 -5.351131484782617877e-05
7.250000000000000000e+00 -4.785195951685533339e-05
7.300000000000000711e+00 -4.279077556574053772e-05
7.350000000000000533e+00 -3.826436796712675794e-05
7.400000000000000355e+00 -3.421607469337318289e-05
7.450000000000000178e+00 -3.059584802032345172e-05
7.500000000000000000e+00 -2.735836244890406179e-05
7.550000000000000711e+00 -2.446307502419878727e-05
7.600000000000000533e+00 -2.187382650143097375e-05
7.650000000000000355e+00 -1.955851878006535871e-05
