0.000000000000000000e+00 -1.109684411471403685e-05
5.000000000000000278e-02 -1.616004232959511316e-07
1.000000000000000056e-01 -1.281105611389013250e-06
1.500000000000000222e-01 -4.615219905114876279e-06
2.000000000000000111e-01 -1.102546517969885866e-05
2.500000000000000000e-01 -2.149461838021476199e-05
3.000000000000000444e-01 -3.685303808964394132e-05
3.500000000000000333e-01 -5.784115501882852056e-05
4.000000000000000222e-01 -8.507361491560620347e-05
4.500000000000000111e-01 -1.190169514476139461e-04
5.000000000000000000e-01 -1.599993245769563196e-04
5.500000000000000444e-01 -2.081732806628245247e-04
6.000000000000000888e-01 -2.635309458310880850e-04
6.500000000000000222e-01 -3.258886253085077536e-04
7.000000000000000666e-01 -3.948867479176188422e-04
7.500000000000000000e-01 -4.699953850998721456e-04
8.000000000000000444e-01 -5.505242442857616932e-04
8.500000000000000888e-01 -6.356257214061051142e-04
9.000000000000000222e-01 -7.242988195228348578e-04
9.500000000000000666e-01 -8.154173398799227385e-04
1.000000000000000000e+00 -9.077486863584300486e-04
1.050000000000000044e+00 -9.999623929754133510e-04
1.100000000000000089e+00 -1.090732418579467818e-03
1.150000000000000133e+00 -1.178322970548548307e-03
1.200000000000000178e+00 -1.261954836518177671e-03
1.250000000000000000e+00 -1.339313452549303115e-03
1.300000000000000044e+00 -1.409572042272812199e-03
1.350000000000000089e+00 -1.471176196712042960e-03
1.400000000000000133e+00 -1.522881286466464500e-03
1.450000000000000178e+00 -1.563441969881437799e-03
1.500000000000000000e+00 -1.592274748047721065e-03
1.550000000000000044e+00 -1.607354456579580641e-03
1.600000000000000089e+00 -1.609542750333993770e-03
1.650000000000000133e+00 -1.597162844137668030e-03
1.700000000000000178e+00 -1.570443523784908818e-03
1.750000000000000000e+00 -1.529098122240296013e-03
1.800000000000000044e+00 -1.473231104608864516e-03
1.850000000000000089e+00 -1.403293235738681081e-03
1.900000000000000133e+00 -1.319775613594406866e-03
1.950000000000000178e+00 -1.223442774630482521e-03
2.000000000000000000e+00 -1.115217783933276528e-03
2.050000000000000266e+00 -9.963379718614449702e-04
2.100000000000000089e+00 -8.679828235241040515e-04
2.149999999999999911e+00 -7.316414331413203338e-04
2.200000000000000178e+00 -5.888927693186567789e-04
2.250000000000000000e+00 -4.414185200227068698e-04
2.300000000000000266e+00 -2.909128905668517044e-04
2.350000000000000089e+00 -1.391617360029791890e-04
2.400000000000000355e+00 1.208043593367353455e-05
2.450000000000000178e+00 1.609839144592154500e-04
2.500000000000000000e+00 3.059186685718172870e-04
2.550000000000000266e+00 4.452797979594638896e-04
2.600000000000000089e+00 5.774333101040437068e-04
2.650000000000000355e+00 7.010048018345462146e-04
2.700000000000000178e+00 8.148846951479210912e-04
2.750000000000000000e+00 9.177690901558437564e-04
2.800000000000000266e+00 1.008912888564310936e-03
2.850000000000000089e+00 1.087611902604749886e-03
2.900000000000000355e+00 1.153303287492244474e-03
2.950000000000000178e+00 1.205650984404806969e-03
3.000000000000000000e+00 1.244576420697365675e-03
3.050000000000000266e+00 1.270326151463797675e-03
3.100000000000000089e+00 1.282656951900777026e-03
3.150000000000000355e+00 1.282853945634769956e-03
3.200000000000000178e+00 1.270810192412538198e-03
3.250000000000000000e+00 1.247913150923095002e-03
3.300000000000000266e+00 1.214388169992455932e-03
3.350000000000000089e+00 1.171777061763180005e-03
3.400000000000000355e+00 1.120947087234058044e-03
3.450000000000000178e+00 1.063111885724259608e-03
3.500000000000000000e+00 9.994083040042534352e-04
3.550000000000000266e+00 9.310903610481123917e-04
3.600000000000000089e+00 8.593706897031915112e-04
3.650000000000000355e+00 7.853115231370399974e-04
3.700000000000000178e+00 7.101024322311204687e-04
3.750000000000000000e+00 6.347747842890392620e-04
3.800000000000000266e+00 5.602993331119029670e-04
3.850000000000000089e+00 4.875428578805565661e-04
3.900000000000000355e+00 4.173256049287547322e-04
3.950000000000000178e+00 3.500447424246699033e-04
4.000000000000000000e+00 2.869144457391323288e-04
4.049999999999999822e+00 2.276315572145836135e-04
4.100000000000000533e+00 1.725908073063533315e-04
4.150000000000000355e+00 1.226380039145280989e-04
4.200000000000000178e+00 7.720011892185533390e-05
4.250000000000000000e+00 3.665626119041098384e-05
4.299999999999999822e+00 7.892800636234485434e-07
4.350000000000000533e+00 -3.055235430063983317e-05
4.400000000000000355e+00 -5.753497366557495262e-05
4.450000000000000178e+00 -8.045939035371156361e-05
4.500000000000000000e+00 -9.962711032445638478e-05
4.549999999999999822e+00 -1.153718720708749626e-04
4.600000000000000533e+00 -1.280634708870194644e-04
4.650000000000000355e+00 -1.380430503376185876e-04
4.700000000000000178e+00 -1.456467295785635323e-04
4.750000000000000000e+00 -1.512660855567185818e-04
4.800000000000000711e+00 -1.551863868670707691e-04
4.850000000000000533e+00 -1.577025182610397038e-04
4.900000000000000355e+00 -1.590925222512272637e-04
4.950000000000000178e+00 -1.595768847641951000e-04
5.000000000000000000e+00 -1.593602078422962358e-04
5.050000000000000711e+00 -1.585740074374614032e-04
5.100000000000000533e+00 -1.574017173184137804e-04
5.150000000000000355e+00 -1.557807296544437472e-04
5.200000000000000178e+00 -1.541314509288534802e-04
5.250000000000000000e+00 -1.519996054091652836e-04
5.300000000000000711e+00 -1.497909714582633747e-04
5.350000000000000533e+00 -1.473308876404539377e-04
5.400000000000000355e+00 -1.446599852195388711e-04
5.450000000000000178e+00 -1.417507083251678371e-04
5.500000000000000000e+00 -1.385783037423134331e-04
5.550000000000000711e+00 -1.351339534617947689e-04
5.600000000000000533e+00 -1.313931279646081960e-04
5.650000000000000355e+00 -1.273468481507712105e-04
5.700000000000000178e+00 -1.230049011074563290e-04
5.750000000000000000e+00 -1.183635993367581924e-04
5.800000000000000711e+00 -1.134713937178284660e-04
5.850000000000000533e+00 -1.083158501930525246e-04
5.900000000000000355e+00 -1.030059725291896744e-04
5.950000000000000178e+00 -9.750693313205553671e-05
6.000000000000000000e+00 -7.494860591869567136e-05
6.050000000000000711e+00 -7.185500476528930078e-05
6.100000000000000533e+00 -6.888775238611005876e-05
6.150000000000000355e+00 -6.603230175580752329e-05
6.200000000000000178e+00 -6.328942033577430819e-05
6.250000000000000000e+00 -6.065919905071201246e-05
6.300000000000000711e+00 -5.813016428764986412e-05
6.350000000000000533e+00 -5.570138759648087196e-05
6.400000000000000355e+00 -5.337312583168080782e-05
6.450000000000000178e+00 -5.113575646625438041e-05
6.500000000000000000e+00 -4.898826458311442974e-05
6.550000000000000711e+00 -4.692983893316904543e-05
