0.000000000000000000e+00 -0.000000000000000000e+00
5.000000000000000278e-02 2.705698941083127672e-10
1.000000000000000056e-01 8.645855876243340236e-09
1.500000000000000222e-01 6.549726266565566957e-08
2.000000000000000111e-01 2.750730387389476221e-07
2.500000000000000000e-01 8.357772730512261616e-07
3.000000000000000444e-01 2.068409585811169897e-06
3.500000000000000333e-01 4.441613542302737368e-06
4.000000000000000222e-01 8.593739912547136196e-06
4.500000000000000111e-01 1.535025848756874206e-05
5.000000000000000000e-01 2.573591185405296874e-05
5.500000000000000444e-01 4.098067107759029100e-05
6.000000000000000888e-01 6.251871929057328402e-05
6.500000000000000222e-01 9.197967958613716924e-05
7.000000000000000666e-01 1.311714699923116655e-04
7.500000000000000000e-01 1.820543402429066187e-04
8.000000000000000444e-01 2.467058176226627204e-04
8.500000000000000888e-01 3.272767606264331917e-04
9.000000000000000222e-01 4.259386996364486022e-04
9.500000000000000666e-01 5.448233775459683905e-04
1.000000000000000000e+00 6.859554829852543582e-04
1.050000000000000044e+00 8.511801061408858947e-04
1.100000000000000089e+00 1.042086738421094897e-03
1.150000000000000133e+00 1.259931981792086373e-03
1.200000000000000178e+00 1.505563407047877519e-03
1.250000000000000000e+00 1.779347195566384401e-03
1.300000000000000044e+00 2.081102329768521123e-03
1.350000000000000089e+00 2.410044103167884467e-03
1.400000000000000133e+00 2.764739639360904062e-03
1.450000000000000178e+00 3.143077904900339319e-03
1.500000000000000000e+00 3.542256387004213969e-03
1.550000000000000044e+00 3.958786185597565691e-03
1.600000000000000089e+00 4.388516751155849618e-03
1.650000000000000133e+00 4.826680901049091969e-03
1.700000000000000178e+00 5.267960084131860683e-03
1.750000000000000000e+00 5.706569170538245729e-03
1.800000000000000044e+00 6.136359344079721397e-03
1.850000000000000089e+00 6.550936911927746249e-03
1.900000000000000133e+00 6.943795372723915102e-03
1.950000000000000178e+00 7.308457229817965847e-03
2.000000000000000000e+00 7.638621929797899217e-03
2.050000000000000266e+00 7.928315523578415014e-03
2.100000000000000089e+00 8.172037829749864354e-03
2.149999999999999911e+00 8.364902543957579081e-03
2.200000000000000178e+00 8.502765962719984263e-03
2.250000000000000000e+00 8.582340227677164382e-03
2.300000000000000266e+00 8.601287230873878170e-03
2.350000000000000089e+00 8.558290243757118304e-03
2.400000000000000355e+00 8.453100675188941066e-03
2.450000000000000178e+00 8.286558009025311172e-03
2.500000000000000000e+00 8.060582372585257949e-03
2.550000000000000266e+00 7.778139484133323595e-03
2.600000000000000089e+00 7.443178860448986314e-03
2.650000000000000355e+00 7.060547057492580492e-03
2.700000000000000178e+00 6.635878391802026155e-03
2.750000000000000000e+00 6.175466403800413361e-03
2.800000000000000266e+00 5.686119859052475752e-03
2.850000000000000089e+00 5.175007591695425860e-03
2.900000000000000355e+00 4.649496743681472664e-03
2.950000000000000178e+00 4.116989194445348429e-03
3.000000000000000000e+00 3.584760835927919102e-03
3.050000000000000266e+00 3.059808287386403536e-03
3.100000000000000089e+00 2.548707188819247880e-03
3.150000000000000355e+00 2.057485946720495791e-03
3.200000000000000178e+00 1.591517862729492855e-03
3.250000000000000000e+00 1.155434318823408317e-03
3.300000000000000266e+00 7.530604765866963802e-04
3.350000000000000089e+00 3.873748375635537857e-04
3.400000000000000355e+00 6.049224286634525595e-05
3.450000000000000178e+00 -2.263298281223591465e-04
3.500000000000000000e+00 -4.726632892338495013e-04
3.550000000000000266e+00 -6.788617090212070932e-04
3.600000000000000089e+00 -8.459952805183095295e-04
3.650000000000000355e+00 -9.757715278773936582e-04
3.700000000000000178e+00 -1.070444949150540104e-03
3.750000000000000000e+00 -1.132719024206901371e-03
3.800000000000000266e+00 -1.165644055312050698e-03
3.850000000000000089e+00 -1.172514214756696736e-03
3.900000000000000355e+00 -1.156766921976726346e-03
3.950000000000000178e+00 -1.121887556621623590e-03
4.000000000000000000e+00 -1.071321777990389638e-03
4.049999999999999822e+00 -1.008397667341169373e-03
4.100000000000000533e+00 -9.362590459532245651e-04
4.150000000000000355e+00 -8.578112415469481234e-04
4.200000000000000178e+00 -7.756795141907682359e-04
4.250000000000000000e+00 -6.921803243057599031e-04
4.299999999999999822e+00 -6.093049812251397340e-04
4.350000000000000533e+00 -5.287148191253495874e-04
4.400000000000000355e+00 -4.517466908768626578e-04
4.450000000000000178e+00 -3.794274377821666355e-04
4.500000000000000000e+00 -3.124956653336010749e-04
4.549999999999999822e+00 -2.514291847116149892e-04
4.600000000000000533e+00 -1.964763663069759973e-04
4.650000000000000355e+00 -1.476897697217374131e-04
4.700000000000000178e+00 -1.049605799679945259e-04
4.750000000000000000e+00 -6.805223569565885017e-05
4.800000000000000711e+00 -3.663248411843993423e-05
4.850000000000000533e+00 -1.030253441437797547e-05
4.900000000000000355e+00 1.137704138237458429e-05
4.950000000000000178e+00 2.886444157175808460e-05
5.000000000000000000e+00 4.261864040603450128e-05
5.050000000000000711e+00 5.308552571241414352e-05
5.100000000000000533e+00 6.068780968277764275e-05
5.150000000000000355e+00 6.581845229352613087e-05
5.200000000000000178e+00 6.883710281716967324e-05
5.250000000000000000e+00 7.006901220086265785e-05
5.300000000000000711e+00 6.980586697765833878e-05
5.350000000000000533e+00 6.830800245124399827e-05
5.400000000000000355e+00 6.580735618812481392e-05
5.450000000000000178e+00 6.251091212011619484e-05
