0.000000000000000000e+00 0.000000000000000000e+00
5.000000000000000278e-02 -7.848662606659788138e-10
1.000000000000000056e-01 -1.253297791775881505e-08
1.500000000000000222e-01 -6.323872666170830588e-08
2.000000000000000111e-01 -1.989418623218776398e-07
2.500000000000000000e-01 -4.828113356378453418e-07
3.000000000000000444e-01 -9.938829878432731127e-07
3.500000000000000333e-01 -1.825471194248447936e-06
4.000000000000000222e-01 -3.083280013098991476e-06
4.500000000000000111e-01 -4.883244590503368246e-06
5.000000000000000000e-01 -7.349138454015369856e-06
5.500000000000000444e-01 -1.060998681012334946e-05
6.000000000000000888e-01 -1.479732995574469200e-05
6.500000000000000222e-01 -2.004238432680446007e-05
7.000000000000000666e-01 -2.647315144151719620e-05
7.500000000000000000e-01 -3.421152695660882283e-05
8.000000000000000444e-01 -4.337046315127078701e-05
8.500000000000000888e-01 -5.405123830598204540e-05
9.000000000000000222e-01 -6.634088558613824042e-05
9.500000000000000666e-01 -8.030983212788414224e-05
1.000000000000000000e+00 -9.600979603370358930e-05
1.050000000000000044e+00 -1.134719849237478912e-04
1.100000000000000089e+00 -1.327056345914253311e-04
1.150000000000000133e+00 -1.536969202462214158e-04
1.200000000000000178e+00 -1.764082658931638461e-04
1.250000000000000000e+00 -2.007780697282305759e-04
1.300000000000000044e+00 -2.267208551826741306e-04
1.350000000000000089e+00 -2.541278486122645398e-04
1.400000000000000133e+00 -2.828679758055549173e-04
1.450000000000000178e+00 -3.127892606982569305e-04
1.500000000000000000e+00 -3.437206011556041330e-04
1.550000000000000044e+00 -3.754738886477542608e-04
1.600000000000000089e+00 -4.078464313131730684e-04
1.650000000000000133e+00 -4.406236334840685459e-04
1.700000000000000178e+00 -4.735818794155183709e-04
1.750000000000000000e+00 -5.064915648654253486e-04
1.800000000000000044e+00 -5.391202174298568087e-04
1.850000000000000089e+00 -5.712356452219356827e-04
1.900000000000000133e+00 -6.026090536239637118e-04
1.950000000000000178e+00 -6.330180714295746604e-04
2.000000000000000000e+00 -6.622496306696356097e-04
2.050000000000000266e+00 -6.901026486849833877e-04
2.100000000000000089e+00 -7.163904664353480450e-04
2.149999999999999911e+00 -7.409430034484895244e-04
2.200000000000000178e+00 -7.636085970208932646e-04
2.250000000000000000e+00 -7.842555010657485497e-04
2.300000000000000266e+00 -8.027730281372631423e-04
2.350000000000000089e+00 -8.190723264101874065e-04
2.400000000000000355e+00 -8.330867915307672801e-04
2.450000000000000178e+00 -8.447721210623051818e-04
2.500000000000000000e+00 -8.541060265253652218e-04
2.550000000000000266e+00 -8.610876246036947923e-04
2.600000000000000089e+00 -8.657365348056543855e-04
2.650000000000000355e+00 -8.680917156236433313e-04
2.700000000000000178e+00 -8.682100749421701015e-04
2.750000000000000000e+00 -8.661648930663133888e-04
2.800000000000000266e+00 -8.620440982696662372e-04
2.850000000000000089e+00 -8.559484352214997201e-04
2.900000000000000355e+00 -8.479895661049925834e-04
2.950000000000000178e+00 -8.382881427671534267e-04
3.000000000000000000e+00 -8.269718859542741574e-04
3.050000000000000266e+00 -8.141737047092815560e-04
3.100000000000000089e+00 -8.000298854759255000e-04
3.150000000000000355e+00 -7.846783765121965537e-04
3.200000000000000178e+00 -7.682571890054451383e-04
3.250000000000000000e+00 -7.509029319437280411e-04
3.300000000000000266e+00 -7.327494934629103862e-04
3.350000000000000089e+00 -7.139268771753039993e-04
3.400000000000000355e+00 -6.945601979963370899e-04
3.450000000000000178e+00 -6.747688383064974222e-04
3.500000000000000000e+00 -6.546657619836827695e-04
3.550000000000000266e+00 -6.343569809640255954e-04
3.600000000000000089e+00 -6.139411665665970045e-04
3.650000000000000355e+00 -5.935093958608837717e-04
3.700000000000000178e+00 -5.731450218613887322e-04
3.750000000000000000e+00 -5.529236552831186518e-04
3.800000000000000266e+00 -5.329132449556535107e-04
3.850000000000000089e+00 -5.131742437335260138e-04
3.900000000000000355e+00 -4.937598468121660433e-04
3.950000000000000178e+00 -4.747162897130989155e-04
4.000000000000000000e+00 -4.560831937894564638e-04
4.049999999999999822e+00 -4.378939478735802615e-04
4.100000000000000533e+00 -4.201761155952954039e-04
4.150000000000000355e+00 -4.029518588984652878e-04
4.200000000000000178e+00 -3.862383693355520074e-04
4.250000000000000000e+00 -3.700482997908880150e-04
4.299999999999999822e+00 -3.543901903445570651e-04
4.350000000000000533e+00 -3.392688830168754852e-04
4.400000000000000355e+00 -3.246859211102541640e-04
4.450000000000000178e+00 -3.106399297772687723e-04
4.500000000000000000e+00 -2.971269752817684725e-04
4.549999999999999822e+00 -2.841409011780035316e-04
4.600000000000000533e+00 -2.716736403082057076e-04
4.650000000000000355e+00 -2.597155021112125149e-04
4.700000000000000178e+00 -2.482554352447584886e-04
4.750000000000000000e+00 -2.372812659544389123e-04
4.800000000000000711e+00 -2.267799129764539096e-04
4.850000000000000533e+00 -2.167375800431649703e-04
4.900000000000000355e+00 -2.071399272747514867e-04
4.950000000000000178e+00 -1.979722228918188336e-04
5.000000000000000000e+00 -1.892194767779541587e-04
5.050000000000000711e+00 -1.808665574635675080e-04
5.100000000000000533e+00 -1.728982940988706336e-04
5.150000000000000355e+00 -1.652995649408101064e-04
5.200000000000000178e+00 -1.580553738027924205e-04
5.250000000000000000e+00 -1.511509158139526016e-04
5.300000000000000711e+00 -1.445716337135013476e-04
5.350000000000000533e+00 -1.383032657723305692e-04
5.400000000000000355e+00 -1.323318862953529358e-04
5.450000000000000178e+00 -1.266439395204180479e-04
5.500000000000000000e+00 -1.212262675989085619e-04
5.550000000000000711e+00 -1.160661332243023003e-04
5.600000000000000533e+00 -1.111512373721042929e-04
5.650000000000000355e+00 -1.064697325305129054e-04
5.700000000000000178e+00 -1.020102317376304354e-04
5.750000000000000000e+00 -9.776181369834729626e-05
5.800000000000000711e+00 -9.371402423135804041e-05
5.850000000000000533e+00 -8.985687429210397978e-05
5.900000000000000355e+00 -8.618083482779911224e-05
5.950000000000000178e+00 -8.267682874233939466e-05
6.000000000000000000e+00 -7.933622027757722590e-05
6.050000000000000711e+00 -7.615080214869801784e-05
6.100000000000000533e+00 -7.311278080090025425e-05
6.150000000000000355e+00 -7.021476017821859296e-05
6.200000000000000178e+00 -6.744972440976342801e-05
6.250000000000000000e+00 -6.481101982128958851e-05
6.300000000000000711e+00 -6.229233666926378959e-05
6.350000000000000533e+00 -5.988769096992701131e-05
6.400000000000000355e+00 -5.759140675776038611e-05
6.450000000000000178e+00 -5.539809905780281377e-05
6.500000000000000000e+00 -5.330265779681339665e-05
6.550000000000000711e+00 -5.130023281242293852e-05
6.600000000000000533e+00 -4.938622005072399167e-05
6.650000000000000355e+00 -4.755624897495663525e-05
6.700000000000000178e+00 -4.580617114475741836e-05
6.750000000000000000e+00 -4.413204987023594880e-05
6.800000000000000711e+00 -4.253015080076705023e-05
6.850000000000000533e+00 -4.099693327695475313e-05
6.900000000000000355e+00 -3.952904225698437049e-05
6.950000000000000178e+00 -3.812330062586300351e-05
