0.000000000000000000e+00 0.000000000000000000e+00
5.000000000000000278e-02 5.381172035831655281e-05
1.000000000000000056e-01 1.075566534653545932e-04
1.500000000000000222e-01 1.611680528926698981e-04
2.000000000000000111e-01 2.145792565313951457e-04
2.500000000000000000e-01 2.677237353640066512e-04
3.000000000000000444e-01 3.205351499684245533e-04
3.500000000000000333e-01 3.729474170004408429e-04
4.000000000000000222e-01 4.248947876268127709e-04
4.500000000000000111e-01 4.763119395520017249e-04
5.000000000000000000e-01 5.271340839045244534e-04
5.500000000000000444e-01 5.772970878333398299e-04
6.000000000000000888e-01 6.267376132206886781e-04
6.500000000000000222e-01 6.753932714560965771e-04
7.000000000000000666e-01 7.232027937479017623e-04
7.500000000000000000e-01 7.701062159849707961e-04
8.000000000000000444e-01 8.160450767132923456e-04
8.500000000000000888e-01 8.609626263704962161e-04
9.000000000000000222e-01 9.048040455360824384e-04
9.500000000000000666e-01 9.475166696152385014e-04
1.000000000000000000e+00 9.890502170875543116e-04
1.050000000000000044e+00 1.029357018225269225e-03
1.100000000000000089e+00 1.068392241024094386e-03
1.150000000000000133e+00 1.106114110996706456e-03
1.200000000000000178e+00 1.142484121456678083e-03
1.250000000000000000e+00 1.177467230969213557e-03
1.300000000000000044e+00 1.211032044763135380e-03
1.350000000000000089e+00 1.243150977083472232e-03
1.400000000000000133e+00 1.273800391710920056e-03
1.450000000000000178e+00 1.302960718178021752e-03
1.500000000000000000e+00 1.330616541564866263e-03
1.550000000000000044e+00 1.356756664151633407e-03
1.600000000000000089e+00 1.381374137632573624e-03
1.650000000000000133e+00 1.404466265046635945e-03
1.700000000000000178e+00 1.426034572044283322e-03
1.750000000000000000e+00 1.446084747578199690e-03
1.800000000000000044e+00 1.464626554567935533e-03
1.850000000000000089e+00 1.481673711535705330e-03
1.900000000000000133e+00 1.497243746633706782e-03
1.950000000000000178e+00 1.511357825874523348e-03
2.000000000000000000e+00 1.524040557728140741e-03
2.050000000000000266e+00 1.535319776555874559e-03
2.100000000000000089e+00 1.545226307608105892e-03
2.149999999999999911e+00 1.553793716515462341e-03
2.200000000000000178e+00 1.561058046349592067e-03
2.250000000000000000e+00 1.567057545418883624e-03
2.300000000000000266e+00 1.571832388996491922e-03
2.350000000000000089e+00 1.575424398154343011e-03
2.400000000000000355e+00 1.577876758799928031e-03
2.450000000000000178e+00 1.579233743886262467e-03
2.500000000000000000e+00 1.579540441593932582e-03
2.550000000000000266e+00 1.578842492072968316e-03
2.600000000000000089e+00 1.577185835087341987e-03
2.650000000000000355e+00 1.574616470632507828e-03
2.700000000000000178e+00 1.571180234303307588e-03
2.750000000000000000e+00 1.566922588882542228e-03
2.800000000000000266e+00 1.561888433306234635e-03
2.850000000000000089e+00 1.556121929846705863e-03
2.900000000000000355e+00 1.549666350045180233e-03
2.950000000000000178e+00 1.542563939627387450e-03
3.000000000000000000e+00 1.534855802353846674e-03
3.050000000000000266e+00 1.526581802495359606e-03
3.100000000000000089e+00 1.517780485387733519e-03
3.150000000000000355e+00 1.508489015310552749e-03
3.200000000000000178e+00 1.498743129755228344e-03
3.250000000000000000e+00 1.488577108998774025e-03
3.300000000000000266e+00 1.478023759782410565e-03
3.350000000000000089e+00 1.467114411807853708e-03
3.400000000000000355e+00 1.455878925708279205e-03
3.450000000000000178e+00 1.444345711123743749e-03
3.500000000000000000e+00 1.432541753510470882e-03
3.550000000000000266e+00 1.420492648337220694e-03
3.600000000000000089e+00 1.408222641367249447e-03
3.650000000000000355e+00 1.395754673788036134e-03
3.700000000000000178e+00 1.383110431029797470e-03
3.750000000000000000e+00 1.370310394204608427e-03
3.800000000000000266e+00 1.357373893197474576e-03
3.850000000000000089e+00 1.344319160545862481e-03
3.900000000000000355e+00 1.331163385352125651e-03
3.950000000000000178e+00 1.317922766581262894e-03
4.000000000000000000e+00 1.304612565202223481e-03
4.049999999999999822e+00 1.291247154732425798e-03
4.100000000000000533e+00 1.277840069840688493e-03
4.150000000000000355e+00 1.264404052751940842e-03
4.200000000000000178e+00 1.250951097277057649e-03
4.250000000000000000e+00 1.237492490362170116e-03
4.299999999999999822e+00 1.224038851113594742e-03
4.350000000000000533e+00 1.210600167307071236e-03
4.400000000000000355e+00 1.197185829433456729e-03
4.450000000000000178e+00 1.183804662367847742e-03
4.500000000000000000e+00 1.170464954775919534e-03
4.549999999999999822e+00 1.157174486390705670e-03
4.600000000000000533e+00 1.143940553306004937e-03
4.650000000000000355e+00 1.130769991439858598e-03
4.700000000000000178e+00 1.117669198324017536e-03
4.750000000000000000e+00 1.104644153373837180e-03
4.800000000000000711e+00 1.091700436788395519e-03
4.850000000000000533e+00 1.078843247223608892e-03
4.900000000000000355e+00 1.066077418372352080e-03
4.950000000000000178e+00 1.053407434575675920e-03
5.000000000000000000e+00 1.040837445578676355e-03
5.050000000000000711e+00 1.028371280533714027e-03
5.100000000000000533e+00 1.016012461343004328e-03
5.150000000000000355e+00 1.003764215422102988e-03
5.200000000000000178e+00 9.916294879559145545e-04
5.250000000000000000e+00 9.796109537094548417e-04
5.300000000000000711e+00 9.677110284468910069e-04
5.350000000000000533e+00 9.559318800043294225e-04
5.400000000000000355e+00 9.442754390544675410e-04
5.450000000000000178e+00 9.327434095944443912e-04
5.500000000000000000e+00 9.213372791821636525e-04
5.550000000000000711e+00 9.100583289407583598e-04
5.600000000000000533e+00 8.989076433459359909e-04
5.650000000000000355e+00 8.878861198064216765e-04
5.700000000000000178e+00 8.769944780437773871e-04
5.750000000000000000e+00 8.662332692743865328e-04
5.800000000000000711e+00 8.556028851933747750e-04
5.850000000000000533e+00 8.451035667577266224e-04
5.900000000000000355e+00 8.347354127637915400e-04
5.950000000000000178e+00 8.244983882127751920e-04
6.000000000000000000e+00 8.143923324566938390e-04
6.050000000000000711e+00 8.044169671165672404e-04
6.100000000000000533e+00 7.945719037643795158e-04
6.150000000000000355e+00 7.848566513604729455e-04
6.200000000000000178e+00 7.752706234385205305e-04
6.250000000000000000e+00 7.658131450310630677e-04
6.300000000000000711e+00 7.564834593296357020e-04
6.350000000000000533e+00 7.472807340748264388e-04
6.400000000000000355e+00 7.382040676729918934e-04
6.450000000000000178e+00 7.292524950379050946e-04
6.500000000000000000e+00 7.204249931571150324e-04
6.550000000000000711e+00 7.117204863843170411e-04
6.600000000000000533e+00 7.031378514604615451e-04
6.650000000000000355e+00 6.946759222676330984e-04
6.700000000000000178e+00 6.863334943209084419e-04
6.750000000000000000e+00 6.781093290043799281e-04
6.800000000000000711e+00 6.700021575583713519e-04
6.850000000000000533e+00 6.620106848254831994e-04
6.900000000000000355e+00 6.541335927636028440e-04
6.950000000000000178e+00 6.463695437343009017e-04
7.000000000000000000e+00 6.387171835752287119e-04
7.050000000000000711e+00 6.311751444652055187e-04
7.100000000000000533e+00 6.237420475906509760e-04
7.150000000000000355e+00 6.164165056219766351e-04
7.200000000000000178e+00 6.091971250084362351e-04
7.250000000000000000e+00 6.020825080998164387e-04
7.300000000000000711e+00 5.950712551032703987e-04
7.350000000000000533e+00 5.881619658834741360e-04
7.400000000000000355e+00 5.813532416142446185e-04
7.450000000000000178e+00 5.746436862896912075e-04
7.500000000000000000e+00 5.680319081029521931e-04
7.550000000000000711e+00 5.615165207005300791e-04
7.600000000000000533e+00 5.550961443202182509e-04
7.650000000000000355e+00 5.487694068205456249e-04
7.700000000000000178e+00 5.425349446095964956e-04
7.750000000000000000e+00 5.363914034809119788e-04
7.800000000000000711e+00 5.303374393640179069e-04
7.850000000000000533e+00 5.243717189968415951e-04
7.900000000000000355e+00 5.184929205269944285e-04
7.950000000000000178e+00 5.126997340484968236e-04
8.000000000000000000e+00 5.069908620800825817e-04
8.050000000000000711e+00 5.013650199907380501e-04
8.099999999999999645e+00 4.958209363775915738e-04
8.150000000000000355e+00 4.903573534007258598e-04
8.200000000000001066e+00 4.849730270789304404e-04
8.250000000000000000e+00 4.796667275498641705e-04
8.300000000000000711e+00 4.744372392975916412e-04
8.349999999999999645e+00 4.692833613499911342e-04
8.400000000000000355e+00 4.642039074481125842e-04
8.450000000000001066e+00 4.591977061892388149e-04
8.500000000000000000e+00 4.542636011451114974e-04
8.550000000000000711e+00 4.494004509566085627e-04
8.599999999999999645e+00 4.446071294060206422e-04
8.650000000000000355e+00 4.398825254680092207e-04
8.700000000000001066e+00 4.352255433403374790e-04
8.750000000000000000e+00 4.306351024554794433e-04
8.800000000000000711e+00 4.261101374742887866e-04
8.849999999999999645e+00 4.216495982629791021e-04
8.900000000000000355e+00 4.172524498547405987e-04
8.950000000000001066e+00 4.129176723973810507e-04
9.000000000000000000e+00 4.086442610884145595e-04
9.050000000000000711e+00 4.044312260990292197e-04
9.099999999999999645e+00 4.002775924883222826e-04
9.150000000000000355e+00 3.961824001091245658e-04
9.200000000000001066e+00 3.921447035066293941e-04
9.250000000000000000e+00 3.881635718108833824e-04
9.300000000000000711e+00 3.842380886240428541e-04
9.349999999999999645e+00 3.803673519031057211e-04
9.400000000000000355e+00 3.765504738386379955e-04
9.450000000000001066e+00 3.727865807298330961e-04
9.500000000000000000e+00 3.690748128560669586e-04
9.550000000000000711e+00 3.654143243449752975e-04
9.600000000000001421e+00 3.618042830369605891e-04
9.650000000000000355e+00 3.582438703459711344e-04
9.700000000000001066e+00 3.547322811163619778e-04
9.750000000000000000e+00 3.512687234756603602e-04
9.800000000000000711e+00 3.478524186830999655e-04
9.850000000000001421e+00 3.444826009738873127e-04
9.900000000000000355e+00 3.411585173992521744e-04
9.950000000000001066e+00 3.378794276624758758e-04
1.000000000000000000e+01 3.346446039512118394e-04
1.005000000000000071e+01 3.314533307665462050e-04
1.010000000000000142e+01 3.283049047493603032e-04
1.015000000000000036e+01 3.251986345046442052e-04
1.020000000000000107e+01 3.221338404244844544e-04
1.025000000000000000e+01 3.191098545104676851e-04
1.030000000000000071e+01 3.161260201962430767e-04
1.035000000000000142e+01 3.131816921709456637e-04
1.040000000000000036e+01 3.102762362040972517e-04
1.045000000000000107e+01 3.074090289725121307e-04
1.050000000000000000e+01 3.045794578895987133e-04
1.055000000000000071e+01 3.017869209373141067e-04
1.060000000000000142e+01 2.990308265008841050e-04
1.065000000000000036e+01 2.963105932062621477e-04
1.070000000000000107e+01 2.936256497601768102e-04
1.075000000000000000e+01 2.909754347925069687e-04
1.080000000000000071e+01 2.883593967006508663e-04
1.085000000000000142e+01 2.857769934955073344e-04
1.090000000000000036e+01 2.832276926486670368e-04
1.095000000000000107e+01 2.807109709404384968e-04
1.100000000000000000e+01 2.782263143083758372e-04
1.105000000000000071e+01 2.757732176960551833e-04
1.110000000000000142e+01 2.733511849019337899e-04
1.115000000000000036e+01 2.709597284282453809e-04
1.120000000000000107e+01 2.685983693299863993e-04
1.125000000000000000e+01 2.662666370641621942e-04
1.130000000000000071e+01 2.639640693395621366e-04
1.135000000000000142e+01 2.616902119674108782e-04
1.140000000000000036e+01 2.594446187132990779e-04
1.145000000000000107e+01 2.572268511508319917e-04
1.150000000000000000e+01 2.550364785174354630e-04
1.155000000000000071e+01 2.528730775727273516e-04
1.160000000000000142e+01 2.507362324598202659e-04
1.165000000000000036e+01 2.486255345698345099e-04
1.170000000000000107e+01 2.465405824098199777e-04
1.175000000000000000e+01 2.444809814741726495e-04
1.180000000000000071e+01 2.424463441195314297e-04
1.185000000000000142e+01 2.404362894430356605e-04
1.190000000000000036e+01 2.384504431637304530e-04
1.195000000000000107e+01 2.364884375068293521e-04
1.200000000000000000e+01 2.345499110904911036e-04
1.205000000000000071e+01 2.326345088147289931e-04
1.210000000000000142e+01 2.307418817520722550e-04
1.215000000000000036e+01 2.288716870396115743e-04
1.220000000000000107e+01 2.270235877721042607e-04
1.225000000000000000e+01 2.251972528958842527e-04
1.230000000000000071e+01 2.233923571033858075e-04
1.235000000000000142e+01 2.216085807281922154e-04
1.240000000000000036e+01 2.198456096405991317e-04
1.245000000000000107e+01 2.181031351437797208e-04
1.250000000000000000e+01 2.163808538707091226e-04
1.255000000000000071e+01 2.146784676820769782e-04
1.260000000000000142e+01 2.129956835654624560e-04
1.265000000000000036e+01 2.113322135360658661e-04
1.270000000000000107e+01 2.096877745393026628e-04
1.275000000000000000e+01 2.080620883555433012e-04
1.280000000000000071e+01 2.064548815072361689e-04
1.285000000000000142e+01 2.048658851686081003e-04
1.290000000000000036e+01 2.032948350780544990e-04
1.295000000000000107e+01 2.017414714532582876e-04
1.300000000000000000e+01 2.002055389089987640e-04
1.305000000000000071e+01 1.986867863775302603e-04
1.310000000000000142e+01 1.971849670313411405e-04
1.315000000000000036e+01 1.956998382080519020e-04
1.320000000000000107e+01 1.942311613371672089e-04
1.325000000000000000e+01 1.927787018683736720e-04
1.330000000000000071e+01 1.913422292010815611e-04
1.335000000000000142e+01 1.899215166149172812e-04
1.340000000000000036e+01 1.885163412009161355e-04
1.345000000000000107e+01 1.871264837932160160e-04
1.350000000000000000e+01 1.857517289011082037e-04
1.355000000000000071e+01 1.843918646413802802e-04
1.360000000000000142e+01 1.830466826709503366e-04
1.365000000000000036e+01 1.817159781198603250e-04
1.370000000000000107e+01 1.803995495247602554e-04
1.375000000000000000e+01 1.790971987630595830e-04
1.380000000000000071e+01 1.778087309879579922e-04
1.385000000000000142e+01 1.765339545645836124e-04
1.390000000000000036e+01 1.752726810074687041e-04
1.395000000000000107e+01 1.740247249195701722e-04
1.400000000000000000e+01 1.727899039330173204e-04
1.405000000000000071e+01 1.715680386517116679e-04
1.410000000000000142e+01 1.703589525958600331e-04
1.415000000000000036e+01 1.691624721484508609e-04
1.420000000000000107e+01 1.679784265036291500e-04
1.425000000000000000e+01 1.668066476168617506e-04
1.430000000000000071e+01 1.656469701567346846e-04
1.435000000000000142e+01 1.644992314581853257e-04
1.440000000000000036e+01 1.633632714769424625e-04
1.445000000000000107e+01 1.622389327449360447e-04
1.450000000000000000e+01 1.611260603264422350e-04
1.455000000000000071e+01 1.600245017747492038e-04
1.460000000000000142e+01 1.589341070891565053e-04
1.465000000000000036e+01 1.578547286721712097e-04
1.470000000000000107e+01 1.567862212868081451e-04
1.475000000000000000e+01 1.557284420139610202e-04
1.480000000000000071e+01 1.546812502098636704e-04
1.485000000000000142e+01 1.536445074637157510e-04
1.490000000000000036e+01 1.526180775555854429e-04
1.495000000000000107e+01 1.516018264147420461e-04
