0.000000000000000000e+00 0.000000000000000000e+00
5.000000000000000278e-02 7.078486184852284002e-12
1.000000000000000056e-01 2.260518217136867232e-10
1.500000000000000222e-01 1.710773236832575546e-09
2.000000000000000111e-01 7.175016091629760933e-09
2.500000000000000000e-01 2.176284535824061205e-08
3.000000000000000444e-01 5.374861517788553494e-08
3.500000000000000333e-01 1.151450328118661510e-07
4.000000000000000222e-01 2.221993755361267515e-07
4.500000000000000111e-01 3.957600224564489742e-07
5.000000000000000000e-01 6.614979704190917676e-07
5.500000000000000444e-01 1.049970937020448258e-06
6.000000000000000888e-01 1.596520997983639584e-06
6.500000000000000222e-01 2.341000430561571604e-06
7.000000000000000666e-01 3.327324492234054481e-06
7.500000000000000000e-01 4.602854189609741069e-06
8.000000000000000444e-01 6.217616602032582248e-06
8.500000000000000888e-01 8.223374915472112095e-06
9.000000000000000222e-01 1.067256487582923155e-05
9.500000000000000666e-01 1.361711875429348134e-05
1.000000000000000000e+00 1.710720198905976643e-05
1.050000000000000044e+00 2.118989128176320994e-05
1.100000000000000089e+00 2.590782593966838154e-05
1.150000000000000133e+00 3.129786653078270433e-05
1.200000000000000178e+00 3.738979633875979018e-05
1.250000000000000000e+00 4.420510156960633726e-05
1.300000000000000044e+00 5.175586570240100207e-05
1.350000000000000089e+00 6.004381175380218500e-05
1.400000000000000133e+00 6.905952353989362486e-05
1.450000000000000178e+00 7.878187330651041686e-05
1.500000000000000000e+00 8.917767843764347021e-05
1.550000000000000044e+00 1.002016044560839390e-04
1.600000000000000089e+00 1.117963253516621137e-04
1.650000000000000133e+00 1.238929455913458783e-04
1.700000000000000178e+00 1.364116811875044531e-04
1.750000000000000000e+00 1.492627901480668439e-04
1.800000000000000044e+00 1.623477357356774558e-04
1.850000000000000089e+00 1.755605594521315459e-04
1.900000000000000133e+00 1.887894347592772423e-04
1.950000000000000178e+00 2.019183674491984966e-04
2.000000000000000000e+00 2.148290044587301373e-04
2.050000000000000266e+00 2.274025099257284081e-04
2.100000000000000089e+00 2.395214655065134896e-04
2.149999999999999911e+00 2.510717514708747937e-04
2.200000000000000178e+00 2.619443658720741310e-04
2.250000000000000000e+00 2.720371411170694571e-04
2.300000000000000266e+00 2.812563204547344903e-04
2.350000000000000089e+00 2.895179611342983293e-04
2.400000000000000355e+00 2.967491361042188928e-04
2.450000000000000178e+00 3.028889119361939490e-04
2.500000000000000000e+00 3.078890869623281189e-04
2.550000000000000266e+00 3.117146801858650335e-04
2.600000000000000089e+00 3.143441681446383336e-04
2.650000000000000355e+00 3.157694733545911249e-04
2.700000000000000178e+00 3.159957140357215130e-04
2.750000000000000000e+00 3.150407303437090592e-04
2.800000000000000266e+00 3.129344071443950306e-04
2.850000000000000089e+00 3.097178173552708031e-04
2.900000000000000355e+00 3.054422129543513716e-04
2.950000000000000178e+00 3.001678928761887305e-04
3.000000000000000000e+00 2.939629781687419573e-04
3.050000000000000266e+00 2.869021250005838975e-04
3.100000000000000089e+00 2.790652054451875537e-04
3.150000000000000355e+00 2.705359845155603008e-04
3.200000000000000178e+00 2.614008197885593675e-04
3.250000000000000000e+00 2.517474072705754191e-04
3.300000000000000266e+00 2.416635940516447694e-04
3.350000000000000089e+00 2.312362749136899639e-04
3.400000000000000355e+00 2.205503865381540991e-04
3.450000000000000178e+00 2.096880094282470037e-04
3.500000000000000000e+00 1.987275842378909726e-04
3.550000000000000266e+00 1.877432459831136064e-04
3.600000000000000089e+00 1.768042766825929303e-04
3.650000000000000355e+00 1.659746743920345873e-04
3.700000000000000178e+00 1.553128344005745467e-04
3.750000000000000000e+00 1.448713365645352502e-04
3.800000000000000266e+00 1.346968313638946774e-04
3.850000000000000089e+00 1.248300162626706628e-04
3.900000000000000355e+00 1.153056933056149393e-04
3.950000000000000178e+00 1.061528985497025624e-04
4.000000000000000000e+00 9.739509386292619184e-05
4.049999999999999822e+00 8.905041177482683811e-05
4.100000000000000533e+00 8.113194438309469453e-05
4.150000000000000355e+00 7.364806776136388611e-05
4.200000000000000178e+00 6.660279383301510718e-05
4.250000000000000000e+00 5.999614223906178954e-05
4.299999999999999822e+00 5.382452530729910919e-05
4.350000000000000533e+00 4.808113980508624551e-05
4.400000000000000355e+00 4.275635971723569599e-05
4.450000000000000178e+00 3.783812482820728606e-05
4.500000000000000000e+00 3.331232040447391012e-05
4.549999999999999822e+00 2.916314377301564025e-05
4.600000000000000533e+00 2.537345408245765562e-05
4.650000000000000355e+00 2.192510202231485599e-05
4.700000000000000178e+00 1.879923677051255966e-05
4.750000000000000000e+00 1.597658794527542997e-05
4.800000000000000711e+00 1.343772085722876905e-05
4.850000000000000533e+00 1.116326389027643471e-05
4.900000000000000355e+00 9.134107380911489206e-06
4.950000000000000178e+00 7.331573906948536537e-06
5.000000000000000000e+00 5.737560427012131676e-06
5.050000000000000711e+00 4.334653217983061565e-06
5.100000000000000533e+00 3.106217024233691660e-06
5.150000000000000355e+00 2.036460244949155578e-06
5.200000000000000178e+00 1.110478330277873981e-06
5.250000000000000000e+00 3.142778217223245671e-07
5.300000000000000711e+00 -3.652163515499889040e-07
5.350000000000000533e+00 -9.401676257151054428e-07
5.400000000000000355e+00 -1.421845920414178372e-06
5.450000000000000178e+00 -1.820654537917352492e-06
5.500000000000000000e+00 -2.146163440546721472e-06
5.550000000000000711e+00 -2.407146753673172955e-06
5.600000000000000533e+00 -2.611622644929481961e-06
5.650000000000000355e+00 -2.766894068979089416e-06
5.700000000000000178e+00 -2.879589222146495198e-06
5.750000000000000000e+00 -2.955700903273857104e-06
5.800000000000000711e+00 -3.000624308199879654e-06
5.850000000000000533e+00 -3.019193079250054949e-06
5.900000000000000355e+00 -3.015713675092148224e-06
5.950000000000000178e+00 -2.993998310965360968e-06
6.000000000000000000e+00 -2.957396839506564580e-06
6.050000000000000711e+00 -2.908827997359224365e-06
6.100000000000000533e+00 -2.850810435842592098e-06
6.150000000000000355e+00 -2.785493892374977383e-06
6.200000000000000178e+00 -2.714690753465926828e-06
6.250000000000000000e+00 -2.639908122675837791e-06
6.300000000000000711e+00 -2.562380352174853123e-06
6.350000000000000533e+00 -2.483101839030444476e-06
6.400000000000000355e+00 -2.402859741148350063e-06
6.450000000000000178e+00 -2.322266145406443354e-06
6.500000000000000000e+00 -2.241789132167200320e-06
6.550000000000000711e+00 -2.161782133306106782e-06
6.600000000000000533e+00 -2.082510979098537125e-06
6.650000000000000355e+00 -2.004178073207117120e-06
6.700000000000000178e+00 -1.926943221643878983e-06
6.750000000000000000e+00 -1.850940764867533045e-06
6.800000000000000711e+00 -1.776292813460458247e-06
6.850000000000000533e+00 -1.703118556541392354e-06
6.900000000000000355e+00 -1.631539786523947769e-06
6.950000000000000178e+00 -1.561682952072716091e-06
7.000000000000000000e+00 -1.493678201757194731e-06
7.050000000000000711e+00 -1.427656003941612931e-06
7.100000000000000533e+00 -1.363742015879112426e-06
7.150000000000000355e+00 -1.302050921359131536e-06
7.200000000000000178e+00 -1.242679959010536896e-06
7.250000000000000000e+00 -1.185702822907732390e-06
7.300000000000000711e+00 -1.131164536797414143e-06
7.350000000000000533e+00 -1.079077789009259101e-06
7.400000000000000355e+00 -1.029421075065789206e-06
7.450000000000000178e+00 -9.821388388569169206e-07
7.500000000000000000e+00 -9.371436415812919362e-07
7.550000000000000711e+00 -8.943202312016898420e-07
7.600000000000000533e+00 -8.535312440667633552e-07
7.650000000000000355e+00 -8.146241535009746209e-07
7.700000000000000178e+00 -7.774389946159788323e-07
7.750000000000000000e+00 -7.418163451360725980e-07
7.800000000000000711e+00 -7.076050309003400579e-07
7.850000000000000533e+00 -6.746690515087838302e-07
7.900000000000000355e+00 -6.428932833720116882e-07
7.950000000000000178e+00 -6.121876089625140144e-07
8.000000000000000000e+00 -5.824892352255312582e-07
8.050000000000000711e+00 -5.537630924013028723e-07
8.099999999999999645e+00 -5.260003377091538538e-07
8.150000000000000355e+00 -4.992151171032333197e-07
8.200000000000001066e+00 -4.734398538302553214e-07
8.250000000000000000e+00 -4.487194271141648443e-07
8.300000000000000711e+00 -4.251046718999219673e-07
8.349999999999999645e+00 -4.026456671383802763e-07
8.400000000000000355e+00 -3.813852837488772781e-07
8.450000000000001066e+00 -3.613534346174430316e-07
8.500000000000000000e+00 -3.425624104585363880e-07
8.550000000000000711e+00 -3.250036017564017437e-07
8.599999999999999645e+00 -3.086458045959600734e-07
8.650000000000000355e+00 -2.934351944368817493e-07
8.700000000000001066e+00 -2.792969348411242720e-07
8.750000000000000000e+00 -2.661382759473860911e-07
8.800000000000000711e+00 -2.538528977047265288e-07
8.849999999999999645e+00 -2.423261721257725978e-07
8.900000000000000355e+00 -2.314409622400253496e-07
8.950000000000001066e+00 -2.210835463971094180e-07
9.000000000000000000e+00 -2.111492564990659718e-07
9.050000000000000711e+00 -2.015474470194525930e-07
9.099999999999999645e+00 -1.922054657550009503e-07
9.150000000000000355e+00 -1.830713728839002000e-07
9.200000000000001066e+00 -1.741152464195204237e-07
9.250000000000000000e+00 -1.653290129170278340e-07
9.300000000000000711e+00 -1.567248451812481521e-07
9.349999999999999645e+00 -1.483322666094148407e-07
9.400000000000000355e+00 -1.401941880407095267e-07
9.450000000000001066e+00 -1.323621718741564138e-07
9.500000000000000000e+00 -1.248912653683437235e-07
9.550000000000000711e+00 -1.178347676381268535e-07
9.600000000000001421e+00 -1.112392918624674670e-07
9.650000000000000355e+00 -1.051404563323067882e-07
9.700000000000001066e+00 -9.955948762594076939e-08
9.750000000000000000e+00 -9.450095032211942766e-08
9.800000000000000711e+00 -8.995173537123949466e-08
9.850000000000001421e+00 -8.588134948565534859e-08
9.900000000000000355e+00 -8.224345702403356139e-08
9.950000000000001066e+00 -7.897854012749676998e-08
1.000000000000000000e+01 -7.601746813219069010e-08
1.005000000000000071e+01 -7.328570847759233892e-08
1.010000000000000142e+01 -7.070787220581664396e-08
1.015000000000000036e+01 -6.821227002032119621e-08
1.020000000000000107e+01 -6.573516050328872375e-08
1.025000000000000000e+01 -6.322439965162419566e-08
1.030000000000000071e+01 -6.064224805354376597e-08
1.035000000000000142e+01 -5.796715516200334147e-08
1.040000000000000036e+01 -5.519441455237641387e-08
1.045000000000000107e+01 -5.233566442476868448e-08
1.050000000000000000e+01 -4.941728825072788433e-08
1.055000000000000071e+01 -4.647784578884146737e-08
1.060000000000000142e+01 -4.356472959033610168e-08
1.065000000000000036e+01 -4.073029228708980205e-08
1.070000000000000107e+01 -3.802772219942678591e-08
1.075000000000000000e+01 -3.550695721915113816e-08
1.080000000000000071e+01 -3.321091901392957201e-08
1.085000000000000142e+01 -3.117232228460025080e-08
1.090000000000000036e+01 -2.941126932545099346e-08
1.095000000000000107e+01 -2.793378188344937540e-08
1.100000000000000000e+01 -2.673135456387390268e-08
1.105000000000000071e+01 -2.578154165209276942e-08
1.110000000000000142e+01 -2.504951730841212835e-08
1.115000000000000036e+01 -2.449048262052512494e-08
1.120000000000000107e+01 -2.405273647334126333e-08
1.125000000000000000e+01 -2.368118436301737154e-08
1.130000000000000071e+01 -2.332103286856301711e-08
1.135000000000000142e+01 -2.292140904325924507e-08
1.140000000000000036e+01 -2.243865377608250151e-08
1.145000000000000107e+01 -2.183906520347754884e-08
1.150000000000000000e+01 -2.110091035532904677e-08
1.155000000000000071e+01 -2.021557721682619176e-08
1.160000000000000142e+01 -1.918780133306727689e-08
1.165000000000000036e+01 -1.803496654501093702e-08
1.170000000000000107e+01 -1.678554382258185111e-08
1.175000000000000000e+01 -1.547679100939185477e-08
1.180000000000000071e+01 -1.415188562017438079e-08
1.185000000000000142e+01 -1.285669937854764393e-08
1.190000000000000036e+01 -1.163644462295082941e-08
1.195000000000000107e+01 -1.053242780835858431e-08
1.200000000000000000e+01 -9.579134005616126867e-09
1.205000000000000071e+01 -8.801839606667491140e-09
1.210000000000000142e+01 -8.214910487064403037e-09
1.215000000000000036e+01 -7.820892647151549674e-09
1.220000000000000107e+01 -7.610445505490778305e-09
1.225000000000000000e+01 -7.563108605062779952e-09
1.230000000000000071e+01 -7.648834681826500929e-09
1.235000000000000142e+01 -7.830169824929990334e-09
1.240000000000000036e+01 -8.064918364485103185e-09
1.245000000000000107e+01 -8.309099002521132637e-09
1.250000000000000000e+01 -8.519981529156904196e-09
1.255000000000000071e+01 -8.658991206413685984e-09
1.260000000000000142e+01 -8.694280482679612257e-09
1.265000000000000036e+01 -8.602794011293301543e-09
1.270000000000000107e+01 -8.371690943852175684e-09
1.275000000000000000e+01 -7.999035333153758638e-09
1.280000000000000071e+01 -7.493717813623762472e-09
1.285000000000000142e+01 -6.874625811691337044e-09
1.290000000000000036e+01 -6.169131585852404352e-09
1.295000000000000107e+01 -5.411013822845591852e-09
1.300000000000000000e+01 -4.637966180143714570e-09
1.305000000000000071e+01 -3.888872582784234054e-09
1.310000000000000142e+01 -3.201042588993688152e-09
1.315000000000000036e+01 -2.607599990814124940e-09
1.320000000000000107e+01 -2.135204229960439935e-09
1.325000000000000000e+01 -1.802258332550543119e-09
1.330000000000000071e+01 -1.617720882359544551e-09
1.335000000000000142e+01 -1.580595731140378184e-09
1.340000000000000036e+01 -1.680124848455596183e-09
1.345000000000000107e+01 -1.896660366023593218e-09
1.350000000000000000e+01 -2.203144921256444235e-09
1.355000000000000071e+01 -2.567088082330547256e-09
1.360000000000000142e+01 -2.952893732619877037e-09
1.365000000000000036e+01 -3.324370973385803428e-09
1.370000000000000107e+01 -3.647250766027794855e-09
1.375000000000000000e+01 -3.891532726673996572e-09
1.380000000000000071e+01 -4.033500869212687143e-09
1.385000000000000142e+01 -4.057272493390450912e-09
1.390000000000000036e+01 -3.955778905979541227e-09
1.395000000000000107e+01 -3.731117712155024460e-09
1.400000000000000000e+01 -3.394261074581200682e-09
1.405000000000000071e+01 -2.964149446117617637e-09
1.410000000000000142e+01 -2.466242693479261599e-09
1.415000000000000036e+01 -1.930637332382853567e-09
1.420000000000000107e+01 -1.389887301659215134e-09
1.425000000000000000e+01 -8.766844359271707462e-10
1.430000000000000071e+01 -4.215623854750304546e-10
1.435000000000000142e+01 -5.078380732224762552e-11
1.440000000000000036e+01 2.154443545764753529e-10
1.445000000000000107e+01 3.643075679787992560e-10
1.450000000000000000e+01 3.911853578335731130e-10
1.455000000000000071e+01 2.998693757445227564e-10
1.460000000000000142e+01 1.021907305411132705e-10
1.465000000000000036e+01 -1.829092895783476381e-10
1.470000000000000107e+01 -5.307926253274411966e-10
1.475000000000000000e+01 -9.129167315292454001e-10
1.480000000000000071e+01 -1.298875493763198987e-09
1.485000000000000142e+01 -1.658542955546269016e-09
1.490000000000000036e+01 -1.964168833930767038e-09
1.495000000000000107e+01 -2.192280200329890655e-09
1.500000000000000000e+01 -2.325259178945563466e-09
1.505000000000000071e+01 -2.352490859408479955e-09
1.510000000000000142e+01 -2.271007015012374248e-09
1.515000000000000036e+01 -2.085587383099604516e-09
1.520000000000000107e+01 -1.808318616940453996e-09
1.525000000000000000e+01 -1.457648855559729126e-09
1.530000000000000071e+01 -1.057010550600083989e-09
1.535000000000000142e+01 -6.331133597277353361e-10
1.540000000000000036e+01 -2.140306049506839993e-10
1.545000000000000107e+01 1.727844151210574102e-10
1.550000000000000000e+01 5.024128500543403934e-10
1.555000000000000071e+01 7.541826951623017140e-10
1.560000000000000142e+01 9.130622179814436757e-10
1.565000000000000036e+01 9.706412406410126686e-10
1.570000000000000107e+01 9.256370722380869675e-10
1.575000000000000000e+01 7.838958737776460303e-10
1.580000000000000071e+01 5.578958315539382326e-10
1.585000000000000142e+01 2.657932071508774501e-10
1.590000000000000036e+01 -6.991628246098742113e-11
1.595000000000000107e+01 -4.240223718765783445e-10
1.600000000000000000e+01 -7.703943199138649341e-10
1.605000000000000071e+01 -1.083816701874180615e-09
1.610000000000000142e+01 -1.341738171205249174e-09
1.615000000000000213e+01 -1.525812140052543492e-09
1.619999999999999929e+01 -1.623124379025149601e-09
1.625000000000000000e+01 -1.627025713512780703e-09
1.630000000000000071e+01 -1.537516595914961134e-09
1.635000000000000142e+01 -1.361162288715013329e-09
1.640000000000000213e+01 -1.110550441240460676e-09
1.644999999999999929e+01 -8.033346545224735036e-10
1.650000000000000000e+01 -4.609360048183872759e-10
1.655000000000000071e+01 -1.069974969320629857e-10
1.660000000000000142e+01 2.342974958034919850e-10
1.665000000000000213e+01 5.399236152801397146e-10
1.669999999999999929e+01 7.896098269030081727e-10
1.675000000000000000e+01 9.672233439110661548e-10
1.680000000000000071e+01 1.061847050732316127e-09
1.685000000000000142e+01 1.068478876321154747e-09
1.690000000000000213e+01 9.883088615814888474e-10
1.694999999999999929e+01 8.285597194999601943e-10
1.700000000000000000e+01 6.019073707275824957e-10
1.705000000000000071e+01 3.255271004471849727e-10
1.710000000000000142e+01 1.983660569190195812e-11
1.715000000000000213e+01 -2.929724622693099582e-10
1.719999999999999929e+01 -5.905091659714595885e-10
1.725000000000000000e+01 -8.517526983499071434e-10
1.730000000000000071e+01 -1.058506785705278123e-09
1.735000000000000142e+01 -1.196638666468118474e-09
1.740000000000000213e+01 -1.257018499872637352e-09
1.744999999999999929e+01 -1.236097014689933562e-09
1.750000000000000000e+01 -1.136085257494036825e-09
1.755000000000000071e+01 -9.647285731128862782e-10
1.760000000000000142e+01 -7.346954430331971810e-10
1.765000000000000213e+01 -4.626285303394600866e-10
1.769999999999999929e+01 -1.679283770172405076e-10
1.775000000000000000e+01 1.286418942417497144e-10
1.780000000000000071e+01 4.064310061296504133e-10
1.785000000000000142e+01 6.463488182103008210e-10
1.790000000000000213e+01 8.321891730204584045e-10
1.794999999999999929e+01 9.517349979079683331e-10
1.800000000000000000e+01 9.975706533101430293e-10
1.805000000000000071e+01 9.675478771039522705e-10
1.810000000000000142e+01 8.648765523073105641e-10
1.815000000000000213e+01 6.978381403566828940e-10
1.819999999999999929e+01 4.791460951059639260e-10
1.825000000000000000e+01 2.250020499691648322e-10
1.830000000000000071e+01 -4.608263657334359512e-11
1.835000000000000142e+01 -3.146147010445649300e-10
1.840000000000000213e+01 -5.615013365528071511e-10
1.844999999999999929e+01 -7.693894709343067926e-10
1.850000000000000000e+01 -9.238684040826146838e-10
1.855000000000000071e+01 -1.014452827856873198e-09
1.860000000000000142e+01 -1.035279531864771304e-09
1.865000000000000213e+01 -9.854718830846080059e-10
1.869999999999999929e+01 -8.691499473496818089e-10
1.875000000000000000e+01 -6.950892066940122316e-10
1.880000000000000071e+01 -4.760554424797848670e-10
1.885000000000000142e+01 -2.278657859040953044e-10
1.890000000000000213e+01 3.175536606948212691e-11
1.894999999999999929e+01 2.844431789840494846e-10
1.900000000000000000e+01 5.124917831603960667e-10
1.905000000000000071e+01 7.000946979303398835e-10
1.910000000000000142e+01 8.344397705766944766e-10
1.915000000000000213e+01 9.065831814576613839e-10
1.920000000000000284e+01 9.120432996553180815e-10
1.925000000000000000e+01 8.510753960622522958e-10
1.930000000000000071e+01 7.286109757286258995e-10
1.935000000000000142e+01 5.538691620195281221e-10
1.940000000000000213e+01 3.396704836196232409e-10
1.945000000000000284e+01 1.015039875089384779e-10
1.950000000000000000e+01 -1.435845931995418829e-10
1.955000000000000071e+01 -3.782039855128428451e-10
1.960000000000000142e+01 -5.858419946333180831e-10
1.965000000000000213e+01 -7.520176094047851892e-10
1.970000000000000284e+01 -8.652804912585283620e-10
1.975000000000000000e+01 -9.179891743709017405e-10
1.980000000000000071e+01 -9.068154378446154071e-10
1.985000000000000142e+01 -8.329419678406186523e-10
1.990000000000000213e+01 -7.019422046302632503e-10
1.995000000000000284e+01 -5.233536192760100170e-10
