0.000000000000000000e+00 -2.237497999845614038e-02
5.000000000000000278e-02 -2.237247122351457632e-02
1.000000000000000056e-01 -2.236493733830647104e-02
1.500000000000000222e-01 -2.235235584440246545e-02
2.000000000000000111e-01 -2.233468984961008152e-02
2.500000000000000000e-01 -2.231188896228184643e-02
3.000000000000000444e-01 -2.228389051675605179e-02
3.500000000000000333e-01 -2.225062110417357769e-02
4.000000000000000222e-01 -2.221199837671718885e-02
4.500000000000000111e-01 -2.216793308794085676e-02
5.000000000000000000e-01 -2.211833132742575467e-02
5.500000000000000444e-01 -2.206309690461161904e-02
6.000000000000000888e-01 -2.200213383437358769e-02
6.500000000000000222e-01 -2.193534887577662865e-02
7.000000000000000666e-01 -2.186265407543992040e-02
7.500000000000000000e-01 -2.178396926804558945e-02
8.000000000000000444e-01 -2.169922448866644024e-02
8.500000000000000888e-01 -2.160836225466914243e-02
9.000000000000000222e-01 -2.151133967885786313e-02
9.500000000000000666e-01 -2.140813038012190361e-02
1.000000000000000000e+00 -2.129872616298944532e-02
1.050000000000000044e+00 -2.118313844301141641e-02
1.100000000000000089e+00 -2.106139940064458843e-02
1.150000000000000133e+00 -2.093356285211241813e-02
1.200000000000000178e+00 -2.079970483144900906e-02
1.250000000000000000e+00 -2.065992388343615774e-02
1.300000000000000044e+00 -2.051434107230548989e-02
1.350000000000000089e+00 -2.036309971579481487e-02
1.400000000000000133e+00 -2.020636485833766233e-02
1.450000000000000178e+00 -2.004432250076868330e-02
1.500000000000000000e+00 -1.987717860690708938e-02
1.550000000000000044e+00 -1.970515790972082043e-02
1.600000000000000089e+00 -1.952850254147876080e-02
1.650000000000000133e+00 -1.934747051339088045e-02
1.700000000000000178e+00 -1.916233407075463788e-02
1.750000000000000000e+00 -1.897337794962030560e-02
1.800000000000000044e+00 -1.878089756051905951e-02
1.850000000000000089e+00 -1.858519712393230661e-02
1.900000000000000133e+00 -1.838658778098695157e-02
1.950000000000000178e+00 -1.818538570141002911e-02
2.000000000000000000e+00 -1.798191020913260732e-02
2.050000000000000266e+00 -1.777648194416098573e-02
2.100000000000000089e+00 -1.756942107748638363e-02
2.149999999999999911e+00 -1.736104559393185018e-02
2.200000000000000178e+00 -1.715166965597576462e-02
2.250000000000000000e+00 -1.694160205977558037e-02
2.300000000000000266e+00 -1.673114479286613721e-02
2.350000000000000089e+00 -1.652059170133782576e-02
2.400000000000000355e+00 -1.631022727272020759e-02
2.450000000000000178e+00 -1.610032553930705948e-02
2.500000000000000000e+00 -1.589114910525915580e-02
2.550000000000000266e+00 -1.568294829950508604e-02
2.600000000000000089e+00 -1.547596045522327095e-02
2.650000000000000355e+00 -1.527040931552246447e-02
2.700000000000000178e+00 -1.506650456383899252e-02
2.750000000000000000e+00 -1.486444147653104113e-02
2.800000000000000266e+00 -1.466440069417406823e-02
2.850000000000000089e+00 -1.446654810714443316e-02
2.900000000000000355e+00 -1.427103485022608587e-02
2.950000000000000178e+00 -1.407799740019173400e-02
3.000000000000000000e+00 -1.388755776960239920e-02
3.050000000000000266e+00 -1.369982378944670232e-02
3.100000000000000089e+00 -1.351488947271134791e-02
3.150000000000000355e+00 -1.333283545054757095e-02
3.200000000000000178e+00 -1.315372947238032872e-02
3.250000000000000000e+00 -1.297762696110661175e-02
3.300000000000000266e+00 -1.280457161444745542e-02
3.350000000000000089e+00 -1.263459604355916290e-02
3.400000000000000355e+00 -1.246772244016901982e-02
3.450000000000000178e+00 -1.230396326377592754e-02
3.500000000000000000e+00 -1.214332194083848557e-02
3.550000000000000266e+00 -1.198579356835123046e-02
3.600000000000000089e+00 -1.183136561477146978e-02
3.650000000000000355e+00 -1.168001861188845691e-02
3.700000000000000178e+00 -1.153172683190776572e-02
3.750000000000000000e+00 -1.138645894473821855e-02
3.800000000000000266e+00 -1.124417865120088018e-02
3.850000000000000089e+00 -1.110484528861086298e-02
3.900000000000000355e+00 -1.096841440589836625e-02
3.950000000000000178e+00 -1.083483830612175583e-02
4.000000000000000000e+00 -1.070406655486938648e-02
4.049999999999999822e+00 -1.057604645364045200e-02
4.100000000000000533e+00 -1.045072347782988534e-02
4.150000000000000355e+00 -1.032804167941502212e-02
4.200000000000000178e+00 -1.020794405484918774e-02
4.250000000000000000e+00 -1.009037287901123729e-02
4.299999999999999822e+00 -9.975270006341014142e-03
4.350000000000000533e+00 -9.862577140514191404e-03
4.400000000000000355e+00 -9.752236074179581812e-03
4.450000000000000178e+00 -9.644188900404793846e-03
4.500000000000000000e+00 -9.538378197557739399e-03
4.549999999999999822e+00 -9.434747189398349707e-03
4.600000000000000533e+00 -9.333239882173357052e-03
4.650000000000000355e+00 -9.233801180502177255e-03
4.700000000000000178e+00 -9.136376983818981015e-03
4.750000000000000000e+00 -9.040914265098997163e-03
4.800000000000000711e+00 -8.947361133548534240e-03
4.850000000000000533e+00 -8.855666882881647883e-03
4.900000000000000355e+00 -8.765782026741745711e-03
4.950000000000000178e+00 -8.677658322756584899e-03
5.000000000000000000e+00 -8.591248786639115939e-03
5.050000000000000711e+00 -8.506507697665640494e-03
5.100000000000000533e+00 -8.423390596776601444e-03
5.150000000000000355e+00 -8.341854278454472263e-03
5.200000000000000178e+00 -8.261856777437971353e-03
5.250000000000000000e+00 -8.183357351232767307e-03
5.300000000000000711e+00 -8.106316459277406600e-03
5.350000000000000533e+00 -8.030695739520041579e-03
5.400000000000000355e+00 -7.956457983059068290e-03
5.450000000000000178e+00 -7.883567107400140175e-03
5.500000000000000000e+00 -7.811988128785433451e-03
5.550000000000000711e+00 -7.741687133960672984e-03
5.600000000000000533e+00 -7.672631251662820860e-03
5.650000000000000355e+00 -7.604788624037787069e-03
5.700000000000000178e+00 -7.538128378135522736e-03
5.750000000000000000e+00 -7.472620597578311617e-03
5.800000000000000711e+00 -7.408236294459200413e-03
5.850000000000000533e+00 -7.344947381499805812e-03
5.900000000000000355e+00 -7.282726644480054176e-03
5.950000000000000178e+00 -7.221547714945557653e-03
