0.000000000000000000e+00 -2.358564710222489936e-07
5.000000000000000278e-02 2.435744496933687676e-06
1.000000000000000056e-01 4.846799328454168069e-06
1.500000000000000222e-01 7.200821399836291684e-06
2.000000000000000111e-01 9.475066919588234830e-06
2.500000000000000000e-01 1.164309069527964050e-05
3.000000000000000444e-01 1.368155168346258139e-05
3.500000000000000333e-01 1.556841066368799248e-05
4.000000000000000222e-01 1.728386880330138982e-05
4.500000000000000111e-01 1.881032026157204777e-05
5.000000000000000000e-01 2.013282574055806973e-05
5.500000000000000444e-01 2.123899560270070398e-05
6.000000000000000888e-01 2.211965377483425670e-05
6.500000000000000222e-01 2.276831195230227676e-05
7.000000000000000666e-01 2.318143083598192531e-05
7.500000000000000000e-01 2.335822336144282181e-05
8.000000000000000444e-01 2.330161921880715957e-05
8.500000000000000888e-01 2.301719235347283088e-05
9.000000000000000222e-01 2.251190583820175540e-05
9.500000000000000666e-01 2.179685970478387986e-05
1.000000000000000000e+00 2.088501309497424311e-05
1.050000000000000044e+00 1.979109874194204941e-05
1.100000000000000089e+00 1.853219612950949205e-05
1.150000000000000133e+00 1.712655310462191932e-05
1.200000000000000178e+00 1.559443100778903625e-05
1.250000000000000000e+00 1.395476923107587941e-05
1.300000000000000044e+00 1.222995848523502271e-05
1.350000000000000089e+00 1.044197839676398573e-05
1.400000000000000133e+00 8.610833738457413872e-06
1.450000000000000178e+00 6.760703945581359090e-06
1.500000000000000000e+00 4.909332345789093000e-06
1.550000000000000044e+00 3.078198474471033955e-06
1.600000000000000089e+00 1.285643922650710300e-06
1.650000000000000133e+00 -4.509078763520872740e-07
1.700000000000000178e+00 -2.112729644193706349e-06
1.750000000000000000e+00 -3.688573277276444532e-06
1.800000000000000044e+00 -5.164210149156361338e-06
1.850000000000000089e+00 -6.527228413884022450e-06
1.900000000000000133e+00 -7.770271512972800354e-06
1.950000000000000178e+00 -8.885044870488371227e-06
2.000000000000000000e+00 -9.865564421778915023e-06
2.050000000000000266e+00 -1.070877642276820222e-05
2.100000000000000089e+00 -1.141398260546549014e-05
2.149999999999999911e+00 -1.197927816510843135e-05
2.200000000000000178e+00 -1.240740224386979080e-05
2.250000000000000000e+00 -1.270234406545143255e-05
2.300000000000000266e+00 -1.286652760989081360e-05
2.350000000000000089e+00 -1.290769433307504604e-05
2.400000000000000355e+00 -1.283213156876330002e-05
2.450000000000000178e+00 -1.264771599381172940e-05
2.500000000000000000e+00 -1.236271140533953739e-05
2.550000000000000266e+00 -1.198677236053138342e-05
2.600000000000000089e+00 -1.153073097206850347e-05
2.650000000000000355e+00 -1.100195740673077740e-05
2.700000000000000178e+00 -1.041320428973931522e-05
2.750000000000000000e+00 -9.773677876359304512e-06
2.800000000000000266e+00 -9.092741964252067227e-06
2.850000000000000089e+00 -8.381349752423127440e-06
2.900000000000000355e+00 -7.648074982071763781e-06
2.950000000000000178e+00 -6.902355938623171685e-06
3.000000000000000000e+00 -6.152130374569463003e-06
3.050000000000000266e+00 -5.405479901114436691e-06
3.100000000000000089e+00 -4.669672563611648471e-06
3.150000000000000355e+00 -3.950980897449347171e-06
3.200000000000000178e+00 -3.255489007129524931e-06
3.250000000000000000e+00 -2.587586029550815831e-06
3.300000000000000266e+00 -1.952013253430149816e-06
3.350000000000000089e+00 -1.352100842729329912e-06
3.400000000000000355e+00 -7.906924348635179917e-07
3.450000000000000178e+00 -2.700958449859893130e-07
3.500000000000000000e+00 2.085431876985856124e-07
3.550000000000000266e+00 6.438802446376679003e-07
3.600000000000000089e+00 1.036025512734755043e-06
3.650000000000000355e+00 1.384870727530739492e-06
3.700000000000000178e+00 1.691192122229482626e-06
3.750000000000000000e+00 1.956131997367066517e-06
3.800000000000000266e+00 2.181127267879912314e-06
3.850000000000000089e+00 2.367574924654153472e-06
3.900000000000000355e+00 2.517877281027763333e-06
3.950000000000000178e+00 2.634018610765520066e-06
4.000000000000000000e+00 2.718256309874444728e-06
4.049999999999999822e+00 2.773340767083246775e-06
4.100000000000000533e+00 2.801307868863709680e-06
4.150000000000000355e+00 2.805012454673242437e-06
4.200000000000000178e+00 2.787090861901860283e-06
4.250000000000000000e+00 2.749672700496208184e-06
4.299999999999999822e+00 2.695414444884287091e-06
4.350000000000000533e+00 2.626761468620136090e-06
4.400000000000000355e+00 2.545700395565515077e-06
4.450000000000000178e+00 2.454512072462269209e-06
4.500000000000000000e+00 2.355134696813021379e-06
4.549999999999999822e+00 2.249369771435068462e-06
4.600000000000000533e+00 2.138991696218076814e-06
4.650000000000000355e+00 2.025498608877519733e-06
4.700000000000000178e+00 1.910254357602362476e-06
4.750000000000000000e+00 1.794564905744274512e-06
4.800000000000000711e+00 1.679491749120076454e-06
4.850000000000000533e+00 1.565970149375655033e-06
4.900000000000000355e+00 1.454861314310279492e-06
4.950000000000000178e+00 1.346832559984292111e-06
5.000000000000000000e+00 1.242457436147124686e-06
5.050000000000000711e+00 1.142182954912831998e-06
5.100000000000000533e+00 1.046391620920093286e-06
5.150000000000000355e+00 9.553319713906774514e-07
5.200000000000000178e+00 8.691854777467118676e-07
5.250000000000000000e+00 7.880636942953813893e-07
5.300000000000000711e+00 7.120015504810579967e-07
5.350000000000000533e+00 6.409770848324046584e-07
5.400000000000000355e+00 5.749379523868856016e-07
5.450000000000000178e+00 5.137575696673659155e-07
5.500000000000000000e+00 4.573012911267991083e-07
5.550000000000000711e+00 4.053978928035961384e-07
5.600000000000000533e+00 3.578507752223970736e-07
5.650000000000000355e+00 3.144512643020674529e-07
5.700000000000000178e+00 2.749784299436258417e-07
5.750000000000000000e+00 2.392053708289690919e-07
5.800000000000000711e+00 2.068952698104534295e-07
5.850000000000000533e+00 1.778141926268417711e-07
5.900000000000000355e+00 1.517339234929834052e-07
5.950000000000000178e+00 1.284269019400555091e-07
6.000000000000000000e+00 1.076761865748154613e-07
6.050000000000000711e+00 8.926434997136816568e-08
6.100000000000000533e+00 7.299165914423298522e-08
6.150000000000000355e+00 5.867203431568382772e-08
6.200000000000000178e+00 4.611553755841277901e-08
6.250000000000000000e+00 3.515559895996336829e-08
6.300000000000000711e+00 2.563179989736220861e-08
6.350000000000000533e+00 1.739950434171561771e-08
6.400000000000000355e+00 1.031743437303645330e-08
6.450000000000000178e+00 4.264358055538105873e-09
6.500000000000000000e+00 -8.770884508822887704e-10
6.550000000000000711e+00 -5.215359079967483226e-09
