0.000000000000000000e+00 2.722560458599690980e-01
5.000000000000000278e-02 5.400936436877358353e-03
1.000000000000000056e-01 2.638514183960048807e-03
1.500000000000000222e-01 1.690854353686998841e-03
2.000000000000000111e-01 1.197592367975219233e-03
2.500000000000000000e-01 8.869044373265370625e-04
3.000000000000000444e-01 6.683242595544369507e-04
3.500000000000000333e-01 5.032764443674944991e-04
4.000000000000000222e-01 3.725045736577790585e-04
4.500000000000000111e-01 2.654291047714132479e-04
5.000000000000000000e-01 1.757626441127648766e-04
5.500000000000000444e-01 9.955549761621707656e-05
6.000000000000000888e-01 3.419644357506334734e-05
6.500000000000000222e-01 -2.210684361990892711e-05
7.000000000000000666e-01 -7.060673001327409540e-05
7.500000000000000000e-01 -1.122739132050598848e-04
8.000000000000000444e-01 -1.478201856830305876e-04
8.500000000000000888e-01 -1.777995336029763356e-04
9.000000000000000222e-01 -2.026763735353195872e-04
9.500000000000000666e-01 -2.228650050151072953e-04
1.000000000000000000e+00 -2.387125028862604938e-04
1.050000000000000044e+00 -2.505374448268191546e-04
1.100000000000000089e+00 -2.586454986392303849e-04
1.150000000000000133e+00 -2.633199290696921417e-04
1.200000000000000178e+00 -2.648479587622202982e-04
1.250000000000000000e+00 -2.634973075226692911e-04
1.300000000000000044e+00 -2.595445648839682764e-04
1.350000000000000089e+00 -2.532473614993840396e-04
1.400000000000000133e+00 -2.448690148184817718e-04
1.450000000000000178e+00 -2.346735843024036017e-04
1.500000000000000000e+00 -2.229034772732729763e-04
1.550000000000000044e+00 -2.098080087806055772e-04
1.600000000000000089e+00 -1.956365094552161134e-04
1.650000000000000133e+00 -1.806000143074089077e-04
1.700000000000000178e+00 -1.649305466856358692e-04
1.750000000000000000e+00 -1.488315755553341175e-04
1.800000000000000044e+00 -1.325018312980086853e-04
1.850000000000000089e+00 -1.161189087584437287e-04
1.900000000000000133e+00 -9.985876419258431279e-05
1.950000000000000178e+00 -8.386414654994625941e-05
2.000000000000000000e+00 -6.828303564756765798e-05
2.050000000000000266e+00 -5.323806609175200618e-05
2.100000000000000089e+00 -3.883296335692091152e-05
2.149999999999999911e+00 -2.515382237395011452e-05
2.200000000000000178e+00 -1.228876492619043420e-05
2.250000000000000000e+00 -2.923318440751962929e-07
2.300000000000000266e+00 1.079222357440966659e-05
2.350000000000000089e+00 2.092630376908929197e-05
2.400000000000000355e+00 3.009152061397425384e-05
2.450000000000000178e+00 3.827861507329414456e-05
2.500000000000000000e+00 4.549472379923393569e-05
2.550000000000000266e+00 5.175215384464487039e-05
2.600000000000000089e+00 5.706779571442874234e-05
2.650000000000000355e+00 6.148191697672778823e-05
2.700000000000000178e+00 6.502835084069204393e-05
2.750000000000000000e+00 6.774975991911587889e-05
2.800000000000000266e+00 6.969832300715328747e-05
2.850000000000000089e+00 7.092482706627657697e-05
2.900000000000000355e+00 7.148362171376595217e-05
2.950000000000000178e+00 7.143030429388633835e-05
3.000000000000000000e+00 7.082734376841868401e-05
3.050000000000000266e+00 6.973233389114951320e-05
3.100000000000000089e+00 6.820081288914449683e-05
3.150000000000000355e+00 6.629498458212395977e-05
3.200000000000000178e+00 6.406354277616757120e-05
3.250000000000000000e+00 6.156555918019987635e-05
3.300000000000000266e+00 5.884639489483968651e-05
3.350000000000000089e+00 5.595912536411101659e-05
3.400000000000000355e+00 5.294250746849530806e-05
3.450000000000000178e+00 4.984498433254638621e-05
3.500000000000000000e+00 4.669670176272887514e-05
3.550000000000000266e+00 4.353360067870982075e-05
3.600000000000000089e+00 4.038834561338157587e-05
3.650000000000000355e+00 3.728678460787354670e-05
3.700000000000000178e+00 3.425039181089355671e-05
3.750000000000000000e+00 3.130143009717115918e-05
3.800000000000000266e+00 2.845572295895296860e-05
3.850000000000000089e+00 2.572726208619157179e-05
3.900000000000000355e+00 2.312550231381514231e-05
3.950000000000000178e+00 2.066128721819591012e-05
4.000000000000000000e+00 1.833744643693516023e-05
4.049999999999999822e+00 1.615910267557736949e-05
4.100000000000000533e+00 1.412925031154394279e-05
4.150000000000000355e+00 1.224637557102440702e-05
4.200000000000000178e+00 1.050611731767042246e-05
4.250000000000000000e+00 8.909883249008459881e-06
4.299999999999999822e+00 7.452482677994306523e-06
4.350000000000000533e+00 6.126041828528304603e-06
4.400000000000000355e+00 4.928849838493753168e-06
4.450000000000000178e+00 3.850886452656410123e-06
4.500000000000000000e+00 2.889132822590900193e-06
4.549999999999999822e+00 2.034637371437333387e-06
4.600000000000000533e+00 1.278880526318523170e-06
4.650000000000000355e+00 6.167220930292595372e-07
4.700000000000000178e+00 4.111429817831266026e-08
4.750000000000000000e+00 -4.561089046931216284e-07
4.800000000000000711e+00 -8.823102695563191567e-07
4.850000000000000533e+00 -1.242914886577371743e-06
4.900000000000000355e+00 -1.544479864973597040e-06
4.950000000000000178e+00 -1.793248569418170575e-06
5.000000000000000000e+00 -1.995163800520607572e-06
5.050000000000000711e+00 -2.155324713494253574e-06
5.100000000000000533e+00 -2.277861656289066578e-06
5.150000000000000355e+00 -2.369049659664384621e-06
5.200000000000000178e+00 -2.431485920315364441e-06
5.250000000000000000e+00 -2.469922186907240545e-06
5.300000000000000711e+00 -2.487843698206297034e-06
5.350000000000000533e+00 -2.488567494287006755e-06
5.400000000000000355e+00 -2.473262781646099033e-06
5.450000000000000178e+00 -2.446321972841103569e-06
5.500000000000000000e+00 -2.409014862911966974e-06
5.550000000000000711e+00 -2.364772643901362247e-06
5.600000000000000533e+00 -2.313265163182619765e-06
5.650000000000000355e+00 -2.256959108012476850e-06
5.700000000000000178e+00 -2.196832757180774626e-06
5.750000000000000000e+00 -2.134414783123298985e-06
5.800000000000000711e+00 -2.070568945999985527e-06
5.850000000000000533e+00 -2.005972676618545308e-06
5.900000000000000355e+00 -1.941128401481223070e-06
5.950000000000000178e+00 -1.877216044382292194e-06
6.000000000000000000e+00 -1.813554130477112625e-06
6.050000000000000711e+00 -1.751546762746098057e-06
6.100000000000000533e+00 -1.691176685173500113e-06
6.150000000000000355e+00 -1.632427870242687555e-06
6.200000000000000178e+00 -1.575481033727720639e-06
6.250000000000000000e+00 -1.520506342864254629e-06
6.300000000000000711e+00 -1.467472895380354392e-06
6.350000000000000533e+00 -1.416350068699513301e-06
6.400000000000000355e+00 -1.367664164724643750e-06
6.450000000000000178e+00 -1.320934895024486643e-06
6.500000000000000000e+00 -1.275886099633357884e-06
6.550000000000000711e+00 -1.233264732396009588e-06
6.600000000000000533e+00 -1.192134297181343816e-06
6.650000000000000355e+00 -1.152820663167328704e-06
6.700000000000000178e+00 -1.115459642889511314e-06
6.750000000000000000e+00 -1.079614060633223383e-06
6.800000000000000711e+00 -1.045312660131025775e-06
6.850000000000000533e+00 -1.012581033825036739e-06
6.900000000000000355e+00 -9.811160894562846189e-07
6.950000000000000178e+00 -9.512179891765961269e-07
7.000000000000000000e+00 -9.225352206761399466e-07
7.050000000000000711e+00 -8.947844401607089194e-07
7.100000000000000533e+00 -8.686244679817153778e-07
7.150000000000000355e+00 -8.434565403581110833e-07
7.200000000000000178e+00 -8.189615755152626008e-07
7.250000000000000000e+00 -7.957308822826863031e-07
7.300000000000000711e+00 -7.733920233369314408e-07
7.350000000000000533e+00 -7.517350378983876843e-07
7.400000000000000355e+00 -7.309912006736217134e-07
7.450000000000000178e+00 -7.109055936462977913e-07
7.500000000000000000e+00 -6.918440638827081234e-07
7.550000000000000711e+00 -6.732741003828624288e-07
7.600000000000000533e+00 -6.553742414464578880e-07
7.650000000000000355e+00 -6.379972589250946317e-07
