0.000000000000000000e+00 0.000000000000000000e+00
5.000000000000000278e-02 -2.716306136786445489e-06
1.000000000000000056e-01 -5.423224104401661539e-06
1.500000000000000222e-01 -8.111342577632925388e-06
2.000000000000000111e-01 -1.077120506006918272e-05
2.500000000000000000e-01 -1.339329012600054054e-05
3.000000000000000444e-01 -1.596799498658089400e-05
3.500000000000000333e-01 -1.848562337515881812e-05
4.000000000000000222e-01 -2.093637865240083722e-05
4.500000000000000111e-01 -2.331036291735057221e-05
5.000000000000000000e-01 -2.559758277806308059e-05
5.500000000000000444e-01 -2.778796228746738161e-05
6.000000000000000888e-01 -2.987136338950640888e-05
6.500000000000000222e-01 -3.183761405052722279e-05
7.000000000000000666e-01 -3.367654407471642618e-05
7.500000000000000000e-01 -3.537802842363333946e-05
8.000000000000000444e-01 -3.693203768223151940e-05
8.500000000000000888e-01 -3.832869514084853902e-05
9.000000000000000222e-01 -3.955833979812853481e-05
9.500000000000000666e-01 -4.061159443723850852e-05
1.000000000000000000e+00 -4.147943779038384032e-05
1.050000000000000044e+00 -4.215327968758732056e-05
1.100000000000000089e+00 -4.262503798769418670e-05
1.150000000000000133e+00 -4.288721601492413309e-05
1.200000000000000178e+00 -4.293297917486064779e-05
1.250000000000000000e+00 -4.275622940087728366e-05
1.300000000000000044e+00 -4.235167608641519314e-05
1.350000000000000089e+00 -4.171490219041701283e-05
1.400000000000000133e+00 -4.084242426215635782e-05
1.450000000000000178e+00 -3.973174521662840608e-05
1.500000000000000000e+00 -3.838139880094790327e-05
1.550000000000000044e+00 -3.679098482362964733e-05
1.600000000000000089e+00 -3.496119436947819431e-05
1.650000000000000133e+00 -3.289382438990876673e-05
1.700000000000000178e+00 -3.059178123829324009e-05
1.750000000000000000e+00 -2.805907290850982318e-05
1.800000000000000044e+00 -2.530078992820699110e-05
1.850000000000000089e+00 -2.232307505219919961e-05
1.900000000000000133e+00 -1.913308209172401769e-05
1.950000000000000178e+00 -1.573892439795228238e-05
2.000000000000000000e+00 -1.214961368929449271e-05
2.050000000000000266e+00 -8.374990068151179541e-06
2.100000000000000089e+00 -4.425644210659773969e-06
2.149999999999999911e+00 -3.128328300166082232e-07
2.200000000000000178e+00 3.951611392037267993e-06
2.250000000000000000e+00 8.355374141546430887e-06
2.300000000000000266e+00 1.288575676855937910e-05
2.350000000000000089e+00 1.752977521723796507e-05
2.400000000000000355e+00 2.227425927133366458e-05
2.450000000000000178e+00 2.710595082861176034e-05
2.500000000000000000e+00 3.201159997308977370e-05
2.550000000000000266e+00 3.697805769044451411e-05
2.600000000000000089e+00 4.199236416723448138e-05
2.650000000000000355e+00 4.704183172591211361e-05
2.700000000000000178e+00 5.211412157191847602e-05
2.750000000000000000e+00 5.719731366324218416e-05
2.800000000000000266e+00 6.227996915336116493e-05
2.850000000000000089e+00 6.735118500215499292e-05
2.900000000000000355e+00 7.240064049295086995e-05
2.950000000000000178e+00 7.741863553428083775e-05
3.000000000000000000e+00 8.239612075937643163e-05
3.050000000000000266e+00 8.732471956238202937e-05
3.100000000000000089e+00 9.219674232558714496e-05
3.150000000000000355e+00 9.700519319488485096e-05
3.200000000000000178e+00 1.017437698498088115e-04
3.250000000000000000e+00 1.064068567889610246e-04
3.300000000000000266e+00 1.109895127109092008e-04
3.350000000000000089e+00 1.154874526146026177e-04
3.400000000000000355e+00 1.198970252723137496e-04
3.450000000000000178e+00 1.242151867426738985e-04
3.500000000000000000e+00 1.284394705924582795e-04
3.550000000000000266e+00 1.325679554845570277e-04
3.600000000000000089e+00 1.365992307674118505e-04
3.650000000000000355e+00 1.405323606696122745e-04
3.700000000000000178e+00 1.443668476639168620e-04
3.750000000000000000e+00 1.481025955193499238e-04
3.800000000000000266e+00 1.517398725098127092e-04
3.850000000000000089e+00 1.552792751944285805e-04
3.900000000000000355e+00 1.587216931300702806e-04
3.950000000000000178e+00 1.620682748215461835e-04
4.000000000000000000e+00 1.653203951609437037e-04
4.049999999999999822e+00 1.684796245556778702e-04
4.100000000000000533e+00 1.715476998957251459e-04
4.150000000000000355e+00 1.745264974650145373e-04
4.200000000000000178e+00 1.774180078605101904e-04
4.250000000000000000e+00 1.802243129454711196e-04
4.299999999999999822e+00 1.829475648309227106e-04
4.350000000000000533e+00 1.855899668515316990e-04
4.400000000000000355e+00 1.881537564787882607e-04
4.450000000000000178e+00 1.906411900954736163e-04
4.500000000000000000e+00 1.930545295405635645e-04
4.549999999999999822e+00 1.953960303226799655e-04
4.600000000000000533e+00 1.976679313925732318e-04
4.650000000000000355e+00 1.998724463605136277e-04
4.700000000000000178e+00 2.020117560424953608e-04
4.750000000000000000e+00 2.040880022194077647e-04
4.800000000000000711e+00 2.061032824954278631e-04
4.850000000000000533e+00 2.080596461454804855e-04
4.900000000000000355e+00 2.099590908463593118e-04
4.950000000000000178e+00 2.118035601917244608e-04
5.000000000000000000e+00 2.135949418974044203e-04
5.050000000000000711e+00 2.153350666100349088e-04
5.100000000000000533e+00 2.170257072388565934e-04
5.150000000000000355e+00 2.186685787373108560e-04
5.200000000000000178e+00 2.202653382678021487e-04
5.250000000000000000e+00 2.218175856895233499e-04
5.300000000000000711e+00 2.233268643155032112e-04
5.350000000000000533e+00 2.247946618909592536e-04
5.400000000000000355e+00 2.262224117506125723e-04
5.450000000000000178e+00 2.276114941177835138e-04
5.500000000000000000e+00 2.289632375128635398e-04
5.550000000000000711e+00 2.302789202431131501e-04
5.600000000000000533e+00 2.315597719496953521e-04
5.650000000000000355e+00 2.328069751914091585e-04
5.700000000000000178e+00 2.340216670477810530e-04
5.750000000000000000e+00 2.352049407269824572e-04
5.800000000000000711e+00 2.363578471665344878e-04
5.850000000000000533e+00 2.374813966169213243e-04
5.900000000000000355e+00 2.385765602001198543e-04
5.950000000000000178e+00 2.396442714366618144e-04
6.000000000000000000e+00 2.406854277362283578e-04
6.050000000000000711e+00 2.417008918479447721e-04
6.100000000000000533e+00 2.426914932675300232e-04
6.150000000000000355e+00 2.436580295992820137e-04
6.200000000000000178e+00 2.446012678715737162e-04
6.250000000000000000e+00 2.455219458051115396e-04
6.300000000000000711e+00 2.464207730336911116e-04
6.350000000000000533e+00 2.472984322775881988e-04
6.400000000000000355e+00 2.481555804700614608e-04
6.450000000000000178e+00 2.489928498377254914e-04
6.500000000000000000e+00 2.498108489357903669e-04
6.550000000000000711e+00 2.506101636393572875e-04
6.600000000000000533e+00 2.513913580921227462e-04
6.650000000000000355e+00 2.521549756139659015e-04
6.700000000000000178e+00 2.529015395689895689e-04
6.750000000000000000e+00 2.536315541956460102e-04
6.800000000000000711e+00 2.543455054006107442e-04
6.850000000000000533e+00 2.550438615180681927e-04
6.900000000000000355e+00 2.557270740360525433e-04
6.950000000000000178e+00 2.563955782914269796e-04
7.000000000000000000e+00 2.570497941350222528e-04
7.050000000000000711e+00 2.576901265683570127e-04
7.100000000000000533e+00 2.583169663532579644e-04
7.150000000000000355e+00 2.589306905955953472e-04
7.200000000000000178e+00 2.595316633042211388e-04
7.250000000000000000e+00 2.601202359260996436e-04
7.300000000000000711e+00 2.606967478585145762e-04
7.350000000000000533e+00 2.612615269391462794e-04
7.400000000000000355e+00 2.618148899147465188e-04
7.450000000000000178e+00 2.623571428890870733e-04
7.500000000000000000e+00 2.628885817508248347e-04
7.550000000000000711e+00 2.634094925819187067e-04
7.600000000000000533e+00 2.639201520472413956e-04
7.650000000000000355e+00 2.644208277660515779e-04
7.700000000000000178e+00 2.649117786660247238e-04
7.750000000000000000e+00 2.653932553205878581e-04
7.800000000000000711e+00 2.658655002703393718e-04
7.850000000000000533e+00 2.663287483293754376e-04
7.900000000000000355e+00 2.667832268773794968e-04
7.950000000000000178e+00 2.672291561383389243e-04
8.000000000000000000e+00 2.676667494467646928e-04
8.050000000000000711e+00 2.680962135022644816e-04
8.099999999999999645e+00 2.685177486132938230e-04
8.150000000000000355e+00 2.689315489308464471e-04
8.200000000000001066e+00 2.693378026727894815e-04
8.250000000000000000e+00 2.697366923394548845e-04
8.300000000000000711e+00 2.701283949210225464e-04
8.349999999999999645e+00 2.705130820971262469e-04
8.400000000000000355e+00 2.708909204290299534e-04
8.450000000000001066e+00 2.712620715446306587e-04
8.500000000000000000e+00 2.716266923164738613e-04
8.550000000000000711e+00 2.719849350329014374e-04
8.599999999999999645e+00 2.723369475624154976e-04
8.650000000000000355e+00 2.726828735113103245e-04
8.700000000000001066e+00 2.730228523746234550e-04
8.750000000000000000e+00 2.733570196804700411e-04
8.800000000000000711e+00 2.736855071278519931e-04
8.849999999999999645e+00 2.740084427180780277e-04
8.900000000000000355e+00 2.743259508799831647e-04
8.950000000000001066e+00 2.746381525891892312e-04
9.000000000000000000e+00 2.749451654817074565e-04
9.050000000000000711e+00 2.752471039622363374e-04
9.099999999999999645e+00 2.755440793075445436e-04
9.150000000000000355e+00 2.758361997653666358e-04
9.200000000000001066e+00 2.761235706492449517e-04
9.250000000000000000e+00 2.764062944297551359e-04
9.300000000000000711e+00 2.766844708225299119e-04
9.349999999999999645e+00 2.769581968734578575e-04
9.400000000000000355e+00 2.772275670413900869e-04
9.450000000000001066e+00 2.774926732786147775e-04
9.500000000000000000e+00 2.777536051093058107e-04
9.550000000000000711e+00 2.780104497060607231e-04
9.600000000000001421e+00 2.782632919645897682e-04
9.650000000000000355e+00 2.785122145765377643e-04
9.700000000000001066e+00 2.787572981003740577e-04
9.750000000000000000e+00 2.789986210302338311e-04
9.800000000000000711e+00 2.792362598625740397e-04
9.850000000000001421e+00 2.794702891604903985e-04
9.900000000000000355e+00 2.797007816155439573e-04
9.950000000000001066e+00 2.799278081069795721e-04
1.000000000000000000e+01 2.801514377582353904e-04
1.005000000000000071e+01 2.803717379907095207e-04
1.010000000000000142e+01 2.805887745747845385e-04
1.015000000000000036e+01 2.808026116781886495e-04
1.020000000000000107e+01 2.810133119118123383e-04
1.025000000000000000e+01 2.812209363731668242e-04
1.030000000000000071e+01 2.814255446877076132e-04
1.035000000000000142e+01 2.816271950482840077e-04
1.040000000000000036e+01 2.818259442529965188e-04
1.045000000000000107e+01 2.820218477417452130e-04
1.050000000000000000e+01 2.822149596317487718e-04
1.055000000000000071e+01 2.824053327522820043e-04
1.060000000000000142e+01 2.825930186788476765e-04
1.065000000000000036e+01 2.827780677669483253e-04
1.070000000000000107e+01 2.829605291855652829e-04
1.075000000000000000e+01 2.831404509504000986e-04
1.080000000000000071e+01 2.833178799568674073e-04
1.085000000000000142e+01 2.834928620127788543e-04
1.090000000000000036e+01 2.836654418706057541e-04
1.095000000000000107e+01 2.838356632591775832e-04
1.100000000000000000e+01 2.840035689146421329e-04
1.105000000000000071e+01 2.841692006105099436e-04
1.110000000000000142e+01 2.843325991866021778e-04
1.115000000000000036e+01 2.844938045767471608e-04
1.120000000000000107e+01 2.846528558350950515e-04
1.125000000000000000e+01 2.848097911609627150e-04
1.130000000000000071e+01 2.849646479221685179e-04
1.135000000000000142e+01 2.851174626768688647e-04
1.140000000000000036e+01 2.852682711939560521e-04
1.145000000000000107e+01 2.854171084721326924e-04
1.150000000000000000e+01 2.855640087578106443e-04
1.155000000000000071e+01 2.857090055620251632e-04
1.160000000000000142e+01 2.858521316765686424e-04
1.165000000000000036e+01 2.859934191895593231e-04
1.170000000000000107e+01 2.861328995006622998e-04
1.175000000000000000e+01 2.862706033361520704e-04
1.180000000000000071e+01 2.864065607639884213e-04
1.185000000000000142e+01 2.865408012090330967e-04
1.190000000000000036e+01 2.866733534684939876e-04
1.195000000000000107e+01 2.868042457276338115e-04
1.200000000000000000e+01 2.869335055757282673e-04
1.205000000000000071e+01 2.870611600222209192e-04
1.210000000000000142e+01 2.871872355129708333e-04
1.215000000000000036e+01 2.873117579464630261e-04
1.220000000000000107e+01 2.874347526898287449e-04
1.225000000000000000e+01 2.875562445945039486e-04
1.230000000000000071e+01 2.876762580113706794e-04
1.235000000000000142e+01 2.877948168052176631e-04
1.240000000000000036e+01 2.879119443684005522e-04
1.245000000000000107e+01 2.880276636335959376e-04
1.250000000000000000e+01 2.881419970855948667e-04
1.255000000000000071e+01 2.882549667721190064e-04
1.260000000000000142e+01 2.883665943136845522e-04
1.265000000000000036e+01 2.884769009125844096e-04
1.270000000000000107e+01 2.885859073610940319e-04
1.275000000000000000e+01 2.886936340490400192e-04
1.280000000000000071e+01 2.888001009708852170e-04
1.285000000000000142e+01 2.889053277325042204e-04
1.290000000000000036e+01 2.890093335578157647e-04
1.295000000000000107e+01 2.891121372954339255e-04
1.300000000000000000e+01 2.892137574254784811e-04
1.305000000000000071e+01 2.893142120666532886e-04
1.310000000000000142e+01 2.894135189836749122e-04
1.315000000000000036e+01 2.895116955950851126e-04
1.320000000000000107e+01 2.896087589814508854e-04
1.325000000000000000e+01 2.897047258939086786e-04
1.330000000000000071e+01 2.897996127629791732e-04
1.335000000000000142e+01 2.898934357075490850e-04
1.340000000000000036e+01 2.899862105438925941e-04
1.345000000000000107e+01 2.900779527945977982e-04
1.350000000000000000e+01 2.901686776972523646e-04
1.355000000000000071e+01 2.902584002127597948e-04
1.360000000000000142e+01 2.903471350331636772e-04
1.365000000000000036e+01 2.904348965888871770e-04
1.370000000000000107e+01 2.905216990553204852e-04
1.375000000000000000e+01 2.906075563587263056e-04
1.380000000000000071e+01 2.906924821814656007e-04
1.385000000000000142e+01 2.907764899665811107e-04
1.390000000000000036e+01 2.908595929218095520e-04
1.395000000000000107e+01 2.909418040231166042e-04
1.400000000000000000e+01 2.910231360178768207e-04
1.405000000000000071e+01 2.911036014278198941e-04
1.410000000000000142e+01 2.911832125518843848e-04
1.415000000000000036e+01 2.912619814691018612e-04
1.420000000000000107e+01 2.913399200416330452e-04
1.425000000000000000e+01 2.914170399180477408e-04
1.430000000000000071e+01 2.914933525369222712e-04
1.435000000000000142e+01 2.915688691307981718e-04
1.440000000000000036e+01 2.916436007305082110e-04
1.445000000000000107e+01 2.917175581698541807e-04
1.450000000000000000e+01 2.917907520905860946e-04
1.455000000000000071e+01 2.918631929476062504e-04
1.460000000000000142e+01 2.919348910143098469e-04
1.465000000000000036e+01 2.920058563879523810e-04
1.470000000000000107e+01 2.920760989949338325e-04
1.475000000000000000e+01 2.921456285958914868e-04
1.480000000000000071e+01 2.922144547905029506e-04
1.485000000000000142e+01 2.922825870219119193e-04
1.490000000000000036e+01 2.923500345807198298e-04
1.495000000000000107e+01 2.924168066085006275e-04
1.500000000000000000e+01 2.924829121008328458e-04
1.505000000000000071e+01 2.925483599098607627e-04
1.510000000000000142e+01 2.926131587464307670e-04
1.515000000000000036e+01 2.926773171818638662e-04
1.520000000000000107e+01 2.927408436494478199e-04
1.525000000000000000e+01 2.928037464457419769e-04
1.530000000000000071e+01 2.928660337317957017e-04
1.535000000000000142e+01 2.929277135343761793e-04
1.540000000000000036e+01 2.929887937473005743e-04
1.545000000000000107e+01 2.930492821329482760e-04
1.550000000000000000e+01 2.931091863240148669e-04
1.555000000000000071e+01 2.931685138255493922e-04
1.560000000000000142e+01 2.932272720172892440e-04
1.565000000000000036e+01 2.932854681562863152e-04
1.570000000000000107e+01 2.933431093797975913e-04
1.575000000000000000e+01 2.934002027083885164e-04
1.580000000000000071e+01 2.934567550491841361e-04
1.585000000000000142e+01 2.935127731991955379e-04
1.590000000000000036e+01 2.935682638486333362e-04
1.595000000000000107e+01 2.936232335841330106e-04
1.600000000000000000e+01 2.936776888918073147e-04
1.605000000000000071e+01 2.937316361600663403e-04
1.610000000000000142e+01 2.937850816821468525e-04
1.615000000000000213e+01 2.938380316583195625e-04
1.619999999999999929e+01 2.938904921977586720e-04
1.625000000000000000e+01 2.939424693200752060e-04
1.630000000000000071e+01 2.939939689565440584e-04
1.635000000000000142e+01 2.940449969510596081e-04
1.640000000000000213e+01 2.940955590608798067e-04
1.644999999999999929e+01 2.941456609572211346e-04
1.650000000000000000e+01 2.941953082257789094e-04
1.655000000000000071e+01 2.942445063672395719e-04
1.660000000000000142e+01 2.942932607978588906e-04
1.665000000000000213e+01 2.943415768501609470e-04
1.669999999999999929e+01 2.943894597738084249e-04
1.675000000000000000e+01 2.944369147366760245e-04
1.680000000000000071e+01 2.944839468261451626e-04
1.685000000000000142e+01 2.945305610506166513e-04
1.690000000000000213e+01 2.945767623412295921e-04
1.694999999999999929e+01 2.946225555537494061e-04
1.700000000000000000e+01 2.946679454705864549e-04
1.705000000000000071e+01 2.947129368028874674e-04
1.710000000000000142e+01 2.947575341926469690e-04
1.715000000000000213e+01 2.948017422147762643e-04
1.719999999999999929e+01 2.948455653790741922e-04
1.725000000000000000e+01 2.948890081320529755e-04
1.730000000000000071e+01 2.949320748585758552e-04
1.735000000000000142e+01 2.949747698832810264e-04
1.740000000000000213e+01 2.950170974717779477e-04
1.744999999999999929e+01 2.950590618316141240e-04
1.750000000000000000e+01 2.951006671130284643e-04
1.755000000000000071e+01 2.951419174095173438e-04
1.760000000000000142e+01 2.951828167582487691e-04
1.765000000000000213e+01 2.952233691403688821e-04
1.769999999999999929e+01 2.952635784812513266e-04
1.775000000000000000e+01 2.953034486507382663e-04
1.780000000000000071e+01 2.953429834634186996e-04
1.785000000000000142e+01 2.953821866789877099e-04
1.790000000000000213e+01 2.954210620027215633e-04
1.794999999999999929e+01 2.954596130860890897e-04
1.800000000000000000e+01 2.954978435275160457e-04
1.805000000000000071e+01 2.955357568732983921e-04
1.810000000000000142e+01 2.955733566186591744e-04
1.815000000000000213e+01 2.956106462089241774e-04
1.819999999999999929e+01 2.956476290407866465e-04
1.825000000000000000e+01 2.956843084636295274e-04
1.830000000000000071e+01 2.957206877808606603e-04
1.835000000000000142e+01 2.957567702512242311e-04
1.840000000000000213e+01 2.957925590900501518e-04
1.844999999999999929e+01 2.958280574704072181e-04
1.850000000000000000e+01 2.958632685241321253e-04
1.855000000000000071e+01 2.958981953427205201e-04
1.860000000000000142e+01 2.959328409780664806e-04
1.865000000000000213e+01 2.959672084430529189e-04
1.869999999999999929e+01 2.960013007120055359e-04
1.875000000000000000e+01 2.960351207210249131e-04
1.880000000000000071e+01 2.960686713682251993e-04
1.885000000000000142e+01 2.961019555139094263e-04
1.890000000000000213e+01 2.961349759807124608e-04
1.894999999999999929e+01 2.961677355537480224e-04
1.900000000000000000e+01 2.962002369807884439e-04
1.905000000000000071e+01 2.962324829725057444e-04
1.910000000000000142e+01 2.962644762027942871e-04
1.915000000000000213e+01 2.962962193091913960e-04
1.920000000000000284e+01 2.963277148933985317e-04
1.925000000000000000e+01 2.963589655219043282e-04
1.930000000000000071e+01 2.963899737266991363e-04
1.935000000000000142e+01 2.964207420060632390e-04
1.940000000000000213e+01 2.964512728254086794e-04
1.945000000000000284e+01 2.964815686181487375e-04
1.950000000000000000e+01 2.965116317865675141e-04
1.955000000000000071e+01 2.965414647026611635e-04
1.960000000000000142e+01 2.965710697089295233e-04
1.965000000000000213e+01 2.966004491190923388e-04
1.970000000000000284e+01 2.966296052187168534e-04
1.975000000000000000e+01 2.966585402657466821e-04
1.980000000000000071e+01 2.966872564909271443e-04
1.985000000000000142e+01 2.967157560981351864e-04
1.990000000000000213e+01 2.967440412646154125e-04
1.995000000000000284e+01 2.967721141411492746e-04
2.000000000000000000e+01 2.967999768521664737e-04
2.005000000000000071e+01 2.968276314958276309e-04
2.010000000000000142e+01 2.968550801440985004e-04
2.015000000000000213e+01 2.968823248428409346e-04
2.020000000000000284e+01 2.969093676119388138e-04
2.025000000000000000e+01 2.969362104454782410e-04
2.030000000000000071e+01 2.969628553119921916e-04
2.035000000000000142e+01 2.969893041547772635e-04
2.040000000000000213e+01 2.970155588922857243e-04
2.045000000000000284e+01 2.970416214185833703e-04
2.050000000000000000e+01 2.970674936038676661e-04
2.055000000000000071e+01 2.970931772950300667e-04
2.060000000000000142e+01 2.971186743162448473e-04
2.065000000000000213e+01 2.971439864695644929e-04
2.070000000000000284e+01 2.971691155355045172e-04
2.075000000000000000e+01 2.971940632735954298e-04
2.080000000000000071e+01 2.972188314228872696e-04
2.085000000000000142e+01 2.972434217023942906e-04
2.090000000000000213e+01 2.972678358114689569e-04
2.095000000000000284e+01 2.972920754301044900e-04
2.100000000000000000e+01 2.973161422191645024e-04
2.105000000000000071e+01 2.973400378205478503e-04
2.110000000000000142e+01 2.973637638572975425e-04
2.115000000000000213e+01 2.973873219336702371e-04
2.120000000000000284e+01 2.974107136351791217e-04
2.125000000000000000e+01 2.974339405286300178e-04
2.130000000000000071e+01 2.974570041621678925e-04
2.135000000000000142e+01 2.974799060653488501e-04
2.140000000000000213e+01 2.975026477492503409e-04
2.145000000000000284e+01 2.975252307066322192e-04
2.150000000000000000e+01 2.975476564121508198e-04
2.155000000000000071e+01 2.975699263226315797e-04
2.160000000000000142e+01 2.975920418773916431e-04
2.165000000000000213e+01 2.976140044986123933e-04
2.170000000000000284e+01 2.976358155917425041e-04
2.175000000000000000e+01 2.976574765459274476e-04
2.180000000000000071e+01 2.976789887344391083e-04
2.185000000000000142e+01 2.977003535151019295e-04
2.190000000000000213e+01 2.977215722306891885e-04
2.195000000000000284e+01 2.977426462092841995e-04
2.200000000000000000e+01 2.977635767645886596e-04
2.205000000000000071e+01 2.977843651961778167e-04
2.210000000000000142e+01 2.978050127896935653e-04
2.215000000000000213e+01 2.978255208169770991e-04
2.220000000000000284e+01 2.978458905361491956e-04
2.225000000000000000e+01 2.978661231916413877e-04
2.230000000000000071e+01 2.978862200141954206e-04
2.235000000000000142e+01 2.979061822208395631e-04
2.240000000000000213e+01 2.979260110148596583e-04
2.245000000000000284e+01 2.979457075857803137e-04
2.250000000000000000e+01 2.979652731093694541e-04
2.255000000000000071e+01 2.979847087476777327e-04
2.260000000000000142e+01 2.980040156491264055e-04
2.265000000000000213e+01 2.980231949486442122e-04
2.270000000000000284e+01 2.980422477678619357e-04
2.275000000000000000e+01 2.980611752153562938e-04
2.280000000000000071e+01 2.980799783869448423e-04
2.285000000000000142e+01 2.980986583660183908e-04
2.290000000000000213e+01 2.981172162238998743e-04
2.295000000000000284e+01 2.981356530202184025e-04
2.300000000000000000e+01 2.981539698032826050e-04
2.305000000000000071e+01 2.981721676104382010e-04
2.310000000000000142e+01 2.981902474683960792e-04
2.315000000000000213e+01 2.982082103935230805e-04
2.320000000000000284e+01 2.982260573920779206e-04
2.325000000000000000e+01 2.982437894603976185e-04
2.330000000000000071e+01 2.982614075850204991e-04
2.335000000000000142e+01 2.982789127427581304e-04
2.340000000000000213e+01 2.982963059007105559e-04
2.345000000000000284e+01 2.983135880162421177e-04
2.350000000000000000e+01 2.983307600369220413e-04
2.355000000000000071e+01 2.983478229004451815e-04
2.360000000000000142e+01 2.983647775345450682e-04
2.365000000000000213e+01 2.983816248569131344e-04
2.370000000000000284e+01 2.983983657751370245e-04
2.375000000000000000e+01 2.984150011866681766e-04
2.380000000000000071e+01 2.984315319788274608e-04
2.385000000000000142e+01 2.984479590288556484e-04
2.390000000000000213e+01 2.984642832040102314e-04
2.395000000000000284e+01 2.984805053617102175e-04
2.400000000000000000e+01 2.984966263497232093e-04
2.405000000000000071e+01 2.985126470063903764e-04
2.410000000000000142e+01 2.985285681608797789e-04
2.415000000000000213e+01 2.985443906334598577e-04
2.420000000000000284e+01 2.985601152357814894e-04
2.425000000000000000e+01 2.985757427711558136e-04
2.430000000000000071e+01 2.985912740348217590e-04
2.435000000000000142e+01 2.986067098141904235e-04
2.440000000000000213e+01 2.986220508890603960e-04
2.445000000000000284e+01 2.986372980317984933e-04
2.450000000000000000e+01 2.986524520074853683e-04
2.455000000000000071e+01 2.986675135740220330e-04
2.460000000000000142e+01 2.986824834822006565e-04
2.465000000000000213e+01 2.986973624757456570e-04
2.470000000000000284e+01 2.987121512913277414e-04
2.475000000000000000e+01 2.987268506585585392e-04
2.480000000000000071e+01 2.987414612999744474e-04
2.485000000000000142e+01 2.987559839310153804e-04
2.490000000000000213e+01 2.987704192600048746e-04
2.495000000000000284e+01 2.987847679881396805e-04
