0.000000000000000000e+00 0.000000000000000000e+00
5.000000000000000278e-02 9.314289617943849919e-10
1.000000000000000056e-01 7.436925345279146290e-09
1.500000000000000222e-01 2.501824268581204166e-08
2.000000000000000111e-01 5.903351943916497052e-08
2.500000000000000000e-01 1.146279853504630824e-07
3.000000000000000444e-01 1.966676350308469785e-07
3.500000000000000333e-01 3.096767765993244176e-07
4.000000000000000222e-01 4.577802961140242687e-07
4.500000000000000111e-01 6.446513976034672774e-07
5.000000000000000000e-01 8.734654856758488913e-07
5.500000000000000444e-01 1.146860755032806248e-06
6.000000000000000888e-01 1.466905941018606711e-06
6.500000000000000222e-01 1.835075569977988276e-06
7.000000000000000666e-01 2.252232930095303097e-06
7.500000000000000000e-01 2.718620864933145266e-06
8.000000000000000444e-01 3.233860375374202650e-06
8.500000000000000888e-01 3.796956903236082769e-06
9.000000000000000222e-01 4.406314063411516071e-06
9.500000000000000666e-01 5.059754492676093139e-06
1.000000000000000000e+00 5.754547393716129083e-06
1.050000000000000044e+00 6.487442273577878337e-06
1.100000000000000089e+00 7.254708307437939681e-06
1.150000000000000133e+00 8.052178701853135280e-06
1.200000000000000178e+00 8.875299386685207793e-06
1.250000000000000000e+00 9.719181331662817878e-06
1.300000000000000044e+00 1.057865576175137748e-05
1.350000000000000089e+00 1.144833153465700828e-05
1.400000000000000133e+00 1.232265394323643833e-05
1.450000000000000178e+00 1.319596421453395723e-05
1.500000000000000000e+00 1.406255899475300123e-05
1.550000000000000044e+00 1.491674913477695662e-05
1.600000000000000089e+00 1.575291712295665049e-05
1.650000000000000133e+00 1.656557254987415801e-05
1.700000000000000178e+00 1.734940503281092299e-05
1.750000000000000000e+00 1.809933407489183868e-05
1.800000000000000044e+00 1.881055538461632562e-05
1.850000000000000089e+00 1.947858323507025758e-05
1.900000000000000133e+00 2.009928849796054222e-05
1.950000000000000178e+00 2.066893204521531884e-05
2.000000000000000000e+00 2.118419326979030420e-05
2.050000000000000266e+00 2.164219353709869102e-05
2.100000000000000089e+00 2.204051443874179101e-05
2.149999999999999911e+00 2.237721078057065325e-05
2.200000000000000178e+00 2.265081829715212354e-05
2.250000000000000000e+00 2.286035614401766303e-05
2.300000000000000266e+00 2.300532427717432411e-05
2.350000000000000089e+00 2.308569588574425831e-05
2.400000000000000355e+00 2.310190509771854907e-05
2.450000000000000178e+00 2.305483023006374397e-05
2.500000000000000000e+00 2.294577290217654700e-05
2.550000000000000266e+00 2.277643337528994255e-05
2.600000000000000089e+00 2.254888251924100630e-05
2.650000000000000355e+00 2.226553084137826126e-05
2.700000000000000178e+00 2.192909503972187380e-05
2.750000000000000000e+00 2.154256256326233292e-05
2.800000000000000266e+00 2.110915467605481549e-05
2.850000000000000089e+00 2.063228852820831897e-05
2.900000000000000355e+00 2.011553873578770374e-05
2.950000000000000178e+00 1.956259896299561603e-05
3.000000000000000000e+00 1.897724398389363348e-05
3.050000000000000266e+00 1.836329267763663973e-05
3.100000000000000089e+00 1.772457238117574257e-05
3.150000000000000355e+00 1.706488498723522925e-05
3.200000000000000178e+00 1.638797513383945026e-05
3.250000000000000000e+00 1.569750078563259961e-05
3.300000000000000266e+00 1.499700645768343337e-05
3.350000000000000089e+00 1.428989928045993646e-05
3.400000000000000355e+00 1.357942805130627712e-05
3.450000000000000178e+00 1.286866536418416049e-05
3.500000000000000000e+00 1.216049285676215876e-05
3.550000000000000266e+00 1.145758956321406698e-05
3.600000000000000089e+00 1.076242331330306399e-05
3.650000000000000355e+00 1.007724507436377744e-05
3.700000000000000178e+00 9.404086093398806556e-06
3.750000000000000000e+00 8.744757662285393833e-06
3.800000000000000266e+00 8.100853300488999130e-06
3.850000000000000089e+00 7.473753126983565263e-06
3.900000000000000355e+00 6.864630176398694680e-06
3.950000000000000178e+00 6.274458403704455922e-06
4.000000000000000000e+00 5.704022116806653310e-06
4.049999999999999822e+00 5.153926576922421164e-06
4.100000000000000533e+00 4.624609512084839178e-06
4.150000000000000355e+00 4.116353299033020084e-06
4.200000000000000178e+00 3.629297582457400376e-06
4.250000000000000000e+00 3.163452117414642663e-06
4.299999999999999822e+00 2.718709640004838399e-06
4.350000000000000533e+00 2.294858592418761202e-06
4.400000000000000355e+00 1.891595550536880162e-06
4.450000000000000178e+00 1.508537224760352012e-06
4.500000000000000000e+00 1.145231927098114944e-06
4.549999999999999822e+00 8.011704192145582147e-07
4.600000000000000533e+00 4.757960767302089112e-07
4.650000000000000355e+00 1.685143242162254953e-07
4.700000000000000178e+00 -1.212986872267716668e-07
4.750000000000000000e+00 -3.942881723408554864e-07
4.800000000000000711e+00 -6.511135729683490282e-07
4.850000000000000533e+00 -8.924421755264504763e-07
4.900000000000000355e+00 -1.118943462390258464e-06
4.950000000000000178e+00 -1.331284167107796928e-06
5.000000000000000000e+00 -1.530123997346939493e-06
5.050000000000000711e+00 -1.716111985034818487e-06
5.100000000000000533e+00 -1.889883420118261785e-06
5.150000000000000355e+00 -2.052057322563114061e-06
5.200000000000000178e+00 -2.203234406435298289e-06
5.250000000000000000e+00 -2.343995489989493268e-06
5.300000000000000711e+00 -2.474900306468028754e-06
5.350000000000000533e+00 -2.596486671635581839e-06
5.400000000000000355e+00 -2.709269965817664454e-06
5.450000000000000178e+00 -2.813742890265420523e-06
5.500000000000000000e+00 -2.910375459948889225e-06
5.550000000000000711e+00 -2.999615197317198179e-06
5.600000000000000533e+00 -3.081887494103678354e-06
5.650000000000000355e+00 -3.157596110856942097e-06
5.700000000000000178e+00 -3.227123786514941905e-06
5.750000000000000000e+00 -3.290832932984306424e-06
5.800000000000000711e+00 -3.349066392321507342e-06
5.850000000000000533e+00 -3.402148236717575887e-06
5.900000000000000355e+00 -3.450384594044552079e-06
5.950000000000000178e+00 -3.494064484209607251e-06
6.000000000000000000e+00 -3.533460653959220790e-06
6.050000000000000711e+00 -3.568830400056739121e-06
6.100000000000000533e+00 -3.600416372896669889e-06
6.150000000000000355e+00 -3.628447354593462940e-06
6.200000000000000178e+00 -3.653139007366853310e-06
6.250000000000000000e+00 -3.674694589620299071e-06
6.300000000000000711e+00 -3.693305638456816920e-06
6.350000000000000533e+00 -3.709152618487712953e-06
6.400000000000000355e+00 -3.722405537660897670e-06
6.450000000000000178e+00 -3.733224531470724418e-06
6.500000000000000000e+00 -3.741760417322396615e-06
6.550000000000000711e+00 -3.748155221030246325e-06
6.600000000000000533e+00 -3.752542677455975392e-06
6.650000000000000355e+00 -3.755048707171811547e-06
6.700000000000000178e+00 -3.755791870798783883e-06
6.750000000000000000e+00 -3.754883802359522438e-06
6.800000000000000711e+00 -3.752429622634525454e-06
6.850000000000000533e+00 -3.748528333156577380e-06
6.900000000000000355e+00 -3.743273191151322505e-06
6.950000000000000178e+00 -3.736752065459516247e-06
7.000000000000000000e+00 -3.729047773278941686e-06
7.050000000000000711e+00 -3.720238397453857010e-06
7.100000000000000533e+00 -3.710397584023740854e-06
7.150000000000000355e+00 -3.699594819818595153e-06
7.200000000000000178e+00 -3.687895690047128613e-06
7.250000000000000000e+00 -3.675362116052165586e-06
7.300000000000000711e+00 -3.662052573685569689e-06
7.350000000000000533e+00 -3.648022293060576757e-06
7.400000000000000355e+00 -3.633323440749086204e-06
7.450000000000000178e+00 -3.618005285781559344e-06
7.500000000000000000e+00 -3.602114351056075977e-06
7.550000000000000711e+00 -3.585694551952071028e-06
7.600000000000000533e+00 -3.568787324059725779e-06
7.650000000000000355e+00 -3.551431741968274114e-06
7.700000000000000178e+00 -3.533664631003238064e-06
7.750000000000000000e+00 -3.515520673665999960e-06
7.800000000000000711e+00 -3.497032512317179032e-06
7.850000000000000533e+00 -3.478230849371621300e-06
7.900000000000000355e+00 -3.459144545953398435e-06
7.950000000000000178e+00 -3.439800719614326571e-06
8.000000000000000000e+00 -3.420224841369714736e-06
8.050000000000000711e+00 -3.400440831971236430e-06
8.099999999999999645e+00 -3.380471157038527667e-06
8.150000000000000355e+00 -3.360336920425362082e-06
8.200000000000001066e+00 -3.340057955015936983e-06
8.250000000000000000e+00 -3.319652910041052959e-06
8.300000000000000711e+00 -3.299139333976402145e-06
8.349999999999999645e+00 -3.278533752134916329e-06
8.400000000000000355e+00 -3.257851738185782513e-06
8.450000000000001066e+00 -3.237107979014324314e-06
8.500000000000000000e+00 -3.216316332565084875e-06
8.550000000000000711e+00 -3.195489878568922877e-06
8.599999999999999645e+00 -3.174640962325192677e-06
8.650000000000000355e+00 -3.153781231974051023e-06
8.700000000000001066e+00 -3.132921669933906596e-06
8.750000000000000000e+00 -3.112072619379462414e-06
8.800000000000000711e+00 -3.091243806784089109e-06
8.849999999999999645e+00 -3.070444361637536448e-06
8.900000000000000355e+00 -3.049682834471339092e-06
8.950000000000001066e+00 -3.028967214279522569e-06
9.000000000000000000e+00 -3.008304946315067464e-06
9.050000000000000711e+00 -2.987702951081088168e-06
9.099999999999999645e+00 -2.967167645131031332e-06
9.150000000000000355e+00 -2.946704964058081787e-06
9.200000000000001066e+00 -2.926320387806085881e-06
9.250000000000000000e+00 -2.906018968188172591e-06
9.300000000000000711e+00 -2.885805358271089216e-06
9.349999999999999645e+00 -2.865683843086476439e-06
9.400000000000000355e+00 -2.845658370977199566e-06
9.450000000000001066e+00 -2.825732584785901244e-06
9.500000000000000000e+00 -2.805909852049389065e-06
9.550000000000000711e+00 -2.786193293377827328e-06
9.600000000000001421e+00 -2.766585808269521318e-06
9.650000000000000355e+00 -2.747090097734288943e-06
9.700000000000001066e+00 -2.727708683262194812e-06
9.750000000000000000e+00 -2.708443921867896806e-06
9.800000000000000711e+00 -2.689298017151016796e-06
9.850000000000001421e+00 -2.670273026525654525e-06
9.900000000000000355e+00 -2.651370864973550356e-06
9.950000000000001066e+00 -2.632593305852452015e-06
1.000000000000000000e+01 -2.613941979433107849e-06
1.005000000000000071e+01 -2.595418369936083423e-06
1.010000000000000142e+01 -2.577023811887977816e-06
1.015000000000000036e+01 -2.558759486613167745e-06
1.020000000000000107e+01 -2.540626419623004684e-06
1.025000000000000000e+01 -2.522625479563848646e-06
1.030000000000000071e+01 -2.504757379245624532e-06
1.035000000000000142e+01 -2.487022679103391669e-06
1.040000000000000036e+01 -2.469421793257024298e-06
1.045000000000000107e+01 -2.451954998140881915e-06
1.050000000000000000e+01 -2.434622443488666165e-06
1.055000000000000071e+01 -2.417424165290506279e-06
1.060000000000000142e+01 -2.400360100199789265e-06
1.065000000000000036e+01 -2.383430100765139096e-06
1.070000000000000107e+01 -2.366633950803683117e-06
1.075000000000000000e+01 -2.349971380218584788e-06
1.080000000000000071e+01 -2.333442078596618598e-06
1.085000000000000142e+01 -2.317045706997283040e-06
1.090000000000000036e+01 -2.300781907458101856e-06
1.095000000000000107e+01 -2.284650309883047911e-06
1.100000000000000000e+01 -2.268650536143115654e-06
1.105000000000000071e+01 -2.252782201388853738e-06
1.110000000000000142e+01 -2.237044912743097561e-06
1.115000000000000036e+01 -2.221438265697434883e-06
1.120000000000000107e+01 -2.205961838668214113e-06
1.125000000000000000e+01 -2.190615186269111332e-06
1.130000000000000071e+01 -2.175397831921296380e-06
1.135000000000000142e+01 -2.160309260445816749e-06
1.140000000000000036e+01 -2.145348911264659359e-06
1.145000000000000107e+01 -2.130516172779513390e-06
1.150000000000000000e+01 -2.115810378404251013e-06
1.155000000000000071e+01 -2.101230804605622450e-06
1.160000000000000142e+01 -2.086776671164584692e-06
1.165000000000000036e+01 -2.072447143717695534e-06
1.170000000000000107e+01 -2.058241338483965691e-06
1.175000000000000000e+01 -2.044158328937562431e-06
1.180000000000000071e+01 -2.030197154059693913e-06
1.185000000000000142e+01 -2.016356827702106949e-06
1.190000000000000036e+01 -2.002636348525483814e-06
1.195000000000000107e+01 -1.989034709943102100e-06
1.200000000000000000e+01 -1.975550909504445277e-06
1.205000000000000071e+01 -1.962183957194385345e-06
1.210000000000000142e+01 -1.948932882198027139e-06
1.215000000000000036e+01 -1.935796737783502173e-06
1.220000000000000107e+01 -1.922774604078465562e-06
1.225000000000000000e+01 -1.909865588652080081e-06
1.230000000000000071e+01 -1.897068824954156994e-06
1.235000000000000142e+01 -1.884383468797583452e-06
1.240000000000000036e+01 -1.871808693190907569e-06
1.245000000000000107e+01 -1.859343681927073627e-06
1.250000000000000000e+01 -1.846987622405965157e-06
1.255000000000000071e+01 -1.834739698208423038e-06
1.260000000000000142e+01 -1.822599081945405107e-06
1.265000000000000036e+01 -1.810564928878369054e-06
1.270000000000000107e+01 -1.798636371747814825e-06
1.275000000000000000e+01 -1.786812517160629815e-06
1.280000000000000071e+01 -1.775092443779167360e-06
1.285000000000000142e+01 -1.763475202433473106e-06
1.290000000000000036e+01 -1.751959818150294827e-06
1.295000000000000107e+01 -1.740545293967107468e-06
1.300000000000000000e+01 -1.729230616284393209e-06
1.305000000000000071e+01 -1.718014761411779114e-06
1.310000000000000142e+01 -1.706896702889828035e-06
1.315000000000000036e+01 -1.695875419123348559e-06
1.320000000000000107e+01 -1.684949900846849477e-06
1.325000000000000000e+01 -1.674119157958647244e-06
1.330000000000000071e+01 -1.663382225305828056e-06
1.335000000000000142e+01 -1.652738167074202981e-06
1.340000000000000036e+01 -1.642186079530970366e-06
1.345000000000000107e+01 -1.631725091976213142e-06
1.350000000000000000e+01 -1.621354365876007828e-06
1.355000000000000071e+01 -1.611073092266641451e-06
1.360000000000000142e+01 -1.600880487629145413e-06
1.365000000000000036e+01 -1.590775788528806827e-06
1.370000000000000107e+01 -1.580758245389753755e-06
1.375000000000000000e+01 -1.570827115825310425e-06
1.380000000000000071e+01 -1.560981657967831937e-06
1.385000000000000142e+01 -1.551221124235947000e-06
1.390000000000000036e+01 -1.541544755943105769e-06
1.395000000000000107e+01 -1.531951779091993705e-06
1.400000000000000000e+01 -1.522441401618296537e-06
1.405000000000000071e+01 -1.513012812250441864e-06
1.410000000000000142e+01 -1.503665181045454653e-06
1.415000000000000036e+01 -1.494397661551859673e-06
1.420000000000000107e+01 -1.485209394445915593e-06
1.425000000000000000e+01 -1.476099512393822747e-06
1.430000000000000071e+01 -1.467067145815851799e-06
1.435000000000000142e+01 -1.458111429173463368e-06
1.440000000000000036e+01 -1.449231507370438082e-06
1.445000000000000107e+01 -1.440426541855771615e-06
1.450000000000000000e+01 -1.431695716039211180e-06
1.455000000000000071e+01 -1.423038239678368445e-06
1.460000000000000142e+01 -1.414453351965626926e-06
1.465000000000000036e+01 -1.405940323129252790e-06
1.470000000000000107e+01 -1.397498454460198152e-06
1.475000000000000000e+01 -1.389127076777927268e-06
1.480000000000000071e+01 -1.380825547448504161e-06
1.485000000000000142e+01 -1.372593246159831365e-06
1.490000000000000036e+01 -1.364429569736461499e-06
1.495000000000000107e+01 -1.356333926335126121e-06
