0.000000000000000000e+00 0.000000000000000000e+00
5.000000000000000278e-02 -9.402224216774656121e-09
1.000000000000000056e-01 -7.506993025556291037e-08
1.500000000000000222e-01 -2.524992035085124036e-07
2.000000000000000111e-01 -5.957768858272611683e-07
2.500000000000000000e-01 -1.156784074490048074e-06
3.000000000000000444e-01 -1.984568966238592132e-06
3.500000000000000333e-01 -3.124702664042425601e-06
4.000000000000000222e-01 -4.618693533182826634e-06
4.500000000000000111e-01 -6.503458216010990798e-06
5.000000000000000000e-01 -8.811032800660815697e-06
5.500000000000000444e-01 -1.156751257206821926e-05
6.000000000000000888e-01 -1.479366371707972858e-05
6.500000000000000222e-01 -1.850409460699172621e-05
7.000000000000000666e-01 -2.270722761659198821e-05
7.500000000000000000e-01 -2.740521417503267521e-05
8.000000000000000444e-01 -3.259392984972593512e-05
8.500000000000000888e-01 -3.826304792119880448e-05
9.000000000000000222e-01 -4.439618877877500125e-05
9.500000000000000666e-01 -5.097114142428557556e-05
1.000000000000000000e+00 -5.796015243068844034e-05
1.050000000000000044e+00 -6.533027687834864431e-05
1.100000000000000089e+00 -7.304379135026159041e-05
1.150000000000000133e+00 -8.105824458121238833e-05
1.200000000000000178e+00 -8.932855956832130796e-05
1.250000000000000000e+00 -9.780512834697165764e-05
1.300000000000000044e+00 -1.064360200184177050e-04
1.350000000000000089e+00 -1.151671415150308173e-04
1.400000000000000133e+00 -1.239428275475059314e-04
1.450000000000000178e+00 -1.327064348856247307e-04
1.500000000000000000e+00 -1.414009340473983134e-04
1.550000000000000044e+00 -1.499693995126803302e-04
1.600000000000000089e+00 -1.583558956126502834e-04
1.650000000000000133e+00 -1.665056235477516871e-04
1.700000000000000178e+00 -1.743656474918747886e-04
1.750000000000000000e+00 -1.818853455410349780e-04
1.800000000000000044e+00 -1.890168623611886373e-04
1.850000000000000089e+00 -1.957155233167215326e-04
1.900000000000000133e+00 -2.019402072030790027e-04
1.950000000000000178e+00 -2.076536752576621221e-04
2.000000000000000000e+00 -2.128228546501216860e-04
2.050000000000000266e+00 -2.174188068784060337e-04
2.100000000000000089e+00 -2.214182581573586901e-04
2.149999999999999911e+00 -2.248010576544897212e-04
2.200000000000000178e+00 -2.275529531760795755e-04
2.250000000000000000e+00 -2.296642950568402093e-04
2.300000000000000266e+00 -2.311303031370857096e-04
2.350000000000000089e+00 -2.319509107912982296e-04
2.400000000000000355e+00 -2.321310829722100528e-04
2.450000000000000178e+00 -2.316801098403851913e-04
2.500000000000000000e+00 -2.306117798413398381e-04
2.550000000000000266e+00 -2.289440879685491884e-04
2.600000000000000089e+00 -2.266991290354864168e-04
2.650000000000000355e+00 -2.239022282036664114e-04
2.700000000000000178e+00 -2.205825276816199808e-04
2.750000000000000000e+00 -2.167720416242277233e-04
2.800000000000000266e+00 -2.125054461725554031e-04
2.850000000000000089e+00 -2.078196985516193916e-04
2.900000000000000355e+00 -2.027536411782619209e-04
2.950000000000000178e+00 -1.973475951412605796e-04
3.000000000000000000e+00 -1.916429468361660095e-04
3.050000000000000266e+00 -1.856817342449306569e-04
3.100000000000000089e+00 -1.795062342475697587e-04
3.150000000000000355e+00 -1.731585588413577089e-04
3.200000000000000178e+00 -1.666803812784503776e-04
3.250000000000000000e+00 -1.601120830790450688e-04
3.300000000000000266e+00 -1.534931156106979786e-04
3.350000000000000089e+00 -1.468611979524789822e-04
3.400000000000000355e+00 -1.402521318940671993e-04
3.450000000000000178e+00 -1.336995331929791706e-04
3.500000000000000000e+00 -1.272345978626892823e-04
3.550000000000000266e+00 -1.208859058959186282e-04
3.600000000000000089e+00 -1.146792642614123854e-04
3.650000000000000355e+00 -1.086375903202176725e-04
3.700000000000000178e+00 -1.027808368318576629e-04
3.750000000000000000e+00 -9.712595673165482640e-05
3.800000000000000266e+00 -9.168690985264181233e-05
3.850000000000000089e+00 -8.647470728654481516e-05
3.900000000000000355e+00 -8.149749310325699351e-05
3.950000000000000178e+00 -7.676066022469333358e-05
4.000000000000000000e+00 -7.226699737198127090e-05
4.049999999999999822e+00 -6.801686344462444121e-05
4.100000000000000533e+00 -6.400838528981691135e-05
4.150000000000000355e+00 -6.023767450598250004e-05
4.200000000000000178e+00 -5.669902477026675722e-05
4.250000000000000000e+00 -5.338529159533288604e-05
4.299999999999999822e+00 -5.028792604977614311e-05
4.350000000000000533e+00 -4.739736542165295930e-05
4.400000000000000355e+00 -4.470323900710216378e-05
4.450000000000000178e+00 -4.219460231822874311e-05
4.500000000000000000e+00 -3.986015924707469565e-05
4.549999999999999822e+00 -3.768837994136282470e-05
4.600000000000000533e+00 -3.566804942877133599e-05
4.650000000000000355e+00 -3.378789252767334396e-05
4.700000000000000178e+00 -3.203707914497113345e-05
4.750000000000000000e+00 -3.040525742089942722e-05
4.800000000000000711e+00 -2.888265144967997264e-05
4.850000000000000533e+00 -2.746013493294271630e-05
4.900000000000000355e+00 -2.612926740781548848e-05
4.950000000000000178e+00 -2.488235905954315884e-05
5.000000000000000000e+00 -2.371245266704078962e-05
5.050000000000000711e+00 -2.261330846689255417e-05
5.100000000000000533e+00 -2.157938062786025232e-05
5.150000000000000355e+00 -2.060577658946930604e-05
5.200000000000000178e+00 -1.968820321631781231e-05
5.250000000000000000e+00 -1.882290546008207551e-05
5.300000000000000711e+00 -1.800659938139849076e-05
5.350000000000000533e+00 -1.723645879022774838e-05
5.400000000000000355e+00 -1.650980479719626624e-05
5.450000000000000178e+00 -1.582441881903803372e-05
5.500000000000000000e+00 -1.517821421559179080e-05
5.550000000000000711e+00 -1.456924674606039953e-05
5.600000000000000533e+00 -1.399566421592984227e-05
5.650000000000000355e+00 -1.345566448945621027e-05
5.700000000000000178e+00 -1.294746127373035134e-05
5.750000000000000000e+00 -1.246926654575369867e-05
5.800000000000000711e+00 -1.201926368445751154e-05
5.850000000000000533e+00 -1.159561393600427343e-05
5.900000000000000355e+00 -1.119645242243643613e-05
5.950000000000000178e+00 -1.081989855268206162e-05
