0.000000000000000000e+00 0.000000000000000000e+00
5.000000000000000278e-02 -3.081398282545759254e-05
1.000000000000000056e-01 -6.162376093436891696e-05
1.500000000000000222e-01 -9.242456690910311136e-05
2.000000000000000111e-01 -1.232105184183836688e-04
2.500000000000000000e-01 -1.539740867959958192e-04
3.000000000000000444e-01 -1.847055963454177774e-04
3.500000000000000333e-01 -2.153927637615163392e-04
4.000000000000000222e-01 -2.460202863516476406e-04
4.500000000000000111e-01 -2.765694868776292516e-04
5.000000000000000000e-01 -3.070180218431088582e-04
5.500000000000000444e-01 -3.373396589363618315e-04
6.000000000000000888e-01 -3.675041281270869536e-04
6.500000000000000222e-01 -3.974770496297141053e-04
7.000000000000000666e-01 -4.272199406086424648e-04
7.500000000000000000e-01 -4.566903011371661403e-04
8.000000000000000444e-01 -4.858417785563365191e-04
8.500000000000000888e-01 -5.146244080373178938e-04
9.000000000000000222e-01 -5.429849258549226130e-04
9.500000000000000666e-01 -5.708671506539384020e-04
1.000000000000000000e+00 -5.982124268550466275e-04
1.050000000000000044e+00 -6.249601233231905605e-04
1.100000000000000089e+00 -6.510481795254903850e-04
1.150000000000000133e+00 -6.764136906530536855e-04
1.200000000000000178e+00 -7.009935225832213948e-04
1.250000000000000000e+00 -7.247249471249460123e-04
1.300000000000000044e+00 -7.475462877258744589e-04
1.350000000000000089e+00 -7.693975657279408450e-04
1.400000000000000133e+00 -7.902211373381726493e-04
1.450000000000000178e+00 -8.099623117291590959e-04
1.500000000000000000e+00 -8.285699410922736912e-04
1.550000000000000044e+00 -8.459969740264576977e-04
1.600000000000000089e+00 -8.622009643436478283e-04
1.650000000000000133e+00 -8.771445281938163247e-04
1.700000000000000178e+00 -8.907957433410920202e-04
1.750000000000000000e+00 -9.031284854387873701e-04
1.800000000000000044e+00 -9.141226972353207626e-04
1.850000000000000089e+00 -9.237645877739192584e-04
1.900000000000000133e+00 -9.320467598051911627e-04
1.950000000000000178e+00 -9.389682647915356889e-04
2.000000000000000000e+00 -9.445345860247297397e-04
2.050000000000000266e+00 -9.487575514824551307e-04
2.100000000000000089e+00 -9.516551790967607864e-04
2.149999999999999911e+00 -9.532514580797892814e-04
2.200000000000000178e+00 -9.535760708337098074e-04
2.250000000000000000e+00 -9.526640607489989150e-04
2.300000000000000266e+00 -9.505554518568136392e-04
2.350000000000000089e+00 -9.472948268384284547e-04
2.400000000000000355e+00 -9.429308703017038858e-04
2.450000000000000178e+00 -9.375158845080582525e-04
2.500000000000000000e+00 -9.311052848730695750e-04
2.550000000000000266e+00 -9.237570825719079552e-04
2.600000000000000089e+00 -9.155313614622084990e-04
2.650000000000000355e+00 -9.064897562990753555e-04
2.700000000000000178e+00 -8.966949388691160955e-04
2.750000000000000000e+00 -8.862101182242185151e-04
2.800000000000000266e+00 -8.750985606641446032e-04
2.850000000000000089e+00 -8.634231345142835993e-04
2.900000000000000355e+00 -8.512458840861218418e-04
2.950000000000000178e+00 -8.386276365089413579e-04
3.000000000000000000e+00 -8.256276443976561137e-04
3.050000000000000266e+00 -8.123032665891645942e-04
3.100000000000000089e+00 -7.987096884530698205e-04
3.150000000000000355e+00 -7.848996825762024091e-04
3.200000000000000178e+00 -7.709234099469129686e-04
3.250000000000000000e+00 -7.568282611359724091e-04
3.300000000000000266e+00 -7.426587363959264321e-04
3.350000000000000089e+00 -7.284563630877932770e-04
3.400000000000000355e+00 -7.142596483991414192e-04
3.450000000000000178e+00 -7.001040649449553422e-04
3.500000000000000000e+00 -6.860220665444235078e-04
3.550000000000000266e+00 -6.720431312432082393e-04
3.600000000000000089e+00 -6.581938285004235991e-04
3.650000000000000355e+00 -6.444979073793942297e-04
3.700000000000000178e+00 -6.309764025668655827e-04
3.750000000000000000e+00 -6.176477550909693828e-04
3.800000000000000266e+00 -6.045279447073945546e-04
3.850000000000000089e+00 -5.916306310684478226e-04
3.900000000000000355e+00 -5.789673009733117045e-04
3.950000000000000178e+00 -5.665474192117915097e-04
4.000000000000000000e+00 -5.543785807502290587e-04
4.049999999999999822e+00 -5.424666622593692176e-04
4.100000000000000533e+00 -5.308159712424516093e-04
4.150000000000000355e+00 -5.194293912810504918e-04
4.200000000000000178e+00 -5.083085221702107834e-04
4.250000000000000000e+00 -4.974538139581221718e-04
4.299999999999999822e+00 -4.868646941346838064e-04
4.350000000000000533e+00 -4.765396874245389491e-04
4.400000000000000355e+00 -4.664765278310878220e-04
4.450000000000000178e+00 -4.566722627470470820e-04
4.500000000000000000e+00 -4.471233490936628936e-04
4.549999999999999822e+00 -4.378257415746258474e-04
4.600000000000000533e+00 -4.287749732328100275e-04
4.650000000000000355e+00 -4.199662285792810155e-04
4.700000000000000178e+00 -4.113944096261981263e-04
4.750000000000000000e+00 -4.030541952001914807e-04
4.800000000000000711e+00 -3.949400939425353201e-04
4.850000000000000533e+00 -3.870464914192263232e-04
4.900000000000000355e+00 -3.793676917699620346e-04
4.950000000000000178e+00 -3.718979543221855597e-04
5.000000000000000000e+00 -3.646315255866680724e-04
5.050000000000000711e+00 -3.575626670363102637e-04
5.100000000000000533e+00 -3.506856790514958542e-04
5.150000000000000355e+00 -3.439949213946440947e-04
5.200000000000000178e+00 -3.374848305546727630e-04
5.250000000000000000e+00 -3.311499342796577448e-04
5.300000000000000711e+00 -3.249848635936660921e-04
5.350000000000000533e+00 -3.189843625719391272e-04
5.400000000000000355e+00 -3.131432961275684777e-04
5.450000000000000178e+00 -3.074566560426375919e-04
5.500000000000000000e+00 -3.019195654575684037e-04
5.550000000000000711e+00 -2.965272820140644875e-04
5.600000000000000533e+00 -2.912751998295514170e-04
5.650000000000000355e+00 -2.861588504643190387e-04
5.700000000000000178e+00 -2.811739030266238682e-04
5.750000000000000000e+00 -2.763161635458149406e-04
5.800000000000000711e+00 -2.715815737290751676e-04
5.850000000000000533e+00 -2.669662092037029637e-04
5.900000000000000355e+00 -2.624662773340207022e-04
5.950000000000000178e+00 -2.580781146901041660e-04
