0.000000000000000000e+00 -4.387917397178628942e-01
5.000000000000000278e-02 -7.626618667483572693e-03
1.000000000000000056e-01 -2.111365375791080141e-03
1.500000000000000222e-01 4.530508332612275218e-04
2.000000000000000111e-01 2.247898259692730771e-03
2.500000000000000000e-01 3.698699893627325087e-03
3.000000000000000444e-01 4.940154827384160736e-03
3.500000000000000333e-01 6.024024593321947348e-03
4.000000000000000222e-01 6.971825882516709955e-03
4.500000000000000111e-01 7.792176793618221971e-03
5.000000000000000000e-01 8.487928732121610351e-03
5.500000000000000444e-01 9.059482059747990187e-03
6.000000000000000888e-01 9.506380662925603339e-03
6.500000000000000222e-01 9.828281948529077675e-03
7.000000000000000666e-01 1.002543764078821058e-02
7.500000000000000000e-01 1.009892414843750058e-02
8.000000000000000444e-01 1.005091246286466365e-02
8.500000000000000888e-01 9.885419231383080554e-03
9.000000000000000222e-01 9.606456869502172716e-03
9.500000000000000666e-01 9.220209896970765068e-03
1.000000000000000000e+00 8.733865264473270051e-03
1.050000000000000044e+00 8.155692767748631139e-03
1.100000000000000089e+00 7.495253563414634723e-03
1.150000000000000133e+00 6.762145791344265945e-03
1.200000000000000178e+00 5.968132698921884902e-03
1.250000000000000000e+00 5.124206734732598620e-03
1.300000000000000044e+00 4.242269413529673079e-03
1.350000000000000089e+00 3.335292352176605704e-03
1.400000000000000133e+00 2.414974071752274548e-03
1.450000000000000178e+00 1.494497181469904654e-03
1.500000000000000000e+00 5.852970575796294633e-04
1.550000000000000044e+00 -3.009708634245822790e-04
1.600000000000000089e+00 -1.153337667668922475e-03
1.650000000000000133e+00 -1.961428808152378654e-03
1.700000000000000178e+00 -2.715509274093984120e-03
1.750000000000000000e+00 -3.408467297830036335e-03
1.800000000000000044e+00 -4.032506724004693809e-03
1.850000000000000089e+00 -4.581741401849504479e-03
1.900000000000000133e+00 -5.051739427873062904e-03
1.950000000000000178e+00 -5.439693278968251063e-03
2.000000000000000000e+00 -5.743581697957635471e-03
2.050000000000000266e+00 -5.963161210150546079e-03
2.100000000000000089e+00 -6.099542899645290887e-03
2.149999999999999911e+00 -6.154747724744821791e-03
2.200000000000000178e+00 -6.132350112241829500e-03
2.250000000000000000e+00 -6.037092252035116714e-03
2.300000000000000266e+00 -5.874276524651296690e-03
2.350000000000000089e+00 -5.649951184020437188e-03
2.400000000000000355e+00 -5.371882466075994338e-03
2.450000000000000178e+00 -5.047144827611389079e-03
2.500000000000000000e+00 -4.683576970302258738e-03
2.550000000000000266e+00 -4.289205085460518797e-03
2.600000000000000089e+00 -3.872456590886824961e-03
2.650000000000000355e+00 -3.440772252286215284e-03
2.700000000000000178e+00 -3.002066124176691348e-03
2.750000000000000000e+00 -2.563642997918723007e-03
2.800000000000000266e+00 -2.131701281342168915e-03
2.850000000000000089e+00 -1.712610833337733715e-03
2.900000000000000355e+00 -1.311632646939860916e-03
2.950000000000000178e+00 -9.331638248758217105e-04
3.000000000000000000e+00 -5.809773990020361545e-04
3.050000000000000266e+00 -2.578353489113478802e-04
3.100000000000000089e+00 3.415582381349194560e-05
3.150000000000000355e+00 2.935634113786359575e-04
3.200000000000000178e+00 5.200712000473762218e-04
3.250000000000000000e+00 7.138720965252139811e-04
3.300000000000000266e+00 8.756086299895221884e-04
3.350000000000000089e+00 1.006765384214619715e-03
3.400000000000000355e+00 1.108985995033335940e-03
3.450000000000000178e+00 1.184468201413259704e-03
3.500000000000000000e+00 1.235581785600833654e-03
3.550000000000000266e+00 1.264863224725776584e-03
3.600000000000000089e+00 1.275045031319255607e-03
3.650000000000000355e+00 1.268703516637459741e-03
3.700000000000000178e+00 1.248523817215845206e-03
3.750000000000000000e+00 1.217012256377599877e-03
3.800000000000000266e+00 1.176483358090060945e-03
3.850000000000000089e+00 1.129050739282547004e-03
3.900000000000000355e+00 1.076693782613460026e-03
3.950000000000000178e+00 1.021064383876232147e-03
4.000000000000000000e+00 9.635338763186799800e-04
4.049999999999999822e+00 9.054054113985268671e-04
4.100000000000000533e+00 8.475271402956839704e-04
4.150000000000000355e+00 7.906956324542997652e-04
4.200000000000000178e+00 7.355032564247579278e-04
4.250000000000000000e+00 6.822751474204600446e-04
4.299999999999999822e+00 6.313074882066949112e-04
4.350000000000000533e+00 5.827525689118542244e-04
4.400000000000000355e+00 5.366350091331492482e-04
4.450000000000000178e+00 4.929754628135139555e-04
4.500000000000000000e+00 4.517186869833664481e-04
4.549999999999999822e+00 4.127941083424963974e-04
4.600000000000000533e+00 3.761344302338096523e-04
4.650000000000000355e+00 3.416572142383890042e-04
4.700000000000000178e+00 3.092897792098370344e-04
4.750000000000000000e+00 2.789842270779368280e-04
4.800000000000000711e+00 2.506910369832138436e-04
4.850000000000000533e+00 2.243733110107351656e-04
4.900000000000000355e+00 2.000082593630756400e-04
4.950000000000000178e+00 1.775689399939894841e-04
5.000000000000000000e+00 1.570293787737699889e-04
5.050000000000000711e+00 1.383551581588819592e-04
5.100000000000000533e+00 1.215053439508286031e-04
5.150000000000000355e+00 1.064208939091303391e-04
5.200000000000000178e+00 9.302667875061956576e-05
5.250000000000000000e+00 8.123401860479603678e-05
5.300000000000000711e+00 7.093438168224594444e-05
5.350000000000000533e+00 6.200591423474715181e-05
5.400000000000000355e+00 5.431598509933500827e-05
5.450000000000000178e+00 4.772285745301520828e-05
5.500000000000000000e+00 4.208125443639035859e-05
5.550000000000000711e+00 3.724819692351269315e-05
5.600000000000000533e+00 3.308416342693463400e-05
5.650000000000000355e+00 2.946145401767075381e-05
5.700000000000000178e+00 2.626460490905104981e-05
5.750000000000000000e+00 2.339455773261058032e-05
5.800000000000000711e+00 2.077081331153225003e-05
5.850000000000000533e+00 1.833129203384646749e-05
5.900000000000000355e+00 1.603282049458766898e-05
5.950000000000000178e+00 1.385007482922931281e-05
6.000000000000000000e+00 1.177316165257445479e-05
6.050000000000000711e+00 9.805194380724319150e-06
6.100000000000000533e+00 7.959258217665814185e-06
6.150000000000000355e+00 6.254596202591052599e-06
6.200000000000000178e+00 4.713571673645994033e-06
6.250000000000000000e+00 3.358131999654742717e-06
6.300000000000000711e+00 2.206872929034912949e-06
6.350000000000000533e+00 1.272771864631128610e-06
6.400000000000000355e+00 5.613430411507245259e-07
6.450000000000000178e+00 6.958027486879346820e-08
6.500000000000000000e+00 -2.142927885283729293e-07
6.550000000000000711e+00 -3.104613419434760485e-07
6.600000000000000533e+00 -2.465135437755439385e-07
6.650000000000000355e+00 -5.582253969868777738e-08
6.700000000000000178e+00 2.243475341618178313e-07
6.750000000000000000e+00 5.550566597041824279e-07
6.800000000000000711e+00 8.979523167490943931e-07
6.850000000000000533e+00 1.217430984310221938e-06
6.900000000000000355e+00 1.482602051102250988e-06
6.950000000000000178e+00 1.668894383145628550e-06
7.000000000000000000e+00 1.759192673528885917e-06
7.050000000000000711e+00 1.744511850118557702e-06
7.100000000000000533e+00 1.624092922567172829e-06
7.150000000000000355e+00 1.405027894601697966e-06
7.200000000000000178e+00 1.101366764857392460e-06
7.250000000000000000e+00 7.328547146049120220e-07
7.300000000000000711e+00 3.233290157633325903e-07
7.350000000000000533e+00 -1.010259847838753805e-07
7.400000000000000355e+00 -5.135390117596376664e-07
7.450000000000000178e+00 -8.888675994588372878e-07
7.500000000000000000e+00 -1.204604129721769820e-06
7.550000000000000711e+00 -1.442678656756149323e-06
7.600000000000000533e+00 -1.590395116671765226e-06
7.650000000000000355e+00 -1.641098777071534005e-06
7.700000000000000178e+00 -1.594401275966918817e-06
7.750000000000000000e+00 -1.456022161320648281e-06
7.800000000000000711e+00 -1.237229173418597793e-06
7.850000000000000533e+00 -9.539374386745998576e-07
7.900000000000000355e+00 -6.255648196534556991e-07
7.950000000000000178e+00 -2.736875410941249858e-07
8.000000000000000000e+00 7.939875602250504017e-08
8.050000000000000711e+00 4.120684074316452388e-07
8.099999999999999645e+00 7.047426007515988613e-07
8.150000000000000355e+00 9.409928731409922903e-07
8.200000000000001066e+00 1.108475207426972171e-06
8.250000000000000000e+00 1.199554715082259044e-06
8.300000000000000711e+00 1.211586397605786812e-06
8.349999999999999645e+00 1.146916325796589606e-06
8.400000000000000355e+00 1.012535264026336437e-06
8.450000000000001066e+00 8.194738108792376912e-07
8.500000000000000000e+00 5.819643266783021582e-07
8.550000000000000711e+00 3.164337197745336234e-07
8.599999999999999645e+00 4.040341941274828846e-08
8.650000000000000355e+00 -2.286398064491402516e-07
8.700000000000001066e+00 -4.743198696380814363e-07
8.750000000000000000e+00 -6.823544657054210188e-07
8.800000000000000711e+00 -8.413349210386115079e-07
8.849999999999999645e+00 -9.433197143367593099e-07
8.900000000000000355e+00 -9.842025308177483756e-07
8.950000000000001066e+00 -9.637901843990903286e-07
9.000000000000000000e+00 -8.856663924544279918e-07
9.050000000000000711e+00 -7.568109731597182210e-07
9.099999999999999645e+00 -5.870336249862711349e-07
9.150000000000000355e+00 -3.882638731783864929e-07
9.200000000000001066e+00 -1.737063828241615917e-07
9.250000000000000000e+00 4.299881629315461665e-08
9.300000000000000711e+00 2.486390534911010084e-07
9.349999999999999645e+00 4.312321613195427904e-07
9.400000000000000355e+00 5.806794543045803559e-07
9.450000000000001066e+00 6.893280836714366912e-07
9.500000000000000000e+00 7.523246281120612502e-07
9.550000000000000711e+00 7.677829089434370731e-07
9.600000000000001421e+00 7.367758765203522774e-07
9.650000000000000355e+00 6.631360765763178829e-07
9.700000000000001066e+00 5.531041823643181608e-07
9.750000000000000000e+00 4.148396210667585602e-07
9.800000000000000711e+00 2.578355388666828924e-07
9.850000000000001421e+00 9.229139546424875865e-08
9.900000000000000355e+00 -7.154137548940564684e-08
9.950000000000001066e+00 -2.239798518042022895e-07
1.000000000000000000e+01 -3.564666188147673735e-07
1.005000000000000071e+01 -4.620312159057227241e-07
1.010000000000000142e+01 -5.356384592191539652e-07
1.015000000000000036e+01 -5.743905108602148387e-07
1.020000000000000107e+01 -5.776018421910068780e-07
1.025000000000000000e+01 -5.467317851158176630e-07
1.030000000000000071e+01 -4.851904056118629901e-07
1.035000000000000142e+01 -3.980396598175542054e-07
1.040000000000000036e+01 -2.916048119866040441e-07
1.045000000000000107e+01 -1.730380590499429085e-07
1.050000000000000000e+01 -4.985514186214864793e-08
1.055000000000000071e+01 7.054058600767255996e-08
1.060000000000000142e+01 1.812772817710610562e-07
1.065000000000000036e+01 2.763968980210480646e-07
1.070000000000000107e+01 3.511603389121960234e-07
1.075000000000000000e+01 4.022533894205184572e-07
1.080000000000000071e+01 4.279054370400375959e-07
1.085000000000000142e+01 4.279122569883500740e-07
1.090000000000000036e+01 4.035556081103137575e-07
1.095000000000000107e+01 3.574484994248454378e-07
1.100000000000000000e+01 2.933063189722390363e-07
1.105000000000000071e+01 2.156737016704959055e-07
1.110000000000000142e+01 1.296127680990132177e-07
1.115000000000000036e+01 4.038171491751505382e-08
1.120000000000000107e+01 -4.687115633506874408e-08
1.125000000000000000e+01 -1.273951078968071456e-07
1.130000000000000071e+01 -1.970840989074374388e-07
1.135000000000000142e+01 -2.526597914311280409e-07
1.140000000000000036e+01 -2.918106821954794310e-07
1.145000000000000107e+01 -3.132582349243400960e-07
1.150000000000000000e+01 -3.167598356077838550e-07
1.155000000000000071e+01 -3.030583048117653050e-07
1.160000000000000142e+01 -2.737778189967086252e-07
1.165000000000000036e+01 -2.312788432205801665e-07
1.170000000000000107e+01 -1.784842585885557958e-07
1.175000000000000000e+01 -1.186852650794308344e-07
1.180000000000000071e+01 -5.534664839850139984e-08
1.185000000000000142e+01 8.086871381608286188e-09
1.190000000000000036e+01 6.836616025641246673e-08
1.195000000000000107e+01 1.225898530611207964e-07
1.200000000000000000e+01 1.683262086756606141e-07
1.205000000000000071e+01 2.037038000845916167e-07
1.210000000000000142e+01 2.274627539592466883e-07
1.215000000000000036e+01 2.389746500117997067e-07
1.220000000000000107e+01 2.382326161065194189e-07
1.225000000000000000e+01 2.258074646577752877e-07
1.230000000000000071e+01 2.027856829877504097e-07
1.235000000000000142e+01 1.706871532333041055e-07
1.240000000000000036e+01 1.313694252507703474e-07
1.245000000000000107e+01 8.692994651478432749e-08
1.250000000000000000e+01 3.960004909666935197e-08
1.255000000000000071e+01 -8.355892382777341246e-09
1.260000000000000142e+01 -5.473280941851596811e-08
1.265000000000000036e+01 -9.747275138963594859e-08
1.270000000000000107e+01 -1.347397535679465280e-07
1.275000000000000000e+01 -1.649829540952123871e-07
1.280000000000000071e+01 -1.869869073797941803e-07
1.285000000000000142e+01 -1.999091896801609626e-07
1.290000000000000036e+01 -2.033028213494603731e-07
1.295000000000000107e+01 -1.971273529025343794e-07
1.300000000000000000e+01 -1.817456755013152097e-07
1.305000000000000071e+01 -1.579077175530243365e-07
1.310000000000000142e+01 -1.267217463953323455e-07
1.315000000000000036e+01 -8.961178991775065358e-08
1.320000000000000107e+01 -4.826537961522041210e-08
1.325000000000000000e+01 -4.570157367258615021e-09
1.330000000000000071e+01 3.946380262881398479e-08
1.335000000000000142e+01 8.178194059439346406e-08
1.340000000000000036e+01 1.203739583791776568e-07
1.345000000000000107e+01 1.533642220592435298e-07
1.350000000000000000e+01 1.790980161004577223e-07
1.355000000000000071e+01 1.962251960996189574e-07
1.360000000000000142e+01 2.037749576460093570e-07
1.365000000000000036e+01 2.012139173699768522e-07
1.370000000000000107e+01 1.884890630331894026e-07
1.375000000000000000e+01 1.660477406612968485e-07
1.380000000000000071e+01 1.348359932430788731e-07
1.385000000000000142e+01 9.626873156484768315e-08
1.390000000000000036e+01 5.217507126451313801e-08
1.395000000000000107e+01 4.721123338588987368e-09
1.400000000000000000e+01 -4.369121456374609934e-08
1.405000000000000071e+01 -9.054386536845033893e-08
1.410000000000000142e+01 -1.333289094763627564e-07
1.415000000000000036e+01 -1.696871905798597805e-07
1.420000000000000107e+01 -1.975406018613703997e-07
1.425000000000000000e+01 -2.152139704092926276e-07
1.430000000000000071e+01 -2.215420414673509342e-07
1.435000000000000142e+01 -2.159501976891508479e-07
1.440000000000000036e+01 -1.985053156339828736e-07
1.445000000000000107e+01 -1.699322303719803187e-07
1.450000000000000000e+01 -1.315918982133239825e-07
1.455000000000000071e+01 -8.542363191561947741e-08
1.460000000000000142e+01 -3.385312291994108780e-08
1.465000000000000036e+01 2.034206347607709941e-08
1.470000000000000107e+01 7.414649379733501887e-08
1.475000000000000000e+01 1.246068586117960025e-07
1.480000000000000071e+01 1.685086713165912047e-07
1.485000000000000142e+01 2.044062351006313948e-07
1.490000000000000036e+01 2.258382595243723957e-07
1.495000000000000107e+01 2.473940637777555140e-07
1.500000000000000000e+01 -9.162725630609772402e-11
1.505000000000000071e+01 -9.039498737896156669e-11
1.510000000000000142e+01 -8.921982196004242390e-11
1.515000000000000036e+01 -8.805647744108852292e-11
1.520000000000000107e+01 -8.687969033949903133e-11
1.525000000000000000e+01 -8.575252572968245406e-11
1.530000000000000071e+01 -8.465555644624689454e-11
1.535000000000000142e+01 -8.353269081103196286e-11
1.540000000000000036e+01 -8.245836826796171522e-11
1.545000000000000107e+01 -8.141963148703872497e-11
1.550000000000000000e+01 -8.036129335466551140e-11
1.555000000000000071e+01 -7.934425267523300727e-11
1.560000000000000142e+01 -7.831987803388427901e-11
1.565000000000000036e+01 -7.731231039835045161e-11
1.570000000000000107e+01 -7.634511263698654371e-11
1.575000000000000000e+01 -7.538231674653418147e-11
1.580000000000000071e+01 -7.441225036410182023e-11
1.585000000000000142e+01 -7.348178414798094130e-11
1.590000000000000036e+01 -7.256717185469412913e-11
1.595000000000000107e+01 -7.165673806204640934e-11
1.600000000000000000e+01 -7.076770087240222309e-11
1.605000000000000071e+01 -6.989410982658670088e-11
1.610000000000000142e+01 -6.903015016087759705e-11
1.615000000000000213e+01 -6.818701401337759881e-11
1.619999999999999929e+01 -6.733089493425663623e-11
1.625000000000000000e+01 -6.650660191680920635e-11
1.630000000000000071e+01 -6.569710596105724135e-11
1.635000000000000142e+01 -6.490225338520304947e-11
1.640000000000000213e+01 -6.413282001411997483e-11
1.644999999999999929e+01 -6.333956967273746301e-11
