0.000000000000000000e+00 -0.000000000000000000e+00
5.000000000000000278e-02 4.466535541960304966e-08
1.000000000000000056e-01 7.123430405303095416e-07
1.500000000000000222e-01 3.579129292203495134e-06
2.000000000000000111e-01 1.119384178140789732e-05
2.500000000000000000e-01 2.696345346838742232e-05
3.000000000000000444e-01 5.500155525794981211e-05
3.500000000000000333e-01 9.994311560561758279e-05
4.000000000000000222e-01 1.667412590035855955e-04
4.500000000000000111e-01 2.604456804683543433e-04
5.000000000000000000e-01 3.859808281317842447e-04
5.500000000000000444e-01 5.479293133958625973e-04
6.000000000000000888e-01 7.503315895677490277e-04
6.500000000000000222e-01 9.965101850102759101e-04
7.000000000000000666e-01 1.288925602836574940e-03
7.500000000000000000e-01 1.629069722305046420e-03
8.000000000000000444e-01 2.017400675081553515e-03
8.500000000000000888e-01 2.453318487193998157e-03
9.000000000000000222e-01 2.935186937520977302e-03
9.500000000000000666e-01 3.460391395779466219e-03
1.000000000000000000e+00 4.025436395862026610e-03
1.050000000000000044e+00 4.626065014516309547e-03
1.100000000000000089e+00 5.257414396404298459e-03
1.150000000000000133e+00 5.914171975241856206e-03
1.200000000000000178e+00 6.590746412502547502e-03
1.250000000000000000e+00 7.281433754951101983e-03
1.300000000000000044e+00 7.980572448659037019e-03
1.350000000000000089e+00 8.682683716228593862e-03
1.400000000000000133e+00 9.382585920882775127e-03
1.450000000000000178e+00 1.007548258638486446e-02
1.500000000000000000e+00 1.075701855567085495e-02
1.550000000000000044e+00 1.142331000096338291e-02
1.600000000000000089e+00 1.207093353461637965e-02
1.650000000000000133e+00 1.269689401248967967e-02
1.700000000000000178e+00 1.329857118297074654e-02
1.750000000000000000e+00 1.387363947223455886e-02
1.800000000000000044e+00 1.441997970983473903e-02
1.850000000000000089e+00 1.493558399628891996e-02
1.900000000000000133e+00 1.541846173026420637e-02
1.950000000000000178e+00 1.586655360076743432e-02
2.000000000000000000e+00 1.627765998023454966e-02
2.050000000000000266e+00 1.664938817967279161e-02
2.100000000000000089e+00 1.697912548001270089e-02
2.149999999999999911e+00 1.726403624236626591e-02
2.200000000000000178e+00 1.750108874778178933e-02
2.250000000000000000e+00 1.768710892100994539e-02
2.300000000000000266e+00 1.781886011462518321e-02
2.350000000000000089e+00 1.789314212535238896e-02
2.400000000000000355e+00 1.790691575165671845e-02
2.450000000000000178e+00 1.785742842544798745e-02
2.500000000000000000e+00 1.774235359744871787e-02
2.550000000000000266e+00 1.755992570696907756e-02
2.600000000000000089e+00 1.730906693964109205e-02
2.650000000000000355e+00 1.698950088822581694e-02
2.700000000000000178e+00 1.660184427128269177e-02
2.750000000000000000e+00 1.614767400080957885e-02
2.800000000000000266e+00 1.562956485249821642e-02
2.850000000000000089e+00 1.505109532857038489e-02
2.900000000000000355e+00 1.441682100388302565e-02
2.950000000000000178e+00 1.373221476963886606e-02
3.000000000000000000e+00 1.300357709613365019e-02
3.050000000000000266e+00 1.223791923921098944e-02
3.100000000000000089e+00 1.144281965357766932e-02
3.150000000000000355e+00 1.062626659661337555e-02
3.200000000000000178e+00 9.796488692335080656e-03
3.250000000000000000e+00 8.961774661814501247e-03
3.300000000000000266e+00 8.130294769919171535e-03
3.350000000000000089e+00 7.309938651946259330e-03
3.400000000000000355e+00 6.508142960678619734e-03
3.450000000000000178e+00 5.731758672665835351e-03
3.500000000000000000e+00 4.986929290273507676e-03
3.550000000000000266e+00 4.278992001840451094e-03
3.600000000000000089e+00 3.612410790700723573e-03
3.650000000000000355e+00 2.990732616770520793e-03
3.700000000000000178e+00 2.416572512436249761e-03
3.750000000000000000e+00 1.891624983663621863e-03
3.800000000000000266e+00 1.416697613721392898e-03
3.850000000000000089e+00 9.917678477430545269e-04
3.900000000000000355e+00 6.160561942520748459e-04
3.950000000000000178e+00 2.881124511833904351e-04
4.000000000000000000e+00 5.912822557422103557e-06
4.049999999999999822e+00 -2.330384236300461092e-04
4.100000000000000533e+00 -4.316054143062716345e-04
4.150000000000000355e+00 -5.929182099074876630e-04
4.200000000000000178e+00 -7.202776863959452517e-04
4.250000000000000000e+00 -8.170653631380759901e-04
4.299999999999999822e+00 -8.866653244596220612e-04
4.350000000000000533e+00 -9.323951748273474026e-04
4.400000000000000355e+00 -9.574503023233603459e-04
4.450000000000000178e+00 -9.648602304851066963e-04
4.500000000000000000e+00 -9.574510465684635003e-04
4.549999999999999822e+00 -9.378299576304018927e-04
4.600000000000000533e+00 -9.083664771265098203e-04
4.650000000000000355e+00 -8.711967191127284287e-04
4.700000000000000178e+00 -8.282170359509223763e-04
4.750000000000000000e+00 -7.810892860451362557e-04
4.800000000000000711e+00 -7.312634601761307165e-04
4.850000000000000533e+00 -6.799929343349807266e-04
4.900000000000000355e+00 -6.283295826903159817e-04
4.950000000000000178e+00 -5.771627453508400632e-04
5.000000000000000000e+00 -5.272227812750374370e-04
5.050000000000000711e+00 -4.790989554250567914e-04
5.100000000000000533e+00 -4.332522278714007495e-04
5.150000000000000355e+00 -3.900306051122708691e-04
5.200000000000000178e+00 -3.496764797888342498e-04
5.250000000000000000e+00 -3.123407842890229755e-04
5.300000000000000711e+00 -2.780924568365478861e-04
5.350000000000000533e+00 -2.469276335220772756e-04
5.400000000000000355e+00 -2.187799830299939951e-04
5.450000000000000178e+00 -1.935299979473200326e-04
5.500000000000000000e+00 -1.710147846113798406e-04
5.550000000000000711e+00 -1.510378728925191141e-04
5.600000000000000533e+00 -1.333790339272371706e-04
5.650000000000000355e+00 -1.178028549086391417e-04
5.700000000000000178e+00 -1.040722248448342684e-04
5.750000000000000000e+00 -9.194897381871331159e-05
5.800000000000000711e+00 -8.121337873062852005e-05
5.850000000000000533e+00 -7.165813409582084330e-05
5.900000000000000355e+00 -6.310263474509699854e-05
5.950000000000000178e+00 -5.538796508876961177e-05
