0.000000000000000000e+00 0.000000000000000000e+00
5.000000000000000278e-02 2.040730717703518102e-05
1.000000000000000056e-01 4.064120055415278599e-05
1.500000000000000222e-01 6.053133702163362350e-05
2.000000000000000111e-01 7.991346713967769429e-05
2.500000000000000000e-01 9.863236326609811080e-05
3.000000000000000444e-01 1.165446068307538467e-04
3.500000000000000333e-01 1.335211904714758832e-04
4.000000000000000222e-01 1.494498930427622834e-04
4.500000000000000111e-01 1.642373883892411172e-04
5.000000000000000000e-01 1.778110522411466255e-04
5.500000000000000444e-01 1.901204356333102978e-04
6.000000000000000888e-01 2.011383778585584456e-04
6.500000000000000222e-01 2.108617371161846993e-04
7.000000000000000666e-01 2.193117226684262143e-04
7.500000000000000000e-01 2.265338184197212158e-04
8.000000000000000444e-01 2.325972943157755498e-04
8.500000000000000888e-01 2.375943087359941698e-04
9.000000000000000222e-01 2.416386120208182406e-04
9.500000000000000666e-01 2.448638683163851062e-04
1.000000000000000000e+00 2.474216199003660124e-04
1.050000000000000044e+00 2.494789249314074238e-04
1.100000000000000089e+00 2.512157059893878265e-04
1.150000000000000133e+00 2.528218526903987825e-04
1.200000000000000178e+00 2.544941269161189647e-04
1.250000000000000000e+00 2.564329236456226735e-04
1.300000000000000044e+00 2.588389438839466469e-04
1.350000000000000089e+00 2.619098386280246113e-04
1.400000000000000133e+00 2.658368841006969290e-04
1.450000000000000178e+00 2.708017485472922234e-04
1.500000000000000000e+00 2.769734096862996615e-04
1.550000000000000044e+00 2.845052794279423198e-04
1.600000000000000089e+00 2.935325887482043172e-04
1.650000000000000133e+00 3.041700806919968498e-04
1.700000000000000178e+00 3.165100534727770319e-04
1.750000000000000000e+00 3.306207886643965413e-04
1.800000000000000044e+00 3.465453917009565787e-04
1.850000000000000089e+00 3.643010634937625825e-04
1.900000000000000133e+00 3.838788131431235132e-04
1.950000000000000178e+00 4.052436126828196355e-04
2.000000000000000000e+00 4.283349857706577517e-04
2.050000000000000266e+00 4.530680134545839568e-04
2.100000000000000089e+00 4.793347318194585366e-04
2.149999999999999911e+00 5.070058886612932494e-04
2.200000000000000178e+00 5.359330195308868294e-04
2.250000000000000000e+00 5.659507977000953916e-04
2.300000000000000266e+00 5.968796079644035678e-04
2.350000000000000089e+00 6.285282908044461129e-04
2.400000000000000355e+00 6.606970013498034274e-04
2.450000000000000178e+00 6.931801268459811477e-04
2.500000000000000000e+00 7.257692069072258596e-04
2.550000000000000266e+00 7.582558026938292619e-04
2.600000000000000089e+00 7.904342641982809977e-04
2.650000000000000355e+00 8.221043489439677299e-04
2.700000000000000178e+00 8.530736504500602236e-04
2.750000000000000000e+00 8.831598006318714614e-04
2.800000000000000266e+00 9.121924167061470565e-04
2.850000000000000089e+00 9.400147699645641959e-04
2.900000000000000355e+00 9.664851607712667426e-04
2.950000000000000178e+00 9.914779911394078996e-04
3.000000000000000000e+00 1.014884533063580008e-03
3.050000000000000266e+00 1.036613397259567937e-03
3.100000000000000089e+00 1.056590712938719175e-03
3.150000000000000355e+00 1.074760034592262123e-03
3.200000000000000178e+00 1.091081996377446517e-03
3.250000000000000000e+00 1.105533738506268198e-03
3.300000000000000266e+00 1.118108132990648478e-03
3.350000000000000089e+00 1.128812838175653104e-03
3.400000000000000355e+00 1.137669212701975831e-03
3.450000000000000178e+00 1.144711119913186014e-03
3.500000000000000000e+00 1.149983653317455294e-03
3.550000000000000266e+00 1.153541812601997524e-03
3.600000000000000089e+00 1.155449157971433476e-03
3.650000000000000355e+00 1.155776468340008554e-03
3.700000000000000178e+00 1.154600426260714210e-03
3.750000000000000000e+00 1.152002349533559492e-03
3.800000000000000266e+00 1.148066986311254561e-03
3.850000000000000089e+00 1.142881387319550669e-03
3.900000000000000355e+00 1.136533865629882345e-03
3.950000000000000178e+00 1.129113051351734879e-03
4.000000000000000000e+00 1.120707045726786807e-03
4.049999999999999822e+00 1.111402676467982591e-03
4.100000000000000533e+00 1.101284853841031633e-03
4.150000000000000355e+00 1.090436024965468244e-03
4.200000000000000178e+00 1.078935722134840474e-03
4.250000000000000000e+00 1.066860199624749227e-03
4.299999999999999822e+00 1.054282152465177338e-03
4.350000000000000533e+00 1.041270509981166411e-03
4.400000000000000355e+00 1.027890296526022540e-03
4.450000000000000178e+00 1.014202551710348269e-03
4.500000000000000000e+00 1.000264302530010432e-03
4.549999999999999822e+00 9.861285800763517143e-04
4.600000000000000533e+00 9.718444739316635817e-04
4.650000000000000355e+00 9.574572178726610929e-04
4.700000000000000178e+00 9.430083010875981667e-04
4.750000000000000000e+00 9.285355997259533327e-04
4.800000000000000711e+00 9.140735242149890727e-04
4.850000000000000533e+00 8.996531783722388955e-04
4.900000000000000355e+00 8.853025268993957794e-04
4.950000000000000178e+00 8.710465683492845139e-04
5.000000000000000000e+00 8.569075111063280100e-04
5.050000000000000711e+00 8.429049503097259905e-04
5.100000000000000533e+00 8.290560439786529663e-04
5.150000000000000355e+00 8.153756868744041616e-04
5.200000000000000178e+00 8.018766808621722838e-04
5.250000000000000000e+00 7.885699007228007392e-04
5.300000000000000711e+00 7.754644545210251068e-04
5.350000000000000533e+00 7.625678377696932641e-04
5.400000000000000355e+00 7.498860807470869236e-04
5.450000000000000178e+00 7.374238884332038127e-04
5.500000000000000000e+00 7.251847726360433890e-04
5.550000000000000711e+00 7.131711759839084010e-04
5.600000000000000533e+00 7.013845875665935701e-04
5.650000000000000355e+00 6.898256501172705946e-04
5.700000000000000178e+00 6.784942587369734417e-04
5.750000000000000000e+00 6.673896512726859576e-04
5.800000000000000711e+00 6.565104905652498950e-04
5.850000000000000533e+00 6.458549388813428563e-04
5.900000000000000355e+00 6.354207249311956233e-04
5.950000000000000178e+00 6.252052039474008394e-04
6.000000000000000000e+00 6.152054113574374414e-04
6.050000000000000711e+00 6.054181106215190348e-04
6.100000000000000533e+00 5.958398358270510431e-04
6.150000000000000355e+00 5.864669296313164849e-04
6.200000000000000178e+00 5.772955771259446036e-04
6.250000000000000000e+00 5.683218361620741461e-04
6.300000000000000711e+00 5.595416646265603724e-04
6.350000000000000533e+00 5.509509451003111917e-04
6.400000000000000355e+00 5.425455072634936511e-04
6.450000000000000178e+00 5.343211483427963079e-04
6.500000000000000000e+00 5.262736518268653317e-04
6.550000000000000711e+00 5.183988046109952279e-04
6.600000000000000533e+00 5.106924126741596917e-04
6.650000000000000355e+00 5.031503153429796532e-04
6.700000000000000178e+00 4.957683981598938906e-04
6.750000000000000000e+00 4.885426043476292449e-04
6.800000000000000711e+00 4.814689448491336443e-04
6.850000000000000533e+00 4.745435069208999638e-04
6.900000000000000355e+00 4.677624612667026071e-04
6.950000000000000178e+00 4.611220677164972934e-04
7.000000000000000000e+00 4.546186794792369851e-04
7.050000000000000711e+00 4.482487460262621370e-04
7.100000000000000533e+00 4.420088146911487718e-04
7.150000000000000355e+00 4.358955310999978561e-04
7.200000000000000178e+00 4.299056385709141485e-04
7.250000000000000000e+00 4.240359766410141157e-04
7.300000000000000711e+00 4.182834788923030711e-04
7.350000000000000533e+00 4.126451702533512431e-04
7.400000000000000355e+00 4.071181639514929941e-04
7.450000000000000178e+00 4.016996582805609111e-04
7.500000000000000000e+00 3.963869333325911542e-04
7.550000000000000711e+00 3.911773478196763662e-04
7.600000000000000533e+00 3.860683360856345192e-04
7.650000000000000355e+00 3.810574053780725482e-04
7.700000000000000178e+00 3.761421334215530395e-04
7.750000000000000000e+00 3.713201663036266474e-04
7.800000000000000711e+00 3.665892166591302624e-04
7.850000000000000533e+00 3.619470621157208200e-04
7.900000000000000355e+00 3.573915439462151448e-04
7.950000000000000178e+00 3.529205658616400452e-04
8.000000000000000000e+00 3.485320928732764823e-04
8.050000000000000711e+00 3.442241501523553011e-04
8.099999999999999645e+00 3.399948218219478262e-04
8.150000000000000355e+00 3.358422496262465813e-04
8.200000000000001066e+00 3.317646314368066676e-04
8.250000000000000000e+00 3.277602195721741559e-04
8.300000000000000711e+00 3.238273189253794340e-04
8.349999999999999645e+00 3.199642849116695080e-04
8.400000000000000355e+00 3.161695212653330774e-04
8.450000000000001066e+00 3.124414777284825317e-04
8.500000000000000000e+00 3.087786476852382909e-04
8.550000000000000711e+00 3.051795658013953054e-04
8.599999999999999645e+00 3.016428057319149678e-04
8.650000000000000355e+00 2.981669779565307974e-04
8.700000000000001066e+00 2.947507277976156126e-04
8.750000000000000000e+00 2.913927336647620988e-04
8.800000000000000711e+00 2.880917055580337408e-04
8.849999999999999645e+00 2.848463838474521448e-04
8.900000000000000355e+00 2.816555383309816388e-04
8.950000000000001066e+00 2.785179675581099024e-04
9.000000000000000000e+00 2.754324983920598152e-04
9.050000000000000711e+00 2.723979857715977740e-04
9.099999999999999645e+00 2.694133126240532490e-04
9.150000000000000355e+00 2.664773898750489017e-04
9.200000000000001066e+00 2.635891564978726578e-04
9.250000000000000000e+00 2.607475795464636917e-04
9.300000000000000711e+00 2.579516541204450626e-04
9.349999999999999645e+00 2.552004032181742050e-04
9.400000000000000355e+00 2.524928774437776779e-04
9.450000000000001066e+00 2.498281545459294468e-04
9.500000000000000000e+00 2.472053387788816997e-04
9.550000000000000711e+00 2.446235600891594241e-04
9.600000000000001421e+00 2.420819731435459995e-04
9.650000000000000355e+00 2.395797562247669612e-04
9.700000000000001066e+00 2.371161100299979145e-04
9.750000000000000000e+00 2.346902564134885230e-04
9.800000000000000711e+00 2.323014371178860470e-04
9.850000000000001421e+00 2.299489125391824033e-04
9.900000000000000355e+00 2.276319605676156049e-04
9.950000000000001066e+00 2.253498755416459792e-04
1.000000000000000000e+01 2.231019673446783900e-04
1.005000000000000071e+01 2.208875606650622975e-04
1.010000000000000142e+01 2.187059944297382896e-04
1.015000000000000036e+01 2.165566214113407513e-04
1.020000000000000107e+01 2.144388079983540517e-04
1.025000000000000000e+01 2.123519341086388824e-04
1.030000000000000071e+01 2.102953932189083265e-04
1.035000000000000142e+01 2.082685924769457110e-04
1.040000000000000036e+01 2.062709528598578184e-04
1.045000000000000107e+01 2.043019093405754082e-04
1.050000000000000000e+01 2.023609110261790094e-04
1.055000000000000071e+01 2.004474212352320528e-04
1.060000000000000142e+01 1.985609174869104978e-04
1.065000000000000036e+01 1.967008913818556811e-04
1.070000000000000107e+01 1.948668483628876718e-04
1.075000000000000000e+01 1.930583073524221797e-04
1.080000000000000071e+01 1.912748002720765375e-04
1.085000000000000142e+01 1.895158714579850835e-04
1.090000000000000036e+01 1.877810769922643537e-04
1.095000000000000107e+01 1.860699839764826742e-04
1.100000000000000000e+01 1.843821697765831433e-04
1.105000000000000071e+01 1.827172212703135333e-04
1.110000000000000142e+01 1.810747341277788936e-04
1.115000000000000036e+01 1.794543121533482069e-04
1.120000000000000107e+01 1.778555667130091319e-04
1.125000000000000000e+01 1.762781162656938314e-04
1.130000000000000071e+01 1.747215860104853321e-04
1.135000000000000142e+01 1.731856076544062472e-04
1.140000000000000036e+01 1.716698192981619463e-04
1.145000000000000107e+01 1.701738654302324130e-04
1.150000000000000000e+01 1.686973970135050124e-04
1.155000000000000071e+01 1.672400716435968216e-04
1.160000000000000142e+01 1.658015537544115002e-04
1.165000000000000036e+01 1.643815148445022735e-04
1.170000000000000107e+01 1.629796336975559902e-04
1.175000000000000000e+01 1.615955965717389765e-04
1.180000000000000071e+01 1.602290973356198839e-04
1.185000000000000142e+01 1.588798375326793669e-04
1.190000000000000036e+01 1.575475263617262197e-04
1.195000000000000107e+01 1.562318805664966747e-04
1.200000000000000000e+01 1.549326242339349284e-04
1.205000000000000071e+01 1.536494885067190772e-04
1.210000000000000142e+01 1.523822112211592754e-04
1.215000000000000036e+01 1.511305364862787395e-04
1.220000000000000107e+01 1.498942142234538887e-04
1.225000000000000000e+01 1.486729996882209053e-04
1.230000000000000071e+01 1.474666529966575743e-04
1.235000000000000142e+01 1.462749386781003389e-04
1.240000000000000036e+01 1.450976252739484323e-04
1.245000000000000107e+01 1.439344849990890343e-04
1.250000000000000000e+01 1.427852934782968767e-04
1.255000000000000071e+01 1.416498295650998396e-04
1.260000000000000142e+01 1.405278752453933239e-04
1.265000000000000036e+01 1.394192156228559159e-04
1.270000000000000107e+01 1.383236389783163139e-04
1.275000000000000000e+01 1.372409368909330600e-04
1.280000000000000071e+01 1.361709044056338177e-04
1.285000000000000142e+01 1.351133402289233143e-04
1.290000000000000036e+01 1.340680469340100277e-04
1.295000000000000107e+01 1.330348311562808996e-04
1.300000000000000000e+01 1.320135037614276444e-04
1.305000000000000071e+01 1.310038799708764727e-04
1.310000000000000142e+01 1.300057794324422126e-04
1.315000000000000036e+01 1.290190262280575058e-04
1.320000000000000107e+01 1.280434488147788737e-04
1.325000000000000000e+01 1.270788798997373869e-04
1.330000000000000071e+01 1.261251562540106961e-04
1.335000000000000142e+01 1.251821184742652241e-04
1.340000000000000036e+01 1.242496107042257109e-04
1.345000000000000107e+01 1.233274803303848215e-04
1.350000000000000000e+01 1.224155776677386350e-04
1.355000000000000071e+01 1.215137556516654541e-04
1.360000000000000142e+01 1.206218695513599083e-04
1.365000000000000036e+01 1.197397767185625006e-04
1.370000000000000107e+01 1.188673363828162674e-04
1.375000000000000000e+01 1.180044095013252277e-04
1.380000000000000071e+01 1.171508586678839358e-04
1.385000000000000142e+01 1.163065480815584442e-04
1.390000000000000036e+01 1.154713435720494110e-04
1.395000000000000107e+01 1.146451126752119995e-04
1.400000000000000000e+01 1.138277247492479945e-04
1.405000000000000071e+01 1.130190511198042954e-04
1.410000000000000142e+01 1.122189652407400129e-04
1.415000000000000036e+01 1.114273428567251906e-04
1.420000000000000107e+01 1.106440621541403887e-04
1.425000000000000000e+01 1.098690038879033604e-04
1.430000000000000071e+01 1.091020514737709921e-04
1.435000000000000142e+01 1.083430910382040505e-04
1.440000000000000036e+01 1.075920114208711890e-04
1.445000000000000107e+01 1.068487041280940923e-04
1.450000000000000000e+01 1.061130632387973421e-04
1.455000000000000071e+01 1.053849852676062366e-04
1.460000000000000142e+01 1.046643689924447123e-04
1.465000000000000036e+01 1.039511152561622341e-04
1.470000000000000107e+01 1.032451267532254473e-04
1.475000000000000000e+01 1.025463078132802261e-04
1.480000000000000071e+01 1.018545641933770937e-04
1.485000000000000142e+01 1.011698028898859030e-04
1.490000000000000036e+01 1.004919319796628068e-04
1.495000000000000107e+01 9.982086049798783627e-05
