0.000000000000000000e+00 1.027917655679241524e-02
5.000000000000000278e-02 1.211012604077562997e-02
1.000000000000000056e-01 1.181347654582736231e-02
1.500000000000000222e-01 1.130853226352281256e-02
2.000000000000000111e-01 1.060898915499303326e-02
2.500000000000000000e-01 9.730890522096496964e-03
3.000000000000000444e-01 8.686372068839756308e-03
3.500000000000000333e-01 7.501574135540201894e-03
4.000000000000000222e-01 6.178373196600355811e-03
4.500000000000000111e-01 4.745099146035706983e-03
5.000000000000000000e-01 3.220226733272740782e-03
5.500000000000000444e-01 1.632267301743852523e-03
6.000000000000000888e-01 -1.905054272487893215e-06
6.500000000000000222e-01 -1.652331342303937087e-03
7.000000000000000666e-01 -3.301725422555867179e-03
7.500000000000000000e-01 -4.924213381766246421e-03
8.000000000000000444e-01 -6.501917824855901751e-03
8.500000000000000888e-01 -8.010074909573144941e-03
9.000000000000000222e-01 -9.433491562964030006e-03
9.500000000000000666e-01 -1.075726286043654674e-02
1.000000000000000000e+00 -1.196604103228127852e-02
1.050000000000000044e+00 -1.304359888607965062e-02
1.100000000000000089e+00 -1.398862054838619952e-02
1.150000000000000133e+00 -1.478599089490164123e-02
1.200000000000000178e+00 -1.543367560680324567e-02
1.250000000000000000e+00 -1.593250278868968070e-02
1.300000000000000044e+00 -1.628106590428450226e-02
1.350000000000000089e+00 -1.648093594051575420e-02
1.400000000000000133e+00 -1.653739615759083556e-02
1.450000000000000178e+00 -1.645048001167530305e-02
1.500000000000000000e+00 -1.624408868034560999e-02
1.550000000000000044e+00 -1.590177094510898670e-02
1.600000000000000089e+00 -1.546143553242733046e-02
1.650000000000000133e+00 -1.491541575581411573e-02
1.700000000000000178e+00 -1.427806748932618046e-02
1.750000000000000000e+00 -1.357432706128108152e-02
1.800000000000000044e+00 -1.279713143611940253e-02
1.850000000000000089e+00 -1.197314190824030553e-02
1.900000000000000133e+00 -1.110704780814262757e-02
1.950000000000000178e+00 -1.021624757870887891e-02
2.000000000000000000e+00 -9.305046024786952849e-03
2.050000000000000266e+00 -8.390328161069240259e-03
2.100000000000000089e+00 -7.477737526381412342e-03
2.149999999999999911e+00 -6.577623826238415683e-03
2.200000000000000178e+00 -5.698536441025986270e-03
2.250000000000000000e+00 -4.846678822339268826e-03
2.300000000000000266e+00 -4.027403041900806321e-03
2.350000000000000089e+00 -3.248797647417890015e-03
2.400000000000000355e+00 -2.509156150700220331e-03
2.450000000000000178e+00 -1.821246922703500300e-03
2.500000000000000000e+00 -1.178943653812325682e-03
2.550000000000000266e+00 -5.879343147829723922e-04
2.600000000000000089e+00 -4.926612704385573360e-05
2.650000000000000355e+00 4.382070115885315404e-04
2.700000000000000178e+00 8.737967490351473097e-04
2.750000000000000000e+00 1.258252716221230178e-03
2.800000000000000266e+00 1.593764996919756934e-03
2.850000000000000089e+00 1.881646880872324141e-03
2.900000000000000355e+00 2.123699307815199704e-03
2.950000000000000178e+00 2.322818020386733465e-03
3.000000000000000000e+00 2.481471919536021829e-03
3.050000000000000266e+00 2.602464138751379389e-03
3.100000000000000089e+00 2.688679250243349288e-03
3.150000000000000355e+00 2.743319879944377485e-03
3.200000000000000178e+00 2.768911656032760002e-03
3.250000000000000000e+00 2.769248692368340807e-03
3.300000000000000266e+00 2.746270594867798124e-03
3.350000000000000089e+00 2.704221034130691037e-03
3.400000000000000355e+00 2.644539267889418118e-03
3.450000000000000178e+00 2.569840155702004993e-03
3.500000000000000000e+00 2.484739104189669610e-03
3.550000000000000266e+00 2.388413474300577367e-03
3.600000000000000089e+00 2.285204346145162761e-03
3.650000000000000355e+00 2.176226453967288095e-03
3.700000000000000178e+00 2.063489844395680062e-03
3.750000000000000000e+00 1.948543270647271584e-03
3.800000000000000266e+00 1.832810162469564533e-03
3.850000000000000089e+00 1.717439669164412324e-03
3.900000000000000355e+00 1.603652693479677011e-03
3.950000000000000178e+00 1.492124986227149046e-03
4.000000000000000000e+00 1.383749097553718882e-03
4.049999999999999822e+00 1.279770490600232050e-03
4.100000000000000533e+00 1.178198854088284347e-03
4.150000000000000355e+00 1.083725349594443247e-03
4.200000000000000178e+00 9.922165449938471181e-04
4.250000000000000000e+00 9.066793620062634776e-04
4.299999999999999822e+00 8.257488589484476968e-04
4.350000000000000533e+00 7.503700301889890990e-04
4.400000000000000355e+00 6.798858053543343008e-04
4.450000000000000178e+00 6.145458494318469965e-04
4.500000000000000000e+00 5.538255316923576532e-04
4.549999999999999822e+00 4.989009643202542204e-04
4.600000000000000533e+00 4.463301175436078672e-04
4.650000000000000355e+00 3.999957180601561432e-04
4.700000000000000178e+00 3.576918079528931620e-04
4.750000000000000000e+00 3.182161631031492225e-04
4.800000000000000711e+00 2.816841031934961561e-04
4.850000000000000533e+00 2.537272793114859191e-04
4.900000000000000355e+00 2.208244664287675697e-04
4.950000000000000178e+00 1.970756781757402351e-04
5.000000000000000000e+00 1.733987262730769525e-04
5.050000000000000711e+00 1.528772859427015576e-04
5.100000000000000533e+00 1.344785373586881950e-04
5.150000000000000355e+00 1.178701996447554070e-04
5.200000000000000178e+00 1.042467677784014480e-04
5.250000000000000000e+00 8.962591819184727163e-05
5.300000000000000711e+00 7.962890390714064213e-05
5.350000000000000533e+00 6.957347864358295886e-05
5.400000000000000355e+00 5.997514668264515705e-05
5.450000000000000178e+00 5.296190660659391225e-05
5.500000000000000000e+00 4.552594734200881654e-05
5.550000000000000711e+00 3.977492863078985484e-05
5.600000000000000533e+00 3.438750204139229223e-05
5.650000000000000355e+00 2.986092841623828604e-05
5.700000000000000178e+00 2.543565177327160082e-05
5.750000000000000000e+00 2.255679132458280445e-05
5.800000000000000711e+00 1.846437535904008569e-05
5.850000000000000533e+00 1.708078341896657618e-05
5.900000000000000355e+00 1.398339013468996659e-05
5.950000000000000178e+00 1.082374350422302004e-05
6.000000000000000000e+00 1.511364371683450977e-05
6.050000000000000711e+00 1.169773252305827350e-05
6.100000000000000533e+00 9.053853422080383067e-06
6.150000000000000355e+00 7.007416648000799031e-06
6.200000000000000178e+00 5.423482646302889432e-06
6.250000000000000000e+00 4.197567910044507460e-06
6.300000000000000711e+00 3.248705659616156125e-06
6.350000000000000533e+00 2.514313535093072700e-06
6.400000000000000355e+00 1.945932630433906887e-06
6.450000000000000178e+00 1.506015670733319354e-06
6.500000000000000000e+00 1.165542011109553900e-06
6.550000000000000711e+00 9.020398475542480915e-07
