0.000000000000000000e+00 0.000000000000000000e+00
5.000000000000000278e-02 3.700604302630646695e-05
1.000000000000000056e-01 7.400331952193952222e-05
1.500000000000000222e-01 1.109831515616123995e-04
2.000000000000000111e-01 1.479370367217530560e-04
2.500000000000000000e-01 1.848567315866603993e-04
3.000000000000000444e-01 2.217343302389230555e-04
3.500000000000000333e-01 2.585623361909881296e-04
4.000000000000000222e-01 2.953337263230959055e-04
4.500000000000000111e-01 3.320420055255855264e-04
5.000000000000000000e-01 3.686812508991095289e-04
5.500000000000000444e-01 4.052461445424400312e-04
6.000000000000000888e-01 4.417319941518705294e-04
6.500000000000000222e-01 4.781347408659240698e-04
7.000000000000000666e-01 5.144509540110380917e-04
7.500000000000000000e-01 5.506778126347005925e-04
8.000000000000000444e-01 5.868130739484708758e-04
8.500000000000000888e-01 6.228550290405164775e-04
9.000000000000000222e-01 6.588024464516605786e-04
9.500000000000000666e-01 6.946545044362665818e-04
1.000000000000000000e+00 7.304107129453843916e-04
1.050000000000000044e+00 7.660708265702653470e-04
1.100000000000000089e+00 8.016347498656200806e-04
1.150000000000000133e+00 8.371024366300214683e-04
1.200000000000000178e+00 8.724737848522169832e-04
1.250000000000000000e+00 9.077485291337783480e-04
1.300000000000000044e+00 9.429261324678993523e-04
1.350000000000000089e+00 9.780056792894203932e-04
1.400000000000000133e+00 1.012985771710986664e-03
1.450000000000000178e+00 1.047864430824064271e-03
1.500000000000000000e+00 1.082639004871680357e-03
1.550000000000000044e+00 1.117306085993076360e-03
1.600000000000000089e+00 1.151861437100828740e-03
1.650000000000000133e+00 1.186299930280967311e-03
1.700000000000000178e+00 1.220615497909313153e-03
1.750000000000000000e+00 1.254801097456787699e-03
1.800000000000000044e+00 1.288848690717055807e-03
1.850000000000000089e+00 1.322749237936648482e-03
1.900000000000000133e+00 1.356492707065872589e-03
1.950000000000000178e+00 1.390068098083848281e-03
2.000000000000000000e+00 1.423463482088483528e-03
2.050000000000000266e+00 1.456666054587663073e-03
2.100000000000000089e+00 1.489662202186575095e-03
2.149999999999999911e+00 1.522437581643033182e-03
2.200000000000000178e+00 1.554977210062226866e-03
2.250000000000000000e+00 1.587265564828598636e-03
2.300000000000000266e+00 1.619286691728596440e-03
2.350000000000000089e+00 1.651024319606555265e-03
2.400000000000000355e+00 1.682461979818398188e-03
2.450000000000000178e+00 1.713583128705258767e-03
2.500000000000000000e+00 1.744371271301374798e-03
2.550000000000000266e+00 1.774810084516910760e-03
2.600000000000000089e+00 1.804883538095213534e-03
2.650000000000000355e+00 1.834576011732840049e-03
2.700000000000000178e+00 1.863872406866835070e-03
2.750000000000000000e+00 1.892758251773448905e-03
2.800000000000000266e+00 1.921219798781888342e-03
2.850000000000000089e+00 1.949244112581634486e-03
2.900000000000000355e+00 1.976819148787702530e-03
2.950000000000000178e+00 2.003933822120712496e-03
3.000000000000000000e+00 2.030578063753049178e-03
3.050000000000000266e+00 2.056742867564762510e-03
3.100000000000000089e+00 2.082420325238962689e-03
3.150000000000000355e+00 2.107603650302839349e-03
3.200000000000000178e+00 2.132287191383852414e-03
3.250000000000000000e+00 2.156466435098535004e-03
3.300000000000000266e+00 2.180137999121447862e-03
3.350000000000000089e+00 2.203299616092862200e-03
3.400000000000000355e+00 2.225950109114549838e-03
3.450000000000000178e+00 2.248089359653242941e-03
3.500000000000000000e+00 2.269718268721328171e-03
3.550000000000000266e+00 2.290838712234266692e-03
3.600000000000000089e+00 2.311453491455746530e-03
3.650000000000000355e+00 2.331566279435557786e-03
3.700000000000000178e+00 2.351181564323796391e-03
3.750000000000000000e+00 2.370304590409919900e-03
3.800000000000000266e+00 2.388941297688633621e-03
3.850000000000000089e+00 2.407098260698721168e-03
3.900000000000000355e+00 2.424782627317954419e-03
3.950000000000000178e+00 2.442002058129159013e-03
4.000000000000000000e+00 2.458764666901574331e-03
4.049999999999999822e+00 2.475078962659466811e-03
4.100000000000000533e+00 2.490953793738371214e-03
4.150000000000000355e+00 2.506398294159719545e-03
4.200000000000000178e+00 2.521421832588135407e-03
4.250000000000000000e+00 2.536033964073440474e-03
4.299999999999999822e+00 2.550244384721927614e-03
4.350000000000000533e+00 2.564062889389485001e-03
4.400000000000000355e+00 2.577499332442719643e-03
4.450000000000000178e+00 2.590563591593602385e-03
4.500000000000000000e+00 2.603265534778215640e-03
4.549999999999999822e+00 2.615614990020650142e-03
4.600000000000000533e+00 2.627621718198791794e-03
4.650000000000000355e+00 2.639295388609114341e-03
4.700000000000000178e+00 2.650645557212325844e-03
4.750000000000000000e+00 2.661681647430219622e-03
4.800000000000000711e+00 2.672412933355977887e-03
4.850000000000000533e+00 2.682848525234948246e-03
4.900000000000000355e+00 2.692997357070035791e-03
4.950000000000000178e+00 2.702868176205111463e-03
5.000000000000000000e+00 2.712469534740690434e-03
5.050000000000000711e+00 2.721809782638370291e-03
5.100000000000000533e+00 2.730897062373793989e-03
5.150000000000000355e+00 2.739739305002136978e-03
5.200000000000000178e+00 2.748344227504903158e-03
5.250000000000000000e+00 2.756719331292289531e-03
5.300000000000000711e+00 2.764871901741153010e-03
5.350000000000000533e+00 2.772809008654804515e-03
5.400000000000000355e+00 2.780537507537282193e-03
5.450000000000000178e+00 2.788064041581356234e-03
5.500000000000000000e+00 2.795395044276290097e-03
5.550000000000000711e+00 2.802536742548201315e-03
5.600000000000000533e+00 2.809495160352739728e-03
5.650000000000000355e+00 2.816276122646576858e-03
5.700000000000000178e+00 2.822885259670959886e-03
5.750000000000000000e+00 2.829328011487085466e-03
5.800000000000000711e+00 2.835609632709424569e-03
5.850000000000000533e+00 2.841735197389107410e-03
5.900000000000000355e+00 2.847709604005241573e-03
5.950000000000000178e+00 2.853537580527316497e-03
6.000000000000000000e+00 2.859223689516714271e-03
6.050000000000000711e+00 2.864772333239840475e-03
6.100000000000000533e+00 2.870187758769303203e-03
6.150000000000000355e+00 2.875474063053093821e-03
6.200000000000000178e+00 2.880635197934749200e-03
6.250000000000000000e+00 2.885674975110091162e-03
6.300000000000000711e+00 2.890597071008322010e-03
6.350000000000000533e+00 2.895405031587110732e-03
6.400000000000000355e+00 2.900102277032816714e-03
6.450000000000000178e+00 2.904692106358261992e-03
6.500000000000000000e+00 2.909177701891546390e-03
6.550000000000000711e+00 2.913562133650240797e-03
6.600000000000000533e+00 2.917848363596182038e-03
6.650000000000000355e+00 2.922039249766705989e-03
6.700000000000000178e+00 2.926137550278961816e-03
6.750000000000000000e+00 2.930145927204566483e-03
6.800000000000000711e+00 2.934066950312591137e-03
6.850000000000000533e+00 2.937903100679613907e-03
6.900000000000000355e+00 2.941656774166296999e-03
6.950000000000000178e+00 2.945330284760711015e-03
7.000000000000000000e+00 2.948925867789405249e-03
7.050000000000000711e+00 2.952445682997977341e-03
7.100000000000000533e+00 2.955891817503595188e-03
7.150000000000000355e+00 2.959266288622555436e-03
7.200000000000000178e+00 2.962571046576618645e-03
7.250000000000000000e+00 2.965807977082265783e-03
7.300000000000000711e+00 2.968978903827466584e-03
7.350000000000000533e+00 2.972085590840776656e-03
7.400000000000000355e+00 2.975129744757761506e-03
7.450000000000000178e+00 2.978113016989780357e-03
7.500000000000000000e+00 2.981037005800068074e-03
7.550000000000000711e+00 2.983903258291958124e-03
7.600000000000000533e+00 2.986713272313745119e-03
7.650000000000000355e+00 2.989468498284505570e-03
7.700000000000000178e+00 2.992170340944776911e-03
7.750000000000000000e+00 2.994820161035680051e-03
7.800000000000000711e+00 2.997419276909695993e-03
7.850000000000000533e+00 2.999968966076032965e-03
7.900000000000000355e+00 3.002470466683129779e-03
7.950000000000000178e+00 3.004924978940736596e-03
8.000000000000000000e+00 3.007333666483656947e-03
8.050000000000000711e+00 3.009697657679275169e-03
8.099999999999999645e+00 3.012018046880768352e-03
8.150000000000000355e+00 3.014295895627970828e-03
8.200000000000001066e+00 3.016532233797846255e-03
8.250000000000000000e+00 3.018728060706562643e-03
8.300000000000000711e+00 3.020884346165258506e-03
8.349999999999999645e+00 3.023002031491618669e-03
8.400000000000000355e+00 3.025082030479510960e-03
8.450000000000001066e+00 3.027125230328935480e-03
8.500000000000000000e+00 3.029132492538565841e-03
8.550000000000000711e+00 3.031104653763164441e-03
8.599999999999999645e+00 3.033042526638090892e-03
8.650000000000000355e+00 3.034946900573026046e-03
8.700000000000001066e+00 3.036818542516899616e-03
8.750000000000000000e+00 3.038658197695842406e-03
8.800000000000000711e+00 3.040466590325786433e-03
8.849999999999999645e+00 3.042244424301121953e-03
8.900000000000000355e+00 3.043992383860577144e-03
8.950000000000001066e+00 3.045711134231300545e-03
9.000000000000000000e+00 3.047401322251883093e-03
9.050000000000000711e+00 3.049063576974874856e-03
9.099999999999999645e+00 3.050698510249221038e-03
9.150000000000000355e+00 3.052306717282867506e-03
9.200000000000001066e+00 3.053888777185770429e-03
9.250000000000000000e+00 3.055445253493462715e-03
9.300000000000000711e+00 3.056976694671332487e-03
9.349999999999999645e+00 3.058483634599837384e-03
9.400000000000000355e+00 3.059966593040927465e-03
9.450000000000001066e+00 3.061426076086034946e-03
9.500000000000000000e+00 3.062862576586127331e-03
9.550000000000000711e+00 3.064276574564412867e-03
9.600000000000001421e+00 3.065668537612404806e-03
9.650000000000000355e+00 3.067038921270152842e-03
9.700000000000001066e+00 3.068388169391537707e-03
9.750000000000000000e+00 3.069716714495572193e-03
9.800000000000000711e+00 3.071024978104678737e-03
9.850000000000001421e+00 3.072313371070918477e-03
9.900000000000000355e+00 3.073582293891096839e-03
9.950000000000001066e+00 3.074832137011622533e-03
1.000000000000000000e+01 3.076063281123888465e-03
1.005000000000000071e+01 3.077276097450859331e-03
1.010000000000000142e+01 3.078470948025375034e-03
1.015000000000000036e+01 3.079648185960639183e-03
1.020000000000000107e+01 3.080808155713122502e-03
1.025000000000000000e+01 3.081951193338088035e-03
1.030000000000000071e+01 3.083077626737805790e-03
1.035000000000000142e+01 3.084187775902406080e-03
1.040000000000000036e+01 3.085281953143328201e-03
1.045000000000000107e+01 3.086360463319249518e-03
1.050000000000000000e+01 3.087423604054363984e-03
1.055000000000000071e+01 3.088471665948936806e-03
1.060000000000000142e+01 3.089504932782092747e-03
1.065000000000000036e+01 3.090523681706812929e-03
1.070000000000000107e+01 3.091528183437288867e-03
1.075000000000000000e+01 3.092518702428755182e-03
1.080000000000000071e+01 3.093495497050100223e-03
1.085000000000000142e+01 3.094458819749573795e-03
1.090000000000000036e+01 3.095408917214006583e-03
1.095000000000000107e+01 3.096346030522032205e-03
1.100000000000000000e+01 3.097270395291781137e-03
1.105000000000000071e+01 3.098182241823611155e-03
1.110000000000000142e+01 3.099081795238337912e-03
1.115000000000000036e+01 3.099969275611515977e-03
1.120000000000000107e+01 3.100844898104153716e-03
1.125000000000000000e+01 3.101708873090278790e-03
1.130000000000000071e+01 3.102561406281648289e-03
1.135000000000000142e+01 3.103402698849791735e-03
1.140000000000000036e+01 3.104232947545575595e-03
1.145000000000000107e+01 3.105052344816278034e-03
1.150000000000000000e+01 3.105861078920174340e-03
1.155000000000000071e+01 3.106659334038554526e-03
1.160000000000000142e+01 3.107447290384984448e-03
1.165000000000000036e+01 3.108225124311685995e-03
1.170000000000000107e+01 3.108993008412819486e-03
1.175000000000000000e+01 3.109751111624496980e-03
1.180000000000000071e+01 3.110499599321371687e-03
1.185000000000000142e+01 3.111238633409685057e-03
1.190000000000000036e+01 3.111968372416720405e-03
1.195000000000000107e+01 3.112688971576633122e-03
1.200000000000000000e+01 3.113400582912744657e-03
1.205000000000000071e+01 3.114103355316422996e-03
1.210000000000000142e+01 3.114797434622723973e-03
1.215000000000000036e+01 3.115482963683045402e-03
1.220000000000000107e+01 3.116160082435071553e-03
1.225000000000000000e+01 3.116828927970303770e-03
1.230000000000000071e+01 3.117489634599511159e-03
1.235000000000000142e+01 3.118142333916395365e-03
1.240000000000000036e+01 3.118787154859773477e-03
1.245000000000000107e+01 3.119424223774537076e-03
1.250000000000000000e+01 3.120053664471575221e-03
1.255000000000000071e+01 3.120675598286858261e-03
1.260000000000000142e+01 3.121290144139737561e-03
1.265000000000000036e+01 3.121897418590543517e-03
1.270000000000000107e+01 3.122497535897415973e-03
1.275000000000000000e+01 3.123090608072336214e-03
1.280000000000000071e+01 3.123676744936218323e-03
1.285000000000000142e+01 3.124256054172941475e-03
1.290000000000000036e+01 3.124828641382134103e-03
1.295000000000000107e+01 3.125394610130547302e-03
1.300000000000000000e+01 3.125954062001888231e-03
1.305000000000000071e+01 3.126507096644928763e-03
1.310000000000000142e+01 3.127053811819813928e-03
1.315000000000000036e+01 3.127594303442502062e-03
1.320000000000000107e+01 3.128128665627301526e-03
1.325000000000000000e+01 3.128656990727538695e-03
1.330000000000000071e+01 3.129179369374456531e-03
1.335000000000000142e+01 3.129695890514399247e-03
1.340000000000000036e+01 3.130206641444512917e-03
1.345000000000000107e+01 3.130711707847086064e-03
1.350000000000000000e+01 3.131211173822762671e-03
1.355000000000000071e+01 3.131705121922815412e-03
1.360000000000000142e+01 3.132193633180690735e-03
1.365000000000000036e+01 3.132676787143005761e-03
1.370000000000000107e+01 3.133154661900144477e-03
1.375000000000000000e+01 3.133627334116610621e-03
1.380000000000000071e+01 3.134094879061171974e-03
1.385000000000000142e+01 3.134557370636884520e-03
1.390000000000000036e+01 3.135014881410982598e-03
1.395000000000000107e+01 3.135467482644578672e-03
1.400000000000000000e+01 3.135915244322134542e-03
1.405000000000000071e+01 3.136358235180564807e-03
1.410000000000000142e+01 3.136796522737883650e-03
1.415000000000000036e+01 3.137230173321241006e-03
1.420000000000000107e+01 3.137659252094232316e-03
1.425000000000000000e+01 3.138083823083355223e-03
1.430000000000000071e+01 3.138503949203507847e-03
1.435000000000000142e+01 3.138919692282465292e-03
1.440000000000000036e+01 3.139331113084258083e-03
1.445000000000000107e+01 3.139738271331471604e-03
1.450000000000000000e+01 3.140141225726484752e-03
1.455000000000000071e+01 3.140540033971685532e-03
1.460000000000000142e+01 3.140934752788758586e-03
1.465000000000000036e+01 3.141325437937185581e-03
1.470000000000000107e+01 3.141712144232030896e-03
1.475000000000000000e+01 3.142094925561220338e-03
1.480000000000000071e+01 3.142473834902388772e-03
1.485000000000000142e+01 3.142848924339481861e-03
1.490000000000000036e+01 3.143220245079215991e-03
1.495000000000000107e+01 3.143587847467472270e-03
