0.000000000000000000e+00 6.692376612338508945e-02
5.000000000000000278e-02 6.697328854993314651e-02
1.000000000000000056e-01 6.712149708173724416e-02
1.500000000000000222e-01 6.736731680991525639e-02
2.000000000000000111e-01 6.770896067999407353e-02
2.500000000000000000e-01 6.814393622255952854e-02
3.000000000000000444e-01 6.866905505563332401e-02
3.500000000000000333e-01 6.928034140643295202e-02
4.000000000000000222e-01 6.997346692108277755e-02
4.500000000000000111e-01 7.074313393139874950e-02
5.000000000000000000e-01 7.158352392941326470e-02
5.500000000000000444e-01 7.248821472985161884e-02
6.000000000000000888e-01 7.345020973877958159e-02
6.500000000000000222e-01 7.446196818289291253e-02
7.000000000000000666e-01 7.551544699145172623e-02
7.500000000000000000e-01 7.660211983721496032e-02
8.000000000000000444e-01 7.771305245135033679e-02
8.500000000000000888e-01 7.883892793473148974e-02
9.000000000000000222e-01 7.997010463837352090e-02
9.500000000000000666e-01 8.109667177419058182e-02
1.000000000000000000e+00 8.220850948008144587e-02
1.050000000000000044e+00 8.329535300437924950e-02
1.100000000000000089e+00 8.434683465350821530e-02
1.150000000000000133e+00 8.535265843129886953e-02
1.200000000000000178e+00 8.630253244061467099e-02
1.250000000000000000e+00 8.718628267743269711e-02
1.300000000000000044e+00 8.799401817799154535e-02
1.350000000000000089e+00 8.871613199227408597e-02
1.400000000000000133e+00 8.934340588291685148e-02
1.450000000000000178e+00 8.986708317055215611e-02
1.500000000000000000e+00 9.027896271422325425e-02
1.550000000000000044e+00 9.057146867204393659e-02
1.600000000000000089e+00 9.073772850801997691e-02
1.650000000000000133e+00 9.077164604362857048e-02
1.700000000000000178e+00 9.066796766913229333e-02
1.750000000000000000e+00 9.042234367700924258e-02
1.800000000000000044e+00 9.003138183962254570e-02
1.850000000000000089e+00 8.949269263850483103e-02
1.900000000000000133e+00 8.880492608712835245e-02
1.950000000000000178e+00 8.796779749160819895e-02
2.000000000000000000e+00 8.698210399502946666e-02
2.050000000000000266e+00 8.584972576603526473e-02
2.100000000000000089e+00 8.457362314617794530e-02
2.149999999999999911e+00 8.315781103625427551e-02
2.200000000000000178e+00 8.160733020664213966e-02
2.250000000000000000e+00 7.992820250670598647e-02
2.300000000000000266e+00 7.812737447692578996e-02
2.350000000000000089e+00 7.621265113426775595e-02
2.400000000000000355e+00 7.419261824848279174e-02
2.450000000000000178e+00 7.207655600120844996e-02
2.500000000000000000e+00 6.987434448548118793e-02
2.550000000000000266e+00 6.759636212507405539e-02
2.600000000000000089e+00 6.525337906404003741e-02
2.650000000000000355e+00 6.285645196670545942e-02
2.700000000000000178e+00 6.041678936370702829e-02
2.750000000000000000e+00 5.794565285197295773e-02
2.800000000000000266e+00 5.545432391558414997e-02
2.850000000000000089e+00 5.295380289771093457e-02
2.900000000000000355e+00 5.045489661028311479e-02
2.950000000000000178e+00 4.796802861444787736e-02
3.000000000000000000e+00 4.550316857919920605e-02
3.050000000000000266e+00 4.306974934164803370e-02
3.100000000000000089e+00 4.067659338935266516e-02
3.150000000000000355e+00 3.833185606722883804e-02
3.200000000000000178e+00 3.604297235566930602e-02
3.250000000000000000e+00 3.381662171668492478e-02
3.300000000000000266e+00 3.165869200503904773e-02
3.350000000000000089e+00 2.957427420737427162e-02
3.400000000000000355e+00 2.756764784078270109e-02
3.450000000000000178e+00 2.564231062549452572e-02
3.500000000000000000e+00 2.380095976495286494e-02
3.550000000000000266e+00 2.204553975926748510e-02
3.600000000000000089e+00 2.037727003310451507e-02
3.650000000000000355e+00 1.879668506030770028e-02
3.700000000000000178e+00 1.730368055538194713e-02
3.750000000000000000e+00 1.589756403592915146e-02
3.800000000000000266e+00 1.457710912851669510e-02
3.850000000000000089e+00 1.334061211964360227e-02
3.900000000000000355e+00 1.218594999296507969e-02
3.950000000000000178e+00 1.111063736477668241e-02
4.000000000000000000e+00 1.011188639873166623e-02
4.049999999999999822e+00 9.186658037022902429e-03
4.100000000000000533e+00 8.331718926312884146e-03
4.150000000000000355e+00 7.543691381787201618e-03
4.200000000000000178e+00 6.819098340644830052e-03
4.250000000000000000e+00 6.154407611680925289e-03
4.299999999999999822e+00 5.546070017569278664e-03
4.350000000000000533e+00 4.990555713053137186e-03
4.400000000000000355e+00 4.484383960929842414e-03
4.450000000000000178e+00 4.024144185470007740e-03
4.500000000000000000e+00 3.606526980172301920e-03
4.549999999999999822e+00 3.228336507637499363e-03
4.600000000000000533e+00 2.886506518262220520e-03
4.650000000000000355e+00 2.578111158468171429e-03
4.700000000000000178e+00 2.300374042823453979e-03
4.750000000000000000e+00 2.050671498333737127e-03
4.800000000000000711e+00 1.826537595094948185e-03
4.850000000000000533e+00 1.625663636597806001e-03
4.900000000000000355e+00 1.445897489169519585e-03
4.950000000000000178e+00 1.285240734524647046e-03
5.000000000000000000e+00 1.141844808529101892e-03
5.050000000000000711e+00 1.014005992159597649e-03
5.100000000000000533e+00 9.001595997511539987e-04
5.150000000000000355e+00 7.988734287494217825e-04
5.200000000000000178e+00 7.088404829694233212e-04
5.250000000000000000e+00 6.288736812991817379e-04
5.300000000000000711e+00 5.578952974210330982e-04
5.350000000000000533e+00 4.949315927518345903e-04
5.400000000000000355e+00 4.391046842552565163e-04
5.450000000000000178e+00 3.896258981509540518e-04
5.500000000000000000e+00 3.457863884813308706e-04
5.550000000000000711e+00 3.069544770368855409e-04
5.600000000000000533e+00 2.725623005209455957e-04
5.650000000000000355e+00 2.421063688689922789e-04
5.700000000000000178e+00 2.151376633410690960e-04
5.750000000000000000e+00 1.912570015751692640e-04
5.800000000000000711e+00 1.701095966867829576e-04
5.850000000000000533e+00 1.513812551618726350e-04
5.900000000000000355e+00 1.347925966541014848e-04
5.950000000000000178e+00 1.200956764865436434e-04
