0.000000000000000000e+00 -0.000000000000000000e+00
5.000000000000000278e-02 3.885968658126653821e-04
1.000000000000000056e-01 1.547858557720147672e-03
1.500000000000000222e-01 3.458302651874626665e-03
2.000000000000000111e-01 6.087804447059880913e-03
2.500000000000000000e-01 9.392110173476185195e-03
3.000000000000000444e-01 1.331554383234903084e-02
3.500000000000000333e-01 1.779189633285928676e-02
4.000000000000000222e-01 2.274548266068890726e-02
4.500000000000000111e-01 2.809234984698096363e-02
5.000000000000000000e-01 3.374161657041835349e-02
5.500000000000000444e-01 3.959692255864745436e-02
6.000000000000000888e-01 4.555796445175080284e-02
6.500000000000000222e-01 5.152209333195133245e-02
7.000000000000000666e-01 5.738594818759196886e-02
7.500000000000000000e-01 6.304709876899697307e-02
8.000000000000000444e-01 6.840567130855268463e-02
8.500000000000000888e-01 7.336593075356594162e-02
9.000000000000000222e-01 7.783779385704374387e-02
9.500000000000000666e-01 8.173824857617735529e-02
1.000000000000000000e+00 8.499265673912177743e-02
1.050000000000000044e+00 8.753591880494505928e-02
1.100000000000000089e+00 8.931348201645812612e-02
1.150000000000000133e+00 9.028217519104822508e-02
1.200000000000000178e+00 9.041085718252978021e-02
1.250000000000000000e+00 8.968086857076748575e-02
1.300000000000000044e+00 8.808627926324130719e-02
1.350000000000000089e+00 8.563392871374095328e-02
1.400000000000000133e+00 8.234325862630356707e-02
1.450000000000000178e+00 7.824594156441128101e-02
1.500000000000000000e+00 7.338531254266196513e-02
1.550000000000000044e+00 6.781561404604088961e-02
1.600000000000000089e+00 6.160106812621533173e-02
1.650000000000000133e+00 5.481479234100457287e-02
1.700000000000000178e+00 4.753757909313644642e-02
1.750000000000000000e+00 3.985656001719020680e-02
1.800000000000000044e+00 3.186377996332084156e-02
1.850000000000000089e+00 2.365470537649783447e-02
1.900000000000000133e+00 1.532669435080861488e-02
1.950000000000000178e+00 6.977455414116305946e-03
2.000000000000000000e+00 -1.296477441967028603e-03
2.050000000000000266e+00 -9.401226618265251869e-03
2.100000000000000089e+00 -1.724698334761495810e-02
2.149999999999999911e+00 -2.474932636276900438e-02
2.200000000000000178e+00 -3.183042431295569213e-02
2.250000000000000000e+00 -3.842010123115784798e-02
2.300000000000000266e+00 -4.445674833399839571e-02
2.350000000000000089e+00 -4.988806754803451482e-02
2.400000000000000355e+00 -5.467163650471653508e-02
2.450000000000000178e+00 -5.877528766855907860e-02
2.500000000000000000e+00 -6.217729863010658387e-02
2.550000000000000266e+00 -6.486639431279020429e-02
2.600000000000000089e+00 -6.684156557623817385e-02
2.650000000000000355e+00 -6.811171244219743626e-02
2.700000000000000178e+00 -6.869512361928431510e-02
2.750000000000000000e+00 -6.861880716617439757e-02
2.800000000000000266e+00 -6.791769008238864036e-02
2.850000000000000089e+00 -6.663370649310293437e-02
2.900000000000000355e+00 -6.481479646581787823e-02
2.950000000000000178e+00 -6.251383865492003700e-02
3.000000000000000000e+00 -5.978754035829003666e-02
3.050000000000000266e+00 -5.669530923734721756e-02
3.100000000000000089e+00 -5.329813031901949050e-02
3.150000000000000355e+00 -4.965747086780358810e-02
3.200000000000000178e+00 -4.583423448651919446e-02
3.250000000000000000e+00 -4.188778342541204375e-02
3.300000000000000266e+00 -3.787504642672965410e-02
3.350000000000000089e+00 -3.384972605826582631e-02
3.400000000000000355e+00 -2.986161684109476730e-02
3.450000000000000178e+00 -2.595604252394004274e-02
3.500000000000000000e+00 -2.217341751687906815e-02
3.550000000000000266e+00 -1.854893409193396348e-02
3.600000000000000089e+00 -1.511237437009550419e-02
3.650000000000000355e+00 -1.188804285895588703e-02
3.700000000000000178e+00 -8.894812544888311759e-03
3.750000000000000000e+00 -6.146275827906897207e-03
3.800000000000000266e+00 -3.650988623762787925e-03
3.850000000000000089e+00 -1.412795494162244437e-03
3.900000000000000355e+00 5.687783780851811454e-04
3.950000000000000178e+00 2.298082739038215510e-03
4.000000000000000000e+00 3.782860047298021704e-03
4.049999999999999822e+00 5.033740174118607642e-03
4.100000000000000533e+00 6.063725900974764257e-03
4.150000000000000355e+00 6.887682421735603910e-03
4.200000000000000178e+00 7.521842588204071325e-03
4.250000000000000000e+00 7.983338349220360508e-03
4.299999999999999822e+00 8.289767075753479847e-03
4.350000000000000533e+00 8.458799719157437946e-03
4.400000000000000355e+00 8.507835892271846737e-03
4.450000000000000178e+00 8.453709182049417431e-03
4.500000000000000000e+00 8.312444242700844227e-03
4.549999999999999822e+00 8.099065347457816769e-03
4.600000000000000533e+00 7.827455063962941370e-03
4.650000000000000355e+00 7.510260093947937476e-03
4.700000000000000178e+00 7.158840100900612166e-03
4.750000000000000000e+00 6.783255097872580019e-03
4.800000000000000711e+00 6.392285889299029536e-03
4.850000000000000533e+00 5.993481881557033257e-03
4.900000000000000355e+00 5.593230613735979823e-03
4.950000000000000178e+00 5.196843421567153183e-03
5.000000000000000000e+00 4.808651645860653745e-03
5.050000000000000711e+00 4.432108878950456396e-03
5.100000000000000533e+00 4.069894752647876431e-03
5.150000000000000355e+00 3.724016563558566698e-03
5.200000000000000178e+00 3.395906076782768696e-03
5.250000000000000000e+00 3.086509070684904845e-03
5.300000000000000711e+00 2.796366264891633150e-03
5.350000000000000533e+00 2.525684694709834192e-03
5.400000000000000355e+00 2.274399411837324525e-03
5.450000000000000178e+00 2.042225616301439946e-03
5.500000000000000000e+00 1.828701985312145310e-03
5.550000000000000711e+00 1.633226095758154870e-03
5.600000000000000533e+00 1.455083113786994394e-03
5.650000000000000355e+00 1.293468910483128002e-03
5.700000000000000178e+00 1.147509061761583810e-03
5.750000000000000000e+00 1.016274618687398792e-03
5.800000000000000711e+00 8.987958877580093332e-04
5.850000000000000533e+00 7.940750025967256666e-04
5.900000000000000355e+00 7.010979429011004321e-04
5.950000000000000178e+00 6.188463940361159550e-04
6.000000000000000000e+00 5.463097301559992781e-04
6.050000000000000711e+00 4.824970008630228408e-04
6.100000000000000533e+00 4.264488893739172928e-04
6.150000000000000355e+00 3.772492809300401553e-04
6.200000000000000178e+00 3.340359879664570129e-04
6.250000000000000000e+00 2.960104884505136312e-04
6.300000000000000711e+00 2.624458289871430222e-04
6.350000000000000533e+00 2.326927721360046847e-04
6.400000000000000355e+00 2.061835169130042634e-04
6.450000000000000178e+00 1.824330413288833695e-04
6.500000000000000000e+00 1.610378991864907247e-04
6.550000000000000711e+00 1.416725449916579171e-04
6.600000000000000533e+00 1.240834093390784593e-04
6.650000000000000355e+00 1.080809553636768766e-04
6.700000000000000178e+00 9.353021182183018445e-05
6.750000000000000000e+00 8.034031956369839947e-05
6.800000000000000711e+00 6.845331675719571244e-05
6.850000000000000533e+00 5.783315251805503640e-05
6.900000000000000355e+00 4.845515732659755320e-05
6.950000000000000178e+00 4.029647973979911694e-05
