0.000000000000000000e+00 0.000000000000000000e+00
5.000000000000000278e-02 -8.638606373497191803e-09
1.000000000000000056e-01 -6.921174470062544216e-08
1.500000000000000222e-01 -2.341622088094148536e-07
2.000000000000000111e-01 -5.569205470899052540e-07
2.500000000000000000e-01 -1.092327890605440579e-06
3.000000000000000444e-01 -1.896975945518496916e-06
3.500000000000000333e-01 -3.029440507411791672e-06
4.000000000000000222e-01 -4.550388120451331111e-06
4.500000000000000111e-01 -6.522539418612825233e-06
5.000000000000000000e-01 -9.010477143698648181e-06
5.500000000000000444e-01 -1.208029171460457103e-05
6.000000000000000888e-01 -1.579906239091224623e-05
6.500000000000000222e-01 -2.023417738905464739e-05
7.000000000000000666e-01 -2.545250162332994337e-05
7.500000000000000000e-01 -3.151940590769345112e-05
8.000000000000000444e-01 -3.849767632071791586e-05
8.500000000000000888e-01 -4.644632686493352554e-05
9.000000000000000222e-01 -5.541934241276530942e-05
9.500000000000000666e-01 -6.546438210825779053e-05
1.000000000000000000e+00 -7.662147578787936101e-05
1.050000000000000044e+00 -8.892174751647387537e-05
1.100000000000000089e+00 -1.023862009503437591e-04
1.150000000000000133e+00 -1.170246009078006064e-04
1.200000000000000178e+00 -1.328344842437473642e-04
1.250000000000000000e+00 -1.498003309110644283e-04
1.300000000000000044e+00 -1.678929229963471562e-04
1.350000000000000089e+00 -1.870689156149503733e-04
1.400000000000000133e+00 -2.072706389381289262e-04
1.450000000000000178e+00 -2.284261454223094191e-04
1.500000000000000000e+00 -2.504495106541988585e-04
1.550000000000000044e+00 -2.732413902667249917e-04
1.600000000000000089e+00 -2.966898292808008673e-04
1.650000000000000133e+00 -3.206713141529102490e-04
1.700000000000000178e+00 -3.450520519250892715e-04
1.750000000000000000e+00 -3.696894553439166288e-04
1.800000000000000044e+00 -3.944338077908711633e-04
1.850000000000000089e+00 -4.191300774858674203e-04
1.900000000000000133e+00 -4.436198468084589890e-04
1.950000000000000178e+00 -4.677433198243640517e-04
2.000000000000000000e+00 -4.913413692808303720e-04
2.050000000000000266e+00 -5.142575834876484493e-04
2.100000000000000089e+00 -5.363402736474845054e-04
2.149999999999999911e+00 -5.574444033267765292e-04
2.200000000000000178e+00 -5.774334038252547287e-04
2.250000000000000000e+00 -5.961808421400382335e-04
2.300000000000000266e+00 -6.135719119362520284e-04
2.350000000000000089e+00 -6.295047223160404447e-04
2.400000000000000355e+00 -6.438913640899894455e-04
2.450000000000000178e+00 -6.566587385544816373e-04
2.500000000000000000e+00 -6.677491393123093349e-04
2.550000000000000266e+00 -6.771205832855226600e-04
2.600000000000000089e+00 -6.847468926043377398e-04
2.650000000000000355e+00 -6.906175343658692940e-04
2.700000000000000178e+00 -6.947372302045551383e-04
2.750000000000000000e+00 -6.971253520807170565e-04
2.800000000000000266e+00 -6.978151245716487450e-04
2.850000000000000089e+00 -6.968526571593156548e-04
2.900000000000000355e+00 -6.942958324917153671e-04
2.950000000000000178e+00 -6.902130783171151222e-04
3.000000000000000000e+00 -6.846820517420662945e-04
3.050000000000000266e+00 -6.777882646593687711e-04
3.100000000000000089e+00 -6.696236786673805900e-04
3.150000000000000355e+00 -6.602852966135417095e-04
3.200000000000000178e+00 -6.498737761161957555e-04
3.250000000000000000e+00 -6.384920881371209181e-04
3.300000000000000266e+00 -6.262442409900660948e-04
3.350000000000000089e+00 -6.132340871818880556e-04
3.400000000000000355e+00 -5.995642272988423128e-04
3.450000000000000178e+00 -5.853350218761359724e-04
3.500000000000000000e+00 -5.706437189241016922e-04
3.550000000000000266e+00 -5.555837016215144780e-04
3.600000000000000089e+00 -5.402438577071904660e-04
3.650000000000000355e+00 -5.247080693741083780e-04
3.700000000000000178e+00 -5.090548200506766650e-04
3.750000000000000000e+00 -4.933569123814163194e-04
3.800000000000000266e+00 -4.776812900189931783e-04
3.850000000000000089e+00 -4.620889545213618379e-04
3.900000000000000355e+00 -4.466349677079929008e-04
3.950000000000000178e+00 -4.313685292517546255e-04
4.000000000000000000e+00 -4.163331190412538642e-04
4.049999999999999822e+00 -4.015666939071574392e-04
4.100000000000000533e+00 -3.871019286236497569e-04
4.150000000000000355e+00 -3.729664916271599007e-04
4.200000000000000178e+00 -3.591833465914598031e-04
4.250000000000000000e+00 -3.457710718140771257e-04
4.299999999999999822e+00 -3.327441902587453338e-04
4.350000000000000533e+00 -3.201135040211866198e-04
4.400000000000000355e+00 -3.078864279046558813e-04
4.450000000000000178e+00 -2.960673176771360716e-04
4.500000000000000000e+00 -2.846577894099692595e-04
4.549999999999999822e+00 -2.736570270507821998e-04
4.600000000000000533e+00 -2.630620760509592006e-04
4.650000000000000355e+00 -2.528681214447253754e-04
4.700000000000000178e+00 -2.430687492634920005e-04
4.750000000000000000e+00 -2.336561905702193818e-04
4.800000000000000711e+00 -2.246215477222545580e-04
4.850000000000000533e+00 -2.159550027278684292e-04
4.900000000000000355e+00 -2.076460077632347136e-04
4.950000000000000178e+00 -1.996834580749177925e-04
5.000000000000000000e+00 -1.920558476195569574e-04
5.050000000000000711e+00 -1.847514078975797877e-04
5.100000000000000533e+00 -1.777582305299309207e-04
5.150000000000000355e+00 -1.710643742122876091e-04
5.200000000000000178e+00 -1.646579567641433815e-04
5.250000000000000000e+00 -1.585272330723087625e-04
5.300000000000000711e+00 -1.526606598095925338e-04
5.350000000000000533e+00 -1.470469478877991642e-04
5.400000000000000355e+00 -1.416751036764554023e-04
5.450000000000000178e+00 -1.365344600808886472e-04
5.500000000000000000e+00 -1.316146986210582788e-04
5.550000000000000711e+00 -1.269058636818074610e-04
5.600000000000000533e+00 -1.223983701124334203e-04
5.650000000000000355e+00 -1.180830053362255623e-04
5.700000000000000178e+00 -1.139509270876724645e-04
5.750000000000000000e+00 -1.099936578266527985e-04
5.800000000000000711e+00 -1.062030767868316533e-04
5.850000000000000533e+00 -1.025714105028307474e-04
5.900000000000000355e+00 -9.909122253192342064e-05
5.950000000000000178e+00 -9.575540294641135227e-05
6.000000000000000000e+00 -9.255715802846799863e-05
6.050000000000000711e+00 -8.949000045643638749e-05
6.100000000000000533e+00 -8.654774013650569614e-05
6.150000000000000355e+00 -8.372447571212405756e-05
6.200000000000000178e+00 -8.101458668030896897e-05
6.250000000000000000e+00 -7.841272596300517198e-05
6.300000000000000711e+00 -7.591381272528586360e-05
6.350000000000000533e+00 -7.351302520155961532e-05
6.400000000000000355e+00 -7.120579328557743873e-05
6.450000000000000178e+00 -6.898779065815012577e-05
6.500000000000000000e+00 -6.685492626494051534e-05
6.550000000000000711e+00 -6.480333501139089820e-05
6.600000000000000533e+00 -6.282936760785971146e-05
6.650000000000000355e+00 -6.092957957003731985e-05
6.700000000000000178e+00 -5.910071945222179692e-05
6.750000000000000000e+00 -5.733971645883831640e-05
6.800000000000000711e+00 -5.564366763797591234e-05
6.850000000000000533e+00 -5.400982490580427220e-05
6.900000000000000355e+00 -5.243558217964321366e-05
6.950000000000000178e+00 -5.091846290847270554e-05
7.000000000000000000e+00 -4.945610828230056122e-05
7.050000000000000711e+00 -4.804626637677187088e-05
7.100000000000000533e+00 -4.668678244856306752e-05
7.150000000000000355e+00 -4.537559054328811045e-05
7.200000000000000178e+00 -4.411070651444535964e-05
7.250000000000000000e+00 -4.289022248347333313e-05
7.300000000000000711e+00 -4.171230270161073526e-05
7.350000000000000533e+00 -4.057518070829187380e-05
7.400000000000000355e+00 -3.947715762224633857e-05
7.450000000000000178e+00 -3.841660135376806414e-05
7.500000000000000000e+00 -3.739194649244609320e-05
7.550000000000000711e+00 -3.640169460579861208e-05
7.600000000000000533e+00 -3.544441468149071248e-05
7.650000000000000355e+00 -3.451874345891438333e-05
7.700000000000000178e+00 -3.362338542364293187e-05
7.750000000000000000e+00 -3.275711227854024356e-05
7.800000000000000711e+00 -3.191876175529214711e-05
7.850000000000000533e+00 -3.110723568647119272e-05
7.900000000000000355e+00 -3.032149731729328986e-05
7.950000000000000178e+00 -2.956056789423451816e-05
8.000000000000000000e+00 -2.882352262108958817e-05
8.050000000000000711e+00 -2.810948611867118701e-05
8.099999999999999645e+00 -2.741762755956575744e-05
8.150000000000000355e+00 -2.674715567227002017e-05
8.200000000000001066e+00 -2.609731381856300155e-05
8.250000000000000000e+00 -2.546737534390328220e-05
8.300000000000000711e+00 -2.485663938362904350e-05
8.349999999999999645e+00 -2.426442727921727040e-05
8.400000000000000355e+00 -2.369007972095423905e-05
8.450000000000001066e+00 -2.313295468873787942e-05
8.500000000000000000e+00 -2.259242621439052910e-05
8.550000000000000711e+00 -2.206788393997542234e-05
8.599999999999999645e+00 -2.155873340030654882e-05
8.650000000000000355e+00 -2.106439691700179911e-05
8.700000000000001066e+00 -2.058431495852498070e-05
8.750000000000000000e+00 -2.011794779759290926e-05
8.800000000000000711e+00 -1.966477728533976761e-05
8.849999999999999645e+00 -1.922430856123312457e-05
8.900000000000000355e+00 -1.879607152870262608e-05
8.950000000000001066e+00 -1.837962194781963933e-05
9.000000000000000000e+00 -1.797454202658460033e-05
9.050000000000000711e+00 -1.758044042932634853e-05
9.099999999999999645e+00 -1.719695166192712811e-05
9.150000000000000355e+00 -1.682373483635276901e-05
9.200000000000001066e+00 -1.646047185857099293e-05
9.250000000000000000e+00 -1.610686512177318767e-05
9.300000000000000711e+00 -1.576263481857850525e-05
9.349999999999999645e+00 -1.542751600972034143e-05
9.400000000000000355e+00 -1.510125560125979256e-05
9.450000000000001066e+00 -1.478360938692564963e-05
9.500000000000000000e+00 -1.447433930666522719e-05
9.550000000000000711e+00 -1.417321105747252228e-05
9.600000000000001421e+00 -1.387999216918129635e-05
9.650000000000000355e+00 -1.359445062782781692e-05
9.700000000000001066e+00 -1.331635409443263459e-05
9.750000000000000000e+00 -1.304546972991600987e-05
9.800000000000000711e+00 -1.278156459973874038e-05
9.850000000000001421e+00 -1.252440659709178788e-05
9.900000000000000355e+00 -1.227376579318448126e-05
9.950000000000001066e+00 -1.202941609923177747e-05
1.000000000000000000e+01 -1.179113710848720149e-05
1.005000000000000071e+01 -1.155871597899088637e-05
1.010000000000000142e+01 -1.133194921891024056e-05
1.015000000000000036e+01 -1.111064424619326049e-05
1.020000000000000107e+01 -1.089462061194288337e-05
1.025000000000000000e+01 -1.068371080118559973e-05
1.030000000000000071e+01 -1.047776055388870721e-05
1.035000000000000142e+01 -1.027662868125120558e-05
1.040000000000000036e+01 -1.008018638536018776e-05
1.045000000000000107e+01 -9.888316122176347688e-06
1.050000000000000000e+01 -9.700910076498316545e-06
1.055000000000000071e+01 -9.517868341316291630e-06
1.060000000000000142e+01 -9.339096911397955130e-06
1.065000000000000036e+01 -9.164505611079451914e-06
1.070000000000000107e+01 -8.994006078563979961e-06
1.075000000000000000e+01 -8.827509923566240966e-06
1.080000000000000071e+01 -8.664927162375427763e-06
1.085000000000000142e+01 -8.506165015289628321e-06
1.090000000000000036e+01 -8.351127127228816856e-06
1.095000000000000107e+01 -8.199713244777728503e-06
1.100000000000000000e+01 -8.051819353755248392e-06
1.105000000000000071e+01 -7.907338252514752017e-06
1.110000000000000142e+01 -7.766160509378606860e-06
1.115000000000000036e+01 -7.628175729548557618e-06
1.120000000000000107e+01 -7.493274038900699215e-06
1.125000000000000000e+01 -7.361347680309304555e-06
1.130000000000000071e+01 -7.232292613177642689e-06
1.135000000000000142e+01 -7.106010008877969248e-06
1.140000000000000036e+01 -6.982407543560663173e-06
1.145000000000000107e+01 -6.861400404615540802e-06
1.150000000000000000e+01 -6.742911946906307662e-06
1.155000000000000071e+01 -6.626873958414130295e-06
1.160000000000000142e+01 -6.513226520567647831e-06
1.165000000000000036e+01 -6.401917474645791608e-06
1.170000000000000107e+01 -6.292901530560705073e-06
1.175000000000000000e+01 -6.186139076509197907e-06
1.180000000000000071e+01 -6.081594766066160263e-06
1.185000000000000142e+01 -5.979235972212949070e-06
1.190000000000000036e+01 -5.879031204823587991e-06
1.195000000000000107e+01 -5.780948588924483589e-06
1.200000000000000000e+01 -5.684954495661366278e-06
1.205000000000000071e+01 -5.591012406794244823e-06
1.210000000000000142e+01 -5.499082077496443147e-06
1.215000000000000036e+01 -5.409119042360122679e-06
1.220000000000000107e+01 -5.321074487121592492e-06
1.225000000000000000e+01 -5.234895485182585666e-06
1.230000000000000071e+01 -5.150525575008329920e-06
1.235000000000000142e+01 -5.067905633385254093e-06
1.240000000000000036e+01 -4.986974981615911164e-06
1.245000000000000107e+01 -4.907672648101883163e-06
1.250000000000000000e+01 -4.829938702202778959e-06
1.255000000000000071e+01 -4.753715571224845485e-06
1.260000000000000142e+01 -4.678949254983260779e-06
1.265000000000000036e+01 -4.605590360347143085e-06
1.270000000000000107e+01 -4.533594890919634666e-06
1.275000000000000000e+01 -4.462924743649419045e-06
1.280000000000000071e+01 -4.393547883595199571e-06
1.285000000000000142e+01 -4.325438188999269494e-06
1.290000000000000036e+01 -4.258574979921641467e-06
1.295000000000000107e+01 -4.192942263605326815e-06
1.300000000000000000e+01 -4.128527747243231769e-06
1.305000000000000071e+01 -4.065321682830937147e-06
1.310000000000000142e+01 -4.003315618481655938e-06
1.315000000000000036e+01 -3.942501135408848762e-06
1.320000000000000107e+01 -3.882868649512644466e-06
1.325000000000000000e+01 -3.824406351241063912e-06
1.330000000000000071e+01 -3.767099347538760564e-06
1.335000000000000142e+01 -3.710929055948596814e-06
1.340000000000000036e+01 -3.655872884214095530e-06
1.345000000000000107e+01 -3.601904210158434553e-06
1.350000000000000000e+01 -3.548992657381554218e-06
1.355000000000000071e+01 -3.497104643658623970e-06
1.360000000000000142e+01 -3.446204162006383867e-06
1.365000000000000036e+01 -3.396253740257231944e-06
1.370000000000000107e+01 -3.347215514496665879e-06
1.375000000000000000e+01 -3.299052345488240088e-06
1.380000000000000071e+01 -3.251728905561114289e-06
1.385000000000000142e+01 -3.205212666408757588e-06
1.390000000000000036e+01 -3.159474725583975955e-06
1.395000000000000107e+01 -3.114490420648858974e-06
1.400000000000000000e+01 -3.070239694183984924e-06
1.405000000000000071e+01 -3.026707189231870501e-06
1.410000000000000142e+01 -2.983882072178592775e-06
1.415000000000000036e+01 -2.941757597444578971e-06
1.420000000000000107e+01 -2.900330444561045720e-06
1.425000000000000000e+01 -2.859599872244254307e-06
1.430000000000000071e+01 -2.819566745084641077e-06
1.435000000000000142e+01 -2.780232495789664576e-06
1.440000000000000036e+01 -2.741598089146783493e-06
1.445000000000000107e+01 -2.703663052854744611e-06
1.450000000000000000e+01 -2.666424635240101337e-06
1.455000000000000071e+01 -2.629877141003013313e-06
1.460000000000000142e+01 -2.594011484147841775e-06
1.465000000000000036e+01 -2.558814982943126183e-06
1.470000000000000107e+01 -2.524271406067986202e-06
1.475000000000000000e+01 -2.490361263046692793e-06
1.480000000000000071e+01 -2.457062316676572904e-06
1.485000000000000142e+01 -2.424350281378354782e-06
1.490000000000000036e+01 -2.392199660100173271e-06
1.495000000000000107e+01 -2.360584664262541843e-06
