0.000000000000000000e+00 -1.064851318414496477e-05
5.000000000000000278e-02 -1.549257648411043366e-07
1.000000000000000056e-01 -1.228948193643349488e-06
1.500000000000000222e-01 -4.427890472193942326e-06
2.000000000000000111e-01 -1.058789582146454492e-05
2.500000000000000000e-01 -2.064383959077219279e-05
3.000000000000000444e-01 -3.547103214381857174e-05
3.500000000000000333e-01 -5.573122074550010467e-05
4.000000000000000222e-01 -8.188384832801279213e-05
4.500000000000000111e-01 -1.151148599550701218e-04
5.000000000000000000e-01 -1.546268509397028359e-04
5.500000000000000444e-01 -2.015548925999074547e-04
6.000000000000000888e-01 -2.556173728323699328e-04
6.500000000000000222e-01 -3.166525715536268044e-04
7.000000000000000666e-01 -3.844174926415981045e-04
7.500000000000000000e-01 -4.584326688103094257e-04
8.000000000000000444e-01 -5.380788555191397910e-04
8.500000000000000888e-01 -6.225695542529517028e-04
9.000000000000000222e-01 -7.109517180509736375e-04
9.500000000000000666e-01 -8.021996106121060928e-04
1.000000000000000000e+00 -8.949183669235052235e-04
1.050000000000000044e+00 -9.882646573613682300e-04
1.100000000000000089e+00 -1.080307493867873865e-03
1.150000000000000133e+00 -1.169750467940446808e-03
1.200000000000000178e+00 -1.255583081001951026e-03
1.250000000000000000e+00 -1.335500572630099686e-03
1.300000000000000044e+00 -1.408633621863074337e-03
1.350000000000000089e+00 -1.473243584361907769e-03
1.400000000000000133e+00 -1.528272173449155870e-03
1.450000000000000178e+00 -1.571782758868414589e-03
1.500000000000000000e+00 -1.603856030123042157e-03
1.550000000000000044e+00 -1.621741879570390808e-03
1.600000000000000089e+00 -1.626480971420522824e-03
1.650000000000000133e+00 -1.616290423914707635e-03
1.700000000000000178e+00 -1.590867113833365843e-03
1.750000000000000000e+00 -1.551140485279219267e-03
1.800000000000000044e+00 -1.495029099141032556e-03
1.850000000000000089e+00 -1.425064033991465433e-03
1.900000000000000133e+00 -1.340433933561570529e-03
1.950000000000000178e+00 -1.242412229827203523e-03
2.000000000000000000e+00 -1.131844236788107473e-03
2.050000000000000266e+00 -1.010029892205515810e-03
2.100000000000000089e+00 -8.782870181922064782e-04
2.149999999999999911e+00 -7.381536243552123521e-04
2.200000000000000178e+00 -5.913937059182187983e-04
2.250000000000000000e+00 -4.397635952763464693e-04
2.300000000000000266e+00 -2.851367770788214447e-04
2.350000000000000089e+00 -1.294806239341550339e-04
2.400000000000000355e+00 2.539074900271124207e-05
2.450000000000000178e+00 1.773626883132458916e-04
2.500000000000000000e+00 3.249772285797623795e-04
2.550000000000000266e+00 4.661533499244490840e-04
2.600000000000000089e+00 5.995001028673598020e-04
2.650000000000000355e+00 7.235285782746543734e-04
2.700000000000000178e+00 8.369479683598717761e-04
2.750000000000000000e+00 9.386797683952985503e-04
2.800000000000000266e+00 1.027913108335360955e-03
2.850000000000000089e+00 1.104019066184910337e-03
2.900000000000000355e+00 1.166577727167334181e-03
2.950000000000000178e+00 1.215174149065261725e-03
3.000000000000000000e+00 1.250999813638320598e-03
3.050000000000000266e+00 1.270945758049979880e-03
3.100000000000000089e+00 1.281561986911166143e-03
3.150000000000000355e+00 1.276256806526168686e-03
3.200000000000000178e+00 1.261304989021909927e-03
3.250000000000000000e+00 1.235140831193420755e-03
3.300000000000000266e+00 1.199134924415619927e-03
3.350000000000000089e+00 1.154629959252885573e-03
3.400000000000000355e+00 1.102635061580208194e-03
3.450000000000000178e+00 1.044383931718003171e-03
3.500000000000000000e+00 9.810200491304577140e-04
3.550000000000000266e+00 9.137288871941940229e-04
3.600000000000000089e+00 8.436586534611834444e-04
3.650000000000000355e+00 7.719510675557723868e-04
3.700000000000000178e+00 6.995720361365887060e-04
3.750000000000000000e+00 6.271412077631142263e-04
3.800000000000000266e+00 5.562925585165400975e-04
3.850000000000000089e+00 4.868483341706354023e-04
3.900000000000000355e+00 4.200364907217562951e-04
3.950000000000000178e+00 3.559133555942240075e-04
4.000000000000000000e+00 2.956406934366551109e-04
4.049999999999999822e+00 2.387852420469473570e-04
4.100000000000000533e+00 1.856373033259537352e-04
4.150000000000000355e+00 1.369826352258553259e-04
4.200000000000000178e+00 9.220439789301492308e-05
4.250000000000000000e+00 5.179197672333775372e-05
4.299999999999999822e+00 1.498329523174277032e-05
4.350000000000000533e+00 -1.689731151321369342e-05
4.400000000000000355e+00 -4.616222133764659842e-05
4.450000000000000178e+00 -7.094061937879827216e-05
4.500000000000000000e+00 -9.264351372969227756e-05
4.549999999999999822e+00 -1.110300198683821936e-04
4.600000000000000533e+00 -1.265059054897253645e-04
4.650000000000000355e+00 -1.392409661448861826e-04
4.700000000000000178e+00 -1.494702687609188922e-04
4.750000000000000000e+00 -1.574803623648709009e-04
4.800000000000000711e+00 -1.633894461337440194e-04
4.850000000000000533e+00 -1.677955154646726974e-04
4.900000000000000355e+00 -1.696026415556634731e-04
4.950000000000000178e+00 -1.720294199006090774e-04
5.000000000000000000e+00 -1.708172688944890600e-04
5.050000000000000711e+00 -1.702160515310635126e-04
5.100000000000000533e+00 -1.680792564776961110e-04
5.150000000000000355e+00 -1.652437270571137362e-04
5.200000000000000178e+00 -1.619921453934668957e-04
5.250000000000000000e+00 -1.579841971882215725e-04
5.300000000000000711e+00 -1.537120204959324199e-04
5.350000000000000533e+00 -1.490721084096953766e-04
5.400000000000000355e+00 -1.443130455530932787e-04
5.450000000000000178e+00 -1.390557171536007080e-04
5.500000000000000000e+00 -1.347925640744945309e-04
5.550000000000000711e+00 -1.283598352741895587e-04
5.600000000000000533e+00 -1.244717207934582532e-04
5.650000000000000355e+00 -1.188834748880003767e-04
5.700000000000000178e+00 -1.140880737239269429e-04
5.750000000000000000e+00 -1.091951653138479791e-04
5.800000000000000711e+00 -1.044979242488685596e-04
5.850000000000000533e+00 -9.987179922344056817e-05
5.900000000000000355e+00 -9.548876003244564806e-05
5.950000000000000178e+00 -9.095703718880191390e-05
6.000000000000000000e+00 -8.763074154240984659e-05
6.050000000000000711e+00 -8.205114608439435504e-05
6.100000000000000533e+00 -7.923658452331221072e-05
6.150000000000000355e+00 -7.629682276839131632e-05
6.200000000000000178e+00 -6.230502596498491673e-05
6.250000000000000000e+00 -5.973723800680425482e-05
6.300000000000000711e+00 -5.726786421042767260e-05
6.350000000000000533e+00 -5.489603766071589943e-05
6.400000000000000355e+00 -5.262108668942620278e-05
6.450000000000000178e+00 -5.043300133689454680e-05
6.500000000000000000e+00 -4.833305356590605737e-05
6.550000000000000711e+00 -4.631903546230637856e-05
6.600000000000000533e+00 -4.438337608719277908e-05
6.650000000000000355e+00 -4.252762036985974578e-05
6.700000000000000178e+00 -4.074584618787004212e-05
6.750000000000000000e+00 -3.903574963037629555e-05
6.800000000000000711e+00 -3.739596950988504964e-05
