0.000000000000000000e+00 0.000000000000000000e+00
5.000000000000000278e-02 -1.592737428449774985e-11
1.000000000000000056e-01 -2.500470263341851106e-10
1.500000000000000222e-01 -1.225629599113986696e-09
2.000000000000000111e-01 -3.696832823099030606e-09
2.500000000000000000e-01 -8.475867705350339968e-09
3.000000000000000444e-01 -1.619916022888011751e-08
3.500000000000000333e-01 -2.704044270440659603e-08
4.000000000000000222e-01 -4.038069661746198322e-08
4.500000000000000111e-01 -5.444664621298009913e-08
5.000000000000000000e-01 -6.593102229765338329e-08
5.500000000000000444e-01 -6.960903302940764596e-08
6.000000000000000888e-01 -5.796634919238086902e-08
6.500000000000000222e-01 -2.085439561019223466e-08
7.000000000000000666e-01 5.481119680282634062e-08
7.500000000000000000e-01 1.852935098884802385e-07
8.000000000000000444e-01 3.902040128931922014e-07
8.500000000000000888e-01 6.925857059038549554e-07
9.000000000000000222e-01 1.118898242386267110e-06
9.500000000000000666e-01 1.698895787910715230e-06
1.000000000000000000e+00 2.465391033142575250e-06
1.050000000000000044e+00 3.453901803245512030e-06
1.100000000000000089e+00 4.702180026023166164e-06
1.150000000000000133e+00 6.249626355451503552e-06
1.200000000000000178e+00 8.136597400338387167e-06
1.250000000000000000e+00 1.040361617318373491e-05
1.300000000000000044e+00 1.309049993728873611e-05
1.350000000000000089e+00 1.623542297167540800e-05
1.400000000000000133e+00 1.987393477396440485e-05
1.450000000000000178e+00 2.403795676563916497e-05
1.500000000000000000e+00 2.875478254542570612e-05
1.550000000000000044e+00 3.404610806142668134e-05
1.600000000000000089e+00 3.992711866534026877e-05
1.650000000000000133e+00 4.640565981816229316e-05
1.700000000000000178e+00 5.348151720641078160e-05
1.750000000000000000e+00 6.114583019828580713e-05
1.800000000000000044e+00 6.938065994573615076e-05
1.850000000000000089e+00 7.815873007519885630e-05
1.900000000000000133e+00 8.744335388856902568e-05
1.950000000000000178e+00 9.718855742418950792e-05
2.000000000000000000e+00 1.073394027353473466e-04
2.050000000000000266e+00 1.178325104793694343e-04
2.100000000000000089e+00 1.285967755358014854e-04
2.149999999999999911e+00 1.395542640569941921e-04
2.200000000000000178e+00 1.506212752699820541e-04
2.250000000000000000e+00 1.617095466614843424e-04
2.300000000000000266e+00 1.727275770438585392e-04
2.350000000000000089e+00 1.835820385577628092e-04
2.400000000000000355e+00 1.941792460337768195e-04
2.450000000000000178e+00 2.044266504001806097e-04
2.500000000000000000e+00 2.142343220471316879e-04
2.550000000000000266e+00 2.235163902655708831e-04
2.600000000000000089e+00 2.321924060655850355e-04
2.650000000000000355e+00 2.401885978033392046e-04
2.700000000000000178e+00 2.474389920358239831e-04
2.750000000000000000e+00 2.538863757770542639e-04
2.800000000000000266e+00 2.594830807212591267e-04
2.850000000000000089e+00 2.641915748808781363e-04
2.900000000000000355e+00 2.679848522978876216e-04
2.950000000000000178e+00 2.708466168556294983e-04
3.000000000000000000e+00 2.727712615721433883e-04
3.050000000000000266e+00 2.737636499265025912e-04
3.100000000000000089e+00 2.738387105985976401e-04
3.150000000000000355e+00 2.730208613478926540e-04
3.200000000000000178e+00 2.713432814963664800e-04
3.250000000000000000e+00 2.688470555182587824e-04
3.300000000000000266e+00 2.655802125050404352e-04
3.350000000000000089e+00 2.615966877280469357e-04
3.400000000000000355e+00 2.569552331529918222e-04
3.450000000000000178e+00 2.517183035885344161e-04
3.500000000000000000e+00 2.459509442208395792e-04
3.550000000000000266e+00 2.397197036674034523e-04
3.600000000000000089e+00 2.330915944667413169e-04
3.650000000000000355e+00 2.261331202123672125e-04
3.700000000000000178e+00 2.189093854577231003e-04
3.750000000000000000e+00 2.114833011874943456e-04
3.800000000000000266e+00 2.039148951954226994e-04
3.850000000000000089e+00 1.962607332509484792e-04
3.900000000000000355e+00 1.885734535903186107e-04
3.950000000000000178e+00 1.809014141336676206e-04
4.000000000000000000e+00 1.732884489943214165e-04
4.049999999999999822e+00 1.657737283789448594e-04
4.100000000000000533e+00 1.583917139269019664e-04
4.150000000000000355e+00 1.511721999344857784e-04
4.200000000000000178e+00 1.441404297653498120e-04
4.250000000000000000e+00 1.373172760551989908e-04
4.299999999999999822e+00 1.307194730527794094e-04
4.350000000000000533e+00 1.243598895626658180e-04
4.400000000000000355e+00 1.182478314191906234e-04
4.450000000000000178e+00 1.123893631679168928e-04
4.500000000000000000e+00 1.067876395991326012e-04
4.549999999999999822e+00 1.014432389029488671e-04
4.600000000000000533e+00 9.635449043490917497e-05
4.650000000000000355e+00 9.151779133549303529e-05
4.700000000000000178e+00 8.692790748356586216e-05
4.750000000000000000e+00 8.257825543743701157e-05
4.800000000000000711e+00 7.846116309152093992e-05
4.850000000000000533e+00 7.456810772503258378e-05
4.900000000000000355e+00 7.088993092482221944e-05
4.950000000000000178e+00 6.741703051984894511e-05
5.000000000000000000e+00 6.413953017091453864e-05
5.050000000000000711e+00 6.104742762448031384e-05
5.100000000000000533e+00 5.813072287793630987e-05
5.150000000000000355e+00 5.537952763412507781e-05
5.200000000000000178e+00 5.278415746646350818e-05
5.250000000000000000e+00 5.033520809485442286e-05
5.300000000000000711e+00 4.802361710848988938e-05
5.350000000000000533e+00 4.584071238458798715e-05
5.400000000000000355e+00 4.377824835923083867e-05
5.450000000000000178e+00 4.182843122138946797e-05
5.500000000000000000e+00 3.998393403354260787e-05
5.550000000000000711e+00 3.823790273751862169e-05
5.600000000000000533e+00 3.658395398386724945e-05
5.650000000000000355e+00 3.501616572521920400e-05
5.700000000000000178e+00 3.352906153383736221e-05
5.750000000000000000e+00 3.211758963388686611e-05
5.800000000000000711e+00 3.077709767155828045e-05
5.850000000000000533e+00 2.950330427236978696e-05
5.900000000000000355e+00 2.829226844648788784e-05
5.950000000000000178e+00 2.714035789264947050e-05
6.000000000000000000e+00 2.604421721392732923e-05
6.050000000000000711e+00 2.500073699105191742e-05
6.100000000000000533e+00 2.400702456063239651e-05
6.150000000000000355e+00 2.306037721824276266e-05
6.200000000000000178e+00 2.215825841414916273e-05
6.250000000000000000e+00 2.129827733866384304e-05
6.300000000000000711e+00 2.047817211251308717e-05
6.350000000000000533e+00 1.969579661401164348e-05
6.400000000000000355e+00 1.894911079843015803e-05
6.450000000000000178e+00 1.823617420469134492e-05
6.500000000000000000e+00 1.755514220851972043e-05
6.550000000000000711e+00 1.690426447611090242e-05
6.600000000000000533e+00 1.628188500315108764e-05
6.650000000000000355e+00 1.568644309333996494e-05
6.700000000000000178e+00 1.511647463889003399e-05
6.750000000000000000e+00 1.457061311092733782e-05
6.800000000000000711e+00 1.404758974627502636e-05
6.850000000000000533e+00 1.354623252285729732e-05
6.900000000000000355e+00 1.306546364152905193e-05
6.950000000000000178e+00 1.260429536913049411e-05
7.000000000000000000e+00 1.216182423714015167e-05
7.050000000000000711e+00 1.173722372370418065e-05
7.100000000000000533e+00 1.132973566594383379e-05
7.150000000000000355e+00 1.093866074729348760e-05
7.200000000000000178e+00 1.056334847573991284e-05
7.250000000000000000e+00 1.020318710958582802e-05
7.300000000000000711e+00 9.857593996125161927e-06
7.350000000000000533e+00 9.526006765827457821e-06
7.400000000000000355e+00 9.207875772692143825e-06
7.450000000000000178e+00 8.902658094536766619e-06
7.500000000000000000e+00 8.609813310766531284e-06
7.550000000000000711e+00 8.328801166357247140e-06
7.600000000000000533e+00 8.059081116701472192e-06
7.650000000000000355e+00 7.800113636097354570e-06
7.700000000000000178e+00 7.551363070144470259e-06
7.750000000000000000e+00 7.312301725517180181e-06
7.800000000000000711e+00 7.082414824724431425e-06
7.850000000000000533e+00 6.861205912284805413e-06
7.900000000000000355e+00 6.648202284338838974e-06
7.950000000000000178e+00 6.442960026429729909e-06
8.000000000000000000e+00 6.245068282614007902e-06
8.050000000000000711e+00 6.054152440233021988e-06
8.099999999999999645e+00 5.869875994212276902e-06
8.150000000000000355e+00 5.691940947236604327e-06
8.200000000000001066e+00 5.520086701442124758e-06
8.250000000000000000e+00 5.354087496953847691e-06
8.300000000000000711e+00 5.193748546372960945e-06
8.349999999999999645e+00 5.038901096394697767e-06
8.400000000000000355e+00 4.889396713187670713e-06
8.450000000000001066e+00 4.745101133229813889e-06
8.500000000000000000e+00 4.605888043576110472e-06
8.550000000000000711e+00 4.471633154129141481e-06
8.599999999999999645e+00 4.342208900005331440e-06
8.650000000000000355e+00 4.217480066594454675e-06
8.700000000000001066e+00 4.097300566735519654e-06
8.750000000000000000e+00 3.981511522958949708e-06
8.800000000000000711e+00 3.869940723103015742e-06
8.849999999999999645e+00 3.762403430334205448e-06
8.900000000000000355e+00 3.658704444267416599e-06
8.950000000000001066e+00 3.558641233775195740e-06
9.000000000000000000e+00 3.462007898838368767e-06
9.050000000000000711e+00 3.368599672165567733e-06
9.099999999999999645e+00 3.278217643906304457e-06
9.150000000000000355e+00 3.190673385944321159e-06
9.200000000000001066e+00 3.105793166004767912e-06
9.250000000000000000e+00 3.023421474856769065e-06
9.300000000000000711e+00 2.943423639767645996e-06
9.349999999999999645e+00 2.865687360580629477e-06
9.400000000000000355e+00 2.790123077082266319e-06
9.450000000000001066e+00 2.716663152955609363e-06
9.500000000000000000e+00 2.645259937648349241e-06
9.550000000000000711e+00 2.575882838134569798e-06
9.600000000000001421e+00 2.508514593450168464e-06
9.650000000000000355e+00 2.443146992381229787e-06
9.700000000000001066e+00 2.379776306036295665e-06
9.750000000000000000e+00 2.318398720566972220e-06
9.800000000000000711e+00 2.259006050503362903e-06
9.850000000000001421e+00 2.201581990690283482e-06
9.900000000000000355e+00 2.146099126402594005e-06
9.950000000000001066e+00 2.092516869608319975e-06
