0.000000000000000000e+00 7.030982607729927003e-02
5.000000000000000278e-02 7.034206902532269545e-02
1.000000000000000056e-01 7.043857558636362759e-02
1.500000000000000222e-01 7.059867978320680248e-02
2.000000000000000111e-01 7.082127447340302862e-02
2.500000000000000000e-01 7.110481562304052372e-02
3.000000000000000444e-01 7.144732824256645742e-02
3.500000000000000333e-01 7.184641406364557226e-02
4.000000000000000222e-01 7.229926084738245995e-02
4.500000000000000111e-01 7.280265338672342601e-02
5.000000000000000000e-01 7.335289906973824214e-02
5.500000000000000444e-01 7.394619146988039293e-02
6.000000000000000888e-01 7.457810151870288007e-02
6.500000000000000222e-01 7.524394487442503943e-02
7.000000000000000666e-01 7.593871446854005836e-02
7.500000000000000000e-01 7.665710012659475436e-02
8.000000000000000444e-01 7.739359260221723158e-02
8.500000000000000888e-01 7.814218041413330262e-02
9.000000000000000222e-01 7.889694685951398334e-02
9.500000000000000666e-01 7.965136657722921010e-02
1.000000000000000000e+00 8.039921887260212396e-02
1.050000000000000044e+00 8.113381311049815137e-02
1.100000000000000089e+00 8.184842771111033866e-02
1.150000000000000133e+00 8.253625114320942147e-02
1.200000000000000178e+00 8.319042491908798520e-02
1.250000000000000000e+00 8.380407531471900651e-02
1.300000000000000044e+00 8.437036014948770535e-02
1.350000000000000089e+00 8.488249410527627659e-02
1.400000000000000133e+00 8.533379959194163644e-02
1.450000000000000178e+00 8.571774706229386143e-02
1.500000000000000000e+00 8.602799980130050594e-02
1.550000000000000044e+00 8.625846023272341900e-02
1.600000000000000089e+00 8.640332244827635122e-02
1.650000000000000133e+00 8.645710025257129228e-02
1.700000000000000178e+00 8.641470921812935413e-02
1.750000000000000000e+00 8.627149175878900955e-02
1.800000000000000044e+00 8.602327545019508581e-02
1.850000000000000089e+00 8.566642000786084399e-02
1.900000000000000133e+00 8.519787636886690108e-02
1.950000000000000178e+00 8.461516835209988152e-02
2.000000000000000000e+00 8.391656892924014011e-02
2.050000000000000266e+00 8.310098752915062725e-02
2.100000000000000089e+00 8.216809144959950906e-02
2.149999999999999911e+00 8.111830552246944437e-02
2.200000000000000178e+00 7.995283464274043073e-02
2.250000000000000000e+00 7.867367407850561767e-02
2.300000000000000266e+00 7.728361170876385522e-02
2.350000000000000089e+00 7.578622855044345186e-02
2.400000000000000355e+00 7.418587497912614015e-02
2.450000000000000178e+00 7.248765068754479957e-02
2.500000000000000000e+00 7.069736863010465944e-02
2.550000000000000266e+00 6.882151072027387073e-02
2.600000000000000089e+00 6.686717430000613249e-02
2.650000000000000355e+00 6.484200852154570205e-02
2.700000000000000178e+00 6.275414493883200995e-02
2.750000000000000000e+00 6.061211228169301884e-02
2.800000000000000266e+00 5.842479374422788335e-02
2.850000000000000089e+00 5.620125377870240774e-02
2.900000000000000355e+00 5.395073423778741495e-02
2.950000000000000178e+00 5.168251994794482995e-02
3.000000000000000000e+00 4.940584563076995395e-02
3.050000000000000266e+00 4.712981886721809982e-02
3.100000000000000089e+00 4.486332104773795709e-02
3.150000000000000355e+00 4.261493298682632325e-02
3.200000000000000178e+00 4.039284704391026687e-02
3.250000000000000000e+00 3.820480384298213100e-02
3.300000000000000266e+00 3.605802757002907893e-02
3.350000000000000089e+00 3.395917528602208219e-02
3.400000000000000355e+00 3.191429046202676895e-02
3.450000000000000178e+00 2.992877120667199534e-02
3.500000000000000000e+00 2.800734669725580064e-02
3.550000000000000266e+00 2.615406044297324470e-02
3.600000000000000089e+00 2.437224162800524438e-02
3.650000000000000355e+00 2.266469373552222263e-02
3.700000000000000178e+00 2.103330795109420101e-02
3.750000000000000000e+00 1.947950597092338448e-02
3.800000000000000266e+00 1.800405465759415125e-02
3.850000000000000089e+00 1.660714484778517963e-02
3.900000000000000355e+00 1.528843410539301555e-02
3.950000000000000178e+00 1.404708714336765779e-02
4.000000000000000000e+00 1.288183628539186706e-02
4.049999999999999822e+00 1.179100645906719716e-02
4.100000000000000533e+00 1.077258914618915361e-02
4.150000000000000355e+00 9.824278516430777139e-03
4.200000000000000178e+00 8.943528710307723298e-03
4.250000000000000000e+00 8.127591543884109607e-03
4.299999999999999822e+00 7.373567383193352191e-03
4.350000000000000533e+00 6.678445516200250814e-03
4.400000000000000355e+00 6.039142829480915325e-03
4.450000000000000178e+00 5.452539282716131926e-03
4.500000000000000000e+00 4.915509415465275228e-03
4.549999999999999822e+00 4.424951450502982893e-03
4.600000000000000533e+00 3.977807822717722812e-03
4.650000000000000355e+00 3.571095072216099245e-03
4.700000000000000178e+00 3.201912561071054968e-03
4.750000000000000000e+00 2.867478726790319028e-03
4.800000000000000711e+00 2.565072817741225267e-03
4.850000000000000533e+00 2.292148596010606682e-03
4.900000000000000355e+00 2.046270883568601737e-03
4.950000000000000178e+00 1.825121853672719615e-03
5.000000000000000000e+00 1.626566973554697659e-03
5.050000000000000711e+00 1.448560249327419166e-03
5.100000000000000533e+00 1.289206692901508945e-03
5.150000000000000355e+00 1.146746713608237092e-03
5.200000000000000178e+00 1.019550356900870546e-03
5.250000000000000000e+00 9.061148018260126689e-04
5.300000000000000711e+00 8.050592207215603912e-04
5.350000000000000533e+00 7.151195377894662341e-04
5.400000000000000355e+00 6.351421893720639268e-04
5.450000000000000178e+00 5.640784544979323203e-04
5.500000000000000000e+00 5.009774699481687023e-04
5.550000000000000711e+00 4.449798176450575323e-04
5.600000000000000533e+00 3.953108047202694326e-04
5.650000000000000355e+00 3.512736855099745053e-04
5.700000000000000178e+00 3.122439043416556231e-04
5.750000000000000000e+00 2.776613342918791277e-04
5.800000000000000711e+00 2.470256936771710434e-04
5.850000000000000533e+00 2.198901847911160134e-04
5.900000000000000355e+00 1.958563007739051612e-04
5.950000000000000178e+00 1.745686867123936818e-04
6.000000000000000000e+00 1.557110581222222320e-04
6.050000000000000711e+00 1.390017321878486332e-04
6.100000000000000533e+00 1.241900655905368422e-04
6.150000000000000355e+00 1.110532298425078959e-04
6.200000000000000178e+00 9.939312604775647644e-05
6.250000000000000000e+00 8.903280640194171996e-05
6.300000000000000711e+00 7.981928264959192612e-05
6.350000000000000533e+00 7.161488688337744313e-05
6.400000000000000355e+00 6.429567311185112202e-05
6.450000000000000178e+00 5.775487423674471313e-05
6.500000000000000000e+00 5.190272649032035425e-05
6.550000000000000711e+00 4.665542918143309516e-05
6.600000000000000533e+00 4.194251262031394002e-05
6.650000000000000355e+00 3.770243747618464477e-05
6.700000000000000178e+00 3.388296310581613249e-05
6.750000000000000000e+00 3.043877625765359054e-05
6.800000000000000711e+00 2.733098610948150355e-05
6.850000000000000533e+00 2.452614811219635806e-05
6.900000000000000355e+00 2.199537451084230269e-05
6.950000000000000178e+00 1.971351574811193812e-05
