0.000000000000000000e+00 6.451137373470190728e-02
5.000000000000000278e-02 6.454780566258173924e-02
1.000000000000000056e-01 6.465685146914626480e-02
1.500000000000000222e-01 6.483776226783634355e-02
2.000000000000000111e-01 6.508929355235454350e-02
2.500000000000000000e-01 6.540971058932974758e-02
3.000000000000000444e-01 6.579679603756320716e-02
3.500000000000000333e-01 6.624785976750945105e-02
4.000000000000000222e-01 6.675975090427298253e-02
4.500000000000000111e-01 6.732887210521189270e-02
5.000000000000000000e-01 6.795119607434846332e-02
5.500000000000000444e-01 6.862228430314810945e-02
6.000000000000000888e-01 6.933730810373241182e-02
6.500000000000000222e-01 7.009108410347009155e-02
7.000000000000000666e-01 7.087804738256157921e-02
7.500000000000000000e-01 7.169235956409357458e-02
8.000000000000000444e-01 7.252788216647644559e-02
8.500000000000000888e-01 7.337822188744981544e-02
9.000000000000000222e-01 7.423676342474218315e-02
9.500000000000000666e-01 7.509676814745261386e-02
1.000000000000000000e+00 7.595114266398733660e-02
1.050000000000000044e+00 7.679283472712479519e-02
1.100000000000000089e+00 7.761480341435023078e-02
1.150000000000000133e+00 7.840980010361572883e-02
1.200000000000000178e+00 7.917063376076122205e-02
1.250000000000000000e+00 7.989015449094204191e-02
1.300000000000000044e+00 8.056129462877181791e-02
1.350000000000000089e+00 8.117710685703569129e-02
1.400000000000000133e+00 8.173081088850525644e-02
1.450000000000000178e+00 8.221583332887399953e-02
1.500000000000000000e+00 8.262585631900544458e-02
1.550000000000000044e+00 8.295484048029717894e-02
1.600000000000000089e+00 8.319709792447210761e-02
1.650000000000000133e+00 8.334731545080449611e-02
1.700000000000000178e+00 8.340060218871786502e-02
1.750000000000000000e+00 8.335253733037514823e-02
1.800000000000000044e+00 8.319919209683281081e-02
1.850000000000000089e+00 8.293718112685159738e-02
1.900000000000000133e+00 8.256373597748549453e-02
1.950000000000000178e+00 8.207667168736018648e-02
2.000000000000000000e+00 8.147446459237134286e-02
2.050000000000000266e+00 8.075626979959520113e-02
2.100000000000000089e+00 7.992194531111070088e-02
2.149999999999999911e+00 7.897207053296304013e-02
2.200000000000000178e+00 7.790795948227785539e-02
2.250000000000000000e+00 7.673166701898562203e-02
2.300000000000000266e+00 7.544598717115481856e-02
2.350000000000000089e+00 7.405444658450921480e-02
2.400000000000000355e+00 7.256128677064278831e-02
2.450000000000000178e+00 7.097143965243683794e-02
2.500000000000000000e+00 6.929049457767147424e-02
2.550000000000000266e+00 6.752463299699368315e-02
2.600000000000000089e+00 6.568069861146944022e-02
2.650000000000000355e+00 6.376589741647946397e-02
2.700000000000000178e+00 6.178798548981991740e-02
2.750000000000000000e+00 5.975506131815293276e-02
2.800000000000000266e+00 5.767552539062457267e-02
2.850000000000000089e+00 5.555799834660424263e-02
2.900000000000000355e+00 5.341123977156211899e-02
2.950000000000000178e+00 5.124405438771136023e-02
3.000000000000000000e+00 4.906522362331897785e-02
3.050000000000000266e+00 4.688341153400547856e-02
3.100000000000000089e+00 4.470708703800304468e-02
3.150000000000000355e+00 4.254444689552949049e-02
3.200000000000000178e+00 4.040334513359655766e-02
3.250000000000000000e+00 3.829122542109165278e-02
3.300000000000000266e+00 3.621506650061665639e-02
3.350000000000000089e+00 3.418132844805200216e-02
3.400000000000000355e+00 3.219591306983925899e-02
3.450000000000000178e+00 3.026413255548021999e-02
3.500000000000000000e+00 2.839068482136446886e-02
3.550000000000000266e+00 2.657963450991955925e-02
3.600000000000000089e+00 2.483441698342254630e-02
3.650000000000000355e+00 2.315783555278612751e-02
3.700000000000000178e+00 2.155207439533289929e-02
3.750000000000000000e+00 2.001871912902757067e-02
3.800000000000000266e+00 1.855877416200424346e-02
3.850000000000000089e+00 1.717270567122113414e-02
3.900000000000000355e+00 1.586046875327452518e-02
3.950000000000000178e+00 1.462154922938291128e-02
4.000000000000000000e+00 1.345500301021166148e-02
4.049999999999999822e+00 1.235951087503076896e-02
4.100000000000000533e+00 1.133340546135341159e-02
4.150000000000000355e+00 1.037473020889148785e-02
4.200000000000000178e+00 9.481278481500576491e-03
4.250000000000000000e+00 8.650637518468793155e-03
4.299999999999999822e+00 7.880247807381009217e-03
4.350000000000000533e+00 7.167368175358426047e-03
4.400000000000000355e+00 6.509222788480416647e-03
4.450000000000000178e+00 5.902942236566637371e-03
4.500000000000000000e+00 5.345686693792829278e-03
4.549999999999999822e+00 4.834561476618097660e-03
4.600000000000000533e+00 4.366715591335178920e-03
4.650000000000000355e+00 3.939344241710752113e-03
4.700000000000000178e+00 3.549706918986591814e-03
4.750000000000000000e+00 3.195142756087553885e-03
4.800000000000000711e+00 2.873082094182818121e-03
4.850000000000000533e+00 2.581060928732531023e-03
4.900000000000000355e+00 2.316722182701134829e-03
4.950000000000000178e+00 2.077827402031474924e-03
5.000000000000000000e+00 1.862257366054251122e-03
5.050000000000000711e+00 1.668017059289594439e-03
5.100000000000000533e+00 1.493233606090814316e-03
5.150000000000000355e+00 1.336155250205700454e-03
5.200000000000000178e+00 1.195155597035317931e-03
5.250000000000000000e+00 1.068725500985030774e-03
5.300000000000000711e+00 9.554710941470412376e-04
5.350000000000000533e+00 8.541096128633669663e-04
5.400000000000000355e+00 7.634644400048700439e-04
5.450000000000000178e+00 6.824598111569279285e-04
5.500000000000000000e+00 6.101151946805426782e-04
5.550000000000000711e+00 5.455393190727123118e-04
5.600000000000000533e+00 4.879240569558645439e-04
5.650000000000000355e+00 4.365387628386444528e-04
5.700000000000000178e+00 3.907233278663000743e-04
5.750000000000000000e+00 3.498833218549943680e-04
5.800000000000000711e+00 3.134836888998280592e-04
5.850000000000000533e+00 2.810436269834303696e-04
5.900000000000000355e+00 2.521323060797424614e-04
5.950000000000000178e+00 2.263608675506577177e-04
