0.000000000000000000e+00 1.278006435617732861e-01
5.000000000000000278e-02 1.277933952525343309e-01
1.000000000000000056e-01 1.277716226847440406e-01
1.500000000000000222e-01 1.277352431924935749e-01
2.000000000000000111e-01 1.276841198449657488e-01
2.500000000000000000e-01 1.276180627079813168e-01
3.000000000000000444e-01 1.275368305962671367e-01
3.500000000000000333e-01 1.274401333027809224e-01
4.000000000000000222e-01 1.273276342899199998e-01
4.500000000000000111e-01 1.271989538094592531e-01
5.000000000000000000e-01 1.270536724591522226e-01
5.500000000000000444e-01 1.268913351069388129e-01
6.000000000000000888e-01 1.267114551858325167e-01
6.500000000000000222e-01 1.265135193219935617e-01
7.000000000000000666e-01 1.262969922240222698e-01
7.500000000000000000e-01 1.260613219039646848e-01
8.000000000000000444e-01 1.258059450395176138e-01
8.500000000000000888e-01 1.255302925859670682e-01
9.000000000000000222e-01 1.252337954987236546e-01
9.500000000000000666e-01 1.249158905798913310e-01
1.000000000000000000e+00 1.245760263893716524e-01
1.050000000000000044e+00 1.242136691829080208e-01
1.100000000000000089e+00 1.238283088355674882e-01
1.150000000000000133e+00 1.234194647086633984e-01
1.200000000000000178e+00 1.229866914176995230e-01
1.250000000000000000e+00 1.225295844585754246e-01
1.300000000000000044e+00 1.220477856490525537e-01
1.350000000000000089e+00 1.215409883315616696e-01
1.400000000000000133e+00 1.210089423518005275e-01
1.450000000000000178e+00 1.204514586563302514e-01
1.500000000000000000e+00 1.198684135498511438e-01
1.550000000000000044e+00 1.192597526116914164e-01
1.600000000000000089e+00 1.186254941136750396e-01
1.650000000000000133e+00 1.179657319873553406e-01
1.700000000000000178e+00 1.172806382768397521e-01
1.750000000000000000e+00 1.165704650550177246e-01
1.800000000000000044e+00 1.158355457344226597e-01
1.850000000000000089e+00 1.150762958312482459e-01
1.900000000000000133e+00 1.142932130695051840e-01
1.950000000000000178e+00 1.134868768642809805e-01
2.000000000000000000e+00 1.126579471592216858e-01
2.050000000000000266e+00 1.118071627495661746e-01
2.100000000000000089e+00 1.109353382496282570e-01
2.149999999999999911e+00 1.100433619871819257e-01
2.200000000000000178e+00 1.091321915237042500e-01
2.250000000000000000e+00 1.082028496566220660e-01
2.300000000000000266e+00 1.072564195495252504e-01
2.350000000000000089e+00 1.062940393861863536e-01
2.400000000000000355e+00 1.053168965101527466e-01
2.450000000000000178e+00 1.043262214307748154e-01
2.500000000000000000e+00 1.033232809159989607e-01
2.550000000000000266e+00 1.023093713951652856e-01
2.600000000000000089e+00 1.012858118473276697e-01
2.650000000000000355e+00 1.002539366176284502e-01
2.700000000000000178e+00 9.921508816936475128e-02
2.750000000000000000e+00 9.817060988002286603e-02
2.800000000000000266e+00 9.712183886742811745e-02
2.850000000000000089e+00 9.607009905391875049e-02
2.900000000000000355e+00 9.501669441889537548e-02
2.950000000000000178e+00 9.396290261540897470e-02
3.000000000000000000e+00 9.290996886296068458e-02
3.050000000000000266e+00 9.185910034940936164e-02
3.100000000000000089e+00 9.081146106736535939e-02
3.150000000000000355e+00 8.976816717226238085e-02
3.200000000000000178e+00 8.873028288819627407e-02
3.250000000000000000e+00 8.769881698601923736e-02
3.300000000000000266e+00 8.667471984937438756e-02
3.350000000000000089e+00 8.565888113555616967e-02
3.400000000000000355e+00 8.465212802946844861e-02
3.450000000000000178e+00 8.365522408069189786e-02
3.500000000000000000e+00 8.266886859859641501e-02
3.550000000000000266e+00 8.169369662190746617e-02
3.600000000000000089e+00 8.073027933562902658e-02
3.650000000000000355e+00 7.977912501708098181e-02
3.700000000000000178e+00 7.884068038865067740e-02
3.750000000000000000e+00 7.791533236228487258e-02
3.800000000000000266e+00 7.700341012430589327e-02
3.850000000000000089e+00 7.610518751209138788e-02
3.900000000000000355e+00 7.522088563366735592e-02
3.950000000000000178e+00 7.435067563003273927e-02
4.000000000000000000e+00 7.349468186560415006e-02
4.049999999999999822e+00 7.265298462987826444e-02
4.100000000000000533e+00 7.182562345853377161e-02
4.150000000000000355e+00 7.101260033098395763e-02
4.200000000000000178e+00 7.021388270209395766e-02
4.250000000000000000e+00 6.942940657406505844e-02
4.299999999999999822e+00 6.865907953742789172e-02
4.350000000000000533e+00 6.790278388436203627e-02
4.400000000000000355e+00 6.716037890922336995e-02
4.450000000000000178e+00 6.643170397029582452e-02
4.500000000000000000e+00 6.571658087703495521e-02
4.549999999999999822e+00 6.501481626166155658e-02
4.600000000000000533e+00 6.432620378676928707e-02
4.650000000000000355e+00 6.365052619528976940e-02
4.700000000000000178e+00 6.298755720352552934e-02
4.750000000000000000e+00 6.233706324001025978e-02
4.800000000000000711e+00 6.169880503461625670e-02
4.850000000000000533e+00 6.107253910888111453e-02
4.900000000000000355e+00 6.045801889782091709e-02
4.950000000000000178e+00 5.985499621337215387e-02
5.000000000000000000e+00 5.926322210414024239e-02
5.050000000000000711e+00 5.868244784572827083e-02
5.100000000000000533e+00 5.811242577408517324e-02
5.150000000000000355e+00 5.755291001938996065e-02
5.200000000000000178e+00 5.700365715291043356e-02
5.250000000000000000e+00 5.646442672448014066e-02
5.300000000000000711e+00 5.593498176535100647e-02
5.350000000000000533e+00 5.541508917143163349e-02
5.400000000000000355e+00 5.490452007355957342e-02
5.450000000000000178e+00 5.440305006745641686e-02
5.500000000000000000e+00 5.391045946701111119e-02
5.550000000000000711e+00 5.342653346453067609e-02
5.600000000000000533e+00 5.295106225310502318e-02
5.650000000000000355e+00 5.248384110694190308e-02
5.700000000000000178e+00 5.202467042410453824e-02
5.750000000000000000e+00 5.157335573596658063e-02
5.800000000000000711e+00 5.112970767764433988e-02
5.850000000000000533e+00 5.069354198175576864e-02
5.900000000000000355e+00 5.026467935733057446e-02
5.950000000000000178e+00 4.984294544216428396e-02
6.000000000000000000e+00 4.942817067835595518e-02
6.050000000000000711e+00 4.902019028293574249e-02
6.100000000000000533e+00 4.861884401625833629e-02
6.150000000000000355e+00 4.822397614140093436e-02
6.200000000000000178e+00 4.783543528337645678e-02
6.250000000000000000e+00 4.745307430788232167e-02
6.300000000000000711e+00 4.707675020161628671e-02
6.350000000000000533e+00 4.670632395544575127e-02
6.400000000000000355e+00 4.634166045133952111e-02
6.450000000000000178e+00 4.598262835361404538e-02
6.500000000000000000e+00 4.562910000471561561e-02
6.550000000000000711e+00 4.528095132546974128e-02
6.600000000000000533e+00 4.493806171948544481e-02
6.650000000000000355e+00 4.460031398121203083e-02
6.700000000000000178e+00 4.426759427571761579e-02
6.750000000000000000e+00 4.393979177488267773e-02
6.800000000000000711e+00 4.361679899139597749e-02
6.850000000000000533e+00 4.329851141319453200e-02
6.900000000000000355e+00 4.298482749030733269e-02
6.950000000000000178e+00 4.267564854525319334e-02
7.000000000000000000e+00 4.237087870840015869e-02
7.050000000000000711e+00 4.207042480426458758e-02
7.100000000000000533e+00 4.177419628226845816e-02
7.150000000000000355e+00 4.148210512569585479e-02
7.200000000000000178e+00 4.119406576421237587e-02
7.250000000000000000e+00 4.090999499597666039e-02
7.300000000000000711e+00 4.062981186386867283e-02
7.350000000000000533e+00 4.035343758602239622e-02
7.400000000000000355e+00 4.008079559258076463e-02
7.450000000000000178e+00 3.981181121654429889e-02
7.500000000000000000e+00 3.954641177685223885e-02
7.550000000000000711e+00 3.928452646398115228e-02
7.600000000000000533e+00 3.902608627068098607e-02
7.650000000000000355e+00 3.877102392739387171e-02
7.700000000000000178e+00 3.851927384255149356e-02
7.750000000000000000e+00 3.827077204779201491e-02
7.800000000000000711e+00 3.802545614798391593e-02
7.850000000000000533e+00 3.778326527579298211e-02
7.900000000000000355e+00 3.754414011295076348e-02
7.950000000000000178e+00 3.730802259416720473e-02
8.000000000000000000e+00 3.707485627246634441e-02
8.050000000000000711e+00 3.684458600603159051e-02
8.099999999999999645e+00 3.661715802436125294e-02
8.150000000000000355e+00 3.639251985805248835e-02
8.200000000000001066e+00 3.617062033807726118e-02
8.250000000000000000e+00 3.595140955922732084e-02
8.300000000000000711e+00 3.573483885030072360e-02
8.349999999999999645e+00 3.552086074332016369e-02
8.400000000000000355e+00 3.530942894155392198e-02
8.450000000000001066e+00 3.510049828624278723e-02
8.500000000000000000e+00 3.489402475744526888e-02
8.550000000000000711e+00 3.468996530327658756e-02
8.599999999999999645e+00 3.448827799640337421e-02
8.650000000000000355e+00 3.428892187920153795e-02
8.700000000000001066e+00 3.409185694008350087e-02
8.750000000000000000e+00 3.389704408886085041e-02
8.800000000000000711e+00 3.370444514582401907e-02
8.849999999999999645e+00 3.351402275456781543e-02
8.900000000000000355e+00 3.332574038612517303e-02
8.950000000000001066e+00 3.313956229977503554e-02
9.000000000000000000e+00 3.295545351529926420e-02
9.050000000000000711e+00 3.277337978793313372e-02
9.099999999999999645e+00 3.259330758610347323e-02
9.150000000000000355e+00 3.241520407193760472e-02
9.200000000000001066e+00 3.223903703904829054e-02
9.250000000000000000e+00 3.206477507967173124e-02
9.300000000000000711e+00 3.189238730008582545e-02
9.349999999999999645e+00 3.172184349833408190e-02
9.400000000000000355e+00 3.155311408103610854e-02
9.450000000000001066e+00 3.138617009927114482e-02
9.500000000000000000e+00 3.122098321014439917e-02
9.550000000000000711e+00 3.105752567645700749e-02
9.600000000000001421e+00 3.089577035811199787e-02
9.650000000000000355e+00 3.073569070269763920e-02
9.700000000000001066e+00 3.057726073497671337e-02
9.750000000000000000e+00 3.042045504509512110e-02
9.800000000000000711e+00 3.026524877541742625e-02
9.850000000000001421e+00 3.011161763184249177e-02
9.900000000000000355e+00 2.995953776373144056e-02
9.950000000000001066e+00 2.980898590463711834e-02
1.000000000000000000e+01 2.965993924867083367e-02
1.005000000000000071e+01 2.951237545888507965e-02
1.010000000000000142e+01 2.936627264881232907e-02
1.015000000000000036e+01 2.922160936419289715e-02
1.020000000000000107e+01 2.907836456526288402e-02
1.025000000000000000e+01 2.893651761897169175e-02
1.030000000000000071e+01 2.879604824532973339e-02
1.035000000000000142e+01 2.865693656446908349e-02
1.040000000000000036e+01 2.851916303895091556e-02
1.045000000000000107e+01 2.838270847745080760e-02
1.050000000000000000e+01 2.824755402483484709e-02
1.055000000000000071e+01 2.811368115514804172e-02
1.060000000000000142e+01 2.798107166626258302e-02
1.065000000000000036e+01 2.784970767599155572e-02
1.070000000000000107e+01 2.771957161287739307e-02
1.075000000000000000e+01 2.759064624133239149e-02
1.080000000000000071e+01 2.746291461903420036e-02
1.085000000000000142e+01 2.733636012426014783e-02
1.090000000000000036e+01 2.721096644763390179e-02
1.095000000000000107e+01 2.708671759067711807e-02
1.100000000000000000e+01 2.696359786367178921e-02
1.105000000000000071e+01 2.684159188260557688e-02
1.110000000000000142e+01 2.672068456503423270e-02
1.115000000000000036e+01 2.660086112476338360e-02
1.120000000000000107e+01 2.648210706532383787e-02
1.125000000000000000e+01 2.636440817228554931e-02
1.130000000000000071e+01 2.624775050452362105e-02
1.135000000000000142e+01 2.613212038460955428e-02
1.140000000000000036e+01 2.601750438855082725e-02
1.145000000000000107e+01 2.590388933513933581e-02
1.150000000000000000e+01 2.579126227519233649e-02
1.155000000000000071e+01 2.567961048097672574e-02
1.160000000000000142e+01 2.556892143610018514e-02
1.165000000000000036e+01 2.545918282613021666e-02
1.170000000000000107e+01 2.535038256435470649e-02
1.175000000000000000e+01 2.524250864802753819e-02
1.180000000000000071e+01 2.513554935644774641e-02
1.185000000000000142e+01 2.502949306617769862e-02
1.190000000000000036e+01 2.492432846374817781e-02
1.195000000000000107e+01 2.482004426312288056e-02
1.200000000000000000e+01 2.471662939615434929e-02
1.205000000000000071e+01 2.461407296351247539e-02
1.210000000000000142e+01 2.451236423536235637e-02
1.215000000000000036e+01 2.441149265254257891e-02
1.220000000000000107e+01 2.431144782798320622e-02
1.225000000000000000e+01 2.421221954809968033e-02
1.230000000000000071e+01 2.411379777390867257e-02
1.235000000000000142e+01 2.401617264163559765e-02
1.240000000000000036e+01 2.391933446261696253e-02
1.245000000000000107e+01 2.382327369614758300e-02
1.250000000000000000e+01 2.372798105370911917e-02
1.255000000000000071e+01 2.363344733489000302e-02
1.260000000000000142e+01 2.353966353215439580e-02
1.265000000000000036e+01 2.344662079853218270e-02
1.270000000000000107e+01 2.335431041157997809e-02
1.275000000000000000e+01 2.326272388470528030e-02
1.280000000000000071e+01 2.317185278985452873e-02
1.285000000000000142e+01 2.308168886018446483e-02
1.290000000000000036e+01 2.299222395662399443e-02
1.295000000000000107e+01 2.290345006106284803e-02
1.300000000000000000e+01 2.281535926997741576e-02
1.305000000000000071e+01 2.272794378868927059e-02
1.310000000000000142e+01 2.264119592641975626e-02
1.315000000000000036e+01 2.255510809226234439e-02
1.320000000000000107e+01 2.246967279214878710e-02
1.325000000000000000e+01 2.238488262683475602e-02
1.330000000000000071e+01 2.230073029088045639e-02
1.335000000000000142e+01 2.221720857255331943e-02
1.340000000000000036e+01 2.213431035453576959e-02
1.345000000000000107e+01 2.205202861528369682e-02
1.350000000000000000e+01 2.197035643085251677e-02
1.355000000000000071e+01 2.188928697698850831e-02
1.360000000000000142e+01 2.180881353127473235e-02
1.365000000000000036e+01 2.172892947512336179e-02
1.370000000000000107e+01 2.164962829541938055e-02
1.375000000000000000e+01 2.157090358564374422e-02
1.380000000000000071e+01 2.149274904633525357e-02
1.385000000000000142e+01 2.141515848478871623e-02
1.390000000000000036e+01 2.133812581393002006e-02
1.395000000000000107e+01 2.126164505035329361e-02
1.400000000000000000e+01 2.118571031155166637e-02
1.405000000000000071e+01 2.111031581241488639e-02
1.410000000000000142e+01 2.103545586110654522e-02
1.415000000000000036e+01 2.096112482940666599e-02
1.420000000000000107e+01 2.088731724746284088e-02
1.425000000000000000e+01 2.081402765023484397e-02
1.430000000000000071e+01 2.074125067084082660e-02
1.435000000000000142e+01 2.066898101145504818e-02
1.440000000000000036e+01 2.059721343901183346e-02
1.445000000000000107e+01 2.052594278147708284e-02
1.450000000000000000e+01 2.045516392480545981e-02
1.455000000000000071e+01 2.038487181066503395e-02
1.460000000000000142e+01 2.031506143497269559e-02
1.465000000000000036e+01 2.024572784724155278e-02
1.470000000000000107e+01 2.017686615070160908e-02
1.475000000000000000e+01 2.010847150311653037e-02
1.480000000000000071e+01 2.004053911818577324e-02
1.485000000000000142e+01 1.997306426739408128e-02
1.490000000000000036e+01 1.990604228214980925e-02
1.495000000000000107e+01 1.983946855604257903e-02
1.500000000000000000e+01 1.977333854704753022e-02
1.505000000000000071e+01 1.970764777950985772e-02
1.510000000000000142e+01 1.964239184575806638e-02
1.515000000000000036e+01 1.957756642608588643e-02
1.520000000000000107e+01 1.951316721264804988e-02
1.525000000000000000e+01 1.944919002587618129e-02
1.530000000000000071e+01 1.938563073484217761e-02
1.535000000000000142e+01 1.932248527565457591e-02
1.540000000000000036e+01 1.925974964925536090e-02
1.545000000000000107e+01 1.919741991864304387e-02
1.550000000000000000e+01 1.913549220562844877e-02
1.555000000000000071e+01 1.907396268725335478e-02
1.560000000000000142e+01 1.901282763970531947e-02
1.565000000000000036e+01 1.895208324096686603e-02
1.570000000000000107e+01 1.889172586160127801e-02
1.575000000000000000e+01 1.883175186227754178e-02
1.580000000000000071e+01 1.877215764119672878e-02
1.585000000000000142e+01 1.871293963159121818e-02
1.590000000000000036e+01 1.865409429982255868e-02
1.595000000000000107e+01 1.859561814413129843e-02
1.600000000000000000e+01 1.853750769405839230e-02
1.605000000000000071e+01 1.847975951052335808e-02
1.610000000000000142e+01 1.842237018651185845e-02
1.615000000000000213e+01 1.836533634829458708e-02
1.619999999999999929e+01 1.830865465707392711e-02
1.625000000000000000e+01 1.825232181093456793e-02
1.630000000000000071e+01 1.819633454696087393e-02
1.635000000000000142e+01 1.814068964337714127e-02
1.640000000000000213e+01 1.808538392156874147e-02
1.644999999999999929e+01 1.803041424784974228e-02
1.650000000000000000e+01 1.797577753485884652e-02
1.655000000000000071e+01 1.792147074248585936e-02
1.660000000000000142e+01 1.786749089544868718e-02
1.665000000000000213e+01 1.781383501503449457e-02
1.669999999999999929e+01 1.776050021927531170e-02
1.675000000000000000e+01 1.770748365506778776e-02
1.680000000000000071e+01 1.765478251270359566e-02
1.685000000000000142e+01 1.760239402353418539e-02
1.690000000000000213e+01 1.755031545728841236e-02
1.694999999999999929e+01 1.749854411915993668e-02
1.700000000000000000e+01 1.744707734679211419e-02
1.705000000000000071e+01 1.739591250729222854e-02
1.710000000000000142e+01 1.734504699440452338e-02
1.715000000000000213e+01 1.729447822596187623e-02
1.719999999999999929e+01 1.724420367934061810e-02
1.725000000000000000e+01 1.719422074112639254e-02
1.730000000000000071e+01 1.714452692604996956e-02
1.735000000000000142e+01 1.709511973158953785e-02
1.740000000000000213e+01 1.704599667361505339e-02
1.744999999999999929e+01 1.699715528687332361e-02
1.750000000000000000e+01 1.694859312595641335e-02
1.755000000000000071e+01 1.690030776667704460e-02
1.760000000000000142e+01 1.685229680775442163e-02
1.765000000000000213e+01 1.680455787269983375e-02
1.769999999999999929e+01 1.675708861178245440e-02
1.775000000000000000e+01 1.670988670395330208e-02
1.780000000000000071e+01 1.666294985860937786e-02
1.785000000000000142e+01 1.661627581708962839e-02
1.790000000000000213e+01 1.656986235381020106e-02
1.794999999999999929e+01 1.652370727696609101e-02
1.800000000000000000e+01 1.647780842874970939e-02
1.805000000000000071e+01 1.643216368506321759e-02
1.810000000000000142e+01 1.638677094617056046e-02
1.815000000000000213e+01 1.634162817071209764e-02
1.819999999999999929e+01 1.629673331953750137e-02
1.825000000000000000e+01 1.625208439102541688e-02
1.830000000000000071e+01 1.620767940921138614e-02
1.835000000000000142e+01 1.616351642135770497e-02
1.840000000000000213e+01 1.611959349548706261e-02
1.844999999999999929e+01 1.607590886590388318e-02
1.850000000000000000e+01 1.603246033819723596e-02
1.855000000000000071e+01 1.598924617820688190e-02
1.860000000000000142e+01 1.594626451539570000e-02
1.865000000000000213e+01 1.590351349075781046e-02
1.869999999999999929e+01 1.586099125614292074e-02
1.875000000000000000e+01 1.581869597406122124e-02
1.880000000000000071e+01 1.577662576603106742e-02
1.885000000000000142e+01 1.573477892195942335e-02
1.890000000000000213e+01 1.569315358688383455e-02
1.894999999999999929e+01 1.565174797281097124e-02
1.900000000000000000e+01 1.561056029794749035e-02
1.905000000000000071e+01 1.556958882604145798e-02
1.910000000000000142e+01 1.552883181295497406e-02
1.915000000000000213e+01 1.548828754432178371e-02
1.920000000000000284e+01 1.544795432826213434e-02
1.925000000000000000e+01 1.540783049660818943e-02
1.930000000000000071e+01 1.536791440578539648e-02
1.935000000000000142e+01 1.532820443729627190e-02
1.940000000000000213e+01 1.528869899777453474e-02
1.945000000000000284e+01 1.524939651859969804e-02
1.950000000000000000e+01 1.521029545508587738e-02
1.955000000000000071e+01 1.517139428527998837e-02
1.960000000000000142e+01 1.513269150842471919e-02
1.965000000000000213e+01 1.509418564315861445e-02
1.970000000000000284e+01 1.505587522553838639e-02
1.975000000000000000e+01 1.501775880697730006e-02
1.980000000000000071e+01 1.497983495219653086e-02
1.985000000000000142e+01 1.494210223728575058e-02
1.990000000000000213e+01 1.490455924796148593e-02
1.995000000000000284e+01 1.486720457810222253e-02
2.000000000000000000e+01 1.483003682862303607e-02
2.005000000000000071e+01 1.479305460673543612e-02
2.010000000000000142e+01 1.475625652561741823e-02
2.015000000000000213e+01 1.471964120449758932e-02
2.020000000000000284e+01 1.468320726913588913e-02
2.025000000000000000e+01 1.464695335266345301e-02
2.030000000000000071e+01 1.461087809672588674e-02
2.035000000000000142e+01 1.457498015285937920e-02
2.040000000000000213e+01 1.453925818401793219e-02
2.045000000000000284e+01 1.450371086616303665e-02
2.050000000000000000e+01 1.446833688982490998e-02
2.055000000000000071e+01 1.443313496154697596e-02
2.060000000000000142e+01 1.439810380513215256e-02
2.065000000000000213e+01 1.436324216262079359e-02
2.070000000000000284e+01 1.432854879494467777e-02
2.075000000000000000e+01 1.429402248221891408e-02
2.080000000000000071e+01 1.425966202365262607e-02
2.085000000000000142e+01 1.422546623707950965e-02
2.090000000000000213e+01 1.419143395812883131e-02
2.095000000000000284e+01 1.415756403907605585e-02
2.100000000000000000e+01 1.412385534742841009e-02
2.105000000000000071e+01 1.409030676431420256e-02
2.110000000000000142e+01 1.405691718275381592e-02
2.115000000000000213e+01 1.402368550589643513e-02
2.120000000000000284e+01 1.399061064530674782e-02
2.125000000000000000e+01 1.395769151938357905e-02
2.130000000000000071e+01 1.392492705198403874e-02
2.135000000000000142e+01 1.389231617131596840e-02
2.140000000000000213e+01 1.385985780914725761e-02
2.145000000000000284e+01 1.382755090036339243e-02
2.150000000000000000e+01 1.379539438288699717e-02
2.155000000000000071e+01 1.376338719795383060e-02
2.160000000000000142e+01 1.373152829072190467e-02
2.165000000000000213e+01 1.369981661117323189e-02
2.170000000000000284e+01 1.366825111525313795e-02
2.175000000000000000e+01 1.363683076618036130e-02
2.180000000000000071e+01 1.360555453585312116e-02
2.185000000000000142e+01 1.357442140627220135e-02
2.190000000000000213e+01 1.354343037090170211e-02
2.195000000000000284e+01 1.351258043589259605e-02
2.200000000000000000e+01 1.348187062110169782e-02
2.205000000000000071e+01 1.345129996085010077e-02
2.210000000000000142e+01 1.342086750437912826e-02
2.215000000000000213e+01 1.339057231597780631e-02
2.220000000000000284e+01 1.336041347477331942e-02
2.225000000000000000e+01 1.333039007419326710e-02
2.230000000000000071e+01 1.330050122112559283e-02
2.235000000000000142e+01 1.327074603481743185e-02
2.240000000000000213e+01 1.324112364556726852e-02
2.245000000000000284e+01 1.321163319327514976e-02
2.250000000000000000e+01 1.318227382592239254e-02
2.255000000000000071e+01 1.315304469805528981e-02
2.260000000000000142e+01 1.312394496934667261e-02
2.265000000000000213e+01 1.309497380330424190e-02
2.270000000000000284e+01 1.306613036618691805e-02
2.275000000000000000e+01 1.303741382617865617e-02
2.280000000000000071e+01 1.300882335285610120e-02
2.285000000000000142e+01 1.298035811697060768e-02
2.290000000000000213e+01 1.295201729054888326e-02
2.295000000000000284e+01 1.292380004730026531e-02
2.300000000000000000e+01 1.289570556330275029e-02
2.305000000000000071e+01 1.286773301792587185e-02
2.310000000000000142e+01 1.283988159493688712e-02
2.315000000000000213e+01 1.281215048372741708e-02
2.320000000000000284e+01 1.278453888059255007e-02
2.325000000000000000e+01 1.275704598999187304e-02
2.330000000000000071e+01 1.272967102572378217e-02
2.335000000000000142e+01 1.270241321194960117e-02
2.340000000000000213e+01 1.267527178401205504e-02
2.345000000000000284e+01 1.264824598900407722e-02
2.350000000000000000e+01 1.262133508605728892e-02
2.355000000000000071e+01 1.259453834633381293e-02
2.360000000000000142e+01 1.256785505272125028e-02
2.365000000000000213e+01 1.254128449924548153e-02
2.370000000000000284e+01 1.251482599023063212e-02
2.375000000000000000e+01 1.248847883924845623e-02
2.380000000000000071e+01 1.246224236790982598e-02
2.385000000000000142e+01 1.243611590455882474e-02
2.390000000000000213e+01 1.241009878293447208e-02
2.395000000000000284e+01 1.238419034086629331e-02
2.400000000000000000e+01 1.235838991906765098e-02
2.405000000000000071e+01 1.233269686008524497e-02
2.410000000000000142e+01 1.230711050745463518e-02
2.415000000000000213e+01 1.228163020510072111e-02
2.420000000000000284e+01 1.225625526803240245e-02
2.425000000000000000e+01 1.223098509887555509e-02
2.430000000000000071e+01 1.220581901222156374e-02
2.435000000000000142e+01 1.218075635306233202e-02
2.440000000000000213e+01 1.215579646786157063e-02
2.445000000000000284e+01 1.213093870547215895e-02
2.450000000000000000e+01 1.210618241819125251e-02
2.455000000000000071e+01 1.208152696289480250e-02
2.460000000000000142e+01 1.205697170218959086e-02
2.465000000000000213e+01 1.203251600552034638e-02
2.470000000000000284e+01 1.200815925017258319e-02
2.475000000000000000e+01 1.198390082211756198e-02
2.480000000000000071e+01 1.195974011665443780e-02
2.485000000000000142e+01 1.193567653881551748e-02
2.490000000000000213e+01 1.191170950351311784e-02
2.495000000000000284e+01 1.188783843542002248e-02
2.500000000000000000e+01 1.186406276858933441e-02
2.505000000000000071e+01 1.184038194583315537e-02
2.510000000000000142e+01 1.181679541789159606e-02
2.515000000000000213e+01 1.179330264243435081e-02
2.520000000000000284e+01 1.176990308294543867e-02
2.525000000000000000e+01 1.174659620754733326e-02
2.530000000000000071e+01 1.172338148782329191e-02
2.535000000000000142e+01 1.170025839769660986e-02
2.540000000000000213e+01 1.167722641242186464e-02
2.545000000000000284e+01 1.165428500773721399e-02
2.550000000000000000e+01 1.163143365921806560e-02
2.555000000000000071e+01 1.160867184186174621e-02
2.560000000000000142e+01 1.158599902992068012e-02
2.565000000000000213e+01 1.156341469698861021e-02
2.570000000000000284e+01 1.154091831633139408e-02
2.575000000000000000e+01 1.151850936144126897e-02
2.580000000000000071e+01 1.149618730678220353e-02
2.585000000000000142e+01 1.147395162868438713e-02
2.590000000000000213e+01 1.145180180633844844e-02
2.595000000000000284e+01 1.142973732283536492e-02
2.600000000000000000e+01 1.140775766619606807e-02
2.605000000000000071e+01 1.138586233033571371e-02
2.610000000000000142e+01 1.136405081591146393e-02
2.615000000000000213e+01 1.134232263100893624e-02
2.620000000000000284e+01 1.132067729163146151e-02
2.625000000000000000e+01 1.129911432196626514e-02
2.630000000000000071e+01 1.127763325441405104e-02
2.635000000000000142e+01 1.125623362938027797e-02
2.640000000000000213e+01 1.123491499483894596e-02
2.645000000000000284e+01 1.121367690569165243e-02
2.650000000000000000e+01 1.119251892295454985e-02
2.655000000000000071e+01 1.117144061281498055e-02
2.660000000000000142e+01 1.115044154560580932e-02
2.665000000000000213e+01 1.112952129474930989e-02
2.670000000000000284e+01 1.110867943572377455e-02
2.675000000000000000e+01 1.108791554510441327e-02
2.680000000000000071e+01 1.106722919972595760e-02
2.685000000000000142e+01 1.104661997600761905e-02
2.690000000000000213e+01 1.102608744947254811e-02
2.695000000000000284e+01 1.100563119448356476e-02
2.700000000000000000e+01 1.098525078420571968e-02
2.705000000000000071e+01 1.096494579079426018e-02
2.710000000000000142e+01 1.094471578579531840e-02
2.715000000000000213e+01 1.092456034073535469e-02
2.720000000000000284e+01 1.090447902786616935e-02
2.725000000000000000e+01 1.088447142102432798e-02
2.730000000000000071e+01 1.086453709655833301e-02
2.735000000000000142e+01 1.084467563427375311e-02
2.740000000000000213e+01 1.082488661834591845e-02
2.745000000000000284e+01 1.080516963815184722e-02
2.750000000000000000e+01 1.078552428897771275e-02
2.755000000000000071e+01 1.076595017256477133e-02
2.760000000000000142e+01 1.074644689746544722e-02
2.765000000000000213e+01 1.072701407919112414e-02
2.770000000000000284e+01 1.070765134014428806e-02
2.775000000000000000e+01 1.068835830933871980e-02
2.780000000000000071e+01 1.066913462192241834e-02
2.785000000000000142e+01 1.064997991852806650e-02
2.790000000000000213e+01 1.063089384448450900e-02
2.795000000000000284e+01 1.061187604892976574e-02
2.800000000000000000e+01 1.059292618387077875e-02
2.805000000000000071e+01 1.057404390323769122e-02
2.810000000000000142e+01 1.055522886198025090e-02
2.815000000000000213e+01 1.053648071525152205e-02
2.820000000000000284e+01 1.051779911771927832e-02
2.825000000000000000e+01 1.049918372303851495e-02
2.830000000000000071e+01 1.048063418351001877e-02
2.835000000000000142e+01 1.046215014994017825e-02
2.840000000000000213e+01 1.044373127170669310e-02
2.845000000000000284e+01 1.042537719702418299e-02
2.850000000000000000e+01 1.040708757339348610e-02
2.855000000000000071e+01 1.038886204820903963e-02
2.860000000000000142e+01 1.037070026949071279e-02
2.865000000000000213e+01 1.035260188670045038e-02
2.870000000000000284e+01 1.033456655159977269e-02
2.875000000000000000e+01 1.031659391910254298e-02
2.880000000000000071e+01 1.029868364807804554e-02
2.885000000000000142e+01 1.028083540206200727e-02
2.890000000000000213e+01 1.026304884983870666e-02
2.895000000000000284e+01 1.024532366586380049e-02
2.900000000000000000e+01 1.022765953050624142e-02
2.905000000000000071e+01 1.021005613009706540e-02
2.910000000000000142e+01 1.019251315678285433e-02
2.915000000000000213e+01 1.017503030819186770e-02
2.920000000000000284e+01 1.015760728693044027e-02
2.925000000000000000e+01 1.014024379993584864e-02
2.930000000000000071e+01 1.012293955771918427e-02
2.935000000000000142e+01 1.010569427353714446e-02
2.940000000000000213e+01 1.008850766253513789e-02
2.945000000000000284e+01 1.007137944090520654e-02
2.950000000000000000e+01 1.005430932510133386e-02
2.955000000000000071e+01 1.003729703115138587e-02
2.960000000000000142e+01 1.002034227409961606e-02
2.965000000000000213e+01 1.000344476760694698e-02
2.970000000000000284e+01 9.986604223727588159e-03
2.975000000000000000e+01 9.969820352871541780e-03
2.980000000000000071e+01 9.953092863952878178e-03
2.985000000000000142e+01 9.936421464713999022e-03
2.990000000000000213e+01 9.919805862207071653e-03
2.995000000000000284e+01 9.903245763405997895e-03
3.000000000000000000e+01 9.886740875915508292e-03
3.005000000000000071e+01 9.870290908739341035e-03
3.010000000000000142e+01 9.853895573066666705e-03
3.015000000000000213e+01 9.837554583035085579e-03
3.020000000000000284e+01 9.821267656430293647e-03
3.025000000000000000e+01 9.805034515285844174e-03
3.030000000000000071e+01 9.788854889309889229e-03
3.035000000000000142e+01 9.772728504712446806e-03
3.040000000000000213e+01 9.756655101050571918e-03
3.045000000000000284e+01 9.740634420413620334e-03
3.050000000000000000e+01 9.724666209816958812e-03
3.055000000000000071e+01 9.708750220826192767e-03
3.060000000000000142e+01 9.692886209036657291e-03
3.065000000000000213e+01 9.677073933435340752e-03
3.070000000000000284e+01 9.661313155678101852e-03
3.075000000000000000e+01 9.645603639319537403e-03
3.080000000000000071e+01 9.629945149034700377e-03
3.085000000000000142e+01 9.614337449872365632e-03
3.090000000000000213e+01 9.598780306577408758e-03
3.095000000000000284e+01 9.583273483016248318e-03
3.100000000000000000e+01 9.567816741733596239e-03
3.105000000000000071e+01 9.552409843661964495e-03
3.110000000000000142e+01 9.537052547997226445e-03
3.115000000000000213e+01 9.521744612244953040e-03
3.120000000000000284e+01 9.506485792433374410e-03
3.125000000000000000e+01 9.491275843480235716e-03
3.130000000000000071e+01 9.476114519692990790e-03
3.135000000000000142e+01 9.461001575374976963e-03
3.140000000000000213e+01 9.445936765504991256e-03
3.145000000000000284e+01 9.430919846454050362e-03
3.150000000000000000e+01 9.415950576701474090e-03
3.155000000000000071e+01 9.401028717512686927e-03
3.160000000000000142e+01 9.386154026507489631e-03
3.165000000000000213e+01 9.371326286417291929e-03
3.170000000000000284e+01 9.356545262916939054e-03
3.175000000000000000e+01 9.341810742700875497e-03
3.180000000000000071e+01 9.327122488646337126e-03
3.185000000000000142e+01 9.312480296504228872e-03
3.190000000000000213e+01 9.297883956691753438e-03
3.195000000000000284e+01 9.283333263391547671e-03
3.200000000000000000e+01 9.268828014025143683e-03
3.205000000000000426e+01 9.254368008631951720e-03
3.210000000000000142e+01 9.239953049185909220e-03
3.214999999999999858e+01 9.225582938884887771e-03
3.220000000000000284e+01 9.211257481449307977e-03
3.225000000000000000e+01 9.196976480465543155e-03
3.230000000000000426e+01 9.182739738807271096e-03
3.235000000000000142e+01 9.168547058163709074e-03
3.239999999999999858e+01 9.154398238697819545e-03
3.245000000000000284e+01 9.140293078851002839e-03
3.250000000000000000e+01 9.126231375302785651e-03
3.255000000000000426e+01 9.112212923086306787e-03
3.260000000000000142e+01 9.098237515852029833e-03
3.264999999999999858e+01 9.084304946264753697e-03
3.270000000000000284e+01 9.070415006512127717e-03
3.275000000000000000e+01 9.056567488858160292e-03
3.280000000000000426e+01 9.042762186012246600e-03
3.285000000000000142e+01 9.028998892853837624e-03
3.289999999999999858e+01 9.015277405941437075e-03
3.295000000000000284e+01 9.001597524500283554e-03
3.300000000000000000e+01 8.987959050937539135e-03
3.305000000000000426e+01 8.974361791249602441e-03
3.310000000000000142e+01 8.960805555300786762e-03
3.314999999999999858e+01 8.947290156959223500e-03
3.320000000000000284e+01 8.933815414083395509e-03
3.325000000000000000e+01 8.920381148360564949e-03
3.330000000000000426e+01 8.906987185005699886e-03
3.335000000000000142e+01 8.893633352337084602e-03
3.339999999999999858e+01 8.880319481250663685e-03
3.345000000000000284e+01 8.867045404620584048e-03
3.350000000000000000e+01 8.853810896737123945e-03
3.355000000000000426e+01 8.840615911818611519e-03
3.360000000000000142e+01 8.827460225410152864e-03
3.364999999999999858e+01 8.814343671942436245e-03
3.370000000000000284e+01 8.801266086453278861e-03
3.375000000000000000e+01 8.788227297825433604e-03
3.380000000000000426e+01 8.775227137979832448e-03
3.385000000000000142e+01 8.762265435557357526e-03
3.389999999999999858e+01 8.749342017474731961e-03
3.395000000000000284e+01 8.736456709095572273e-03
3.400000000000000000e+01 8.723609334532348228e-03
3.405000000000000426e+01 8.710799717062659223e-03
3.410000000000000142e+01 8.698027679637097137e-03
3.414999999999999858e+01 8.685293111950414396e-03
3.420000000000000284e+01 8.672595705546199546e-03
3.425000000000000000e+01 8.659935351936548162e-03
3.430000000000000426e+01 8.647311878670200375e-03
3.435000000000000142e+01 8.634725115855595295e-03
3.439999999999999858e+01 8.622174896593854526e-03
3.445000000000000284e+01 8.609661057303125142e-03
3.450000000000000000e+01 8.597183437917576762e-03
3.455000000000000426e+01 8.584741881951346923e-03
3.460000000000000142e+01 8.572336236424425021e-03
3.464999999999999858e+01 8.559966351104236412e-03
3.470000000000000284e+01 8.547632080548525635e-03
3.475000000000000000e+01 8.535333279858187822e-03
3.480000000000000426e+01 8.523069806864401118e-03
3.485000000000000142e+01 8.510841520839751428e-03
3.489999999999999858e+01 8.498648281899251478e-03
3.495000000000000284e+01 8.486489965605390623e-03
3.500000000000000000e+01 8.474366406036862656e-03
3.505000000000000426e+01 8.462277468478439021e-03
3.510000000000000142e+01 8.450223015667758519e-03
3.514999999999999858e+01 8.438202904133608809e-03
3.520000000000000284e+01 8.426216973229724502e-03
3.525000000000000000e+01 8.414265105635245975e-03
3.530000000000000426e+01 8.402347138362581055e-03
3.535000000000000142e+01 8.390462924111399823e-03
3.539999999999999858e+01 8.378612309654644499e-03
3.545000000000000284e+01 8.366795143296816908e-03
3.550000000000000000e+01 8.355011273179356601e-03
3.555000000000000426e+01 8.343260547828471735e-03
3.560000000000000142e+01 8.331542816721293834e-03
3.564999999999999858e+01 8.319857930840512256e-03
3.570000000000000284e+01 8.308205742988681794e-03
3.575000000000000000e+01 8.296586109164127282e-03
3.580000000000000426e+01 8.284998887334924303e-03
3.585000000000000142e+01 8.273443938868878592e-03
3.589999999999999858e+01 8.261921128336605427e-03
3.595000000000000284e+01 8.250430323513135988e-03
3.600000000000000000e+01 8.238971395252821239e-03
3.605000000000000426e+01 8.227544217244506936e-03
3.610000000000000142e+01 8.216148664894729059e-03
3.614999999999999858e+01 8.204784617855362047e-03
3.620000000000000284e+01 8.193451955218160679e-03
3.625000000000000000e+01 8.182150557731077481e-03
3.630000000000000426e+01 8.170880306580641239e-03
3.635000000000000142e+01 8.159641082854211802e-03
3.639999999999999858e+01 8.148432767047030650e-03
3.645000000000000284e+01 8.137255238639213781e-03
3.650000000000000000e+01 8.126108375763716959e-03
3.655000000000000426e+01 8.114992054981758421e-03
3.660000000000000142e+01 8.103906151176426542e-03
3.664999999999999858e+01 8.092850537569131961e-03
3.670000000000000284e+01 8.081825085193962074e-03
3.675000000000000000e+01 8.070829665623948171e-03
3.680000000000000426e+01 8.059864148784838533e-03
3.685000000000000142e+01 8.048928401781917097e-03
3.689999999999999858e+01 8.038022294599194567e-03
3.695000000000000284e+01 8.027145698211800295e-03
3.700000000000000000e+01 8.016298480372951313e-03
3.705000000000000426e+01 8.005480514488983249e-03
3.710000000000000142e+01 7.994691674633583323e-03
3.714999999999999858e+01 7.983931837249165497e-03
3.720000000000000284e+01 7.973200881435129478e-03
3.725000000000000000e+01 7.962498689129866164e-03
3.730000000000000426e+01 7.951825145177508075e-03
3.735000000000000142e+01 7.941180137276356021e-03
3.739999999999999858e+01 7.930563555812083706e-03
3.745000000000000284e+01 7.919975293584711334e-03
3.750000000000000000e+01 7.909415245443867856e-03
3.755000000000000426e+01 7.898883307851411670e-03
3.760000000000000142e+01 7.888379378394273431e-03
3.764999999999999858e+01 7.877903355254444254e-03
3.770000000000000284e+01 7.867455137810014029e-03
3.775000000000000000e+01 7.857034617970033372e-03
3.780000000000000426e+01 7.846641702192619708e-03
3.785000000000000142e+01 7.836276285152453391e-03
3.789999999999999858e+01 7.825938254713360812e-03
3.795000000000000284e+01 7.815627507359129006e-03
3.800000000000000000e+01 7.805343934398392171e-03
3.805000000000000426e+01 7.795087424480321575e-03
3.810000000000000142e+01 7.784857868203276694e-03
3.814999999999999858e+01 7.774655151687002476e-03
3.820000000000000284e+01 7.764479161440876638e-03
3.825000000000000000e+01 7.754329783630469451e-03
3.830000000000000426e+01 7.744206904599538512e-03
3.835000000000000142e+01 7.734110411319880703e-03
3.840000000000000568e+01 7.724040191882293634e-03
3.845000000000000284e+01 7.713996135944777878e-03
3.850000000000000000e+01 7.703978135125092754e-03
3.855000000000000426e+01 7.693986083317583616e-03
3.860000000000000142e+01 7.684019878186665146e-03
3.865000000000000568e+01 7.674079416386391829e-03
3.870000000000000284e+01 7.664164599087044949e-03
3.875000000000000000e+01 7.654275333471161590e-03
3.880000000000000426e+01 7.644411524658491393e-03
3.885000000000000142e+01 7.634573081222267160e-03
3.890000000000000568e+01 7.624759913406773011e-03
3.895000000000000284e+01 7.614971932697042756e-03
3.900000000000000000e+01 7.605209051352513315e-03
3.905000000000000426e+01 7.595471181928985238e-03
3.910000000000000142e+01 7.585758236813262313e-03
3.915000000000000568e+01 7.576070127794477978e-03
3.920000000000000284e+01 7.566406764625346025e-03
3.925000000000000000e+01 7.556768058977750800e-03
3.930000000000000426e+01 7.547153917918871142e-03
3.935000000000000142e+01 7.537564233422122846e-03
3.940000000000000568e+01 7.527998955239263712e-03
3.945000000000000284e+01 7.518457941013113877e-03
3.950000000000000000e+01 7.508941108699812052e-03
3.955000000000000426e+01 7.499448359653625162e-03
3.960000000000000142e+01 7.489979594656247762e-03
3.965000000000000568e+01 7.480534714336056074e-03
3.970000000000000284e+01 7.471113619576122758e-03
3.975000000000000000e+01 7.461716212128312493e-03
3.980000000000000426e+01 7.452342394819054874e-03
3.985000000000000142e+01 7.442992072095482199e-03
3.990000000000000568e+01 7.433665150325856688e-03
3.995000000000000284e+01 7.424361538057972290e-03
