0.000000000000000000e+00 -9.460865579551380428e-07
5.000000000000000278e-02 -1.379677032930902970e-08
1.000000000000000056e-01 -1.092728505255005246e-07
1.500000000000000222e-01 -3.928283630799880695e-07
2.000000000000000111e-01 -9.356691321425504980e-07
2.500000000000000000e-01 -1.817328249624733421e-06
3.000000000000000444e-01 -3.101354554828088384e-06
3.500000000000000333e-01 -4.841940896395004795e-06
4.000000000000000222e-01 -7.074511264540163052e-06
4.500000000000000111e-01 -9.836143598568925468e-06
5.000000000000000000e-01 -1.308618401646102119e-05
5.500000000000000444e-01 -1.683681553250774237e-05
6.000000000000000888e-01 -2.131221702970786681e-05
6.500000000000000222e-01 -2.590587077572946645e-05
7.000000000000000666e-01 -3.092512986572747846e-05
7.500000000000000000e-01 -3.659210906200785615e-05
8.000000000000000444e-01 -4.228194337741803715e-05
8.500000000000000888e-01 -4.809757848830562216e-05
9.000000000000000222e-01 -5.402365415658853131e-05
9.500000000000000666e-01 -5.987696828688117076e-05
1.000000000000000000e+00 -6.557086044110555650e-05
1.050000000000000044e+00 -7.098408441499666369e-05
1.100000000000000089e+00 -7.601552322298950792e-05
1.150000000000000133e+00 -8.055522838190535065e-05
1.200000000000000178e+00 -8.450795457315149006e-05
1.250000000000000000e+00 -8.778395080096135651e-05
1.300000000000000044e+00 -9.030569094470568964e-05
1.350000000000000089e+00 -9.200897189848983304e-05
1.400000000000000133e+00 -9.283785393307514939e-05
1.450000000000000178e+00 -9.276580795855398059e-05
1.500000000000000000e+00 -9.174980614907473253e-05
1.550000000000000044e+00 -8.984798334588498024e-05
1.600000000000000089e+00 -8.684511820527891139e-05
1.650000000000000133e+00 -8.344602592316587659e-05
1.700000000000000178e+00 -7.836081583399306949e-05
1.750000000000000000e+00 -7.291456541953358146e-05
1.800000000000000044e+00 -6.750524100977740047e-05
1.850000000000000089e+00 -5.980298865785363101e-05
1.900000000000000133e+00 -5.282106894712540826e-05
1.950000000000000178e+00 -4.480209518901892129e-05
2.000000000000000000e+00 -3.654460600732465861e-05
2.050000000000000266e+00 -2.795784362475734917e-05
2.100000000000000089e+00 -1.919559867113619910e-05
2.149999999999999911e+00 -1.035538477768620271e-05
2.200000000000000178e+00 -1.504361912294932061e-06
2.250000000000000000e+00 7.107147709065957031e-06
2.300000000000000266e+00 1.594635820871531713e-05
2.350000000000000089e+00 2.346121811699934727e-05
2.400000000000000355e+00 3.188509858679626903e-05
2.450000000000000178e+00 3.876472156260339251e-05
2.500000000000000000e+00 4.605077261237870484e-05
2.550000000000000266e+00 5.210041208413997675e-05
2.600000000000000089e+00 5.754632806169216564e-05
2.650000000000000355e+00 6.247667454155559014e-05
2.700000000000000178e+00 6.676324246839467080e-05
2.750000000000000000e+00 7.005736218060470435e-05
2.800000000000000266e+00 7.305074284697415975e-05
2.850000000000000089e+00 7.472969687032246999e-05
2.900000000000000355e+00 7.632113473772671641e-05
2.950000000000000178e+00 7.631225327091903203e-05
3.000000000000000000e+00 7.667471037359446621e-05
3.050000000000000266e+00 7.540782497115501972e-05
3.100000000000000089e+00 7.408445738194251867e-05
3.150000000000000355e+00 7.164231049423777262e-05
3.200000000000000178e+00 6.897147444884155676e-05
3.250000000000000000e+00 6.624444941766432257e-05
3.300000000000000266e+00 6.218291161882384048e-05
3.350000000000000089e+00 5.819631900958324516e-05
3.400000000000000355e+00 5.409510528081579980e-05
3.450000000000000178e+00 4.915980230490565243e-05
3.500000000000000000e+00 4.473333621179202251e-05
3.550000000000000266e+00 3.936458037118354363e-05
3.600000000000000089e+00 3.459587881638176416e-05
3.650000000000000355e+00 2.966840285864667787e-05
3.700000000000000178e+00 2.450874120464563015e-05
3.750000000000000000e+00 1.986999631757767012e-05
3.800000000000000266e+00 1.517828757852063436e-05
3.850000000000000089e+00 1.086886594875650118e-05
3.900000000000000355e+00 6.133120410781880776e-06
3.950000000000000178e+00 2.627708027479239230e-06
4.000000000000000000e+00 -1.222235088474670845e-06
4.049999999999999822e+00 -4.325766805290416171e-06
4.100000000000000533e+00 -7.749970584470050280e-06
4.150000000000000355e+00 -9.777986028457849208e-06
4.200000000000000178e+00 -1.235194711031295438e-05
4.250000000000000000e+00 -1.429780238634983616e-05
4.299999999999999822e+00 -1.577759775237269686e-05
4.350000000000000533e+00 -1.700939004112385561e-05
4.400000000000000355e+00 -1.798219102471102827e-05
4.450000000000000178e+00 -1.897470941780393205e-05
4.500000000000000000e+00 -1.874396702567672146e-05
4.549999999999999822e+00 -1.951579292565912806e-05
4.600000000000000533e+00 -1.891250728766121302e-05
4.650000000000000355e+00 -1.870286034426742804e-05
4.700000000000000178e+00 -1.871047125229938565e-05
4.750000000000000000e+00 -1.784213312978129052e-05
4.800000000000000711e+00 -1.732575491738238459e-05
4.850000000000000533e+00 -1.643596271964703473e-05
4.900000000000000355e+00 -1.576550822129003948e-05
4.950000000000000178e+00 -1.491592830349730115e-05
5.000000000000000000e+00 -1.396387894601140012e-05
5.050000000000000711e+00 -1.293545146418747315e-05
5.100000000000000533e+00 -1.235186706187759740e-05
5.150000000000000355e+00 -1.128996932191586147e-05
5.200000000000000178e+00 -1.048159918351825356e-05
5.250000000000000000e+00 -9.622616937172560856e-06
5.300000000000000711e+00 -8.869029389389765502e-06
5.350000000000000533e+00 -8.057390029770974756e-06
5.400000000000000355e+00 -7.323722402707949736e-06
5.450000000000000178e+00 -6.688452203355690249e-06
5.500000000000000000e+00 -6.014464995299919059e-06
5.550000000000000711e+00 -5.342774271599838516e-06
5.600000000000000533e+00 -4.948369976061168760e-06
5.650000000000000355e+00 -4.214570966972565966e-06
5.700000000000000178e+00 -4.146737370162417160e-06
5.750000000000000000e+00 -3.191220520220708349e-06
5.800000000000000711e+00 -3.078823264925517503e-06
5.850000000000000533e+00 -2.671502079957324456e-06
5.900000000000000355e+00 -2.328034813041737083e-06
5.950000000000000178e+00 -1.976801567786684112e-06
6.000000000000000000e+00 -1.014644637857415901e-06
6.050000000000000711e+00 -9.733835733659837615e-07
6.100000000000000533e+00 -9.337490097668449322e-07
6.150000000000000355e+00 -8.956095610412661810e-07
6.200000000000000178e+00 -8.589333691364223533e-07
6.250000000000000000e+00 -8.237290435959785765e-07
6.300000000000000711e+00 -7.898720878445528530e-07
6.350000000000000533e+00 -7.573295307507668140e-07
6.400000000000000355e+00 -7.261229653055135628e-07
6.450000000000000178e+00 -6.960922188495934555e-07
6.500000000000000000e+00 -6.672688341877129544e-07
6.550000000000000711e+00 -6.396072485049733202e-07
