0.000000000000000000e+00 0.000000000000000000e+00
5.000000000000000278e-02 1.076027472971161234e-11
1.000000000000000056e-01 3.434518913822904381e-10
1.500000000000000222e-01 2.597026515645322020e-09
2.000000000000000111e-01 1.087891724933256146e-08
2.500000000000000000e-01 3.294674650120141440e-08
3.000000000000000444e-01 8.121877593101904194e-08
3.500000000000000333e-01 1.736155265484091909e-07
4.000000000000000222e-01 3.342000553136903959e-07
4.500000000000000111e-01 5.935904069566956036e-07
5.000000000000000000e-01 9.891245860814701882e-07
5.500000000000000444e-01 1.564765811747001956e-06
6.000000000000000888e-01 2.370743604627808760e-06
6.500000000000000222e-01 3.462934185631362835e-06
7.000000000000000666e-01 4.901991501671956546e-06
7.500000000000000000e-01 6.752247710591810036e-06
8.000000000000000444e-01 9.080408935536332191e-06
8.500000000000000888e-01 1.195407833961465445e-05
9.000000000000000222e-01 1.544014389808500440e-05
9.500000000000000666e-01 1.960307250982969556e-05
1.000000000000000000e+00 2.450315517741804360e-05
1.050000000000000044e+00 3.019474981618744776e-05
1.100000000000000089e+00 3.672456878566292656e-05
1.150000000000000133e+00 4.413005746770534417e-05
1.200000000000000178e+00 5.243790817919676234e-05
1.250000000000000000e+00 6.166275047309429302e-05
1.300000000000000044e+00 7.180605455390441346e-05
1.350000000000000089e+00 8.285527924527483104e-05
1.400000000000000133e+00 9.478328985678816565e-05
1.450000000000000178e+00 1.075480645823669143e-04
1.500000000000000000e+00 1.210927009163723995e-04
1.550000000000000044e+00 1.353457261961227797e-04
1.600000000000000089e+00 1.502217089739396117e-04
1.650000000000000133e+00 1.656221606869414352e-04
1.700000000000000178e+00 1.814367102180748507e-04
1.750000000000000000e+00 1.975445276020760870e-04
1.800000000000000044e+00 2.138159674805655355e-04
1.850000000000000089e+00 2.301143980834603059e-04
1.900000000000000133e+00 2.462981776152062805e-04
1.950000000000000178e+00 2.622227370313519627e-04
2.000000000000000000e+00 2.777427263514030539e-04
2.050000000000000266e+00 2.927141808853289760e-04
2.100000000000000089e+00 3.069966640417556912e-04
2.149999999999999911e+00 3.204553446959864695e-04
2.200000000000000178e+00 3.329629693599332665e-04
2.250000000000000000e+00 3.444016925253661930e-04
2.300000000000000266e+00 3.546647324385591624e-04
2.350000000000000089e+00 3.636578240848246089e-04
2.400000000000000355e+00 3.713004461804192435e-04
2.450000000000000178e+00 3.775268043444183715e-04
2.500000000000000000e+00 3.822865582090030742e-04
2.550000000000000266e+00 3.855452858788528127e-04
2.600000000000000089e+00 3.872846847297746714e-04
2.650000000000000355e+00 3.875025129125915947e-04
2.700000000000000178e+00 3.862122809817020250e-04
2.750000000000000000e+00 3.834427076938324696e-04
2.800000000000000266e+00 3.792369581329367318e-04
2.850000000000000089e+00 3.736516858412945816e-04
2.900000000000000355e+00 3.667559035225998040e-04
2.950000000000000178e+00 3.586297090971272733e-04
3.000000000000000000e+00 3.493628954174688838e-04
3.050000000000000266e+00 3.390534727992776149e-04
3.100000000000000089e+00 3.278061337050516269e-04
3.150000000000000355e+00 3.157306884753567091e-04
3.200000000000000178e+00 3.029404999793164355e-04
3.250000000000000000e+00 2.895509435139359978e-04
3.300000000000000266e+00 2.756779162878327688e-04
3.350000000000000089e+00 2.614364184534679302e-04
3.400000000000000355e+00 2.469392249812415378e-04
3.450000000000000178e+00 2.322956647786845585e-04
3.500000000000000000e+00 2.176105204277961527e-04
3.550000000000000266e+00 2.029830588202098294e-04
3.600000000000000089e+00 1.885061998858969924e-04
3.650000000000000355e+00 1.742658276033992224e-04
3.700000000000000178e+00 1.603402446079596737e-04
3.750000000000000000e+00 1.467997690303639411e-04
3.800000000000000266e+00 1.337064697471776356e-04
3.850000000000000089e+00 1.211140340368565508e-04
3.900000000000000355e+00 1.090677597413350472e-04
3.950000000000000178e+00 9.760466244577332159e-05
4.000000000000000000e+00 8.675368691820981449e-05
4.049999999999999822e+00 7.653601109606841400e-05
4.100000000000000533e+00 6.696543026070650526e-05
4.150000000000000355e+00 5.804880869093031212e-05
4.200000000000000178e+00 4.978658601266541637e-05
4.250000000000000000e+00 4.217332564123849319e-05
4.299999999999999822e+00 3.519829311793200316e-05
4.350000000000000533e+00 2.884605274407391753e-05
4.400000000000000355e+00 2.309707168271473560e-05
4.450000000000000178e+00 1.792832159808506470e-05
4.500000000000000000e+00 1.331386890479636130e-05
4.549999999999999822e+00 9.225445771284807972e-06
4.600000000000000533e+00 5.632995136006881547e-06
4.650000000000000355e+00 2.505184123082580489e-06
4.700000000000000178e+00 -1.901186383015879804e-07
4.750000000000000000e+00 -2.485405201333413001e-06
4.800000000000000711e+00 -4.413132372824473337e-06
4.850000000000000533e+00 -6.005369078769015269e-06
4.900000000000000355e+00 -7.293487547982003795e-06
4.950000000000000178e+00 -8.307898039968725204e-06
5.000000000000000000e+00 -9.077826141044706819e-06
5.050000000000000711e+00 -9.631131049596242027e-06
5.100000000000000533e+00 -9.994162768150243741e-06
5.150000000000000355e+00 -1.019165571519490625e-05
5.200000000000000178e+00 -1.024665595998447727e-05
5.250000000000000000e+00 -1.018047906371114276e-05
5.300000000000000711e+00 -1.001269537386213970e-05
5.350000000000000533e+00 -9.761139557679047516e-06
5.400000000000000355e+00 -9.441941167020147645e-06
5.450000000000000178e+00 -9.069573091772128407e-06
5.500000000000000000e+00 -8.656914873252457456e-06
5.550000000000000711e+00 -8.215328003854324181e-06
5.600000000000000533e+00 -7.754740525850083106e-06
5.650000000000000355e+00 -7.283738452587090787e-06
5.700000000000000178e+00 -6.809661761690416437e-06
5.750000000000000000e+00 -6.338702945441873336e-06
5.800000000000000711e+00 -5.876006342145757930e-06
5.850000000000000533e+00 -5.425766708750715708e-06
5.900000000000000355e+00 -4.991325724855633403e-06
5.950000000000000178e+00 -4.575265337893691750e-06
6.000000000000000000e+00 -4.179497065966641845e-06
6.050000000000000711e+00 -3.805346566435872092e-06
6.100000000000000533e+00 -3.453632953583819849e-06
6.150000000000000355e+00 -3.124742506651615404e-06
6.200000000000000178e+00 -2.818696550059455982e-06
6.250000000000000000e+00 -2.535213410776542478e-06
6.300000000000000711e+00 -2.273764464120713623e-06
6.350000000000000533e+00 -2.033624369493553063e-06
6.400000000000000355e+00 -1.813915672642072788e-06
6.450000000000000178e+00 -1.613648012065164774e-06
6.500000000000000000e+00 -1.431752215300414827e-06
6.550000000000000711e+00 -1.267109607214065051e-06
6.600000000000000533e+00 -1.118576878256411649e-06
6.650000000000000355e+00 -9.850068770703007213e-07
6.700000000000000178e+00 -8.652656999623438640e-07
6.750000000000000000e+00 -7.582464505974794024e-07
6.800000000000000711e+00 -6.628800378450014900e-07
6.850000000000000533e+00 -5.781433689101452686e-07
6.900000000000000355e+00 -5.030652795984838788e-07
6.950000000000000178e+00 -4.367305245984147106e-07
7.000000000000000000e+00 -3.782821288000475663e-07
7.050000000000000711e+00 -3.269223766320438173e-07
7.100000000000000533e+00 -2.819126908763262367e-07
7.150000000000000355e+00 -2.425726260704248910e-07
7.200000000000000178e+00 -2.082781750376626650e-07
7.250000000000000000e+00 -1.784595608591095360e-07
7.300000000000000711e+00 -1.525986612347322220e-07
7.350000000000000533e+00 -1.302261881258652955e-07
7.400000000000000355e+00 -1.109187232171931607e-07
7.450000000000000178e+00 -9.429568939615132353e-08
7.500000000000000000e+00 -8.001632035942052707e-08
7.550000000000000711e+00 -6.777667476852157653e-08
7.600000000000000533e+00 -5.730672815662128643e-08
7.650000000000000355e+00 -4.836756502139285970e-08
7.700000000000000178e+00 -4.074868512060786857e-08
7.750000000000000000e+00 -3.426543175629939124e-08
7.800000000000000711e+00 -2.875654555149155611e-08
7.850000000000000533e+00 -2.408184461570303820e-08
7.900000000000000355e+00 -2.012003074539376192e-08
7.950000000000000178e+00 -1.676662108241980852e-08
8.000000000000000000e+00 -1.393200512748255332e-08
8.050000000000000711e+00 -1.153962785440493273e-08
8.099999999999999645e+00 -9.524300613380503022e-09
8.150000000000000355e+00 -7.830642295583448688e-09
8.200000000000001066e+00 -6.411653669154060475e-09
8.250000000000000000e+00 -5.227427749242907349e-09
8.300000000000000711e+00 -4.243998462290731114e-09
8.349999999999999645e+00 -3.432328690525489678e-09
8.400000000000000355e+00 -2.767437085487715461e-09
8.450000000000001066e+00 -2.227660910571778940e-09
8.500000000000000000e+00 -1.794049744576068721e-09
8.550000000000000711e+00 -1.449882316076198616e-09
8.599999999999999645e+00 -1.180296212377282980e-09
8.650000000000000355e+00 -9.720178984719487088e-10
8.700000000000001066e+00 -8.131785533358004466e-10
8.750000000000000000e+00 -6.931998239936488521e-10
8.800000000000000711e+00 -6.027328222137751968e-10
8.849999999999999645e+00 -5.336336101822233392e-10
8.900000000000000355e+00 -4.789590631407483500e-10
8.950000000000001066e+00 -4.329683343180164494e-10
9.000000000000000000e+00 -3.911171152337951145e-10
9.050000000000000711e+00 -3.500343683196447867e-10
9.099999999999999645e+00 -3.074740767014416370e-10
9.150000000000000355e+00 -2.622376371204830083e-10
9.200000000000001066e+00 -2.140656438531302143e-10
9.250000000000000000e+00 -1.635007966863224542e-10
9.300000000000000711e+00 -1.117263447252943153e-10
9.349999999999999645e+00 -6.038670661863979429e-11
9.400000000000000355e+00 -1.139856619132709225e-11
9.450000000000001066e+00 3.323825003321339950e-11
9.500000000000000000e+00 7.162048680935654088e-11
9.550000000000000711e+00 1.021025104727002093e-10
9.600000000000001421e+00 1.234304493655963836e-10
9.650000000000000355e+00 1.348427486100420372e-10
9.700000000000001066e+00 1.361324736034344853e-10
9.750000000000000000e+00 1.276690075884168535e-10
9.800000000000000711e+00 1.103792409696721392e-10
9.850000000000001421e+00 8.569078315835335927e-11
9.900000000000000355e+00 5.544198121112352208e-11
9.950000000000001066e+00 2.176546186344696337e-11
1.000000000000000000e+01 -1.304659836980649446e-11
1.005000000000000071e+01 -4.668631110994328191e-11
1.010000000000000142e+01 -7.697348896667542438e-11
1.015000000000000036e+01 -1.019893292866349314e-10
1.020000000000000107e+01 -1.201918744383237917e-10
1.025000000000000000e+01 -1.305060835836265524e-10
1.030000000000000071e+01 -1.323831047247499789e-10
1.035000000000000142e+01 -1.258254042007534547e-10
1.040000000000000036e+01 -1.113766486936922325e-10
1.045000000000000107e+01 -9.007750769004031228e-11
1.050000000000000000e+01 -6.339069983355581946e-11
1.055000000000000071e+01 -3.310051627504147765e-11
1.060000000000000142e+01 -1.193597706314501480e-12
1.065000000000000036e+01 3.027117068598321424e-11
1.070000000000000107e+01 5.929521326808078443e-11
1.075000000000000000e+01 8.406680954320148198e-11
1.080000000000000071e+01 1.030736890285846634e-10
1.085000000000000142e+01 1.151947433172370092e-10
1.090000000000000036e+01 1.197653601223261578e-10
1.095000000000000107e+01 1.166126450498902034e-10
1.100000000000000000e+01 1.060587698673746759e-10
1.105000000000000071e+01 8.889273818436352065e-11
1.110000000000000142e+01 6.631286205292074021e-11
1.115000000000000036e+01 3.984406791811405410e-11
1.120000000000000107e+01 1.123568627981373883e-11
1.125000000000000000e+01 -1.765346833395225239e-11
1.130000000000000071e+01 -4.497521887526970898e-11
1.135000000000000142e+01 -6.900962503308799938e-11
1.140000000000000036e+01 -8.827261686965216926e-11
1.145000000000000107e+01 -1.016069667346538356e-10
1.150000000000000000e+01 -1.082510656160152722e-10
1.155000000000000071e+01 -1.078814654071838626e-10
1.160000000000000142e+01 -1.006268778049468436e-10
1.165000000000000036e+01 -8.705317103495782975e-11
1.170000000000000107e+01 -6.812075520537702566e-11
1.175000000000000000e+01 -4.511748354109181224e-11
1.180000000000000071e+01 -1.957170458363287623e-11
1.185000000000000142e+01 6.848705047807194861e-12
1.190000000000000036e+01 3.244469445722605647e-11
1.195000000000000107e+01 5.559477433365214227e-11
1.200000000000000000e+01 7.485720999153502687e-11
1.205000000000000071e+01 8.905926516721902912e-11
1.210000000000000142e+01 9.736800758788974853e-11
1.215000000000000036e+01 9.933844102004767970e-11
1.220000000000000107e+01 9.493623156128557543e-11
1.225000000000000000e+01 8.453395181568562352e-11
1.230000000000000071e+01 6.888146627440768657e-11
1.235000000000000142e+01 4.905271661119325203e-11
1.240000000000000036e+01 2.637263340557227637e-11
1.245000000000000107e+01 2.329111834681079351e-12
1.250000000000000000e+01 -2.152413343671357000e-11
1.255000000000000071e+01 -4.366752091200274271e-11
1.260000000000000142e+01 -6.271196154617077312e-11
1.265000000000000036e+01 -7.748554342802261872e-11
1.270000000000000107e+01 -8.710516130109197407e-11
1.275000000000000000e+01 -9.102874539290634546e-11
1.280000000000000071e+01 -8.908503783384815087e-11
1.285000000000000142e+01 -8.147933670901003347e-11
1.290000000000000036e+01 -6.877517801279266062e-11
1.295000000000000107e+01 -5.185345684547934573e-11
1.300000000000000000e+01 -3.185190298827808668e-11
1.305000000000000071e+01 -1.008903519239325319e-11
1.310000000000000142e+01 1.202235135889282281e-11
1.315000000000000036e+01 3.306651403000053473e-11
1.320000000000000107e+01 5.171502927492691488e-11
1.325000000000000000e+01 6.681026585928116989e-11
1.330000000000000071e+01 7.743684442594876605e-11
1.335000000000000142e+01 8.297669886052268713e-11
1.340000000000000036e+01 8.314445688477256857e-11
1.345000000000000107e+01 7.800115407976798237e-11
1.350000000000000000e+01 6.794570080729076509e-11
1.355000000000000071e+01 5.368494384893141659e-11
1.360000000000000142e+01 3.618451554761538253e-11
1.365000000000000036e+01 1.660385531710984203e-11
1.370000000000000107e+01 -3.780249115677859958e-12
1.375000000000000000e+01 -2.365658209546681130e-11
1.380000000000000071e+01 -4.176351793387353535e-11
1.385000000000000142e+01 -5.696877385102496685e-11
1.390000000000000036e+01 -6.833987804095905070e-11
1.395000000000000107e+01 -7.520098857339010844e-11
1.400000000000000000e+01 -7.717262547010479797e-11
1.405000000000000071e+01 -7.419200982501835684e-11
1.410000000000000142e+01 -6.651296705705226098e-11
1.415000000000000036e+01 -5.468566657886819786e-11
1.420000000000000107e+01 -3.951774749053358824e-11
1.425000000000000000e+01 -2.201954543387219102e-11
1.430000000000000071e+01 -3.337111577136460307e-12
1.435000000000000142e+01 1.532255569010738883e-11
1.440000000000000036e+01 3.276920792719586189e-11
1.445000000000000107e+01 4.790498860456775094e-11
1.450000000000000000e+01 5.979323125093635915e-11
1.455000000000000071e+01 6.771612117067918402e-11
1.460000000000000142e+01 7.121769044337856490e-11
1.465000000000000036e+01 7.012959469939412549e-11
1.470000000000000107e+01 6.457824654642680820e-11
1.475000000000000000e+01 5.497308575839129287e-11
1.480000000000000071e+01 4.197696855881812962e-11
1.485000000000000142e+01 2.646078335054962575e-11
1.490000000000000036e+01 9.445379036863830797e-12
1.495000000000000107e+01 -7.965341063677512072e-12
