0.000000000000000000e+00 -3.586373940509438646e-06
5.000000000000000278e-02 4.777173956465656605e-05
1.000000000000000056e-01 9.514900740194027345e-05
1.500000000000000222e-01 1.416150495743238045e-04
2.000000000000000111e-01 1.868042557295386693e-04
2.500000000000000000e-01 2.302900752905457087e-04
3.000000000000000444e-01 2.716914639905522086e-04
3.500000000000000333e-01 3.106435713918643117e-04
4.000000000000000222e-01 3.468139085929031868e-04
4.500000000000000111e-01 3.799034175817546681e-04
5.000000000000000000e-01 4.096440933318810929e-04
5.500000000000000444e-01 4.358100219326589936e-04
6.000000000000000888e-01 4.582153842345434232e-04
6.500000000000000222e-01 4.767154861187138646e-04
7.000000000000000666e-01 4.912130033688567356e-04
7.500000000000000000e-01 5.016399440555580243e-04
8.000000000000000444e-01 5.079868951019921855e-04
8.500000000000000888e-01 5.103020430402167027e-04
9.000000000000000222e-01 5.086264401973522890e-04
9.500000000000000666e-01 5.030752274115569966e-04
1.000000000000000000e+00 4.938110602934267512e-04
1.050000000000000044e+00 4.809908081709399338e-04
1.100000000000000089e+00 4.648678043416292643e-04
1.150000000000000133e+00 4.456328354363673890e-04
1.200000000000000178e+00 4.235820392819183056e-04
1.250000000000000000e+00 3.990017655626973392e-04
1.300000000000000044e+00 3.721737806521117496e-04
1.350000000000000089e+00 3.434552598879788646e-04
1.400000000000000133e+00 3.131130638775747881e-04
1.450000000000000178e+00 2.815312894235564765e-04
1.500000000000000000e+00 2.489823348844930431e-04
1.550000000000000044e+00 2.158270857141618209e-04
1.600000000000000089e+00 1.823837943020873657e-04
1.650000000000000133e+00 1.489295381826008979e-04
1.700000000000000178e+00 1.158169652141260498e-04
1.750000000000000000e+00 8.324355101848953287e-05
1.800000000000000044e+00 5.150467813643812390e-05
1.850000000000000089e+00 2.085155403747088721e-05
1.900000000000000133e+00 -8.513078397047882934e-06
1.950000000000000178e+00 -3.640377249892654508e-05
2.000000000000000000e+00 -6.265714377823190784e-05
2.050000000000000266e+00 -8.712102876000213283e-05
2.100000000000000089e+00 -1.096935239717760507e-04
2.149999999999999911e+00 -1.302808221885636572e-04
2.200000000000000178e+00 -1.488313529406933120e-04
2.250000000000000000e+00 -1.652891924411006212e-04
2.300000000000000266e+00 -1.796252748023687831e-04
2.350000000000000089e+00 -1.918872249110637460e-04
2.400000000000000355e+00 -2.020573822143908679e-04
2.450000000000000178e+00 -2.102035501295209372e-04
2.500000000000000000e+00 -2.163831973409774672e-04
2.550000000000000266e+00 -2.206793432246761846e-04
2.600000000000000089e+00 -2.231761581561606455e-04
2.650000000000000355e+00 -2.239627884968268807e-04
2.700000000000000178e+00 -2.231602884016739325e-04
2.750000000000000000e+00 -2.209133751149842039e-04
2.800000000000000266e+00 -2.172931822869939792e-04
2.850000000000000089e+00 -2.124782465738108425e-04
2.900000000000000355e+00 -2.065873936973473932e-04
2.950000000000000178e+00 -1.997284011195943907e-04
3.000000000000000000e+00 -1.920566031273133838e-04
3.050000000000000266e+00 -1.836662560506994416e-04
3.100000000000000089e+00 -1.747199883757617062e-04
3.150000000000000355e+00 -1.653175279599657067e-04
3.200000000000000178e+00 -1.555732991979615412e-04
3.250000000000000000e+00 -1.455933397009097493e-04
3.300000000000000266e+00 -1.354875988333896128e-04
3.350000000000000089e+00 -1.253304388248209847e-04
3.400000000000000355e+00 -1.152202729296101033e-04
3.450000000000000178e+00 -1.052327857432672697e-04
3.500000000000000000e+00 -9.542577328051526540e-05
3.550000000000000266e+00 -8.586961410541875286e-05
3.600000000000000089e+00 -7.660980268012006862e-05
3.650000000000000355e+00 -6.770319391128596645e-05
3.700000000000000178e+00 -5.917856419514314114e-05
3.750000000000000000e+00 -5.105855574271325335e-05
3.800000000000000266e+00 -4.337663429872339450e-05
3.850000000000000089e+00 -3.615165307502416750e-05
3.900000000000000355e+00 -2.938129107556553863e-05
3.950000000000000178e+00 -2.307947508670217708e-05
4.000000000000000000e+00 -1.725410796497243299e-05
4.049999999999999822e+00 -1.187675936322712217e-05
4.100000000000000533e+00 -6.972642962183603441e-06
4.150000000000000355e+00 -2.507118624175594911e-06
4.200000000000000178e+00 1.528468439850212527e-06
4.250000000000000000e+00 5.145768256125973254e-06
4.299999999999999822e+00 8.361082425150892532e-06
4.350000000000000533e+00 1.120534606833166415e-05
4.400000000000000355e+00 1.368837225606993976e-05
4.450000000000000178e+00 1.583860920996143503e-05
4.500000000000000000e+00 1.767456241338641481e-05
4.549999999999999822e+00 1.921488234801310059e-05
4.600000000000000533e+00 2.049215083044149285e-05
4.650000000000000355e+00 2.152105444699443511e-05
4.700000000000000178e+00 2.232241741795012692e-05
4.750000000000000000e+00 2.292059189013154972e-05
4.800000000000000711e+00 2.333465596986388743e-05
4.850000000000000533e+00 2.358277808555625732e-05
4.900000000000000355e+00 2.368342445151444290e-05
4.950000000000000178e+00 2.365414964719707706e-05
5.000000000000000000e+00 2.351125940059280850e-05
5.050000000000000711e+00 2.326876766048512445e-05
5.100000000000000533e+00 2.294073613681715324e-05
5.150000000000000355e+00 2.254052452308515363e-05
5.200000000000000178e+00 2.207835009223007536e-05
5.250000000000000000e+00 2.156914364172506370e-05
5.300000000000000711e+00 2.101713004990884938e-05
5.350000000000000533e+00 2.043378147548299402e-05
5.400000000000000355e+00 1.982681703550392925e-05
5.450000000000000178e+00 1.920340255403321425e-05
5.500000000000000000e+00 1.856825162278142750e-05
5.550000000000000711e+00 1.792869307319103699e-05
5.600000000000000533e+00 1.728777262780689609e-05
5.650000000000000355e+00 1.664930978081104198e-05
5.700000000000000178e+00 1.601813347989900350e-05
5.750000000000000000e+00 1.539509075620918932e-05
5.800000000000000711e+00 1.478465623362147912e-05
5.850000000000000533e+00 1.418830939276153465e-05
5.900000000000000355e+00 1.360687769471454840e-05
5.950000000000000178e+00 1.304240259198010651e-05
6.000000000000000000e+00 1.249486902307439191e-05
6.050000000000000711e+00 1.196561853682638710e-05
6.100000000000000533e+00 1.145563913273432942e-05
6.150000000000000355e+00 1.096386381481114034e-05
6.200000000000000178e+00 1.049097050502855609e-05
6.250000000000000000e+00 1.003732822068731716e-05
6.300000000000000711e+00 9.601999324126221690e-06
6.350000000000000533e+00 9.184959385044894962e-06
6.400000000000000355e+00 8.786045987039915883e-06
6.450000000000000178e+00 8.404357065416479276e-06
6.500000000000000000e+00 8.039444291087932500e-06
6.550000000000000711e+00 7.691699731147584861e-06
6.600000000000000533e+00 7.359368033324200782e-06
6.650000000000000355e+00 7.042101676807758179e-06
6.700000000000000178e+00 6.739899840922434864e-06
6.750000000000000000e+00 6.451506942407284744e-06
6.800000000000000711e+00 6.176998887573660041e-06
6.850000000000000533e+00 5.915005534173648607e-06
6.900000000000000355e+00 5.665407829015223219e-06
6.950000000000000178e+00 5.427652365427398038e-06
7.000000000000000000e+00 5.201096337789903758e-06
7.050000000000000711e+00 4.985013676784415800e-06
7.100000000000000533e+00 4.779375441190724389e-06
7.150000000000000355e+00 4.583073610263541586e-06
7.200000000000000178e+00 4.396254371191292567e-06
7.250000000000000000e+00 4.217704563015829362e-06
7.300000000000000711e+00 4.047785934430844611e-06
7.350000000000000533e+00 3.885718052888561031e-06
7.400000000000000355e+00 3.730846447930947186e-06
7.450000000000000178e+00 3.583252751269738365e-06
7.500000000000000000e+00 3.442445977761997281e-06
7.550000000000000711e+00 3.307998524688610755e-06
7.600000000000000533e+00 3.179451353121907778e-06
7.650000000000000355e+00 3.056814318852869594e-06
7.700000000000000178e+00 2.939756377424321414e-06
7.750000000000000000e+00 2.827757878827518303e-06
7.800000000000000711e+00 2.720646601748435564e-06
7.850000000000000533e+00 2.618362321412293926e-06
7.900000000000000355e+00 2.520480230647058119e-06
7.950000000000000178e+00 2.426823545742337945e-06
8.000000000000000000e+00 2.337345542803969240e-06
8.050000000000000711e+00 2.251419327970275467e-06
8.099999999999999645e+00 2.169240369496162813e-06
8.150000000000000355e+00 2.090689476996755014e-06
8.200000000000001066e+00 2.015229719001144037e-06
8.250000000000000000e+00 1.943156621646481766e-06
8.300000000000000711e+00 1.874026131060150987e-06
8.349999999999999645e+00 1.807527193948059541e-06
8.400000000000000355e+00 1.743992657845039552e-06
8.450000000000001066e+00 1.682980706925104311e-06
8.500000000000000000e+00 1.624460408209933119e-06
8.550000000000000711e+00 1.568307596513038864e-06
8.599999999999999645e+00 1.514383301380079720e-06
8.650000000000000355e+00 1.462607383519808425e-06
8.700000000000001066e+00 1.412847592000556397e-06
8.750000000000000000e+00 1.365100508285298489e-06
8.800000000000000711e+00 1.319343978355665625e-06
8.849999999999999645e+00 1.275188878885577372e-06
8.900000000000000355e+00 1.232779159802759354e-06
8.950000000000001066e+00 1.192029556648181843e-06
9.000000000000000000e+00 1.152823322110996365e-06
9.050000000000000711e+00 1.115122873490581778e-06
9.099999999999999645e+00 1.078907837074846908e-06
9.150000000000000355e+00 1.043976916750596332e-06
9.200000000000001066e+00 1.010412687026368625e-06
9.250000000000000000e+00 9.780922245996023013e-07
9.300000000000000711e+00 9.469126066888602154e-07
9.349999999999999645e+00 9.169797915139356847e-07
9.400000000000000355e+00 8.881131205595480244e-07
9.450000000000001066e+00 8.602545487405550006e-07
9.500000000000000000e+00 8.334705962912260237e-07
9.550000000000000711e+00 8.076268696906481767e-07
9.600000000000001421e+00 7.826839632935646729e-07
9.650000000000000355e+00 7.587154843624183826e-07
9.700000000000001066e+00 7.355476924844331617e-07
9.750000000000000000e+00 7.131814164700775959e-07
9.800000000000000711e+00 6.916460968716735615e-07
9.850000000000001421e+00 6.708401859364296249e-07
9.900000000000000355e+00 6.507652759250946658e-07
9.950000000000001066e+00 6.314084202209202216e-07
1.000000000000000000e+01 6.127007984479739248e-07
1.005000000000000071e+01 5.946104321962395683e-07
1.010000000000000142e+01 5.771611880463003920e-07
1.015000000000000036e+01 5.603144731249947916e-07
1.020000000000000107e+01 5.440260335838891302e-07
1.025000000000000000e+01 5.283064590075778910e-07
1.030000000000000071e+01 5.131126478412876686e-07
1.035000000000000142e+01 4.983830430685094745e-07
1.040000000000000036e+01 4.841883670858632026e-07
1.045000000000000107e+01 4.704997556320918740e-07
1.050000000000000000e+01 4.571738408415799245e-07
1.055000000000000071e+01 4.443323297988578825e-07
1.060000000000000142e+01 4.319289063529779314e-07
1.065000000000000036e+01 4.198936853416468846e-07
1.070000000000000107e+01 4.082518041563153235e-07
1.075000000000000000e+01 3.970212540265836926e-07
1.080000000000000071e+01 3.861158436712437801e-07
1.085000000000000142e+01 3.755576877582795478e-07
1.090000000000000036e+01 3.653411071059498522e-07
1.095000000000000107e+01 3.554248868342209169e-07
1.100000000000000000e+01 3.458631661748541741e-07
1.105000000000000071e+01 3.365798354237580871e-07
1.110000000000000142e+01 3.275850560058429353e-07
1.115000000000000036e+01 3.188655956490836814e-07
1.120000000000000107e+01 3.104085474466573690e-07
1.125000000000000000e+01 3.022154343952404188e-07
1.130000000000000071e+01 2.942904323104659530e-07
1.135000000000000142e+01 2.865986129963128491e-07
1.140000000000000036e+01 2.791253600879934770e-07
1.145000000000000107e+01 2.718892294097230620e-07
1.150000000000000000e+01 2.648755786420710117e-07
1.155000000000000071e+01 2.580701500001830606e-07
1.160000000000000142e+01 2.514750666056275727e-07
1.165000000000000036e+01 2.450631996082921146e-07
1.170000000000000107e+01 2.388449631592818363e-07
1.175000000000000000e+01 2.328069332603090238e-07
1.180000000000000071e+01 2.269567191653223009e-07
1.185000000000000142e+01 2.212759838760581659e-07
1.190000000000000036e+01 2.157570765750297853e-07
1.195000000000000107e+01 2.104001020588865552e-07
1.200000000000000000e+01 2.051875659340103743e-07
1.205000000000000071e+01 2.001372722471170926e-07
1.210000000000000142e+01 1.952417552197561405e-07
1.215000000000000036e+01 1.904618863993129689e-07
1.220000000000000107e+01 1.858253008829258503e-07
1.225000000000000000e+01 1.813177515151393719e-07
1.230000000000000071e+01 1.769421354041211766e-07
1.235000000000000142e+01 1.726893414575810797e-07
1.240000000000000036e+01 1.685575668569297665e-07
1.245000000000000107e+01 1.645333198305439694e-07
1.250000000000000000e+01 1.606174151627979174e-07
1.255000000000000071e+01 1.568152244320609286e-07
1.260000000000000142e+01 1.531181910620507614e-07
1.265000000000000036e+01 1.495202497416308223e-07
1.270000000000000107e+01 1.460199947238175374e-07
1.275000000000000000e+01 1.426182727419443961e-07
1.280000000000000071e+01 1.393058706759546010e-07
1.285000000000000142e+01 1.360892685663023408e-07
1.290000000000000036e+01 1.329528147700717451e-07
1.295000000000000107e+01 1.298997781798601478e-07
1.300000000000000000e+01 1.269376327248017883e-07
1.305000000000000071e+01 1.240510893609368147e-07
1.310000000000000142e+01 1.212348540659631538e-07
1.315000000000000036e+01 1.184975098278529175e-07
