0.000000000000000000e+00 7.754102005033189360e-02
5.000000000000000278e-02 7.756350043722863574e-02
1.000000000000000056e-01 7.763072973334159133e-02
1.500000000000000222e-01 7.774207271536462405e-02
2.000000000000000111e-01 7.789647194916012041e-02
2.500000000000000000e-01 7.809244982342657126e-02
3.000000000000000444e-01 7.832811164450045882e-02
3.500000000000000333e-01 7.860115002720184652e-02
4.000000000000000222e-01 7.890885086602604515e-02
4.500000000000000111e-01 7.924810125222449264e-02
5.000000000000000000e-01 7.961539941040030044e-02
5.500000000000000444e-01 8.000686769229409245e-02
6.000000000000000888e-01 8.041826803902236975e-02
6.500000000000000222e-01 8.084502045918276480e-02
7.000000000000000666e-01 8.128222784063322826e-02
7.500000000000000000e-01 8.172469669686602267e-02
8.000000000000000444e-01 8.216697471631007055e-02
8.500000000000000888e-01 8.260337817681855099e-02
9.000000000000000222e-01 8.302803320176327384e-02
9.500000000000000666e-01 8.343491670917287106e-02
1.000000000000000000e+00 8.381790163319872977e-02
1.050000000000000044e+00 8.417080534182359852e-02
1.100000000000000089e+00 8.448744080814406254e-02
1.150000000000000133e+00 8.476166999756648557e-02
1.200000000000000178e+00 8.498745884751740531e-02
1.250000000000000000e+00 8.515893314264420810e-02
1.300000000000000044e+00 8.527043428646118028e-02
1.350000000000000089e+00 8.531657581943266622e-02
1.400000000000000133e+00 8.529229512822616988e-02
1.450000000000000178e+00 8.519290691369700574e-02
1.500000000000000000e+00 8.501415095299105773e-02
1.550000000000000044e+00 8.475223656031463659e-02
1.600000000000000089e+00 8.440388284470701219e-02
1.650000000000000133e+00 8.396635619282093177e-02
1.700000000000000178e+00 8.343748749708844448e-02
1.750000000000000000e+00 8.281571085391901954e-02
1.800000000000000044e+00 8.210006978407774492e-02
1.850000000000000089e+00 8.129022839291989710e-02
1.900000000000000133e+00 8.038647344008366391e-02
1.950000000000000178e+00 7.938970953647538076e-02
2.000000000000000000e+00 7.830144684013286283e-02
2.050000000000000266e+00 7.712378505949771257e-02
2.100000000000000089e+00 7.585938535348472900e-02
2.149999999999999911e+00 7.451144397788624085e-02
2.200000000000000178e+00 7.308365536626564019e-02
2.250000000000000000e+00 7.158017313843320628e-02
2.300000000000000266e+00 7.000554494837327169e-02
2.350000000000000089e+00 6.836475468241384745e-02
2.400000000000000355e+00 6.666304090604464883e-02
2.450000000000000178e+00 6.490593613491230096e-02
2.500000000000000000e+00 6.309919407091703347e-02
2.550000000000000266e+00 6.124873916444524558e-02
2.600000000000000089e+00 5.936062769420151486e-02
2.650000000000000355e+00 5.744094563546946197e-02
2.700000000000000178e+00 5.549586886970434008e-02
2.750000000000000000e+00 5.353151376169822118e-02
2.800000000000000266e+00 5.155394690607029151e-02
2.850000000000000089e+00 4.956913747471310833e-02
2.900000000000000355e+00 4.758292190801743926e-02
2.950000000000000178e+00 4.560097215186482977e-02
3.000000000000000000e+00 4.362876745724051514e-02
3.050000000000000266e+00 4.167156958062763483e-02
3.100000000000000089e+00 3.973440132771243610e-02
3.150000000000000355e+00 3.782202830069483768e-02
3.200000000000000178e+00 3.593894366582449373e-02
3.250000000000000000e+00 3.408935571458821673e-02
3.300000000000000266e+00 3.227717787197353916e-02
3.350000000000000089e+00 3.050602204588396399e-02
3.400000000000000355e+00 2.877919114410713852e-02
3.450000000000000178e+00 2.709967769732391299e-02
3.500000000000000000e+00 2.547016065135032301e-02
3.550000000000000266e+00 2.389299247445423116e-02
3.600000000000000089e+00 2.237025003563228309e-02
3.650000000000000355e+00 2.090366195268774166e-02
3.700000000000000178e+00 1.949466071662341385e-02
3.750000000000000000e+00 1.814437486065269972e-02
3.800000000000000266e+00 1.685363276353936055e-02
3.850000000000000089e+00 1.562297036747125126e-02
3.900000000000000355e+00 1.445263710001951779e-02
3.950000000000000178e+00 1.334260410577248895e-02
4.000000000000000000e+00 1.229257401412295857e-02
4.049999999999999822e+00 1.130199037838420725e-02
4.100000000000000533e+00 1.037005060785674108e-02
4.150000000000000355e+00 9.495718543413533136e-03
4.200000000000000178e+00 8.677737211347921406e-03
4.250000000000000000e+00 7.914646382621142243e-03
4.299999999999999822e+00 7.204800871331608347e-03
4.350000000000000533e+00 6.546398944855187294e-03
4.400000000000000355e+00 5.937447189694864194e-03
4.450000000000000178e+00 5.375865849715673328e-03
4.500000000000000000e+00 4.859452771400120212e-03
4.549999999999999822e+00 4.385919363683717098e-03
4.600000000000000533e+00 3.952912280399955257e-03
4.650000000000000355e+00 3.558035998627122592e-03
4.700000000000000178e+00 3.198874332352083776e-03
4.750000000000000000e+00 2.873011916461562423e-03
4.800000000000000711e+00 2.578054883431458392e-03
4.850000000000000533e+00 2.311650336110983826e-03
4.900000000000000355e+00 2.071504639298188660e-03
4.950000000000000178e+00 1.855399855795425608e-03
5.000000000000000000e+00 1.661208616412929119e-03
5.050000000000000711e+00 1.486906820109611810e-03
5.100000000000000533e+00 1.330584194872637231e-03
5.150000000000000355e+00 1.190452584506691142e-03
5.200000000000000178e+00 1.064851862994116395e-03
5.250000000000000000e+00 9.522537414541924414e-04
5.300000000000000711e+00 8.512628500152733197e-04
5.350000000000000533e+00 7.606160525940695990e-04
5.400000000000000355e+00 6.791795950841551539e-04
5.450000000000000178e+00 6.059442571801905257e-04
5.500000000000000000e+00 5.400190501505597925e-04
5.550000000000000711e+00 4.806234539294401069e-04
5.600000000000000533e+00 4.270784664772276197e-04
5.650000000000000355e+00 3.787970403256611576e-04
5.700000000000000178e+00 3.352737460766514409e-04
5.750000000000000000e+00 2.960743241768617443e-04
5.800000000000000711e+00 2.608252432249148832e-04
5.850000000000000533e+00 2.292015580717947799e-04
5.900000000000000355e+00 2.009259187443619384e-04
5.950000000000000178e+00 1.757456364668486990e-04
