0.000000000000000000e+00 1.223327129984309591e-01
5.000000000000000278e-02 1.223257036901358591e-01
1.000000000000000056e-01 1.223046575788327983e-01
1.500000000000000222e-01 1.222695202914797913e-01
2.000000000000000111e-01 1.222202016950941633e-01
2.500000000000000000e-01 1.221565768297034060e-01
3.000000000000000444e-01 1.220784870419228119e-01
3.500000000000000333e-01 1.219857413842890675e-01
4.000000000000000222e-01 1.218781185381293958e-01
4.500000000000000111e-01 1.217553684470048664e-01
5.000000000000000000e-01 1.216172152901065645e-01
5.500000000000000444e-01 1.214633595947193084e-01
6.000000000000000888e-01 1.212934813409693863e-01
6.500000000000000222e-01 1.211072420780694575e-01
7.000000000000000666e-01 1.209042899125300358e-01
7.500000000000000000e-01 1.206842610753410538e-01
8.000000000000000444e-01 1.204467843128238375e-01
8.500000000000000888e-01 1.201914843148334661e-01
9.000000000000000222e-01 1.199179854091672881e-01
9.500000000000000666e-01 1.196259154991371060e-01
1.000000000000000000e+00 1.193149090684483271e-01
1.050000000000000044e+00 1.189846122737062833e-01
1.100000000000000089e+00 1.186346858135487459e-01
1.150000000000000133e+00 1.182648089988883461e-01
1.200000000000000178e+00 1.178746829848233285e-01
1.250000000000000000e+00 1.174640358779162758e-01
1.300000000000000044e+00 1.170326238828807291e-01
1.350000000000000089e+00 1.165802367864438444e-01
1.400000000000000133e+00 1.161067002608579118e-01
1.450000000000000178e+00 1.156118793735431138e-01
1.500000000000000000e+00 1.150956805522505705e-01
1.550000000000000044e+00 1.145580556811764128e-01
1.600000000000000089e+00 1.139990036687601321e-01
1.650000000000000133e+00 1.134185729045346647e-01
1.700000000000000178e+00 1.128168632307777891e-01
1.750000000000000000e+00 1.121940272747475181e-01
1.800000000000000044e+00 1.115502733749478004e-01
1.850000000000000089e+00 1.108858638728978940e-01
1.900000000000000133e+00 1.102011185521095948e-01
1.950000000000000178e+00 1.094964137736077203e-01
2.000000000000000000e+00 1.087721824231540763e-01
2.050000000000000266e+00 1.080289138835580504e-01
2.100000000000000089e+00 1.072671533168830932e-01
2.149999999999999911e+00 1.064875014496852595e-01
2.200000000000000178e+00 1.056906092634763566e-01
2.250000000000000000e+00 1.048771817864312117e-01
2.300000000000000266e+00 1.040479721819156655e-01
2.350000000000000089e+00 1.032037797723866362e-01
2.400000000000000355e+00 1.023454472679001664e-01
2.450000000000000178e+00 1.014738580400218609e-01
2.500000000000000000e+00 1.005899309943285996e-01
2.550000000000000266e+00 9.969461778457709700e-02
2.600000000000000089e+00 9.878889844657985642e-02
2.650000000000000355e+00 9.787377677915375107e-02
2.700000000000000178e+00 9.695027581643801684e-02
2.750000000000000000e+00 9.601943308185612036e-02
2.800000000000000266e+00 9.508229574380334947e-02
2.850000000000000089e+00 9.413991571926051682e-02
2.900000000000000355e+00 9.319334477753163370e-02
2.950000000000000178e+00 9.224362965345586640e-02
3.000000000000000000e+00 9.129180752530709209e-02
3.050000000000000266e+00 9.033890040059906756e-02
3.100000000000000089e+00 8.938591253023735195e-02
3.150000000000000355e+00 8.843382400798191489e-02
3.200000000000000178e+00 8.748358944758660716e-02
3.250000000000000000e+00 8.653613039769855741e-02
3.300000000000000266e+00 8.559233600021010080e-02
3.350000000000000089e+00 8.465305780132495461e-02
3.400000000000000355e+00 8.371910757279744930e-02
3.450000000000000178e+00 8.279125493883214559e-02
3.500000000000000000e+00 8.187022605701393951e-02
3.550000000000000266e+00 8.095670080461545015e-02
3.600000000000000089e+00 8.005131314752166050e-02
3.650000000000000355e+00 7.915465007161909261e-02
3.700000000000000178e+00 7.826724987828467817e-02
3.750000000000000000e+00 7.738960427322874591e-02
3.800000000000000266e+00 7.652215693709182864e-02
3.850000000000000089e+00 7.566530517434674752e-02
3.900000000000000355e+00 7.481940040326665042e-02
3.950000000000000178e+00 7.398474940019540702e-02
4.000000000000000000e+00 7.316161562106317240e-02
4.049999999999999822e+00 7.235022112796654636e-02
4.100000000000000533e+00 7.155074759375040783e-02
4.150000000000000355e+00 7.076333925889759235e-02
4.200000000000000178e+00 6.998810384751838476e-02
4.250000000000000000e+00 6.922511524175550823e-02
4.299999999999999822e+00 6.847441543199890568e-02
4.350000000000000533e+00 6.773601743618858084e-02
4.400000000000000355e+00 6.700990609120013874e-02
4.450000000000000178e+00 6.629604145524729819e-02
4.500000000000000000e+00 6.559436020523401467e-02
4.549999999999999822e+00 6.490477816908121755e-02
4.600000000000000533e+00 6.422719197730866747e-02
4.650000000000000355e+00 6.356148157083890693e-02
4.700000000000000178e+00 6.290751153284354635e-02
4.750000000000000000e+00 6.226513334662327898e-02
4.800000000000000711e+00 6.163418679977408082e-02
4.850000000000000533e+00 6.101450161814634537e-02
4.900000000000000355e+00 6.040590045333369545e-02
4.950000000000000178e+00 5.980819610491517474e-02
5.000000000000000000e+00 5.922119799609734669e-02
5.050000000000000711e+00 5.864471028915992784e-02
5.100000000000000533e+00 5.807853361281978266e-02
5.150000000000000355e+00 5.752246633148972582e-02
5.200000000000000178e+00 5.697630546979633170e-02
5.250000000000000000e+00 5.643984695787967326e-02
5.300000000000000711e+00 5.591288731555085073e-02
5.350000000000000533e+00 5.539522341392050242e-02
5.400000000000000355e+00 5.488665343389941692e-02
5.450000000000000178e+00 5.438697768973645846e-02
5.500000000000000000e+00 5.389599725085182647e-02
5.550000000000000711e+00 5.341351846593996727e-02
5.600000000000000533e+00 5.293934838260885151e-02
5.650000000000000355e+00 5.247329797045172106e-02
5.700000000000000178e+00 5.201518151361366610e-02
5.750000000000000000e+00 5.156481679396272139e-02
5.800000000000000711e+00 5.112202547738038672e-02
5.850000000000000533e+00 5.068663288129349187e-02
5.900000000000000355e+00 5.025846802675400932e-02
5.950000000000000178e+00 4.983736413188440822e-02
