0.000000000000000000e+00 6.151852752227340154e-02
5.000000000000000278e-02 6.158451358702905776e-02
1.000000000000000056e-01 6.178177747592345642e-02
1.500000000000000222e-01 6.210824687939738020e-02
2.000000000000000111e-01 6.256050302593778312e-02
2.500000000000000000e-01 6.313383233715606779e-02
3.000000000000000444e-01 6.382229685564233534e-02
3.500000000000000333e-01 6.461882163401350132e-02
4.000000000000000222e-01 6.551529686366242000e-02
4.500000000000000111e-01 6.650269218696376605e-02
5.000000000000000000e-01 6.757118038785132896e-02
5.500000000000000444e-01 6.871026750809049177e-02
6.000000000000000888e-01 6.990892632323113254e-02
6.500000000000000222e-01 7.115573029495025903e-02
7.000000000000000666e-01 7.243898515735863741e-02
7.500000000000000000e-01 7.374685521684218314e-02
8.000000000000000444e-01 7.506748256731800295e-02
8.500000000000000888e-01 7.638909687801037629e-02
9.000000000000000222e-01 7.770011436985795050e-02
9.500000000000000666e-01 7.898922478355789589e-02
1.000000000000000000e+00 8.024546591582466804e-02
1.050000000000000044e+00 8.145828563417580048e-02
1.100000000000000089e+00 8.261759102233863505e-02
1.150000000000000133e+00 8.371378658383979432e-02
1.200000000000000178e+00 8.473780159525799716e-02
1.250000000000000000e+00 8.568110819702778880e-02
1.300000000000000044e+00 8.653573224517591145e-02
1.350000000000000089e+00 8.729425841629123717e-02
1.400000000000000133e+00 8.794983141294360207e-02
1.450000000000000178e+00 8.849615511796816991e-02
1.500000000000000000e+00 8.892749154660879729e-02
1.550000000000000044e+00 8.923866102831440328e-02
1.600000000000000089e+00 8.942504494860792352e-02
1.650000000000000133e+00 8.948259216353336709e-02
1.700000000000000178e+00 8.940782966515375962e-02
1.750000000000000000e+00 8.919787781926512282e-02
1.800000000000000044e+00 8.885047018960909315e-02
1.850000000000000089e+00 8.836397744334213711e-02
1.900000000000000133e+00 8.773743483464051252e-02
1.950000000000000178e+00 8.697057028093929665e-02
2.000000000000000000e+00 8.606383738185809096e-02
2.050000000000000266e+00 8.501844204692686480e-02
2.100000000000000089e+00 8.383637122837905853e-02
2.149999999999999911e+00 8.252041508229833455e-02
2.200000000000000178e+00 8.107418393989983263e-02
2.250000000000000000e+00 7.950211749283539464e-02
2.300000000000000266e+00 7.780948294088382844e-02
2.350000000000000089e+00 7.600236631708247315e-02
2.400000000000000355e+00 7.408764932024454464e-02
2.450000000000000178e+00 7.207297302741944023e-02
2.500000000000000000e+00 6.996669151401255227e-02
2.550000000000000266e+00 6.777781132668007913e-02
2.600000000000000089e+00 6.551591913586142513e-02
2.650000000000000355e+00 6.319109795267913166e-02
2.700000000000000178e+00 6.081383326882074808e-02
2.750000000000000000e+00 5.839491070951331048e-02
2.800000000000000266e+00 5.594530681409243950e-02
2.850000000000000089e+00 5.347607520651151414e-02
2.900000000000000355e+00 5.099823030316739253e-02
2.950000000000000178e+00 4.852263087626171312e-02
3.000000000000000000e+00 4.605986597744796129e-02
3.050000000000000266e+00 4.362014520327402861e-02
3.100000000000000089e+00 4.121319578436385966e-02
3.150000000000000355e+00 3.884816863276573107e-02
3.200000000000000178e+00 3.653355461911208385e-02
3.250000000000000000e+00 3.427711301013336431e-02
3.300000000000000266e+00 3.208581321144245851e-02
3.350000000000000089e+00 2.996579031563604070e-02
3.400000000000000355e+00 2.792231530173312770e-02
3.450000000000000178e+00 2.595977960524262912e-02
3.500000000000000000e+00 2.408169407603755197e-02
3.550000000000000266e+00 2.229070155289719982e-02
3.600000000000000089e+00 2.058860210326246554e-02
3.650000000000000355e+00 1.897638985568493239e-02
3.700000000000000178e+00 1.745429989992447473e-02
3.750000000000000000e+00 1.602186354349552366e-02
3.800000000000000266e+00 1.467797141947264905e-02
3.850000000000000089e+00 1.342093954171960646e-02
3.900000000000000355e+00 1.224858106664159126e-02
3.950000000000000178e+00 1.115827716839007042e-02
4.000000000000000000e+00 1.014705070326347124e-02
4.049999999999999822e+00 9.211636165989691219e-03
4.100000000000000533e+00 8.348547146692329723e-03
4.150000000000000355e+00 7.554140288415837207e-03
4.200000000000000178e+00 6.824674174844933862e-03
4.250000000000000000e+00 6.156362392102855685e-03
4.299999999999999822e+00 5.545420758905956864e-03
4.350000000000000533e+00 4.988107966111747331e-03
4.400000000000000355e+00 4.480760038216573433e-03
4.450000000000000178e+00 4.019818626506635288e-03
4.500000000000000000e+00 3.601852479681007593e-03
4.549999999999999822e+00 3.223575131476909880e-03
4.600000000000000533e+00 2.881855587125151455e-03
4.650000000000000355e+00 2.573726981926716291e-03
4.700000000000000178e+00 2.296388183590605727e-03
4.750000000000000000e+00 2.047205773389293437e-03
4.800000000000000711e+00 1.823710599297875302e-03
4.850000000000000533e+00 1.623595549915117812e-03
4.900000000000000355e+00 1.444709224611978506e-03
4.950000000000000178e+00 1.285050309575912469e-03
5.000000000000000000e+00 1.142761029003006544e-03
5.050000000000000711e+00 1.016120733212764289e-03
5.100000000000000533e+00 9.035393686050503153e-04
5.150000000000000355e+00 8.035515293840148196e-04
5.200000000000000178e+00 7.148105801060353334e-04
5.250000000000000000e+00 6.360832839043823860e-04
5.300000000000000711e+00 5.662447449504260343e-04
5.350000000000000533e+00 5.042735221506025557e-04
5.400000000000000355e+00 4.492470443164142029e-04
5.450000000000000178e+00 4.003369013024966091e-04
5.500000000000000000e+00 3.568041426671711620e-04
5.550000000000000711e+00 3.179943415999182113e-04
5.600000000000000533e+00 2.833326360267219754e-04
5.650000000000000355e+00 2.523175333991355194e-04
5.700000000000000178e+00 2.245161662059756214e-04
5.750000000000000000e+00 1.995572465284777539e-04
5.800000000000000711e+00 1.771257833502668238e-04
5.850000000000000533e+00 1.569551535110266620e-04
5.900000000000000355e+00 1.388213967350376626e-04
5.950000000000000178e+00 1.225363041877387121e-04
6.000000000000000000e+00 1.079411876495019776e-04
6.050000000000000711e+00 9.490062648960172177e-05
6.100000000000000533e+00 8.329700760328201652e-05
6.150000000000000355e+00 7.302531828940646828e-05
6.200000000000000178e+00 6.398888546494473193e-05
6.250000000000000000e+00 5.609574815938386908e-05
6.300000000000000711e+00 4.925587555331475427e-05
6.350000000000000533e+00 4.337913527849370133e-05
6.400000000000000355e+00 3.837425987823166846e-05
6.450000000000000178e+00 3.414831634098372125e-05
6.500000000000000000e+00 3.060705627506807465e-05
6.550000000000000711e+00 2.765576744840070593e-05
6.600000000000000533e+00 2.520059868851518499e-05
6.650000000000000355e+00 2.315021914157335041e-05
6.700000000000000178e+00 2.141760827126503721e-05
6.750000000000000000e+00 1.992199142627730507e-05
6.800000000000000711e+00 1.859057254780771112e-05
6.850000000000000533e+00 1.736008436721157079e-05
6.900000000000000355e+00 1.617810977297052234e-05
6.950000000000000178e+00 1.500377635568673548e-05
7.000000000000000000e+00 1.380859334358134700e-05
7.050000000000000711e+00 1.257510068577616418e-05
7.100000000000000533e+00 1.129798181534932472e-05
7.150000000000000355e+00 9.981786033655398868e-06
7.200000000000000178e+00 8.640648531698084622e-06
7.250000000000000000e+00 7.295122287005019408e-06
7.300000000000000711e+00 5.971165789472189518e-06
7.350000000000000533e+00 4.697770064253899799e-06
7.400000000000000355e+00 3.504669887558909412e-06
7.450000000000000178e+00 2.420923010832297342e-06
7.500000000000000000e+00 1.471968547399263156e-06
7.550000000000000711e+00 6.789265490912142587e-07
7.600000000000000533e+00 5.630110224982121917e-08
7.650000000000000355e+00 -3.877580174387255119e-07
7.700000000000000178e+00 -6.527232549837928579e-07
7.750000000000000000e+00 -7.455702425433066817e-07
7.800000000000000711e+00 -6.803623340460842388e-07
7.850000000000000533e+00 -4.776463674010953483e-07
7.900000000000000355e+00 -1.632227798730402180e-07
7.950000000000000178e+00 2.332024944090894822e-07
8.000000000000000000e+00 6.791848385937498181e-07
8.050000000000000711e+00 1.141824772471528725e-06
8.099999999999999645e+00 1.588897833121210859e-06
8.150000000000000355e+00 1.990611047822269511e-06
8.200000000000001066e+00 2.320999083620079839e-06
8.250000000000000000e+00 2.559123329127013452e-06
8.300000000000000711e+00 2.689961530025447066e-06
8.349999999999999645e+00 2.705001781589441695e-06
8.400000000000000355e+00 2.602397553669710174e-06
8.450000000000001066e+00 2.387070903745343247e-06
8.500000000000000000e+00 2.069996380339194428e-06
8.550000000000000711e+00 1.667615885981609385e-06
8.599999999999999645e+00 1.200727949002631788e-06
8.650000000000000355e+00 6.933081893733911293e-07
8.700000000000001066e+00 1.711454958951100184e-07
8.750000000000000000e+00 -3.395714843641532275e-07
8.800000000000000711e+00 -8.136715182237814000e-07
8.849999999999999645e+00 -1.228229985357124740e-06
8.900000000000000355e+00 -1.563877047194538090e-06
8.950000000000001066e+00 -1.805615682968749515e-06
9.000000000000000000e+00 -1.943561412901947901e-06
9.050000000000000711e+00 -1.973413923873066747e-06
9.099999999999999645e+00 -1.896468281552277339e-06
9.150000000000000355e+00 -1.719350608679963939e-06
9.200000000000001066e+00 -1.454146196636055727e-06
9.250000000000000000e+00 -1.116779204238623365e-06
9.300000000000000711e+00 -7.266897437240931278e-07
9.349999999999999645e+00 -3.057678380540337769e-07
9.400000000000000355e+00 1.234604598579872463e-07
9.450000000000001066e+00 5.378669770092798058e-07
9.500000000000000000e+00 9.163902265869972617e-07
9.550000000000000711e+00 1.239689542386680213e-06
9.600000000000001421e+00 1.491909102659846549e-06
9.650000000000000355e+00 1.661457274967397084e-06
9.700000000000001066e+00 1.740717417501533383e-06
9.750000000000000000e+00 1.727537721617647651e-06
9.800000000000000711e+00 1.624448194109215983e-06
9.850000000000001421e+00 1.438535190851931800e-06
9.900000000000000355e+00 1.181136710204409780e-06
9.950000000000001066e+00 8.670918386025097433e-07
1.000000000000000000e+01 5.138514453554658594e-07
1.005000000000000071e+01 1.406150014479287796e-07
1.010000000000000142e+01 -2.327980178492351799e-07
1.015000000000000036e+01 -5.869322659293959821e-07
1.020000000000000107e+01 -9.037150435111821205e-07
1.025000000000000000e+01 -1.167367839768921633e-06
1.030000000000000071e+01 -1.365180826211647042e-06
1.035000000000000142e+01 -1.488112981151769209e-06
1.040000000000000036e+01 -1.531190267691225052e-06
1.045000000000000107e+01 -1.493685259443427661e-06
1.050000000000000000e+01 -1.379073216718730848e-06
1.055000000000000071e+01 -1.194771252504230971e-06
1.060000000000000142e+01 -9.516854572522625103e-07
1.065000000000000036e+01 -6.635516101362778600e-07
1.070000000000000107e+01 -3.462235731839070292e-07
1.075000000000000000e+01 -1.672474647560687996e-08
1.080000000000000071e+01 3.075604114580144757e-07
1.085000000000000142e+01 6.098544935226623859e-07
1.090000000000000036e+01 8.747008781248817461e-07
1.095000000000000107e+01 1.089251406932712455e-06
1.100000000000000000e+01 1.243151148942739246e-06
1.105000000000000071e+01 1.329445282021694917e-06
1.110000000000000142e+01 1.344892941819676690e-06
1.115000000000000036e+01 1.290079697832999393e-06
1.120000000000000107e+01 1.168846918704246570e-06
1.125000000000000000e+01 9.887471715829474149e-07
1.130000000000000071e+01 7.602857793759566606e-07
1.135000000000000142e+01 4.961482990598412659e-07
1.140000000000000036e+01 2.106933611629769265e-07
1.145000000000000107e+01 -8.086486128257892807e-08
1.150000000000000000e+01 -3.632602330954745195e-07
1.155000000000000071e+01 -6.219667631908994820e-07
1.160000000000000142e+01 -8.439385113572368043e-07
1.165000000000000036e+01 -1.018245456995559946e-06
1.170000000000000107e+01 -1.136653831137875554e-06
1.175000000000000000e+01 -1.193946776951923550e-06
1.180000000000000071e+01 -1.188163721472470443e-06
1.185000000000000142e+01 -1.120741075594334376e-06
1.190000000000000036e+01 -9.960250205493692576e-07
1.195000000000000107e+01 -8.213743751756164963e-07
