0.000000000000000000e+00 0.000000000000000000e+00
5.000000000000000278e-02 -8.698342943900737313e-14
1.000000000000000056e-01 -2.777369557706028775e-12
1.500000000000000222e-01 -2.101364448694609542e-11
2.000000000000000111e-01 -8.809878871948622986e-11
2.500000000000000000e-01 -2.670897635598092694e-10
3.000000000000000444e-01 -6.592675492006555493e-10
3.500000000000000333e-01 -1.411410021095829722e-09
4.000000000000000222e-01 -2.721622498066001195e-09
4.500000000000000111e-01 -4.843515608848989268e-09
5.000000000000000000e-01 -8.088560602575151613e-09
5.500000000000000444e-01 -1.282649763618451791e-08
6.000000000000000888e-01 -1.948372203301725001e-08
6.500000000000000222e-01 -2.853962600963109815e-08
7.000000000000000666e-01 -4.052092776984969299e-08
7.500000000000000000e-01 -5.599407490612589849e-08
8.000000000000000444e-01 -7.555586337095840787e-08
8.500000000000000888e-01 -9.982246545758625446e-08
9.000000000000000222e-01 -1.294171087962599873e-07
9.500000000000000666e-01 -1.649566918726135839e-07
1.000000000000000000e+00 -2.070376586031959127e-07
1.050000000000000044e+00 -2.562214837584963324e-07
1.100000000000000089e+00 -3.130201413598650860e-07
1.150000000000000133e+00 -3.778819386551046867e-07
1.200000000000000178e+00 -4.511780982156476831e-07
1.250000000000000000e+00 -5.331904597122731248e-07
1.300000000000000044e+00 -6.241006509650790707e-07
1.350000000000000089e+00 -7.239810452318299868e-07
1.400000000000000133e+00 -8.327877790682789269e-07
1.450000000000000178e+00 -9.503560534984962242e-07
1.500000000000000000e+00 -1.076397882050409813e-06
1.550000000000000044e+00 -1.210502384128428471e-06
1.600000000000000089e+00 -1.352138653158575652e-06
1.650000000000000133e+00 -1.500661158097461104e-06
1.700000000000000178e+00 -1.655317566514686482e-06
1.750000000000000000e+00 -1.815258809852107718e-06
1.800000000000000044e+00 -1.979551148901516114e-06
1.850000000000000089e+00 -2.147189942161043939e-06
1.900000000000000133e+00 -2.317114773447548417e-06
1.950000000000000178e+00 -2.488225559576545070e-06
2.000000000000000000e+00 -2.659399235324066529e-06
2.050000000000000266e+00 -2.829506602083484195e-06
2.100000000000000089e+00 -2.997428928988080235e-06
2.149999999999999911e+00 -3.162073910666284362e-06
2.200000000000000178e+00 -3.322390613623615183e-06
2.250000000000000000e+00 -3.477383082431203493e-06
2.300000000000000266e+00 -3.626122325944768146e-06
2.350000000000000089e+00 -3.767756460811904566e-06
2.400000000000000355e+00 -3.901518852386374109e-06
2.450000000000000178e+00 -4.026734159484774590e-06
2.500000000000000000e+00 -4.142822256713641153e-06
2.550000000000000266e+00 -4.249300073873337417e-06
2.600000000000000089e+00 -4.345781453814070155e-06
2.650000000000000355e+00 -4.431975185875512910e-06
2.700000000000000178e+00 -4.507681419763475364e-06
2.750000000000000000e+00 -4.572786702843561715e-06
2.800000000000000266e+00 -4.627257911221355163e-06
2.850000000000000089e+00 -4.671135360954207597e-06
2.900000000000000355e+00 -4.704525390107568532e-06
2.950000000000000178e+00 -4.727592695421712008e-06
3.000000000000000000e+00 -4.740552689847222459e-06
3.050000000000000266e+00 -4.743664120317128577e-06
3.100000000000000089e+00 -4.737222150387771923e-06
3.150000000000000355e+00 -4.721552071623213939e-06
3.200000000000000178e+00 -4.697003762841302743e-06
3.250000000000000000e+00 -4.663946969709325673e-06
3.300000000000000266e+00 -4.622767430804792086e-06
3.350000000000000089e+00 -4.573863832184251305e-06
3.400000000000000355e+00 -4.517645532590681975e-06
3.450000000000000178e+00 -4.454530967280024512e-06
3.500000000000000000e+00 -4.384946611334544909e-06
3.550000000000000266e+00 -4.309326364156727249e-06
3.600000000000000089e+00 -4.228111206097181368e-06
3.650000000000000355e+00 -4.141748975945075291e-06
3.700000000000000178e+00 -4.050694123973802430e-06
3.750000000000000000e+00 -3.955407308686286531e-06
3.800000000000000266e+00 -3.856354725310061518e-06
3.850000000000000089e+00 -3.754007079148342920e-06
3.900000000000000355e+00 -3.648838145598051738e-06
3.950000000000000178e+00 -3.541322889378395664e-06
4.000000000000000000e+00 -3.431935146618079445e-06
4.049999999999999822e+00 -3.321144903315856677e-06
4.100000000000000533e+00 -3.209415230833016785e-06
4.150000000000000355e+00 -3.097198962205546534e-06
4.200000000000000178e+00 -2.984935211137022758e-06
4.250000000000000000e+00 -2.873045847803728213e-06
4.299999999999999822e+00 -2.761932051643891244e-06
4.350000000000000533e+00 -2.651971061018077093e-06
4.400000000000000355e+00 -2.543513233244893231e-06
4.450000000000000178e+00 -2.436879516564291800e-06
4.500000000000000000e+00 -2.332359418850978706e-06
4.549999999999999822e+00 -2.230209537397582467e-06
4.600000000000000533e+00 -2.130652690970144846e-06
4.650000000000000355e+00 -2.033877670855119799e-06
4.700000000000000178e+00 -1.940039603037467062e-06
4.750000000000000000e+00 -1.849260890199531557e-06
4.800000000000000711e+00 -1.761632681029939720e-06
4.850000000000000533e+00 -1.677216796341628668e-06
4.900000000000000355e+00 -1.596048027475186639e-06
4.950000000000000178e+00 -1.518136712930492266e-06
5.000000000000000000e+00 -1.443471494395956312e-06
5.050000000000000711e+00 -1.372022153343011446e-06
5.100000000000000533e+00 -1.303742433889987667e-06
5.150000000000000355e+00 -1.238572766254506700e-06
5.200000000000000178e+00 -1.176442817157119178e-06
5.250000000000000000e+00 -1.117273808211641923e-06
5.300000000000000711e+00 -1.060980559740609377e-06
5.350000000000000533e+00 -1.007473234640784434e-06
5.400000000000000355e+00 -9.566587739525454467e-07
5.450000000000000178e+00 -9.084420317727348792e-07
5.500000000000000000e+00 -8.627266313098242752e-07
5.550000000000000711e+00 -8.194155755686819367e-07
5.600000000000000533e+00 -7.784116548954087571e-07
5.650000000000000355e+00 -7.396176991229933323e-07
5.700000000000000178e+00 -7.029367242441162664e-07
5.750000000000000000e+00 -6.682720224978692016e-07
5.800000000000000711e+00 -6.355272407696000746e-07
5.850000000000000533e+00 -6.046064856987659908e-07
5.900000000000000355e+00 -5.754144854225257155e-07
5.950000000000000178e+00 -5.478568280925983482e-07
6.000000000000000000e+00 -5.218402868747572337e-07
6.050000000000000711e+00 -4.972732307631893604e-07
6.100000000000000533e+00 -4.740661108686815014e-07
6.150000000000000355e+00 -4.521320034500832113e-07
6.200000000000000178e+00 -4.313871843291195776e-07
6.250000000000000000e+00 -4.117517048078610665e-07
6.300000000000000711e+00 -3.931499370015049986e-07
6.350000000000000533e+00 -3.755110566619565374e-07
6.400000000000000355e+00 -3.587694340077907848e-07
6.450000000000000178e+00 -3.428649075644526977e-07
6.500000000000000000e+00 -3.277429222075298552e-07
6.550000000000000711e+00 -3.133545200505636533e-07
6.600000000000000533e+00 -2.996561810222084510e-07
6.650000000000000355e+00 -2.866095183988411817e-07
6.700000000000000178e+00 -2.741808426629091813e-07
6.750000000000000000e+00 -2.623406143429750314e-07
6.800000000000000711e+00 -2.510628125200148701e-07
6.850000000000000533e+00 -2.403242501049063892e-07
6.900000000000000355e+00 -2.301038695592357504e-07
6.950000000000000178e+00 -2.203820533185013567e-07
7.000000000000000000e+00 -2.111399817790820127e-07
7.050000000000000711e+00 -2.023590684430013028e-07
7.100000000000000533e+00 -1.940204969027527719e-07
7.150000000000000355e+00 -1.861048781106631790e-07
7.200000000000000178e+00 -1.785920392046742864e-07
7.250000000000000000e+00 -1.714609474933403332e-07
7.300000000000000711e+00 -1.646897654959202632e-07
7.350000000000000533e+00 -1.582560256398063855e-07
7.400000000000000355e+00 -1.521369067541361018e-07
7.450000000000000178e+00 -1.463095892244501347e-07
7.500000000000000000e+00 -1.407516618696437537e-07
7.550000000000000711e+00 -1.354415514578944326e-07
7.600000000000000533e+00 -1.303589453793382214e-07
7.650000000000000355e+00 -1.254851793224946946e-07
7.700000000000000178e+00 -1.208035647401338764e-07
7.750000000000000000e+00 -1.162996352281864957e-07
7.800000000000000711e+00 -1.119612963910524479e-07
7.850000000000000533e+00 -1.077788699824114866e-07
7.900000000000000355e+00 -1.037450297098774214e-07
7.950000000000000178e+00 -9.985463267856855452e-08
8.000000000000000000e+00 -9.610445663716728440e-08
8.050000000000000711e+00 -9.249285862711082907e-08
8.099999999999999645e+00 -8.901937502054033226e-08
8.150000000000000355e+00 -8.568428603384226836e-08
8.200000000000001066e+00 -8.248816947014029856e-08
8.250000000000000000e+00 -7.943146861289569828e-08
8.300000000000000711e+00 -7.651409789004591618e-08
8.349999999999999645e+00 -7.373510726581547836e-08
8.400000000000000355e+00 -7.109242248427350615e-08
8.450000000000001066e+00 -6.858267353790929662e-08
8.500000000000000000e+00 -6.620111836644870371e-08
8.550000000000000711e+00 -6.394166313532002443e-08
8.599999999999999645e+00 -6.179697483782577098e-08
8.650000000000000355e+00 -5.975867673724015471e-08
8.700000000000001066e+00 -5.781761261164618114e-08
8.750000000000000000e+00 -5.596416213551523562e-08
8.800000000000000711e+00 -5.418858721769415147e-08
8.849999999999999645e+00 -5.248138783557942682e-08
8.900000000000000355e+00 -5.083364590460862195e-08
8.950000000000001066e+00 -4.923733696968430469e-08
9.000000000000000000e+00 -4.768559189732309953e-08
9.050000000000000711e+00 -4.617289411662250568e-08
9.099999999999999645e+00 -4.469520208281688194e-08
9.150000000000000355e+00 -4.324999126008927564e-08
9.200000000000001066e+00 -4.183621475859058466e-08
9.250000000000000000e+00 -4.045418652704473733e-08
9.300000000000000711e+00 -3.910539542117368831e-08
9.349999999999999645e+00 -3.779226229095134663e-08
9.400000000000000355e+00 -3.651785524909442336e-08
9.450000000000001066e+00 -3.528558034406305030e-08
9.500000000000000000e+00 -3.409886586784158856e-08
9.550000000000000711e+00 -3.296085845061096075e-08
9.600000000000001421e+00 -3.187414796363419445e-08
9.650000000000000355e+00 -3.084053616145991395e-08
9.700000000000001066e+00 -2.986086109139204644e-08
9.750000000000000000e+00 -2.893488577206104574e-08
9.800000000000000711e+00 -2.806125571508926600e-08
9.850000000000001421e+00 -2.723752577297426221e-08
9.900000000000000355e+00 -2.646025278422066745e-08
9.950000000000001066e+00 -2.572514678418457226e-08
1.000000000000000000e+01 -2.502727036360030745e-08
1.005000000000000071e+01 -2.436127325733480651e-08
1.010000000000000142e+01 -2.372164755994721239e-08
1.015000000000000036e+01 -2.310298816794344720e-08
1.020000000000000107e+01 -2.250024316322642631e-08
1.025000000000000000e+01 -2.190893984677853454e-08
1.030000000000000071e+01 -2.132537392454728194e-08
1.035000000000000142e+01 -2.074675181318689750e-08
1.040000000000000036e+01 -2.017127901079123154e-08
1.045000000000000107e+01 -1.959819078072879191e-08
1.050000000000000000e+01 -1.902772482545491999e-08
1.055000000000000071e+01 -1.846103898019119306e-08
1.060000000000000142e+01 -1.790008004229505547e-08
1.065000000000000036e+01 -1.734741250047824330e-08
1.070000000000000107e+01 -1.680601799839646491e-08
1.075000000000000000e+01 -1.627907775654471639e-08
1.080000000000000071e+01 -1.576975082413870678e-08
1.085000000000000142e+01 -1.528096092248757870e-08
1.090000000000000036e+01 -1.481520380123807209e-08
1.095000000000000107e+01 -1.437438552791556294e-08
1.100000000000000000e+01 -1.395970007456566288e-08
1.105000000000000071e+01 -1.357155208704851736e-08
1.110000000000000142e+01 -1.320952797696908045e-08
1.115000000000000036e+01 -1.287241562840915370e-08
1.120000000000000107e+01 -1.255827022770078396e-08
1.125000000000000000e+01 -1.226452116183529494e-08
1.130000000000000071e+01 -1.198811272987181537e-08
1.135000000000000142e+01 -1.172566968709830766e-08
1.140000000000000036e+01 -1.147367747814341542e-08
1.145000000000000107e+01 -1.122866646269016610e-08
1.150000000000000000e+01 -1.098738950932248710e-08
1.155000000000000071e+01 -1.074698300689816660e-08
1.160000000000000142e+01 -1.050510256252542447e-08
1.165000000000000036e+01 -1.026002633528554533e-08
1.170000000000000107e+01 -1.001072098631181672e-08
1.175000000000000000e+01 -9.756867483080813076e-09
1.180000000000000071e+01 -9.498846344311751283e-09
1.185000000000000142e+01 -9.237684216172628351e-09
1.190000000000000036e+01 -8.974965801730015145e-09
1.195000000000000107e+01 -8.712717008750435113e-09
1.200000000000000000e+01 -8.453266640859870411e-09
1.205000000000000071e+01 -8.199094963070005398e-09
1.210000000000000142e+01 -7.952677981928409865e-09
1.215000000000000036e+01 -7.716336279395710880e-09
1.220000000000000107e+01 -7.492096743436469498e-09
1.225000000000000000e+01 -7.281574589875432067e-09
1.230000000000000071e+01 -7.085881735930718307e-09
1.235000000000000142e+01 -6.905565951951860578e-09
1.240000000000000036e+01 -6.740583384306419381e-09
1.245000000000000107e+01 -6.590305116936873200e-09
1.250000000000000000e+01 -6.453556531451523971e-09
1.255000000000000071e+01 -6.328686440842959344e-09
1.260000000000000142e+01 -6.213661404992182915e-09
1.265000000000000036e+01 -6.106179366929835597e-09
1.270000000000000107e+01 -6.003795838408300153e-09
1.275000000000000000e+01 -5.904055350908665085e-09
1.280000000000000071e+01 -5.804620790067840973e-09
1.285000000000000142e+01 -5.703393540618632395e-09
1.290000000000000036e+01 -5.598618056316372712e-09
1.295000000000000107e+01 -5.488965486261134831e-09
1.300000000000000000e+01 -5.373592270446800192e-09
1.305000000000000071e+01 -5.252171085875182570e-09
1.310000000000000142e+01 -5.124893095138754073e-09
1.315000000000000036e+01 -4.992442034068836835e-09
1.320000000000000107e+01 -4.855942187987954007e-09
1.325000000000000000e+01 -4.716883667913608919e-09
1.330000000000000071e+01 -4.577029539953240184e-09
1.335000000000000142e+01 -4.438310228189665331e-09
1.340000000000000036e+01 -4.302711165027541849e-09
1.345000000000000107e+01 -4.172159882537235161e-09
1.350000000000000000e+01 -4.048418621478581229e-09
1.355000000000000071e+01 -3.932988096887593871e-09
1.360000000000000142e+01 -3.827027332437817137e-09
1.365000000000000036e+01 -3.731293506479519693e-09
1.370000000000000107e+01 -3.646104598407269387e-09
1.375000000000000000e+01 -3.571326350476587954e-09
1.380000000000000071e+01 -3.506383737434216183e-09
1.385000000000000142e+01 -3.450295834963619069e-09
1.390000000000000036e+01 -3.401731765488593566e-09
1.395000000000000107e+01 -3.359084337439011852e-09
1.400000000000000000e+01 -3.320557133244977217e-09
1.405000000000000071e+01 -3.284260181992258265e-09
1.410000000000000142e+01 -3.248309001204218651e-09
1.415000000000000036e+01 -3.210921720481299302e-09
1.420000000000000107e+01 -3.170509205078585590e-09
1.425000000000000000e+01 -3.125753562965292387e-09
1.430000000000000071e+01 -3.075671114802900327e-09
1.435000000000000142e+01 -3.019656791734573615e-09
1.440000000000000036e+01 -2.957507951346881465e-09
1.445000000000000107e+01 -2.889426712066066847e-09
1.450000000000000000e+01 -2.816001041885605641e-09
1.455000000000000071e+01 -2.738165939973208834e-09
1.460000000000000142e+01 -2.657147063383110187e-09
1.465000000000000036e+01 -2.574390025610731276e-09
1.470000000000000107e+01 -2.491479286639713700e-09
1.475000000000000000e+01 -2.410051033193042693e-09
1.480000000000000071e+01 -2.331704692058858468e-09
1.485000000000000142e+01 -2.257917719934039142e-09
1.490000000000000036e+01 -2.189968073925819786e-09
1.495000000000000107e+01 -2.128868303472572234e-09
