0.000000000000000000e+00 -2.516118662322438387e-02
5.000000000000000278e-02 -2.584643874272552627e-02
1.000000000000000056e-01 -2.575654554888194558e-02
1.500000000000000222e-01 -2.553232462078387083e-02
2.000000000000000111e-01 -2.521418382385072834e-02
2.500000000000000000e-01 -2.483732309994935231e-02
3.000000000000000444e-01 -2.435221699777906368e-02
3.500000000000000333e-01 -2.377719917018848370e-02
4.000000000000000222e-01 -2.304822897623076683e-02
4.500000000000000111e-01 -2.219159748728124354e-02
5.000000000000000000e-01 -2.122788057024964023e-02
5.500000000000000444e-01 -2.009235441786324378e-02
6.000000000000000888e-01 -1.881807942797896621e-02
6.500000000000000222e-01 -1.737542888791112489e-02
7.000000000000000666e-01 -1.579059885226364451e-02
7.500000000000000000e-01 -1.402170203182671361e-02
8.000000000000000444e-01 -1.207562973158898476e-02
8.500000000000000888e-01 -9.971440840087532342e-03
9.000000000000000222e-01 -7.694938919437008425e-03
9.500000000000000666e-01 -5.239810669329769688e-03
1.000000000000000000e+00 -2.647617437789850925e-03
1.050000000000000044e+00 9.600086627853340632e-05
1.100000000000000089e+00 2.976138086111504780e-03
1.150000000000000133e+00 5.958076150821695928e-03
1.200000000000000178e+00 9.040522360142751179e-03
1.250000000000000000e+00 1.220738354142566345e-02
1.300000000000000044e+00 1.542299677776379392e-02
1.350000000000000089e+00 1.866898080374760141e-02
1.400000000000000133e+00 2.190959151796926033e-02
1.450000000000000178e+00 2.512306982167400449e-02
1.500000000000000000e+00 2.828357249194205641e-02
1.550000000000000044e+00 3.137064018208969574e-02
1.600000000000000089e+00 3.434781831057135554e-02
1.650000000000000133e+00 3.717764706368701516e-02
1.700000000000000178e+00 3.984114302450270789e-02
1.750000000000000000e+00 4.232556476854200389e-02
1.800000000000000044e+00 4.459691040043176763e-02
1.850000000000000089e+00 4.662765579078181899e-02
1.900000000000000133e+00 4.840745182261425167e-02
1.950000000000000178e+00 4.991653419775216038e-02
2.000000000000000000e+00 5.114436296115483505e-02
2.050000000000000266e+00 5.207934646127620332e-02
2.100000000000000089e+00 5.271924465606071808e-02
2.149999999999999911e+00 5.305164599058643377e-02
2.200000000000000178e+00 5.308137851407928459e-02
2.250000000000000000e+00 5.281618441871059610e-02
2.300000000000000266e+00 5.224848915430892193e-02
2.350000000000000089e+00 5.140222118208911256e-02
2.400000000000000355e+00 5.028028943379476284e-02
2.450000000000000178e+00 4.890604239193290653e-02
2.500000000000000000e+00 4.728302554189513923e-02
2.550000000000000266e+00 4.544065242312816250e-02
2.600000000000000089e+00 4.340068168177037278e-02
2.650000000000000355e+00 4.117974569363695020e-02
2.700000000000000178e+00 3.880417979509142440e-02
2.750000000000000000e+00 3.629784458898149824e-02
2.800000000000000266e+00 3.368477671092512393e-02
2.850000000000000089e+00 3.099049968745141298e-02
2.900000000000000355e+00 2.824221563342251690e-02
2.950000000000000178e+00 2.545961627856868636e-02
3.000000000000000000e+00 2.266786750434087241e-02
3.050000000000000266e+00 1.989094432417871233e-02
3.100000000000000089e+00 1.714755780129817442e-02
3.150000000000000355e+00 1.445935275131320953e-02
3.200000000000000178e+00 1.184497962573761304e-02
3.250000000000000000e+00 9.318440892410611437e-03
3.300000000000000266e+00 6.896683415131626797e-03
3.350000000000000089e+00 4.591498291199202185e-03
3.400000000000000355e+00 2.413975597086511805e-03
3.450000000000000178e+00 3.729493126790984028e-04
3.500000000000000000e+00 -1.524978701140451655e-03
3.550000000000000266e+00 -3.273566212919221206e-03
3.600000000000000089e+00 -4.871359387134281682e-03
3.650000000000000355e+00 -6.314640250848274280e-03
3.700000000000000178e+00 -7.603817282599655177e-03
3.750000000000000000e+00 -8.741792125628793791e-03
3.800000000000000266e+00 -9.730255871928893824e-03
3.850000000000000089e+00 -1.057292149514220056e-02
3.900000000000000355e+00 -1.127598041923248175e-02
3.950000000000000178e+00 -1.184509788224953446e-02
4.000000000000000000e+00 -1.228622736951234980e-02
4.049999999999999822e+00 -1.260925354778548099e-02
4.100000000000000533e+00 -1.281946800549977478e-02
4.150000000000000355e+00 -1.292650280351147034e-02
4.200000000000000178e+00 -1.293993183385658101e-02
4.250000000000000000e+00 -1.286655505479967522e-02
4.299999999999999822e+00 -1.271613931148697120e-02
4.350000000000000533e+00 -1.249810001891903458e-02
4.400000000000000355e+00 -1.221964166734485109e-02
4.450000000000000178e+00 -1.188953351304626767e-02
4.500000000000000000e+00 -1.151583128319750952e-02
4.549999999999999822e+00 -1.110544459078649862e-02
4.600000000000000533e+00 -1.066629613917230435e-02
4.650000000000000355e+00 -1.020460863905918274e-02
4.700000000000000178e+00 -9.726144084251611699e-03
4.750000000000000000e+00 -9.237226021541986368e-03
4.800000000000000711e+00 -8.742640693549099534e-03
4.850000000000000533e+00 -8.246868602962866349e-03
4.900000000000000355e+00 -7.754285178605559679e-03
4.950000000000000178e+00 -7.268386483887696349e-03
5.000000000000000000e+00 -6.792224738853363392e-03
5.050000000000000711e+00 -6.328435471063199175e-03
5.100000000000000533e+00 -5.879397124690643843e-03
5.150000000000000355e+00 -5.446865952879824911e-03
5.200000000000000178e+00 -5.032188377744552590e-03
5.250000000000000000e+00 -4.636611070414263513e-03
5.300000000000000711e+00 -4.260841490881454863e-03
5.350000000000000533e+00 -3.905322450234181234e-03
5.400000000000000355e+00 -3.570379057517877441e-03
5.450000000000000178e+00 -3.255980117569458841e-03
5.500000000000000000e+00 -2.961924821924054319e-03
5.550000000000000711e+00 -2.687924818638102141e-03
5.600000000000000533e+00 -2.433383196648650822e-03
5.650000000000000355e+00 -2.197753867054896403e-03
5.700000000000000178e+00 -1.980339630280760540e-03
5.750000000000000000e+00 -1.780214650574546073e-03
5.800000000000000711e+00 -1.597007729015222002e-03
5.850000000000000533e+00 -1.428242159639105460e-03
5.900000000000000355e+00 -1.278887926869384231e-03
5.950000000000000178e+00 -1.126089391014503584e-03
6.000000000000000000e+00 -1.117685530416212894e-03
6.050000000000000711e+00 -9.657446219627079413e-04
6.100000000000000533e+00 -8.344527268693238036e-04
6.150000000000000355e+00 -7.209884794308233725e-04
6.200000000000000178e+00 -6.229410657617752683e-04
6.250000000000000000e+00 -5.382251122274452505e-04
6.300000000000000711e+00 -4.650161911301547882e-04
6.350000000000000533e+00 -4.017590147968689847e-04
6.400000000000000355e+00 -3.471051434527597668e-04
6.450000000000000178e+00 -2.998782748885749062e-04
6.500000000000000000e+00 -2.590730116027238454e-04
6.550000000000000711e+00 -2.238197913060224363e-04
