0.000000000000000000e+00 -0.000000000000000000e+00
5.000000000000000278e-02 -1.215727110865234938e-11
1.000000000000000056e-01 -3.860695839073094590e-10
1.500000000000000222e-01 -2.894483196507507283e-09
2.000000000000000111e-01 -1.198003212832320255e-08
2.500000000000000000e-01 -3.571977425590512318e-08
3.000000000000000444e-01 -8.637220235115880882e-08
3.500000000000000333e-01 -1.804108560398483941e-07
4.000000000000000222e-01 -3.379825906806720613e-07
4.500000000000000111e-01 -5.817671961587504852e-07
5.000000000000000000e-01 -9.352561931830945153e-07
5.500000000000000444e-01 -1.420509901395753292e-06
6.000000000000000888e-01 -2.055490880312749982e-06
6.500000000000000222e-01 -2.851106303166854692e-06
7.000000000000000666e-01 -3.808119677602828401e-06
7.500000000000000000e-01 -4.914111861969960962e-06
8.000000000000000444e-01 -6.140681266406668081e-06
8.500000000000000888e-01 -7.441072708985983933e-06
9.000000000000000222e-01 -8.748413408291217020e-06
9.500000000000000666e-01 -9.974713393225667537e-06
1.000000000000000000e+00 -1.101075710980933643e-05
1.050000000000000044e+00 -1.172697462156944317e-05
1.100000000000000089e+00 -1.197533638766924698e-05
1.150000000000000133e+00 -1.159226735224634948e-05
1.200000000000000178e+00 -1.040252640484721040e-05
1.250000000000000000e+00 -8.223948688754518054e-06
1.300000000000000044e+00 -4.872903221608550083e-06
1.350000000000000089e+00 -1.702791685101285699e-07
1.400000000000000133e+00 6.052217094347339214e-06
1.450000000000000178e+00 1.394569362302831165e-05
1.500000000000000000e+00 2.363788365280939321e-05
1.550000000000000044e+00 3.522738537295185235e-05
1.600000000000000089e+00 4.877856874144682767e-05
1.650000000000000133e+00 6.431736450143305244e-05
1.700000000000000178e+00 8.182811781561657311e-05
1.750000000000000000e+00 1.012516478253546771e-04
1.800000000000000044e+00 1.224846069047603764e-04
1.850000000000000089e+00 1.453801816614294911e-04
1.900000000000000133e+00 1.697501242692982270e-04
1.950000000000000178e+00 1.953680500072172430e-04
2.000000000000000000e+00 2.219738873603278330e-04
2.050000000000000266e+00 2.492793229789266808e-04
2.100000000000000089e+00 2.769740471457338041e-04
2.149999999999999911e+00 3.047325777529194491e-04
2.200000000000000178e+00 3.322214232475801071e-04
2.250000000000000000e+00 3.591063381698990798e-04
2.300000000000000266e+00 3.850594288500097445e-04
2.350000000000000089e+00 4.097658810887029514e-04
2.400000000000000355e+00 4.329301052711817901e-04
2.450000000000000178e+00 4.542811259642716838e-04
2.500000000000000000e+00 4.735770808827959944e-04
2.550000000000000266e+00 4.906087361783624274e-04
2.600000000000000089e+00 5.052019691514266896e-04
2.650000000000000355e+00 5.172192135263867533e-04
2.700000000000000178e+00 5.265599042476830360e-04
2.750000000000000000e+00 5.331599964238575504e-04
2.800000000000000266e+00 5.369906649159702583e-04
2.850000000000000089e+00 5.380563158421911322e-04
2.900000000000000355e+00 5.363920580703355513e-04
2.950000000000000178e+00 5.320607911598060694e-04
3.000000000000000000e+00 5.251500662149115361e-04
3.050000000000000266e+00 5.157688681842640625e-04
3.100000000000000089e+00 5.040444531491100741e-04
3.150000000000000355e+00 4.901193532926507914e-04
3.200000000000000178e+00 4.741486370047022156e-04
3.250000000000000000e+00 4.562974836013291061e-04
3.300000000000000266e+00 4.367391031592609803e-04
3.350000000000000089e+00 4.156530036963730548e-04
3.400000000000000355e+00 3.932235819787915465e-04
3.450000000000000178e+00 3.696389920135819437e-04
3.500000000000000000e+00 3.450902279368755826e-04
3.550000000000000266e+00 3.197703463506461710e-04
3.600000000000000089e+00 2.938737476572693169e-04
3.650000000000000355e+00 2.675954366746170678e-04
3.700000000000000178e+00 2.411301895018924939e-04
3.750000000000000000e+00 2.146715656215126178e-04
3.800000000000000266e+00 1.884107206416769952e-04
3.850000000000000089e+00 1.625349947479436976e-04
3.900000000000000355e+00 1.372262735163357235e-04
3.950000000000000178e+00 1.126591398376620593e-04
4.000000000000000000e+00 8.899885690429702192e-05
4.049999999999999822e+00 6.639924118833274611e-05
4.100000000000000533e+00 4.500049992034208467e-05
4.150000000000000355e+00 2.492711880661430682e-05
4.200000000000000178e+00 6.285891914895490354e-06
4.250000000000000000e+00 -1.083581356674587853e-05
4.299999999999999822e+00 -2.637146969769079807e-05
4.350000000000000533e+00 -4.027639920603363926e-05
4.400000000000000355e+00 -5.252832248656443258e-05
4.450000000000000178e+00 -6.312739515006125248e-05
4.500000000000000000e+00 -7.209571238046968435e-05
4.549999999999999822e+00 -7.947627929605292885e-05
4.600000000000000533e+00 -8.533146985428692014e-05
4.650000000000000355e+00 -8.974101932643573597e-05
4.700000000000000178e+00 -9.279961579684987657e-05
4.750000000000000000e+00 -9.461417344266857875e-05
4.800000000000000711e+00 -9.530088363572449960e-05
4.850000000000000533e+00 -9.498214852503107978e-05
4.900000000000000355e+00 -9.378350531324554482e-05
4.950000000000000178e+00 -9.183064782126126836e-05
5.000000000000000000e+00 -8.924664530889130304e-05
5.050000000000000711e+00 -8.614944731859844025e-05
5.100000000000000533e+00 -8.264974820089716749e-05
5.150000000000000355e+00 -7.884926682534834587e-05
5.200000000000000178e+00 -7.483947678264421478e-05
5.250000000000000000e+00 -7.070080122718836683e-05
5.300000000000000711e+00 -6.650226550369042517e-05
5.350000000000000533e+00 -6.230158091410911898e-05
5.400000000000000355e+00 -5.814561538443551402e-05
5.450000000000000178e+00 -5.407119220857730594e-05
5.500000000000000000e+00 -5.010614711490741200e-05
5.550000000000000711e+00 -4.627056703809714336e-05
5.600000000000000533e+00 -4.257813136888141496e-05
5.650000000000000355e+00 -3.903747804478390588e-05
5.700000000000000178e+00 -3.565352235669613855e-05
5.750000000000000000e+00 -3.242866529740134608e-05
5.800000000000000711e+00 -2.936384001688291270e-05
5.850000000000000533e+00 -2.645935869639581974e-05
5.900000000000000355e+00 -2.371553705035773984e-05
5.950000000000000178e+00 -2.113308882546079329e-05
6.000000000000000000e+00 -1.871329722616174511e-05
6.050000000000000711e+00 -1.645798336196810266e-05
6.100000000000000533e+00 -1.436930290516693120e-05
6.150000000000000355e+00 -1.244941063633794901e-05
6.200000000000000178e+00 -1.070003808059023639e-05
6.250000000000000000e+00 -9.122031828528722960e-06
6.300000000000000711e+00 -7.714899411082343578e-06
6.350000000000000533e+00 -6.476405956883780152e-06
6.400000000000000355e+00 -5.402258668558271290e-06
6.450000000000000178e+00 -4.485907909633524215e-06
6.500000000000000000e+00 -3.718483997862385766e-06
6.550000000000000711e+00 -3.088878316845777950e-06
6.600000000000000533e+00 -2.583966769930753050e-06
6.650000000000000355e+00 -2.188963571642963882e-06
6.700000000000000178e+00 -1.887884506060490727e-06
6.750000000000000000e+00 -1.664091588604883020e-06
6.800000000000000711e+00 -1.500885936840447600e-06
6.850000000000000533e+00 -1.382112835953388886e-06
6.900000000000000355e+00 -1.292742574064253366e-06
6.950000000000000178e+00 -1.219392568418295429e-06
7.000000000000000000e+00 -1.150760409541478852e-06
7.050000000000000711e+00 -1.077943393657168873e-06
7.100000000000000533e+00 -9.946274679302731810e-07
7.150000000000000355e+00 -8.971367784114078833e-07
7.200000000000000178e+00 -7.843436456530873714e-07
7.250000000000000000e+00 -6.574472496838237016e-07
7.300000000000000711e+00 -5.196370629536400338e-07
7.350000000000000533e+00 -3.756636634465936909e-07
7.400000000000000355e+00 -2.313446114254037190e-07
7.450000000000000178e+00 -9.303630864037036039e-08
7.500000000000000000e+00 3.289597605144163224e-08
7.550000000000000711e+00 1.405784647764415049e-07
7.600000000000000533e+00 2.250708009030292167e-07
7.650000000000000355e+00 2.827250729200829830e-07
7.700000000000000178e+00 3.114431725552731965e-07
7.750000000000000000e+00 3.108204472352414909e-07
7.800000000000000711e+00 2.821708891998679989e-07
7.850000000000000533e+00 2.284364873394425918e-07
7.900000000000000355e+00 1.539903972389362967e-07
7.950000000000000178e+00 6.434983720655353186e-08
8.000000000000000000e+00 -3.418027133183508594e-08
8.050000000000000711e+00 -1.349082171970950103e-07
8.099999999999999645e+00 -2.311741990482381391e-07
8.150000000000000355e+00 -3.167596824655549273e-07
8.200000000000001066e+00 -3.862616087756195223e-07
8.250000000000000000e+00 -4.354085337064117979e-07
8.300000000000000711e+00 -4.613000022893777838e-07
8.349999999999999645e+00 -4.625557453705602428e-07
8.400000000000000355e+00 -4.393672611559627604e-07
8.450000000000001066e+00 -3.934506362404161642e-07
8.500000000000000000e+00 -3.279056682872717914e-07
8.550000000000000711e+00 -2.469920951784879403e-07
8.599999999999999645e+00 -1.558386689236691102e-07
8.650000000000000355e+00 -6.010465074785441084e-08
8.700000000000001066e+00 3.438416533809719291e-08
8.750000000000000000e+00 1.220016958571241155e-07
8.800000000000000711e+00 1.976672445546688093e-07
8.849999999999999645e+00 2.571495618225087945e-07
8.900000000000000355e+00 2.973112882668669617e-07
8.950000000000001066e+00 3.162798871425137012e-07
9.000000000000000000e+00 3.135360469236731143e-07
9.050000000000000711e+00 2.899158653831589802e-07
9.099999999999999645e+00 2.475285694900982304e-07
9.150000000000000355e+00 1.895967410129906404e-07
9.200000000000001066e+00 1.202306871988528586e-07
9.250000000000000000e+00 4.415244130182372872e-08
9.300000000000000711e+00 -3.361232190674782034e-08
9.349999999999999645e+00 -1.080545666837842454e-07
9.400000000000000355e+00 -1.744941507533880440e-07
9.450000000000001066e+00 -2.288647626915786996e-07
9.500000000000000000e+00 -2.679543624644931827e-07
9.550000000000000711e+00 -2.895870805404681490e-07
9.600000000000001421e+00 -2.927364741384379867e-07
9.650000000000000355e+00 -2.775645284571172311e-07
9.700000000000001066e+00 -2.453855358923213688e-07
9.750000000000000000e+00 -1.985586870980938277e-07
9.800000000000000711e+00 -1.403175729709432618e-07
9.850000000000001421e+00 -7.454856167800222576e-08
9.900000000000000355e+00 -5.532957766185946381e-09
9.950000000000001066e+00 6.233019523232398062e-08
1.000000000000000000e+01 1.248029431191661149e-07
1.005000000000000071e+01 1.780714126597155740e-07
1.010000000000000142e+01 2.189768405438667707e-07
1.015000000000000036e+01 2.452008339535135148e-07
1.020000000000000107e+01 2.553941920593991636e-07
1.025000000000000000e+01 2.492423563201629398e-07
1.030000000000000071e+01 2.274646548121596689e-07
1.035000000000000142e+01 1.917486996902116249e-07
1.040000000000000036e+01 1.446253240598328957e-07
1.045000000000000107e+01 8.929305723085250273e-08
1.050000000000000000e+01 2.940411828670451702e-08
1.055000000000000071e+01 -3.117391664281316945e-08
1.060000000000000142e+01 -8.860536839063305633e-08
1.065000000000000036e+01 -1.393269616169379873e-07
1.070000000000000107e+01 -1.802666367193574330e-07
1.075000000000000000e+01 -2.090273601641401540e-07
1.080000000000000071e+01 -2.240250687159168836e-07
1.085000000000000142e+01 -2.245729587106806425e-07
1.090000000000000036e+01 -2.109078369728952263e-07
1.095000000000000107e+01 -1.841579584014710186e-07
1.100000000000000000e+01 -1.462554512914409322e-07
1.105000000000000071e+01 -9.979984608460709446e-08
1.110000000000000142e+01 -4.788216786423945064e-08
1.115000000000000036e+01 6.118647963850793108e-09
1.120000000000000107e+01 5.875373579102353828e-08
1.125000000000000000e+01 1.067227318608603754e-07
1.130000000000000071e+01 1.470789363650718843e-07
1.135000000000000142e+01 1.774085608802781857e-07
1.140000000000000036e+01 1.959732663623363850e-07
1.145000000000000107e+01 2.018076902451771178e-07
1.150000000000000000e+01 1.947666306838141659e-07
1.155000000000000071e+01 1.755198075423008412e-07
1.160000000000000142e+01 1.454954450016530574e-07
1.165000000000000036e+01 1.067771102720520463e-07
1.170000000000000107e+01 6.196109954442675736e-08
1.175000000000000000e+01 1.398401288986376235e-08
1.180000000000000071e+01 -3.406813420344775910e-08
1.185000000000000142e+01 -7.915694944918747367e-08
1.190000000000000036e+01 -1.184823622090974728e-07
1.195000000000000107e+01 -1.496551005282975639e-07
1.200000000000000000e+01 -1.708404094876129270e-07
1.205000000000000071e+01 -1.808644559804327024e-07
1.210000000000000142e+01 -1.792773510040836523e-07
1.215000000000000036e+01 -1.663695460342793119e-07
1.220000000000000107e+01 -1.431413423738060101e-07
1.225000000000000000e+01 -1.112282020467246402e-07
1.230000000000000071e+01 -7.278728149908242901e-08
1.235000000000000142e+01 -3.035295729924270143e-08
1.240000000000000036e+01 1.332906475645935388e-08
1.245000000000000107e+01 5.547827499872704234e-08
1.250000000000000000e+01 9.345524283126878046e-08
1.255000000000000071e+01 1.249258015455112235e-07
1.260000000000000142e+01 1.480033910202857186e-07
1.265000000000000036e+01 1.613609485039943525e-07
1.270000000000000107e+01 1.643057882173109755e-07
1.275000000000000000e+01 1.568133406378474988e-07
1.280000000000000071e+01 1.395182736165243689e-07
1.285000000000000142e+01 1.136642201097531115e-07
1.290000000000000036e+01 8.101592090358769929e-08
1.295000000000000107e+01 4.373989496139168524e-08
1.300000000000000000e+01 4.261634643288820367e-09
1.305000000000000071e+01 -3.489132381024473632e-08
1.310000000000000142e+01 -7.125035925908946982e-08
1.315000000000000036e+01 -1.025605596911103442e-07
1.320000000000000107e+01 -1.269196998666934233e-07
1.325000000000000000e+01 -1.428928924418963604e-07
1.330000000000000071e+01 -1.495960613242562241e-07
1.335000000000000142e+01 -1.467434505461679002e-07
1.340000000000000036e+01 -1.346567163698076644e-07
1.345000000000000107e+01 -1.142356040130746525e-07
1.350000000000000000e+01 -8.689262741455499026e-08
1.355000000000000071e+01 -5.445639955400697426e-08
1.360000000000000142e+01 -1.905016475504394944e-08
1.365000000000000036e+01 1.704645169889486285e-08
1.370000000000000107e+01 5.154352292687315585e-08
1.375000000000000000e+01 8.228541349834761384e-08
1.380000000000000071e+01 1.073848003993814948e-07
1.385000000000000142e+01 1.253378337634040709e-07
1.390000000000000036e+01 1.351134565602179166e-07
1.395000000000000107e+01 1.362116299903782717e-07
1.400000000000000000e+01 1.286872444524907224e-07
1.405000000000000071e+01 1.131387024570127315e-07
1.410000000000000142e+01 9.066239855824481551e-08
1.415000000000000036e+01 6.277645105947264552e-08
1.420000000000000107e+01 3.131892856862600995e-08
1.425000000000000000e+01 -1.672653880492544411e-09
1.430000000000000071e+01 -3.409271074730198423e-08
1.435000000000000142e+01 -6.390140167539721494e-08
1.440000000000000036e+01 -8.925241955836656263e-08
1.445000000000000107e+01 -1.086067818770019662e-07
1.450000000000000000e+01 -1.208256491382770931e-07
1.455000000000000071e+01 -1.252366124885989851e-07
1.460000000000000142e+01 -1.216696410119478745e-07
1.465000000000000036e+01 -1.104608432948845797e-07
1.470000000000000107e+01 -9.242425100613797618e-08
1.475000000000000000e+01 -6.879384408272351770e-08
1.480000000000000071e+01 -4.113988161116319786e-08
1.485000000000000142e+01 -1.126516585102940085e-08
1.490000000000000036e+01 1.891194549670713464e-08
1.495000000000000107e+01 4.748022136416431911e-08
