0.000000000000000000e+00 0.000000000000000000e+00
5.000000000000000278e-02 8.487131603122481726e-14
1.000000000000000056e-01 2.711245788141789339e-12
1.500000000000000222e-01 2.052997169132145587e-11
2.000000000000000111e-01 8.616883043168956868e-11
2.500000000000000000e-01 2.616213406313111663e-10
3.000000000000000444e-01 6.469291349797659543e-10
3.500000000000000333e-01 1.387944149433454637e-09
4.000000000000000222e-01 2.682975016541456031e-09
4.500000000000000111e-01 4.788144171010355351e-09
5.000000000000000000e-01 8.021307877599843170e-09
5.500000000000000444e-01 1.276442023002690699e-08
6.000000000000000888e-01 1.946425362916508764e-08
6.500000000000000222e-01 2.863142175283558641e-08
7.000000000000000666e-01 4.083768594747494163e-08
7.500000000000000000e-01 5.671156162882660684e-08
8.000000000000000444e-01 7.693227696585017521e-08
8.500000000000000888e-01 1.022221711100062454e-07
9.000000000000000222e-01 1.333376527859271508e-07
9.500000000000000666e-01 1.710588714547280283e-07
1.000000000000000000e+00 2.161782818013124700e-07
1.050000000000000044e+00 2.694883073314333111e-07
1.100000000000000089e+00 3.317683298064584137e-07
1.150000000000000133e+00 4.037712475886411450e-07
1.200000000000000178e+00 4.862098573095447709e-07
1.250000000000000000e+00 5.797433193129049270e-07
1.300000000000000044e+00 6.849639678871391676e-07
1.350000000000000089e+00 8.023847223491815955e-07
1.400000000000000133e+00 9.324273446626294733e-07
1.450000000000000178e+00 1.075411773696560872e-06
1.500000000000000000e+00 1.231546745815291696e-06
1.550000000000000044e+00 1.400921886714472913e-06
1.600000000000000089e+00 1.583501430876140028e-06
1.650000000000000133e+00 1.779119693389187933e-06
1.700000000000000178e+00 1.987478384930739676e-06
1.750000000000000000e+00 2.208145825239082440e-06
1.800000000000000044e+00 2.440558074269293095e-06
1.850000000000000089e+00 2.684021964251378732e-06
1.900000000000000133e+00 2.937719980889974028e-06
1.950000000000000178e+00 3.200716908731950012e-06
2.000000000000000000e+00 3.471968124995401307e-06
2.050000000000000266e+00 3.750329398526968875e-06
2.100000000000000089e+00 4.034568026559494208e-06
2.149999999999999911e+00 4.323375121991833060e-06
2.200000000000000178e+00 4.615378848298934262e-06
2.250000000000000000e+00 4.909158388072139020e-06
2.300000000000000266e+00 5.203258424632286134e-06
2.350000000000000089e+00 5.496203914080072147e-06
2.400000000000000355e+00 5.786514927368697386e-06
2.450000000000000178e+00 6.072721348225682021e-06
2.500000000000000000e+00 6.353377222655364406e-06
2.550000000000000266e+00 6.627074568895780232e-06
2.600000000000000089e+00 6.892456472611514741e-06
2.650000000000000355e+00 7.148229310274837876e-06
2.700000000000000178e+00 7.393173963605197732e-06
2.750000000000000000e+00 7.626155909090651981e-06
2.800000000000000266e+00 7.846134088508631559e-06
2.850000000000000089e+00 8.052168488533683908e-06
2.900000000000000355e+00 8.243426379541449512e-06
2.950000000000000178e+00 8.419187185213125558e-06
3.000000000000000000e+00 8.578845975185479401e-06
3.050000000000000266e+00 8.721915592504897813e-06
3.100000000000000089e+00 8.848027445807049772e-06
3.150000000000000355e+00 8.956931012785644241e-06
3.200000000000000178e+00 9.048492116507553625e-06
3.250000000000000000e+00 9.122690049392402972e-06
3.300000000000000266e+00 9.179613631151770686e-06
3.350000000000000089e+00 9.219456296654892266e-06
3.400000000000000355e+00 9.242510317555839187e-06
3.450000000000000178e+00 9.249160267601643553e-06
3.500000000000000000e+00 9.239875845875254159e-06
3.550000000000000266e+00 9.215204174856582805e-06
3.600000000000000089e+00 9.175761691162853456e-06
3.650000000000000355e+00 9.122225746216829946e-06
3.700000000000000178e+00 9.055326031958599493e-06
3.750000000000000000e+00 8.975835943140992172e-06
3.800000000000000266e+00 8.884563982818861083e-06
3.850000000000000089e+00 8.782345311459434383e-06
3.900000000000000355e+00 8.670033532777212109e-06
3.950000000000000178e+00 8.548492801062471236e-06
4.000000000000000000e+00 8.418590325570073199e-06
4.049999999999999822e+00 8.281189337624740351e-06
4.100000000000000533e+00 8.137142575653914889e-06
4.150000000000000355e+00 7.987286332564314239e-06
4.200000000000000178e+00 7.832435098928778206e-06
4.250000000000000000e+00 7.673376824544423524e-06
4.299999999999999822e+00 7.510868810260774862e-06
4.350000000000000533e+00 7.345634231751565348e-06
4.400000000000000355e+00 7.178359287298353776e-06
4.450000000000000178e+00 7.009690952834351371e-06
4.500000000000000000e+00 6.840235319606620504e-06
4.549999999999999822e+00 6.670556482971068674e-06
4.600000000000000533e+00 6.501175945124421509e-06
4.650000000000000355e+00 6.332572490053737562e-06
4.700000000000000178e+00 6.165182485666484230e-06
4.750000000000000000e+00 5.999400565937705216e-06
4.800000000000000711e+00 5.835580644926256112e-06
4.850000000000000533e+00 5.674037214592901791e-06
4.900000000000000355e+00 5.515046879393234241e-06
4.950000000000000178e+00 5.358850082494141689e-06
5.000000000000000000e+00 5.205652981032159715e-06
5.050000000000000711e+00 5.055629430946240581e-06
5.100000000000000533e+00 4.908923045424146852e-06
5.150000000000000355e+00 4.765649294750345024e-06
5.200000000000000178e+00 4.625897619195529068e-06
5.250000000000000000e+00 4.489733530415896410e-06
5.300000000000000711e+00 4.357200680526466028e-06
5.350000000000000533e+00 4.228322881489063399e-06
5.400000000000000355e+00 4.103106060646640312e-06
5.450000000000000178e+00 3.981540141098274184e-06
5.500000000000000000e+00 3.863600838122978619e-06
5.550000000000000711e+00 3.749251365023656268e-06
5.600000000000000533e+00 3.638444043592223801e-06
5.650000000000000355e+00 3.531121815922355772e-06
5.700000000000000178e+00 3.427219655557983191e-06
5.750000000000000000e+00 3.326665877009480041e-06
5.800000000000000711e+00 3.229383343542885207e-06
5.850000000000000533e+00 3.135290573897200035e-06
5.900000000000000355e+00 3.044302749251414555e-06
5.950000000000000178e+00 2.956332622380928437e-06
6.000000000000000000e+00 2.871291331536483923e-06
6.050000000000000711e+00 2.789089122163200208e-06
6.100000000000000533e+00 2.709635980156931420e-06
6.150000000000000355e+00 2.632842180925882956e-06
6.200000000000000178e+00 2.558618759074725163e-06
6.250000000000000000e+00 2.486877904038017127e-06
6.300000000000000711e+00 2.417533287437636389e-06
6.350000000000000533e+00 2.350500328302111356e-06
6.400000000000000355e+00 2.285696402541942119e-06
6.450000000000000178e+00 2.223041003206421418e-06
6.500000000000000000e+00 2.162455858040424448e-06
6.550000000000000711e+00 2.103865010708504318e-06
6.600000000000000533e+00 2.047194871759680760e-06
6.650000000000000355e+00 1.992374244979031103e-06
6.700000000000000178e+00 1.939334334228778557e-06
6.750000000000000000e+00 1.888008735245515246e-06
6.800000000000000711e+00 1.838333416160759576e-06
6.850000000000000533e+00 1.790246689781314506e-06
6.900000000000000355e+00 1.743689179938013979e-06
6.950000000000000178e+00 1.698603783519279677e-06
7.000000000000000000e+00 1.654935629180132138e-06
7.050000000000000711e+00 1.612632033183266879e-06
7.100000000000000533e+00 1.571642452406590172e-06
7.150000000000000355e+00 1.531918434253032305e-06
7.200000000000000178e+00 1.493413563028321325e-06
7.250000000000000000e+00 1.456083402307027902e-06
7.300000000000000711e+00 1.419885432875465134e-06
7.350000000000000533e+00 1.384778986004539955e-06
7.400000000000000355e+00 1.350725172043159805e-06
7.450000000000000178e+00 1.317686804607225733e-06
7.500000000000000000e+00 1.285628320941885866e-06
7.550000000000000711e+00 1.254515699328014887e-06
7.600000000000000533e+00 1.224316374661326873e-06
7.650000000000000355e+00 1.194999153532160087e-06
7.700000000000000178e+00 1.166534130258451038e-06
7.750000000000000000e+00 1.138892605362523301e-06
7.800000000000000711e+00 1.112047007929822640e-06
7.850000000000000533e+00 1.085970823146781489e-06
7.900000000000000355e+00 1.060638526094370323e-06
7.950000000000000178e+00 1.036025522588047702e-06
8.000000000000000000e+00 1.012108097522444900e-06
8.050000000000000711e+00 9.888633708222763687e-07
8.099999999999999645e+00 9.662692607429184617e-07
8.150000000000000355e+00 9.443044539281533574e-07
8.200000000000001066e+00 9.229483813399989649e-07
8.250000000000000000e+00 9.021811989446674712e-07
8.300000000000000711e+00 8.819837718830718514e-07
8.349999999999999645e+00 8.623376607826456449e-07
8.400000000000000355e+00 8.432251088819916412e-07
8.450000000000001066e+00 8.246290287381070125e-07
8.500000000000000000e+00 8.065329874589403897e-07
8.550000000000000711e+00 7.889211896383372356e-07
8.599999999999999645e+00 7.717784574487987734e-07
8.650000000000000355e+00 7.550902076501369923e-07
8.700000000000001066e+00 7.388424255779711044e-07
8.750000000000000000e+00 7.230216364645034753e-07
8.800000000000000711e+00 7.076148746959967753e-07
8.849999999999999645e+00 6.926096518108941913e-07
8.900000000000000355e+00 6.779939241772419536e-07
8.950000000000001066e+00 6.637560613508182439e-07
9.000000000000000000e+00 6.498848161035121840e-07
9.050000000000000711e+00 6.363692970280541193e-07
9.099999999999999645e+00 6.231989444776743866e-07
9.150000000000000355e+00 6.103635103994852966e-07
9.200000000000001066e+00 5.978530423836358796e-07
9.250000000000000000e+00 5.856578719936642212e-07
9.300000000000000711e+00 5.737686071855655012e-07
9.349999999999999645e+00 5.621761283816513461e-07
9.400000000000000355e+00 5.508715875568865179e-07
9.450000000000001066e+00 5.398464095339218219e-07
9.500000000000000000e+00 5.290922945786165095e-07
9.550000000000000711e+00 5.186012213468718310e-07
9.600000000000001421e+00 5.083654492574780053e-07
9.650000000000000355e+00 4.983775194517393400e-07
9.700000000000001066e+00 4.886302536417126041e-07
9.750000000000000000e+00 4.791167503342616286e-07
9.800000000000000711e+00 4.698303781341670150e-07
9.850000000000001421e+00 4.607647660609119211e-07
9.900000000000000355e+00 4.519137910441696602e-07
9.950000000000001066e+00 4.432715629767032356e-07
1.000000000000000000e+01 4.348324078859880252e-07
1.005000000000000071e+01 4.265908499254031549e-07
1.010000000000000142e+01 4.185415929735354574e-07
1.015000000000000036e+01 4.106795026610217216e-07
1.020000000000000107e+01 4.029995896173177048e-07
1.025000000000000000e+01 3.954969946478579300e-07
1.030000000000000071e+01 3.881669764219267548e-07
1.035000000000000142e+01 3.810049020830997336e-07
1.040000000000000036e+01 3.740062409996767724e-07
1.045000000000000107e+01 3.671665616660095562e-07
1.050000000000000000e+01 3.604815315615528845e-07
1.055000000000000071e+01 3.539469195868052719e-07
1.060000000000000142e+01 3.475586005368143570e-07
1.065000000000000036e+01 3.413125609539452332e-07
1.070000000000000107e+01 3.352049056297275867e-07
1.075000000000000000e+01 3.292318640048738037e-07
1.080000000000000071e+01 3.233897957476386967e-07
1.085000000000000142e+01 3.176751948703949693e-07
1.090000000000000036e+01 3.120846918664275094e-07
1.095000000000000107e+01 3.066150535042631484e-07
1.100000000000000000e+01 3.012631800941151347e-07
1.105000000000000071e+01 2.960261002276131835e-07
1.110000000000000142e+01 2.909009631749963089e-07
1.115000000000000036e+01 2.858850292906058816e-07
1.120000000000000107e+01 2.809756589169535494e-07
1.125000000000000000e+01 2.761703003803768676e-07
1.130000000000000071e+01 2.714664777311708708e-07
1.135000000000000142e+01 2.668617788945501586e-07
1.140000000000000036e+01 2.623538448657688242e-07
1.145000000000000107e+01 2.579403605063535177e-07
1.150000000000000000e+01 2.536190473845676235e-07
1.155000000000000071e+01 2.493876589605704740e-07
1.160000000000000142e+01 2.452439782554761700e-07
1.165000000000000036e+01 2.411858179751946680e-07
1.170000000000000107e+01 2.372110228962298577e-07
1.175000000000000000e+01 2.333174741727863001e-07
1.180000000000000071e+01 2.295030951024962153e-07
1.185000000000000142e+01 2.257658577998896830e-07
1.190000000000000036e+01 2.221037901778466051e-07
1.195000000000000107e+01 2.185149826304370761e-07
1.200000000000000000e+01 2.149975938456414143e-07
1.205000000000000071e+01 2.115498552501475585e-07
1.210000000000000142e+01 2.081700736952561218e-07
1.215000000000000036e+01 2.048566321247395058e-07
1.220000000000000107e+01 2.016079881129765636e-07
1.225000000000000000e+01 1.984226703142197593e-07
1.230000000000000071e+01 1.952992730109726418e-07
1.235000000000000142e+01 1.922364490809400225e-07
1.240000000000000036e+01 1.892329018091651707e-07
1.245000000000000107e+01 1.862873760476773603e-07
1.250000000000000000e+01 1.833986492645817101e-07
1.255000000000000071e+01 1.805655230258439220e-07
1.260000000000000142e+01 1.777868154166325241e-07
1.265000000000000036e+01 1.750613548379985951e-07
1.270000000000000107e+01 1.723879755145927485e-07
1.275000000000000000e+01 1.697655149271621286e-07
1.280000000000000071e+01 1.671928132487961986e-07
1.285000000000000142e+01 1.646687147256633153e-07
1.290000000000000036e+01 1.621920708110410515e-07
1.295000000000000107e+01 1.597617447447692791e-07
1.300000000000000000e+01 1.573766171767939946e-07
1.305000000000000071e+01 1.550355923692059801e-07
1.310000000000000142e+01 1.527376044802913389e-07
1.315000000000000036e+01 1.504816234380545428e-07
1.320000000000000107e+01 1.482666599487912973e-07
1.325000000000000000e+01 1.460917692553095389e-07
1.330000000000000071e+01 1.439560533541228254e-07
1.335000000000000142e+01 1.418586614943566856e-07
1.340000000000000036e+01 1.397987889051314320e-07
1.345000000000000107e+01 1.377756738239144873e-07
1.350000000000000000e+01 1.357885930171936092e-07
1.355000000000000071e+01 1.338368560884331412e-07
1.360000000000000142e+01 1.319197989498639791e-07
1.365000000000000036e+01 1.300367768887179496e-07
1.370000000000000107e+01 1.281871576817890437e-07
1.375000000000000000e+01 1.263703152034514282e-07
1.380000000000000071e+01 1.245856239325779383e-07
1.385000000000000142e+01 1.228324546963977496e-07
1.390000000000000036e+01 1.211101718992282710e-07
1.395000000000000107e+01 1.194181323778957755e-07
1.400000000000000000e+01 1.177556859110322235e-07
1.405000000000000071e+01 1.161221772944540959e-07
1.410000000000000142e+01 1.145169497875222579e-07
1.415000000000000036e+01 1.129393496430129504e-07
1.420000000000000107e+01 1.113887313619881419e-07
1.425000000000000000e+01 1.098644632699365581e-07
1.430000000000000071e+01 1.083659329939986136e-07
1.435000000000000142e+01 1.068925524340901108e-07
1.440000000000000036e+01 1.054437618619337335e-07
1.445000000000000107e+01 1.040190328481789400e-07
1.450000000000000000e+01 1.026178698039611638e-07
1.455000000000000071e+01 1.012398100232826437e-07
1.460000000000000142e+01 9.988442221917789317e-08
1.465000000000000036e+01 9.855130365246652208e-08
1.470000000000000107e+01 9.724007604945494535e-08
1.475000000000000000e+01 9.595038058767619452e-08
1.480000000000000071e+01 9.468187229099681837e-08
1.485000000000000142e+01 9.343421421315976876e-08
1.490000000000000036e+01 9.220707179968897294e-08
1.495000000000000107e+01 9.100010780167381539e-08
1.500000000000000000e+01 8.981297807272120425e-08
1.505000000000000071e+01 8.864532851558042776e-08
1.510000000000000142e+01 8.749679336234630465e-08
1.515000000000000036e+01 8.636699487774531616e-08
1.520000000000000107e+01 8.525554447543922880e-08
1.525000000000000000e+01 8.416204513956162239e-08
1.530000000000000071e+01 8.308609495461244842e-08
1.535000000000000142e+01 8.202729147241681794e-08
1.540000000000000036e+01 8.098523659013493769e-08
1.545000000000000107e+01 7.995954158189359421e-08
1.550000000000000000e+01 7.894983192028820584e-08
1.555000000000000071e+01 7.795575154311105069e-08
1.560000000000000142e+01 7.697696626336075196e-08
1.565000000000000036e+01 7.601316608383991711e-08
1.570000000000000107e+01 7.506406625668976543e-08
1.575000000000000000e+01 7.412940701742347662e-08
1.580000000000000071e+01 7.320895201611081998e-08
1.585000000000000142e+01 7.230248555880474166e-08
1.590000000000000036e+01 7.140980885385295929e-08
1.595000000000000107e+01 7.053073552482050533e-08
1.600000000000000000e+01 6.966508669996374464e-08
1.605000000000000071e+01 6.881268601425279311e-08
1.610000000000000142e+01 6.797335486248048194e-08
1.615000000000000213e+01 6.714690822092724551e-08
1.619999999999999929e+01 6.633315131223551604e-08
1.625000000000000000e+01 6.553187732675828336e-08
1.630000000000000071e+01 6.474286633810097284e-08
1.635000000000000142e+01 6.396588546639735602e-08
1.640000000000000213e+01 6.320069025583708863e-08
1.644999999999999929e+01 6.244702714931262068e-08
1.650000000000000000e+01 6.170463686840079471e-08
1.655000000000000071e+01 6.097325844645443914e-08
1.660000000000000142e+01 6.025263362024521831e-08
1.665000000000000213e+01 5.954251126424653806e-08
1.669999999999999929e+01 5.884265155241566202e-08
1.675000000000000000e+01 5.815282955494532156e-08
1.680000000000000071e+01 5.747283802018179992e-08
1.685000000000000142e+01 5.680248915142112369e-08
1.690000000000000213e+01 5.614161526041535667e-08
1.694999999999999929e+01 5.549006825890424063e-08
1.700000000000000000e+01 5.484771803081741969e-08
1.705000000000000071e+01 5.421444980523620487e-08
1.710000000000000142e+01 5.359016071848884530e-08
1.715000000000000213e+01 5.297475580819725512e-08
1.719999999999999929e+01 5.236814371909231847e-08
1.725000000000000000e+01 5.177023241759683253e-08
1.730000000000000071e+01 5.118092520850437241e-08
1.735000000000000142e+01 5.060011732315269515e-08
1.740000000000000213e+01 5.002769330600614474e-08
1.744999999999999929e+01 4.946352536887707435e-08
1.750000000000000000e+01 4.890747281306775395e-08
1.755000000000000071e+01 4.835938254461149913e-08
1.760000000000000142e+01 4.781909063167464355e-08
1.765000000000000213e+01 4.728642478134136679e-08
1.769999999999999929e+01 4.676120755052493555e-08
1.775000000000000000e+01 4.624326005664120838e-08
1.780000000000000071e+01 4.573240592140835160e-08
1.785000000000000142e+01 4.522847516767152413e-08
1.790000000000000213e+01 4.473130779523514933e-08
1.794999999999999929e+01 4.424075678672735847e-08
1.800000000000000000e+01 4.375669033658472103e-08
1.805000000000000071e+01 4.327899315221667224e-08
1.810000000000000142e+01 4.280756674231301580e-08
1.815000000000000213e+01 4.234232867839439325e-08
1.819999999999999929e+01 4.188321088710679663e-08
1.825000000000000000e+01 4.143015709748077498e-08
1.830000000000000071e+01 4.098311962484901731e-08
1.835000000000000142e+01 4.054205571741581752e-08
1.840000000000000213e+01 4.010692371973838254e-08
1.844999999999999929e+01 3.967767931772865603e-08
1.850000000000000000e+01 3.925427212175221408e-08
1.855000000000000071e+01 3.883664281866182748e-08
1.860000000000000142e+01 3.842472108219839533e-08
1.865000000000000213e+01 3.801842437700569550e-08
1.869999999999999929e+01 3.761765772859947007e-08
1.875000000000000000e+01 3.722231446420548950e-08
1.880000000000000071e+01 3.683227786240824381e-08
1.885000000000000142e+01 3.644742358737382721e-08
1.890000000000000213e+01 3.606762273053847550e-08
1.894999999999999929e+01 3.569274524241590827e-08
1.900000000000000000e+01 3.532266351241070853e-08
1.905000000000000071e+01 3.495725584666169388e-08
1.910000000000000142e+01 3.459640960338592729e-08
1.915000000000000213e+01 3.424002377117379313e-08
1.920000000000000284e+01 3.388801081614388110e-08
1.925000000000000000e+01 3.354029767596063437e-08
1.930000000000000071e+01 3.319682583865988417e-08
1.935000000000000142e+01 3.285755050786131887e-08
1.940000000000000213e+01 3.252243891881057113e-08
1.945000000000000284e+01 3.219146792748002070e-08
1.950000000000000000e+01 3.186462104374710378e-08
1.955000000000000071e+01 3.154188511615471187e-08
1.960000000000000142e+01 3.122324689761579617e-08
1.965000000000000213e+01 3.090868972726081346e-08
1.970000000000000284e+01 3.059819055321117548e-08
1.975000000000000000e+01 3.029171749533364766e-08
1.980000000000000071e+01 2.998922810784129467e-08
1.985000000000000142e+01 2.969066845191752907e-08
1.990000000000000213e+01 2.939597303175479401e-08
1.995000000000000284e+01 2.910506558761987824e-08
2.000000000000000000e+01 2.881786068085789975e-08
2.005000000000000071e+01 2.853426595218976266e-08
2.010000000000000142e+01 2.825418488984010164e-08
2.015000000000000213e+01 2.797751991100024643e-08
2.020000000000000284e+01 2.770417554091583964e-08
2.025000000000000000e+01 2.743406146976198003e-08
2.030000000000000071e+01 2.716709527849464736e-08
2.035000000000000142e+01 2.690320465006638553e-08
2.040000000000000213e+01 2.664232891992713356e-08
2.045000000000000284e+01 2.638441986687610466e-08
2.050000000000000000e+01 2.612944169861977513e-08
2.055000000000000071e+01 2.587737024225864870e-08
2.060000000000000142e+01 2.562819140427755714e-08
2.065000000000000213e+01 2.538189901398627698e-08
2.070000000000000284e+01 2.513849220512246937e-08
2.075000000000000000e+01 2.489797252006626529e-08
2.080000000000000071e+01 2.466034093770630190e-08
2.085000000000000142e+01 2.442559502857395147e-08
2.090000000000000213e+01 2.419372642941619389e-08
2.095000000000000284e+01 2.396471880482471246e-08
2.100000000000000000e+01 2.373854642782236484e-08
2.105000000000000071e+01 2.351517346695255281e-08
2.110000000000000142e+01 2.329455401766259695e-08
2.115000000000000213e+01 2.307663286410262381e-08
2.120000000000000284e+01 2.286134690740811882e-08
2.125000000000000000e+01 2.264862715167450070e-08
2.130000000000000071e+01 2.243840110199026203e-08
2.135000000000000142e+01 2.223059540272170123e-08
2.140000000000000213e+01 2.202513853022842858e-08
2.145000000000000284e+01 2.182196335321965414e-08
2.150000000000000000e+01 2.162100938593626715e-08
2.155000000000000071e+01 2.142222458317744290e-08
2.160000000000000142e+01 2.122556656015353374e-08
2.165000000000000213e+01 2.103100316169460178e-08
2.170000000000000284e+01 2.083851235149089520e-08
2.175000000000000000e+01 2.064808143956957441e-08
2.180000000000000071e+01 2.045970571171769801e-08
2.185000000000000142e+01 2.027338656503717632e-08
2.190000000000000213e+01 2.008912928639229521e-08
2.195000000000000284e+01 1.990694063314571124e-08
2.200000000000000000e+01 1.972682638677312010e-08
2.205000000000000071e+01 1.954878904913040981e-08
2.210000000000000142e+01 1.937282583848769636e-08
2.215000000000000213e+01 1.919892711911838097e-08
2.220000000000000284e+01 1.902707536583495564e-08
2.225000000000000000e+01 1.885724472597394931e-08
2.230000000000000071e+01 1.868940119862820199e-08
2.235000000000000142e+01 1.852350340750392592e-08
2.240000000000000213e+01 1.835950390265158632e-08
2.245000000000000284e+01 1.819735089037722772e-08
2.250000000000000000e+01 1.803699026225604299e-08
2.255000000000000071e+01 1.787836777529385330e-08
2.260000000000000142e+01 1.772143122702479014e-08
2.265000000000000213e+01 1.756613247221743925e-08
2.270000000000000284e+01 1.741242914140502201e-08
2.275000000000000000e+01 1.726028594470316023e-08
2.280000000000000071e+01 1.710967547540221927e-08
2.285000000000000142e+01 1.696057846447168787e-08
2.290000000000000213e+01 1.681298347663330188e-08
2.295000000000000284e+01 1.666688607829259172e-08
2.300000000000000000e+01 1.652228754450614975e-08
2.305000000000000071e+01 1.637919320383053710e-08
2.310000000000000142e+01 1.623761054405547015e-08
2.315000000000000213e+01 1.609754721701811701e-08
2.320000000000000284e+01 1.595900908583722738e-08
2.325000000000000000e+01 1.582199845282328456e-08
2.330000000000000071e+01 1.568651259155383769e-08
2.335000000000000142e+01 1.555254268316527164e-08
2.340000000000000213e+01 1.542007322681720070e-08
2.345000000000000284e+01 1.528908195946631211e-08
2.350000000000000000e+01 1.515954028332697911e-08
2.355000000000000071e+01 1.503141416314970962e-08
2.360000000000000142e+01 1.490466542237480478e-08
2.365000000000000213e+01 1.477925333959708219e-08
2.370000000000000284e+01 1.465513642652078191e-08
2.375000000000000000e+01 1.453227425700837337e-08
2.380000000000000071e+01 1.441062921473635005e-08
2.385000000000000142e+01 1.429016803431949021e-08
2.390000000000000213e+01 1.417086302700043844e-08
2.395000000000000284e+01 1.405269290579541254e-08
2.400000000000000000e+01 1.393564315467087824e-08
2.405000000000000071e+01 1.381970591960837885e-08
2.410000000000000142e+01 1.370487943396509531e-08
2.415000000000000213e+01 1.359116702386774339e-08
2.420000000000000284e+01 1.347857576906665611e-08
2.425000000000000000e+01 1.336711491876903589e-08
2.430000000000000071e+01 1.325679417861714602e-08
2.435000000000000142e+01 1.314762199323449303e-08
2.440000000000000213e+01 1.303960394802704515e-08
2.445000000000000284e+01 1.293274140430758210e-08
2.450000000000000000e+01 1.282703046415120600e-08
2.455000000000000071e+01 1.272246133695407169e-08
2.460000000000000142e+01 1.261901815025145500e-08
2.465000000000000213e+01 1.251667921516759151e-08
2.470000000000000284e+01 1.241541772411713547e-08
2.475000000000000000e+01 1.231520282752357781e-08
2.480000000000000071e+01 1.221600100946639256e-08
2.485000000000000142e+01 1.211777766121814321e-08
2.490000000000000213e+01 1.202049873807312968e-08
2.495000000000000284e+01 1.192413237959429366e-08
