0.000000000000000000e+00 -1.192833104058379709e-02
5.000000000000000278e-02 -1.193154796222261997e-02
1.000000000000000056e-01 -1.194109332966630105e-02
1.500000000000000222e-01 -1.195665327773594994e-02
2.000000000000000111e-01 -1.197771072618624214e-02
2.500000000000000000e-01 -1.200355512945183202e-02
3.000000000000000444e-01 -1.203329531536818237e-02
3.500000000000000333e-01 -1.206587570315097169e-02
4.000000000000000222e-01 -1.210009503158719635e-02
4.500000000000000111e-01 -1.213462835060183376e-02
5.000000000000000000e-01 -1.216805029766907138e-02
5.500000000000000444e-01 -1.219886029602550333e-02
6.000000000000000888e-01 -1.222550076099057116e-02
6.500000000000000222e-01 -1.224641715219093076e-02
7.000000000000000666e-01 -1.226003389381234536e-02
7.500000000000000000e-01 -1.226481572596828037e-02
8.000000000000000444e-01 -1.225928383010872931e-02
8.500000000000000888e-01 -1.224204030943190115e-02
9.000000000000000222e-01 -1.221178945735606688e-02
9.500000000000000666e-01 -1.216736279274602608e-02
1.000000000000000000e+00 -1.210772721475420789e-02
1.050000000000000044e+00 -1.203200888360650075e-02
1.100000000000000089e+00 -1.193950157495658922e-02
1.150000000000000133e+00 -1.182967638922334530e-02
1.200000000000000178e+00 -1.170218739869068741e-02
1.250000000000000000e+00 -1.155687477728320998e-02
1.300000000000000044e+00 -1.139376493318924530e-02
1.350000000000000089e+00 -1.121306679797229311e-02
1.400000000000000133e+00 -1.101516722442422505e-02
1.450000000000000178e+00 -1.080062218940039571e-02
1.500000000000000000e+00 -1.057014652206802324e-02
1.550000000000000044e+00 -1.032460153244814209e-02
1.600000000000000089e+00 -1.006498096645340977e-02
1.650000000000000133e+00 -9.792395605711851081e-03
1.700000000000000178e+00 -9.508056812456481405e-03
1.750000000000000000e+00 -9.213260848590486968e-03
1.800000000000000044e+00 -8.909364270950950390e-03
1.850000000000000089e+00 -8.597780233468745384e-03
1.900000000000000133e+00 -8.279947134122941227e-03
1.950000000000000178e+00 -7.957318523055053813e-03
2.000000000000000000e+00 -7.631345416389210753e-03
2.050000000000000266e+00 -7.303460604407546915e-03
2.100000000000000089e+00 -6.975065168259717702e-03
2.149999999999999911e+00 -6.647513679813314875e-03
2.200000000000000178e+00 -6.322103521397359240e-03
2.250000000000000000e+00 -6.000065913431659043e-03
2.300000000000000266e+00 -5.682553549462947273e-03
2.350000000000000089e+00 -5.370635481472384003e-03
2.400000000000000355e+00 -5.065291750289930423e-03
2.450000000000000178e+00 -4.767406642812875919e-03
2.500000000000000000e+00 -4.477767778316058857e-03
2.550000000000000266e+00 -4.197064359005542658e-03
2.600000000000000089e+00 -3.925886936015888888e-03
2.650000000000000355e+00 -3.664724893675770818e-03
2.700000000000000178e+00 -3.413974226986049056e-03
2.750000000000000000e+00 -3.173937690960876128e-03
2.800000000000000266e+00 -2.944827255901444688e-03
2.850000000000000089e+00 -2.726770977547132973e-03
2.900000000000000355e+00 -2.519818338314753440e-03
2.950000000000000178e+00 -2.323943637904699305e-03
3.000000000000000000e+00 -2.139054489955668961e-03
3.050000000000000266e+00 -1.964997257516891502e-03
3.100000000000000089e+00 -1.801563908491650347e-03
3.150000000000000355e+00 -1.648497412049292543e-03
3.200000000000000178e+00 -1.505500110785046395e-03
3.250000000000000000e+00 -1.372238618991971845e-03
3.300000000000000266e+00 -1.248351466089506808e-03
3.350000000000000089e+00 -1.133452603299404862e-03
3.400000000000000355e+00 -1.027139917243475664e-03
3.450000000000000178e+00 -9.289980333173064857e-04
3.500000000000000000e+00 -8.386035478009385563e-04
3.550000000000000266e+00 -7.555327507297723497e-04
3.600000000000000089e+00 -6.793575937766512278e-04
3.650000000000000355e+00 -6.096591559984617867e-04
3.700000000000000178e+00 -5.460229223902245957e-04
3.750000000000000000e+00 -4.880443422922536552e-04
3.800000000000000266e+00 -4.353328303763087550e-04
3.850000000000000089e+00 -3.875079395093547420e-04
3.900000000000000355e+00 -3.442080163213283306e-04
3.950000000000000178e+00 -3.050854730159233835e-04
4.000000000000000000e+00 -2.698102013639171247e-04
4.049999999999999822e+00 -2.380705143652522165e-04
4.100000000000000533e+00 -2.095691143562682687e-04
4.150000000000000355e+00 -1.840292379192745554e-04
4.200000000000000178e+00 -1.611930930545661818e-04
4.250000000000000000e+00 -1.408164722521913607e-04
4.299999999999999822e+00 -1.226738546843683729e-04
4.350000000000000533e+00 -1.065556568398163959e-04
4.400000000000000355e+00 -9.226794503237523344e-05
4.450000000000000178e+00 -7.963232360069335994e-05
4.500000000000000000e+00 -6.848207734019341221e-05
4.549999999999999822e+00 -5.866857225537371772e-05
4.600000000000000533e+00 -5.005132066341293597e-05
4.650000000000000355e+00 -4.250445855351998940e-05
4.700000000000000178e+00 -3.591246141798023795e-05
4.750000000000000000e+00 -3.017180402670339702e-05
4.800000000000000711e+00 -2.518517509044550622e-05
4.850000000000000533e+00 -2.086818037108308758e-05
4.900000000000000355e+00 -1.714181897887718812e-05
4.950000000000000178e+00 -1.394069486309828959e-05
5.000000000000000000e+00 -1.119748530479996247e-05
5.050000000000000711e+00 -8.857384370248482989e-06
5.100000000000000533e+00 -6.870364293106264804e-06
5.150000000000000355e+00 -5.191680465828229198e-06
5.200000000000000178e+00 -3.781517170649993126e-06
5.250000000000000000e+00 -2.604529422174317697e-06
5.300000000000000711e+00 -1.629503903954536566e-06
5.350000000000000533e+00 -8.281818688871819334e-07
5.400000000000000355e+00 -1.772323639011271728e-07
5.450000000000000178e+00 3.457326349787132042e-07
5.500000000000000000e+00 7.593428617281889548e-07
5.550000000000000711e+00 1.080155406549530270e-06
5.600000000000000533e+00 1.322647459960769721e-06
5.650000000000000355e+00 1.499443918857736754e-06
5.700000000000000178e+00 1.621523631234702367e-06
5.750000000000000000e+00 1.698393845962345605e-06
5.800000000000000711e+00 1.738266275093608047e-06
5.850000000000000533e+00 1.748740596775157085e-06
5.900000000000000355e+00 1.734228819560556547e-06
5.950000000000000178e+00 1.701251068742672638e-06
6.000000000000000000e+00 1.654083753182420623e-06
6.050000000000000711e+00 1.596107720964782919e-06
6.100000000000000533e+00 1.530179993696457100e-06
6.150000000000000355e+00 1.458879649522886669e-06
6.200000000000000178e+00 1.384212704958761827e-06
6.250000000000000000e+00 1.307789220925798610e-06
6.300000000000000711e+00 1.230884095124259045e-06
6.350000000000000533e+00 1.154492115522079563e-06
6.400000000000000355e+00 1.079375939189743487e-06
6.450000000000000178e+00 1.005815261525039253e-06
6.500000000000000000e+00 9.351476480043147833e-07
6.550000000000000711e+00 8.670981458532200694e-07
6.600000000000000533e+00 8.013075998178053266e-07
6.650000000000000355e+00 7.386158466429581448e-07
6.700000000000000178e+00 6.791206558597649669e-07
6.750000000000000000e+00 6.227850931472355230e-07
6.800000000000000711e+00 5.696538549466533656e-07
6.850000000000000533e+00 5.197492201638341796e-07
6.900000000000000355e+00 4.730736317147699996e-07
6.950000000000000178e+00 4.296102530892486967e-07
