0.000000000000000000e+00 0.000000000000000000e+00
5.000000000000000278e-02 -5.079045794456623335e-10
1.000000000000000056e-01 -4.054086877642753801e-09
1.500000000000000222e-01 -1.363122914583923274e-08
2.000000000000000111e-01 -3.214153537384113941e-08
2.500000000000000000e-01 -6.235326116880098377e-08
3.000000000000000444e-01 -1.068593312146395522e-07
3.500000000000000333e-01 -1.680386822210805206e-07
4.000000000000000222e-01 -2.480209211137837614e-07
4.500000000000000111e-01 -3.486548298728572176e-07
5.000000000000000000e-01 -4.714811810685371745e-07
5.500000000000000444e-01 -6.177102531163248958e-07
6.000000000000000888e-01 -7.882043530691220625e-07
6.500000000000000222e-01 -9.834655689805700419e-07
7.000000000000000666e-01 -1.203628885186001941e-06
7.500000000000000000e-01 -1.448460703966480737e-06
8.000000000000000444e-01 -1.717362727699089391e-06
8.500000000000000888e-01 -2.009381068427742871e-06
9.000000000000000222e-01 -2.323220368416442722e-06
9.500000000000000666e-01 -2.657262637168954958e-06
1.000000000000000000e+00 -3.009590438978144534e-06
1.050000000000000044e+00 -3.378014001505949680e-06
1.100000000000000089e+00 -3.760101761208601069e-06
1.150000000000000133e+00 -4.153213816427573374e-06
1.200000000000000178e+00 -4.554537724267217952e-06
1.250000000000000000e+00 -4.961126053356568033e-06
1.300000000000000044e+00 -5.369935091403455724e-06
1.350000000000000089e+00 -5.777864104031532074e-06
1.400000000000000133e+00 -6.181794549470501675e-06
1.450000000000000178e+00 -6.578628671772053938e-06
1.500000000000000000e+00 -6.965326922690089680e-06
1.550000000000000044e+00 -7.338943698372852109e-06
1.600000000000000089e+00 -7.696660920603495777e-06
1.650000000000000133e+00 -8.035819042418556712e-06
1.700000000000000178e+00 -8.353945113365127348e-06
1.750000000000000000e+00 -8.648777599202858300e-06
1.800000000000000044e+00 -8.918287713260044644e-06
1.850000000000000089e+00 -9.160697080653002066e-06
1.900000000000000133e+00 -9.374491620937415893e-06
1.950000000000000178e+00 -9.558431598289167196e-06
2.000000000000000000e+00 -9.711557849890007372e-06
2.050000000000000266e+00 -9.833194261791842371e-06
2.100000000000000089e+00 -9.922946616229908471e-06
2.149999999999999911e+00 -9.980697984350006186e-06
2.200000000000000178e+00 -1.000660088294001563e-05
2.250000000000000000e+00 -1.000106645248212746e-05
2.300000000000000266e+00 -9.964750946282843372e-06
2.350000000000000089e+00 -9.898539846349686632e-06
2.400000000000000355e+00 -9.803529940962558083e-06
2.450000000000000178e+00 -9.681009711564061588e-06
2.500000000000000000e+00 -9.532438382822879054e-06
2.550000000000000266e+00 -9.359423989777494301e-06
2.600000000000000089e+00 -9.163700810217432729e-06
2.650000000000000355e+00 -8.947106499365522063e-06
2.700000000000000178e+00 -8.711559248022616767e-06
2.750000000000000000e+00 -8.459035265215042340e-06
2.800000000000000266e+00 -8.191546862678543905e-06
2.850000000000000089e+00 -7.911121391878104378e-06
2.900000000000000355e+00 -7.619781255368660670e-06
2.950000000000000178e+00 -7.319525183812738648e-06
3.000000000000000000e+00 -7.012310938533824143e-06
3.050000000000000266e+00 -6.700039567717543074e-06
3.100000000000000089e+00 -6.384541312854150104e-06
3.150000000000000355e+00 -6.067563231277140146e-06
3.200000000000000178e+00 -5.750758571167415027e-06
3.250000000000000000e+00 -5.435677907576107670e-06
3.300000000000000266e+00 -5.123762022221800295e-06
3.350000000000000089e+00 -4.816336486323455153e-06
3.400000000000000355e+00 -4.514607884758000631e-06
3.450000000000000178e+00 -4.219661601532978923e-06
3.500000000000000000e+00 -3.932461071031074215e-06
3.550000000000000266e+00 -3.653848386745454678e-06
3.600000000000000089e+00 -3.384546149259194585e-06
3.650000000000000355e+00 -3.125160427956017157e-06
3.700000000000000178e+00 -2.876184706267081653e-06
3.750000000000000000e+00 -2.638004678006048040e-06
3.800000000000000266e+00 -2.410903762338603072e-06
3.850000000000000089e+00 -2.195069206964609862e-06
3.900000000000000355e+00 -1.990598652935518910e-06
3.950000000000000178e+00 -1.797507039949287148e-06
4.000000000000000000e+00 -1.615733737716486462e-06
4.049999999999999822e+00 -1.445149796831478399e-06
4.100000000000000533e+00 -1.285565221272120523e-06
4.150000000000000355e+00 -1.136736173960306969e-06
4.200000000000000178e+00 -9.983720365257828240e-07
4.250000000000000000e+00 -8.701422543243380265e-07
4.299999999999999822e+00 -7.516829076835855276e-07
4.350000000000000533e+00 -6.426029601196781727e-07
4.400000000000000355e+00 -5.424901437410830206e-07
4.450000000000000178e+00 -4.509164511072313080e-07
4.500000000000000000e+00 -3.674432113374976453e-07
4.549999999999999822e+00 -2.916257361875478271e-07
4.600000000000000533e+00 -2.230175290639648355e-07
4.650000000000000355e+00 -1.611740564908874915e-07
4.700000000000000178e+00 -1.056560873491778193e-07
4.750000000000000000e+00 -5.603261026987546123e-08
4.800000000000000711e+00 -1.188334388447128711e-08
4.850000000000000533e+00 2.719914176755448875e-08
4.900000000000000355e+00 6.160767147030697318e-08
4.950000000000000178e+00 9.171905525288554100e-08
5.000000000000000000e+00 1.178929979192546007e-07
5.050000000000000711e+00 1.404713015371094625e-07
5.100000000000000533e+00 1.597773341790815677e-07
5.150000000000000355e+00 1.761157381079281600e-07
5.200000000000000178e+00 1.897723508948590605e-07
5.250000000000000000e+00 2.010143136008561881e-07
5.300000000000000711e+00 2.100903410800736675e-07
5.350000000000000533e+00 2.172311306295629984e-07
5.400000000000000355e+00 2.226498865611165345e-07
5.450000000000000178e+00 2.265429397626082828e-07
5.500000000000000000e+00 2.290904429054859338e-07
5.550000000000000711e+00 2.304571236037323216e-07
5.600000000000000533e+00 2.307930795035809555e-07
5.650000000000000355e+00 2.302346009527680716e-07
5.700000000000000178e+00 2.289050085376718714e-07
5.750000000000000000e+00 2.269154943648894680e-07
5.800000000000000711e+00 2.243659574831657133e-07
5.850000000000000533e+00 2.213458252784309027e-07
5.900000000000000355e+00 2.179348540185025600e-07
5.950000000000000178e+00 2.142039029677025501e-07
6.000000000000000000e+00 2.102156776305336561e-07
6.050000000000000711e+00 2.060254387157954831e-07
6.100000000000000533e+00 2.016816743380184247e-07
6.150000000000000355e+00 1.972267337938143245e-07
6.200000000000000178e+00 1.926974219700173535e-07
6.250000000000000000e+00 1.881255540627885109e-07
6.300000000000000711e+00 1.835384708177932869e-07
6.350000000000000533e+00 1.789595149471018892e-07
6.400000000000000355e+00 1.744084697453984331e-07
6.450000000000000178e+00 1.699019612231492938e-07
6.500000000000000000e+00 1.654538253046353673e-07
6.550000000000000711e+00 1.610754418111236370e-07
6.600000000000000533e+00 1.567760370706334974e-07
6.650000000000000355e+00 1.525629570724053463e-07
6.700000000000000178e+00 1.484419131223154772e-07
6.750000000000000000e+00 1.444172019610103392e-07
6.800000000000000711e+00 1.404919022847872737e-07
6.850000000000000533e+00 1.366680495650996544e-07
6.900000000000000355e+00 1.329467910004965620e-07
6.950000000000000178e+00 1.293285223588118048e-07
7.000000000000000000e+00 1.258130083809623512e-07
7.050000000000000711e+00 1.223994883239397367e-07
7.100000000000000533e+00 1.190867681221308402e-07
7.150000000000000355e+00 1.158733005452645138e-07
7.200000000000000178e+00 1.127572546299213464e-07
7.250000000000000000e+00 1.097365755613322203e-07
7.300000000000000711e+00 1.068090360843034012e-07
7.350000000000000533e+00 1.039722804276347440e-07
7.400000000000000355e+00 1.012238616360496454e-07
7.450000000000000178e+00 9.856127311806244585e-08
7.500000000000000000e+00 9.598197513768404828e-08
7.550000000000000711e+00 9.348341690268756897e-08
7.600000000000000533e+00 9.106305483242543748e-08
7.650000000000000355e+00 8.871836752385894323e-08
7.700000000000000178e+00 8.644686787549907803e-08
7.750000000000000000e+00 8.424611277517365789e-08
7.800000000000000711e+00 8.211371070870006272e-08
7.850000000000000533e+00 8.004732760245973794e-08
7.900000000000000355e+00 7.804469117321348554e-08
7.950000000000000178e+00 7.610359402300313913e-08
8.000000000000000000e+00 7.422189568532459435e-08
8.050000000000000711e+00 7.239752380067594676e-08
8.099999999999999645e+00 7.062847457470944705e-08
8.150000000000000355e+00 6.891281265034411084e-08
8.200000000000001066e+00 6.724867050596625329e-08
8.250000000000000000e+00 6.563424747504544499e-08
8.300000000000000711e+00 6.406780846786201673e-08
8.349999999999999645e+00 6.254768246333149209e-08
8.400000000000000355e+00 6.107226082792841959e-08
8.450000000000001066e+00 5.963999550923850257e-08
8.500000000000000000e+00 5.824939714354603019e-08
8.550000000000000711e+00 5.689903310991145127e-08
8.599999999999999645e+00 5.558752555726219380e-08
8.650000000000000355e+00 5.431354942600663568e-08
8.700000000000001066e+00 5.307583048141804813e-08
8.750000000000000000e+00 5.187314337246493095e-08
8.800000000000000711e+00 5.070430972676927496e-08
8.849999999999999645e+00 4.956819628986528943e-08
8.900000000000000355e+00 4.846371311486142725e-08
8.950000000000001066e+00 4.738981180690504475e-08
9.000000000000000000e+00 4.634548382541962529e-08
9.050000000000000711e+00 4.532975884597684131e-08
9.099999999999999645e+00 4.434170318270301047e-08
9.150000000000000355e+00 4.338041827141054824e-08
9.200000000000001066e+00 4.244503921303974117e-08
9.250000000000000000e+00 4.153473337654206979e-08
9.300000000000000711e+00 4.064869905999543852e-08
9.349999999999999645e+00 3.978616420845443349e-08
9.400000000000000355e+00 3.894638518686458413e-08
9.450000000000001066e+00 3.812864560623218025e-08
9.500000000000000000e+00 3.733225520114113370e-08
9.550000000000000711e+00 3.655654875667390359e-08
9.600000000000001421e+00 3.580088508276767604e-08
9.650000000000000355e+00 3.506464603403745945e-08
9.700000000000001066e+00 3.434723557312417276e-08
9.750000000000000000e+00 3.364807887567174959e-08
9.800000000000000711e+00 3.296662147506624528e-08
9.850000000000001421e+00 3.230232844513633349e-08
9.900000000000000355e+00 3.165468361908445925e-08
9.950000000000001066e+00 3.102318884295802358e-08
1.000000000000000000e+01 3.040736326205778174e-08
1.005000000000000071e+01 2.980674263874224558e-08
1.010000000000000142e+01 2.922087870014395932e-08
1.015000000000000036e+01 2.864933851439038934e-08
1.020000000000000107e+01 2.809170389399214181e-08
1.025000000000000000e+01 2.754757082509938790e-08
1.030000000000000071e+01 2.701654892142529453e-08
1.035000000000000142e+01 2.649826090165392668e-08
1.040000000000000036e+01 2.599234208924918017e-08
1.045000000000000107e+01 2.549843993359490894e-08
1.050000000000000000e+01 2.501621355147527154e-08
1.055000000000000071e+01 2.454533328795282687e-08
1.060000000000000142e+01 2.408548029572703925e-08
1.065000000000000036e+01 2.363634613212908151e-08
1.070000000000000107e+01 2.319763237293399419e-08
1.075000000000000000e+01 2.276905024221218113e-08
1.080000000000000071e+01 2.235032025749510864e-08
1.085000000000000142e+01 2.194117188954303542e-08
1.090000000000000036e+01 2.154134323606360332e-08
1.095000000000000107e+01 2.115058070874192160e-08
1.100000000000000000e+01 2.076863873298250462e-08
1.105000000000000071e+01 2.039527945979561068e-08
1.110000000000000142e+01 2.003027248928351174e-08
1.115000000000000036e+01 1.967339460520966648e-08
1.120000000000000107e+01 1.932442952015771104e-08
1.125000000000000000e+01 1.898316763082203917e-08
1.130000000000000071e+01 1.864940578297085995e-08
1.135000000000000142e+01 1.832294704567034992e-08
1.140000000000000036e+01 1.800360049436074281e-08
1.145000000000000107e+01 1.769118100240165358e-08
1.150000000000000000e+01 1.738550904072015599e-08
1.155000000000000071e+01 1.708641048521632544e-08
1.160000000000000142e+01 1.679371643159018008e-08
1.165000000000000036e+01 1.650726301727312067e-08
1.170000000000000107e+01 1.622689125016795032e-08
1.175000000000000000e+01 1.595244684390445694e-08
1.180000000000000071e+01 1.568378005933477644e-08
1.185000000000000142e+01 1.542074555201503550e-08
1.190000000000000036e+01 1.516320222541300653e-08
1.195000000000000107e+01 1.491101308961266244e-08
1.200000000000000000e+01 1.466404512528222052e-08
1.205000000000000071e+01 1.442216915268977647e-08
1.210000000000000142e+01 1.418525970556261032e-08
1.215000000000000036e+01 1.395319490958697717e-08
1.220000000000000107e+01 1.372585636536484149e-08
1.225000000000000000e+01 1.350312903563907336e-08
1.230000000000000071e+01 1.328490113662447818e-08
1.235000000000000142e+01 1.307106403327089063e-08
1.240000000000000036e+01 1.286151213830626725e-08
1.245000000000000107e+01 1.265614281490631096e-08
1.250000000000000000e+01 1.245485628284561599e-08
1.255000000000000071e+01 1.225755552799457976e-08
1.260000000000000142e+01 1.206414621503198268e-08
1.265000000000000036e+01 1.187453660323797698e-08
1.270000000000000107e+01 1.168863746525965329e-08
1.275000000000000000e+01 1.150636200872459505e-08
1.280000000000000071e+01 1.132762580059147591e-08
1.285000000000000142e+01 1.115234669413766103e-08
1.290000000000000036e+01 1.098044475847815961e-08
1.295000000000000107e+01 1.081184221051823391e-08
1.300000000000000000e+01 1.064646334924932811e-08
1.305000000000000071e+01 1.048423449229741499e-08
1.310000000000000142e+01 1.032508391463736965e-08
1.315000000000000036e+01 1.016894178939432156e-08
1.320000000000000107e+01 1.001574013065040834e-08
1.325000000000000000e+01 9.865412738182380991e-09
1.330000000000000071e+01 9.717895144061417492e-09
1.335000000000000142e+01 9.573124561038020441e-09
1.340000000000000036e+01 9.431039832657212668e-09
1.345000000000000107e+01 9.291581385024889605e-09
1.350000000000000000e+01 9.154691180181004733e-09
1.355000000000000071e+01 9.020312671007850042e-09
1.360000000000000142e+01 8.888390757624543483e-09
1.365000000000000036e+01 8.758871745208527048e-09
1.370000000000000107e+01 8.631703303198358875e-09
1.375000000000000000e+01 8.506834425822035800e-09
1.380000000000000071e+01 8.384215393904563975e-09
1.385000000000000142e+01 8.263797737913964444e-09
1.390000000000000036e+01 8.145534202191531684e-09
1.395000000000000107e+01 8.029378710334366339e-09
1.400000000000000000e+01 7.915286331682958369e-09
1.405000000000000071e+01 7.803213248873262323e-09
1.410000000000000142e+01 7.693116726427420288e-09
1.415000000000000036e+01 7.584955080327066221e-09
1.420000000000000107e+01 7.478687648553953485e-09
1.425000000000000000e+01 7.374274762553046763e-09
1.430000000000000071e+01 7.271677719588421434e-09
1.435000000000000142e+01 7.170858755962707254e-09
1.440000000000000036e+01 7.071781021067146277e-09
1.445000000000000107e+01 6.974408552240641679e-09
1.450000000000000000e+01 6.878706250396333420e-09
1.455000000000000071e+01 6.784639856407429747e-09
1.460000000000000142e+01 6.692175928209552477e-09
1.465000000000000036e+01 6.601281818609056114e-09
1.470000000000000107e+01 6.511925653761307012e-09
1.475000000000000000e+01 6.424076312307854083e-09
1.480000000000000071e+01 6.337703405140121825e-09
1.485000000000000142e+01 6.252777255775637195e-09
1.490000000000000036e+01 6.169268881323766615e-09
1.495000000000000107e+01 6.087149974020701294e-09
1.500000000000000000e+01 6.006392883316511994e-09
1.505000000000000071e+01 5.926970598495332452e-09
1.510000000000000142e+01 5.848856731808427870e-09
1.515000000000000036e+01 5.772025502108810308e-09
1.520000000000000107e+01 5.696451718967556918e-09
1.525000000000000000e+01 5.622110767253981279e-09
1.530000000000000071e+01 5.548978592170161822e-09
1.535000000000000142e+01 5.477031684721575572e-09
1.540000000000000036e+01 5.406247067606388698e-09
1.545000000000000107e+01 5.336602281519955315e-09
1.550000000000000000e+01 5.268075371850325402e-09
1.555000000000000071e+01 5.200644875758389218e-09
1.560000000000000142e+01 5.134289809630375420e-09
1.565000000000000036e+01 5.068989656884863066e-09
1.570000000000000107e+01 5.004724356133993197e-09
1.575000000000000000e+01 4.941474289676700780e-09
1.580000000000000071e+01 4.879220272319960164e-09
1.585000000000000142e+01 4.817943540512365662e-09
1.590000000000000036e+01 4.757625741793135131e-09
1.595000000000000107e+01 4.698248924524251674e-09
1.600000000000000000e+01 4.639795527922163853e-09
1.605000000000000071e+01 4.582248372358773706e-09
1.610000000000000142e+01 4.525590649937664168e-09
1.615000000000000213e+01 4.469805915330023967e-09
1.619999999999999929e+01 4.414878076861712829e-09
1.625000000000000000e+01 4.360791387852650691e-09
1.630000000000000071e+01 4.307530438183274603e-09
1.635000000000000142e+01 4.255080146104030393e-09
1.640000000000000213e+01 4.203425750260209225e-09
1.644999999999999929e+01 4.152552801936953998e-09
1.650000000000000000e+01 4.102447157514327427e-09
1.655000000000000071e+01 4.053094971128865090e-09
1.660000000000000142e+01 4.004482687529150298e-09
1.665000000000000213e+01 3.956597035124690334e-09
1.669999999999999929e+01 3.909425019225523983e-09
1.675000000000000000e+01 3.862953915456222730e-09
1.680000000000000071e+01 3.817171263349909625e-09
1.685000000000000142e+01 3.772064860110632552e-09
1.690000000000000213e+01 3.727622754542799869e-09
1.694999999999999929e+01 3.683833241138295695e-09
1.700000000000000000e+01 3.640684854323178181e-09
1.705000000000000071e+01 3.598166362851229648e-09
1.710000000000000142e+01 3.556266764348421691e-09
1.715000000000000213e+01 3.514975279998033647e-09
1.719999999999999929e+01 3.474281349361995735e-09
1.725000000000000000e+01 3.434174625343360778e-09
1.730000000000000071e+01 3.394644969269811057e-09
1.735000000000000142e+01 3.355682446114114441e-09
1.740000000000000213e+01 3.317277319828572194e-09
1.744999999999999929e+01 3.279420048807022180e-09
1.750000000000000000e+01 3.242101281457606097e-09
1.755000000000000071e+01 3.205311851889034989e-09
1.760000000000000142e+01 3.169042775713791215e-09
1.765000000000000213e+01 3.133285245944463922e-09
1.769999999999999929e+01 3.098030629006694241e-09
1.775000000000000000e+01 3.063270460847722291e-09
1.780000000000000071e+01 3.028996443141052161e-09
1.785000000000000142e+01 2.995200439588942989e-09
1.790000000000000213e+01 2.961874472317376355e-09
1.794999999999999929e+01 2.929010718359805797e-09
1.800000000000000000e+01 2.896601506229276924e-09
1.805000000000000071e+01 2.864639312576198361e-09
1.810000000000000142e+01 2.833116758927497755e-09
1.815000000000000213e+01 2.802026608506510603e-09
1.819999999999999929e+01 2.771361763132616747e-09
1.825000000000000000e+01 2.741115260194622487e-09
1.830000000000000071e+01 2.711280269701913816e-09
1.835000000000000142e+01 2.681850091403056709e-09
1.840000000000000213e+01 2.652818151977827490e-09
1.844999999999999929e+01 2.624178002296216274e-09
1.850000000000000000e+01 2.595923314745700121e-09
1.855000000000000071e+01 2.568047880617980954e-09
1.860000000000000142e+01 2.540545607567034723e-09
1.865000000000000213e+01 2.513410517117846060e-09
1.869999999999999929e+01 2.486636742246476507e-09
1.875000000000000000e+01 2.460218525006373793e-09
1.880000000000000071e+01 2.434150214221325819e-09
1.885000000000000142e+01 2.408426263224894739e-09
1.890000000000000213e+01 2.383041227660679432e-09
1.894999999999999929e+01 2.357989763329650335e-09
1.900000000000000000e+01 2.333266624089126399e-09
1.905000000000000071e+01 2.308866659804527006e-09
1.910000000000000142e+01 2.284784814343797711e-09
1.915000000000000213e+01 2.261016123623471910e-09
1.920000000000000284e+01 2.237555713697137093e-09
1.925000000000000000e+01 2.214398798891754742e-09
1.930000000000000071e+01 2.191540679982451562e-09
1.935000000000000142e+01 2.168976742415220611e-09
1.940000000000000213e+01 2.146702454566375294e-09
1.945000000000000284e+01 2.124713366043039385e-09
1.950000000000000000e+01 2.103005106024606053e-09
1.955000000000000071e+01 2.081573381640649095e-09
1.960000000000000142e+01 2.060413976385476186e-09
1.965000000000000213e+01 2.039522748570509533e-09
1.970000000000000284e+01 2.018895629809587056e-09
1.975000000000000000e+01 1.998528623542124466e-09
1.980000000000000071e+01 1.978417803585358944e-09
1.985000000000000142e+01 1.958559312722554490e-09
1.990000000000000213e+01 1.938949361322182709e-09
1.995000000000000284e+01 1.919584225987465267e-09
2.000000000000000000e+01 1.900460248236676701e-09
2.005000000000000071e+01 1.881573833214270468e-09
2.010000000000000142e+01 1.862921448426150809e-09
2.015000000000000213e+01 1.844499622509404954e-09
2.020000000000000284e+01 1.826304944026540142e-09
2.025000000000000000e+01 1.808334060283055406e-09
2.030000000000000071e+01 1.790583676175580574e-09
2.035000000000000142e+01 1.773050553067257431e-09
2.040000000000000213e+01 1.755731507679059829e-09
2.045000000000000284e+01 1.738623411015759212e-09
2.050000000000000000e+01 1.721723187306492168e-09
2.055000000000000071e+01 1.705027812977621096e-09
2.060000000000000142e+01 1.688534315637029626e-09
2.065000000000000213e+01 1.672239773091375798e-09
2.070000000000000284e+01 1.656141312376137185e-09
2.075000000000000000e+01 1.640236108811659257e-09
2.080000000000000071e+01 1.624521385078134403e-09
2.085000000000000142e+01 1.608994410309088488e-09
2.090000000000000213e+01 1.593652499206835891e-09
2.095000000000000284e+01 1.578493011174215929e-09
2.100000000000000000e+01 1.563513349467578523e-09
2.105000000000000071e+01 1.548710960365935249e-09
2.110000000000000142e+01 1.534083332356509029e-09
2.115000000000000213e+01 1.519627995343564004e-09
2.120000000000000284e+01 1.505342519864008976e-09
2.125000000000000000e+01 1.491224516330561475e-09
2.130000000000000071e+01 1.477271634282212732e-09
2.135000000000000142e+01 1.463481561654722617e-09
2.140000000000000213e+01 1.449852024066308031e-09
2.145000000000000284e+01 1.436380784116086625e-09
2.150000000000000000e+01 1.423065640698592640e-09
2.155000000000000071e+01 1.409904428333276506e-09
2.160000000000000142e+01 1.396895016506728746e-09
2.165000000000000213e+01 1.384035309028729595e-09
2.170000000000000284e+01 1.371323243400903390e-09
2.175000000000000000e+01 1.358756790201580338e-09
2.180000000000000071e+01 1.346333952478103103e-09
2.185000000000000142e+01 1.334052765156594153e-09
2.190000000000000213e+01 1.321911294461008821e-09
2.195000000000000284e+01 1.309907637344615311e-09
2.200000000000000000e+01 1.298039920931902559e-09
2.205000000000000071e+01 1.286306301977533800e-09
2.210000000000000142e+01 1.274704966325616327e-09
2.215000000000000213e+01 1.263234128391158507e-09
2.220000000000000284e+01 1.251892030644945333e-09
2.225000000000000000e+01 1.240676943110724484e-09
2.230000000000000071e+01 1.229587162873112860e-09
2.235000000000000142e+01 1.218621013594950959e-09
2.240000000000000213e+01 1.207776845044491613e-09
2.245000000000000284e+01 1.197053032631326846e-09
2.250000000000000000e+01 1.186447976951691036e-09
2.255000000000000071e+01 1.175960103344840228e-09
2.260000000000000142e+01 1.165587861454195805e-09
2.265000000000000213e+01 1.155329724802189368e-09
2.270000000000000284e+01 1.145184190368332795e-09
2.275000000000000000e+01 1.135149778179628802e-09
2.280000000000000071e+01 1.125225030907507955e-09
2.285000000000000142e+01 1.115408513472896873e-09
2.290000000000000213e+01 1.105698812657461327e-09
2.295000000000000284e+01 1.096094536725911856e-09
2.300000000000000000e+01 1.086594315050633750e-09
2.305000000000000071e+01 1.077196797750652078e-09
2.310000000000000142e+01 1.067900655330164101e-09
2.315000000000000213e+01 1.058704578328735966e-09
2.320000000000000284e+01 1.049607276977715037e-09
2.325000000000000000e+01 1.040607480859469329e-09
2.330000000000000071e+01 1.031703938581902898e-09
2.335000000000000142e+01 1.022895417447173724e-09
2.340000000000000213e+01 1.014180703137506944e-09
2.345000000000000284e+01 1.005558599400874280e-09
2.350000000000000000e+01 9.970279277451512495e-10
2.355000000000000071e+01 9.885875271377143233e-10
2.360000000000000142e+01 9.802362537095801329e-10
2.365000000000000213e+01 9.719729804654555063e-10
2.370000000000000284e+01 9.637965970015406653e-10
2.375000000000000000e+01 9.557060092268706888e-10
2.380000000000000071e+01 9.477001390889676215e-10
2.385000000000000142e+01 9.397779243048676008e-10
2.390000000000000213e+01 9.319383181009351250e-10
2.395000000000000284e+01 9.241802889522848231e-10
2.400000000000000000e+01 9.165028203301495358e-10
2.405000000000000071e+01 9.089049104530938552e-10
2.410000000000000142e+01 9.013855720425741894e-10
2.415000000000000213e+01 8.939438320860936880e-10
2.420000000000000284e+01 8.865787315974890233e-10
2.425000000000000000e+01 8.792893253898590759e-10
2.430000000000000071e+01 8.720746818487944032e-10
2.435000000000000142e+01 8.649338827084250167e-10
2.440000000000000213e+01 8.578660228346596669e-10
2.445000000000000284e+01 8.508702100110562864e-10
2.450000000000000000e+01 8.439455647268572680e-10
2.455000000000000071e+01 8.370912199733088539e-10
2.460000000000000142e+01 8.303063210382220409e-10
2.465000000000000213e+01 8.235900253096047636e-10
2.470000000000000284e+01 8.169415020788051089e-10
2.475000000000000000e+01 8.103599323479167861e-10
2.480000000000000071e+01 8.038445086434725141e-10
2.485000000000000142e+01 7.973944348305621650e-10
2.490000000000000213e+01 7.910089259309847585e-10
2.495000000000000284e+01 7.846872079451323837e-10
2.500000000000000000e+01 7.784285176773757841e-10
2.505000000000000071e+01 7.722321025629892227e-10
2.510000000000000142e+01 7.660972204994065667e-10
2.515000000000000213e+01 7.600231396818599834e-10
2.520000000000000284e+01 7.540091384392419743e-10
2.525000000000000000e+01 7.480545050728777403e-10
2.530000000000000071e+01 7.421585377019520091e-10
2.535000000000000142e+01 7.363205441071423272e-10
2.540000000000000213e+01 7.305398415785311514e-10
2.545000000000000284e+01 7.248157567689958399e-10
2.550000000000000000e+01 7.191476255453806620e-10
2.555000000000000071e+01 7.135347928454198844e-10
2.560000000000000142e+01 7.079766125370352802e-10
2.565000000000000213e+01 7.024724472787088680e-10
2.570000000000000284e+01 6.970216683837454688e-10
2.575000000000000000e+01 6.916236556850694148e-10
2.580000000000000071e+01 6.862777974049958178e-10
2.585000000000000142e+01 6.809834900251066848e-10
2.590000000000000213e+01 6.757401381578039335e-10
2.595000000000000284e+01 6.705471544241378146e-10
2.600000000000000000e+01 6.654039593284313532e-10
2.605000000000000071e+01 6.603099811393724119e-10
2.610000000000000142e+01 6.552646557689376104e-10
2.615000000000000213e+01 6.502674266594583900e-10
2.620000000000000284e+01 6.453177446651336985e-10
2.625000000000000000e+01 6.404150679425913066e-10
2.630000000000000071e+01 6.355588618375530007e-10
2.635000000000000142e+01 6.307485987781682983e-10
2.640000000000000213e+01 6.259837581662110397e-10
2.645000000000000284e+01 6.212638262731651339e-10
2.650000000000000000e+01 6.165882961370255046e-10
2.655000000000000071e+01 6.119566674586731434e-10
2.660000000000000142e+01 6.073684465041029808e-10
2.665000000000000213e+01 6.028231460059028504e-10
2.670000000000000284e+01 5.983202850652727039e-10
2.675000000000000000e+01 5.938593890578013983e-10
2.680000000000000071e+01 5.894399895414092489e-10
2.685000000000000142e+01 5.850616241620092174e-10
2.690000000000000213e+01 5.807238365644547150e-10
2.695000000000000284e+01 5.764261763049711613e-10
2.700000000000000000e+01 5.721681987618255444e-10
2.705000000000000071e+01 5.679494650501938192e-10
2.710000000000000142e+01 5.637695419382940995e-10
2.715000000000000213e+01 5.596280017636419618e-10
2.720000000000000284e+01 5.555244223518824175e-10
2.725000000000000000e+01 5.514583869350979688e-10
2.730000000000000071e+01 5.474294840754906509e-10
2.735000000000000142e+01 5.434373075849823513e-10
2.740000000000000213e+01 5.394814564497479168e-10
2.745000000000000284e+01 5.355615347562082350e-10
2.750000000000000000e+01 5.316771516135735588e-10
2.755000000000000071e+01 5.278279210866674446e-10
2.760000000000000142e+01 5.240134621189082762e-10
2.765000000000000213e+01 5.202333984645934679e-10
2.770000000000000284e+01 5.164873586193043132e-10
2.775000000000000000e+01 5.127749757519593018e-10
2.780000000000000071e+01 5.090958876366573322e-10
2.785000000000000142e+01 5.054497365880376822e-10
2.790000000000000213e+01 5.018361693956722827e-10
2.795000000000000284e+01 4.982548372598641973e-10
2.800000000000000000e+01 4.947053957298484423e-10
2.805000000000000071e+01 4.911875046412445174e-10
2.810000000000000142e+01 4.877008280541257036e-10
2.815000000000000213e+01 4.842450341967912543e-10
2.820000000000000284e+01 4.808197954016022020e-10
2.825000000000000000e+01 4.774247880511153568e-10
2.830000000000000071e+01 4.740596925203678129e-10
2.835000000000000142e+01 4.707241931178752934e-10
2.840000000000000213e+01 4.674179780343995812e-10
2.845000000000000284e+01 4.641407392854769408e-10
2.850000000000000000e+01 4.608921726593781180e-10
2.855000000000000071e+01 4.576719776636426421e-10
2.860000000000000142e+01 4.544798574739809327e-10
2.865000000000000213e+01 4.513155188823296838e-10
2.870000000000000284e+01 4.481786722472991435e-10
2.875000000000000000e+01 4.450690314443365164e-10
2.880000000000000071e+01 4.419863138167557340e-10
2.885000000000000142e+01 4.389302401278833501e-10
2.890000000000000213e+01 4.359005345149125124e-10
2.895000000000000284e+01 4.328969244409612287e-10
2.900000000000000000e+01 4.299191406493143384e-10
2.905000000000000071e+01 4.269669171207327723e-10
2.910000000000000142e+01 4.240399910250328294e-10
2.915000000000000213e+01 4.211381026817077790e-10
2.920000000000000284e+01 4.182609955130899471e-10
2.925000000000000000e+01 4.154084160049453316e-10
2.930000000000000071e+01 4.125801136629034145e-10
2.935000000000000142e+01 4.097758409729932532e-10
2.940000000000000213e+01 4.069953533602285645e-10
2.945000000000000284e+01 4.042384091474285013e-10
2.950000000000000000e+01 4.015047695191298829e-10
2.955000000000000071e+01 3.987941984808848937e-10
2.960000000000000142e+01 3.961064628215019942e-10
2.965000000000000213e+01 3.934413320754605405e-10
2.970000000000000284e+01 3.907985784864489210e-10
2.975000000000000000e+01 3.881779769709147910e-10
2.980000000000000071e+01 3.855793050828608347e-10
2.985000000000000142e+01 3.830023429768665347e-10
2.990000000000000213e+01 3.804468733765293706e-10
2.995000000000000284e+01 3.779126815353066055e-10
3.000000000000000000e+01 3.753995552070803227e-10
3.005000000000000071e+01 3.729072846133540791e-10
3.010000000000000142e+01 3.704356624060019120e-10
3.015000000000000213e+01 3.679844836398926935e-10
3.020000000000000284e+01 3.655535457379829013e-10
3.025000000000000000e+01 3.631426484622656745e-10
3.030000000000000071e+01 3.607515938818454154e-10
3.035000000000000142e+01 3.583801863418806215e-10
3.040000000000000213e+01 3.560282324356068276e-10
3.045000000000000284e+01 3.536955409731299767e-10
3.050000000000000000e+01 3.513819229536103519e-10
3.055000000000000071e+01 3.490871915357805156e-10
3.060000000000000142e+01 3.468111620106337180e-10
3.065000000000000213e+01 3.445536517734425489e-10
3.070000000000000284e+01 3.423144802953593454e-10
3.075000000000000000e+01 3.400934690975407932e-10
3.080000000000000071e+01 3.378904417254641239e-10
3.085000000000000142e+01 3.357052237203416142e-10
3.090000000000000213e+01 3.335376425952486701e-10
3.095000000000000284e+01 3.313875278087447790e-10
3.100000000000000000e+01 3.292547107410497772e-10
3.105000000000000071e+01 3.271390246671826592e-10
3.110000000000000142e+01 3.250403047351481524e-10
3.115000000000000213e+01 3.229583879402137784e-10
3.120000000000000284e+01 3.208931131022098972e-10
3.125000000000000000e+01 3.188443208410916904e-10
3.130000000000000071e+01 3.168118535556164091e-10
3.135000000000000142e+01 3.147955553988733035e-10
3.140000000000000213e+01 3.127952722585891765e-10
3.145000000000000284e+01 3.108108517314117002e-10
3.150000000000000000e+01 3.088421431048761032e-10
3.155000000000000071e+01 3.068889973340260994e-10
3.160000000000000142e+01 3.049512670199398661e-10
3.165000000000000213e+01 3.030288063917487913e-10
3.170000000000000284e+01 3.011214712823227069e-10
3.175000000000000000e+01 2.992291191104789912e-10
3.180000000000000071e+01 2.973516088622093950e-10
3.185000000000000142e+01 2.954888010669788868e-10
3.190000000000000213e+01 2.936405577829645632e-10
3.195000000000000284e+01 2.918067425742993418e-10
3.200000000000000000e+01 2.899872204950851964e-10
3.205000000000000426e+01 2.881818580691763974e-10
3.210000000000000142e+01 2.863905232723422929e-10
3.214999999999999858e+01 2.846130855142148669e-10
3.220000000000000284e+01 2.828494156208239065e-10
3.225000000000000000e+01 2.810993858168262671e-10
3.230000000000000426e+01 2.793628697082828867e-10
3.235000000000000142e+01 2.776397422645377916e-10
3.239999999999999858e+01 2.759298798039656192e-10
3.245000000000000284e+01 2.742331599749907188e-10
3.250000000000000000e+01 2.725494617405681566e-10
3.255000000000000426e+01 2.708786653628971605e-10
3.260000000000000142e+01 2.692206523866652319e-10
3.264999999999999858e+01 2.675753056217506103e-10
3.270000000000000284e+01 2.659425091315692631e-10
3.275000000000000000e+01 2.643221482147606413e-10
3.280000000000000426e+01 2.627141093911413259e-10
3.285000000000000142e+01 2.611182803870968110e-10
3.289999999999999858e+01 2.595345501212231481e-10
3.295000000000000284e+01 2.579628086874235100e-10
3.300000000000000000e+01 2.564029473446073105e-10
3.305000000000000426e+01 2.548548584997858902e-10
3.310000000000000142e+01 2.533184356954785879e-10
3.314999999999999858e+01 2.517935735951614961e-10
3.320000000000000284e+01 2.502801679706500105e-10
3.325000000000000000e+01 2.487781156880140630e-10
3.330000000000000426e+01 2.472873146950148513e-10
3.335000000000000142e+01 2.458076640088199145e-10
3.339999999999999858e+01 2.443390637016087423e-10
3.345000000000000284e+01 2.428814148882464404e-10
3.350000000000000000e+01 2.414346197157613204e-10
3.355000000000000426e+01 2.399985813491843436e-10
3.360000000000000142e+01 2.385732039592921653e-10
3.364999999999999858e+01 2.371583927123438914e-10
3.370000000000000284e+01 2.357540537566124585e-10
3.375000000000000000e+01 2.343600942126914726e-10
3.380000000000000426e+01 2.329764221588734482e-10
3.385000000000000142e+01 2.316029466233897936e-10
3.389999999999999858e+01 2.302395775708831517e-10
3.395000000000000284e+01 2.288862258928395303e-10
3.400000000000000000e+01 2.275428033954709338e-10
3.405000000000000426e+01 2.262092227884857659e-10
3.410000000000000142e+01 2.248853976780423881e-10
3.414999999999999858e+01 2.235712425519028304e-10
3.420000000000000284e+01 2.222666727715705428e-10
3.425000000000000000e+01 2.209716045617700800e-10
3.430000000000000426e+01 2.196859549998651088e-10
3.435000000000000142e+01 2.184096420062298707e-10
3.439999999999999858e+01 2.171425843350409814e-10
3.445000000000000284e+01 2.158847015636139098e-10
3.450000000000000000e+01 2.146359140838388149e-10
3.455000000000000426e+01 2.133961430919351903e-10
3.460000000000000142e+01 2.121653105794353367e-10
3.464999999999999858e+01 2.109433393244825518e-10
3.470000000000000284e+01 2.097301528821838255e-10
3.475000000000000000e+01 2.085256755759847763e-10
3.480000000000000426e+01 2.073298324890885829e-10
3.485000000000000142e+01 2.061425494554096271e-10
3.489999999999999858e+01 2.049637530505255334e-10
3.495000000000000284e+01 2.037933705838599246e-10
