0.000000000000000000e+00 0.000000000000000000e+00
5.000000000000000278e-02 -1.438069779294426031e-05
1.000000000000000056e-01 -2.885793806530953780e-05
1.500000000000000222e-01 -4.352502196879056389e-05
2.000000000000000111e-01 -5.846884538315165529e-05
2.500000000000000000e-01 -7.376688784489257415e-05
3.000000000000000444e-01 -8.948442609955265415e-05
3.500000000000000333e-01 -1.056720385435602169e-04
4.000000000000000222e-01 -1.223634597340874763e-04
4.500000000000000111e-01 -1.395738356405696397e-04
5.000000000000000000e-01 -1.572984206108904339e-04
5.500000000000000444e-01 -1.755117463803278438e-04
6.000000000000000888e-01 -1.941672821368146701e-04
6.500000000000000222e-01 -2.131975929619490853e-04
7.000000000000000666e-01 -2.325149921909059497e-04
7.500000000000000000e-01 -2.520126716726780059e-04
8.000000000000000444e-01 -2.715662828527903383e-04
8.500000000000000888e-01 -2.910359313152495638e-04
9.000000000000000222e-01 -3.102685381567936961e-04
9.500000000000000666e-01 -3.291005135423154737e-04
1.000000000000000000e+00 -3.473606811879790244e-04
1.050000000000000044e+00 -3.648733874805674764e-04
1.100000000000000089e+00 -3.814617255674902438e-04
1.150000000000000133e+00 -3.969508030962232842e-04
1.200000000000000178e+00 -4.111709823537851045e-04
1.250000000000000000e+00 -4.239610233202312597e-04
1.300000000000000044e+00 -4.351710635262164982e-04
1.350000000000000089e+00 -4.446653734745109870e-04
1.400000000000000133e+00 -4.523248325942407725e-04
1.450000000000000178e+00 -4.580490780589769576e-04
1.500000000000000000e+00 -4.617582871048666205e-04
1.550000000000000044e+00 -4.633945625033069563e-04
1.600000000000000089e+00 -4.629229003324779475e-04
1.650000000000000133e+00 -4.603317289063771182e-04
1.700000000000000178e+00 -4.556330174132126290e-04
1.750000000000000000e+00 -4.488619622495103214e-04
1.800000000000000044e+00 -4.400762679885774210e-04
1.850000000000000089e+00 -4.293550481881461527e-04
1.900000000000000133e+00 -4.167973786427713262e-04
1.950000000000000178e+00 -4.025205420709781264e-04
2.000000000000000000e+00 -3.866580084759222314e-04
2.050000000000000266e+00 -3.693571994457783684e-04
2.100000000000000089e+00 -3.507770874152592549e-04
2.149999999999999911e+00 -3.310856823764523867e-04
2.200000000000000178e+00 -3.104574587233303027e-04
2.250000000000000000e+00 -2.890707738896932636e-04
2.300000000000000266e+00 -2.671053282742827687e-04
2.350000000000000089e+00 -2.447397127447797026e-04
2.400000000000000355e+00 -2.221490859018889451e-04
2.450000000000000178e+00 -1.995030184110140232e-04
2.500000000000000000e+00 -1.769635362302930041e-04
2.550000000000000266e+00 -1.546833886463067022e-04
2.600000000000000089e+00 -1.328045608419705596e-04
2.650000000000000355e+00 -1.114570444326816147e-04
2.700000000000000178e+00 -9.075787317830599874e-05
2.750000000000000000e+00 -7.081042506117512223e-05
2.800000000000000266e+00 -5.170398625118179971e-05
2.850000000000000089e+00 -3.351356727838156603e-05
2.900000000000000355e+00 -1.629995710189091341e-05
2.950000000000000178e+00 -1.099967806700516978e-07
3.000000000000000000e+00 1.502294882588475997e-05
3.050000000000000266e+00 2.907834543721369316e-05
3.100000000000000089e+00 4.204769570567205942e-05
3.150000000000000355e+00 5.393362448220490008e-05
3.200000000000000178e+00 6.474887025742325072e-05
3.250000000000000000e+00 7.451520970022029657e-05
3.300000000000000266e+00 8.326234126691430795e-05
3.350000000000000089e+00 9.102675237076983058e-05
3.400000000000000355e+00 9.785059266736769042e-05
3.450000000000000178e+00 1.037805737146007553e-04
3.500000000000000000e+00 1.088669126990470610e-04
3.550000000000000266e+00 1.131623351751952412e-04
3.600000000000000089e+00 1.167211489298393770e-04
3.650000000000000355e+00 1.195983982450851864e-04
3.700000000000000178e+00 1.218491050665880033e-04
3.750000000000000000e+00 1.235276009565230548e-04
3.800000000000000266e+00 1.246869512805035256e-04
3.850000000000000089e+00 1.253784708899879907e-04
3.900000000000000355e+00 1.256513286505998785e-04
3.950000000000000178e+00 1.255522365543248683e-04
4.000000000000000000e+00 1.251252178504379307e-04
4.049999999999999822e+00 1.244114476362128178e-04
4.100000000000000533e+00 1.234491586543338688e-04
4.150000000000000355e+00 1.222736046314835251e-04
4.200000000000000178e+00 1.209170733369807426e-04
4.250000000000000000e+00 1.194089416115093512e-04
4.299999999999999822e+00 1.177757648801576544e-04
4.350000000000000533e+00 1.160413940854487720e-04
4.400000000000000355e+00 1.142271135184892890e-04
4.450000000000000178e+00 1.123517936544012817e-04
4.500000000000000000e+00 1.104320537785036932e-04
4.549999999999999822e+00 1.084824298919836739e-04
4.600000000000000533e+00 1.065155440836151630e-04
4.650000000000000355e+00 1.045422722252995564e-04
4.700000000000000178e+00 1.025719074763395611e-04
4.750000000000000000e+00 1.006123176515597511e-04
4.800000000000000711e+00 9.867009501333316810e-05
4.850000000000000533e+00 9.675069748310429309e-05
4.900000000000000355e+00 9.485858063366632911e-05
4.950000000000000178e+00 9.299732012189718859e-05
5.000000000000000000e+00 9.116972445802287597e-05
5.050000000000000711e+00 8.937793818863969987e-05
5.100000000000000533e+00 8.762353570472372914e-05
5.150000000000000355e+00 8.590760598115922966e-05
5.200000000000000178e+00 8.423082861935608475e-05
5.250000000000000000e+00 8.259354160714396707e-05
5.300000000000000711e+00 8.099580123726027520e-05
5.350000000000000533e+00 7.943743464314199899e-05
5.400000000000000355e+00 7.791808542280391655e-05
5.450000000000000178e+00 7.643725283139456031e-05
5.500000000000000000e+00 7.499432503232217719e-05
5.550000000000000711e+00 7.358860690621830231e-05
5.600000000000000533e+00 7.221934292608155482e-05
5.650000000000000355e+00 7.088573561463276185e-05
5.700000000000000178e+00 6.958696010466472416e-05
5.750000000000000000e+00 6.832217532326767756e-05
5.800000000000000711e+00 6.709053231459574630e-05
5.850000000000000533e+00 6.589118020193258235e-05
5.900000000000000355e+00 6.472327026729637325e-05
5.950000000000000178e+00 6.358595859534444143e-05
6.000000000000000000e+00 6.247840768816987885e-05
6.050000000000000711e+00 6.139978740963440219e-05
6.100000000000000533e+00 6.034927556364186590e-05
6.150000000000000355e+00 5.932605835218173000e-05
6.200000000000000178e+00 5.832933089837894554e-05
6.250000000000000000e+00 5.735829795966494553e-05
6.300000000000000711e+00 5.641217489904785541e-05
6.350000000000000533e+00 5.549018893066995616e-05
6.400000000000000355e+00 5.459158061144330247e-05
6.450000000000000178e+00 5.371560551517126425e-05
6.500000000000000000e+00 5.286153600027129496e-05
6.550000000000000711e+00 5.202866296749100174e-05
6.600000000000000533e+00 5.121629749973576913e-05
6.650000000000000355e+00 5.042377228156897794e-05
6.700000000000000178e+00 4.965044270986280182e-05
6.750000000000000000e+00 4.889568762777515311e-05
6.800000000000000711e+00 4.815890963970886890e-05
6.850000000000000533e+00 4.743953499298784229e-05
6.900000000000000355e+00 4.673701304044415507e-05
6.950000000000000178e+00 4.605081532484558933e-05
7.000000000000000000e+00 4.538043434922749277e-05
7.050000000000000711e+00 4.472538211520119829e-05
7.100000000000000533e+00 4.408518852310283165e-05
7.150000000000000355e+00 4.345939973280324605e-05
7.200000000000000178e+00 4.284757658201660642e-05
7.250000000000000000e+00 4.224929315039691670e-05
7.300000000000000711e+00 4.166413554341492464e-05
7.350000000000000533e+00 4.109170095115272905e-05
7.400000000000000355e+00 4.053159701519134123e-05
7.450000000000000178e+00 3.998344151332225373e-05
7.500000000000000000e+00 3.944686234855504655e-05
7.550000000000000711e+00 3.892149780741118722e-05
7.600000000000000533e+00 3.840699703422020410e-05
7.650000000000000355e+00 3.790302065421483557e-05
7.700000000000000178e+00 3.740924146948520210e-05
7.750000000000000000e+00 3.692534514872997320e-05
7.800000000000000711e+00 3.645103083427797536e-05
7.850000000000000533e+00 3.598601159769962497e-05
7.900000000000000355e+00 3.553001468777799206e-05
7.950000000000000178e+00 3.508278153067353805e-05
8.000000000000000000e+00 3.464406746057816200e-05
8.050000000000000711e+00 3.421364117867288528e-05
8.099999999999999645e+00 3.379128395740501608e-05
8.150000000000000355e+00 3.337678862466991471e-05
8.200000000000001066e+00 3.296995837725689022e-05
8.250000000000000000e+00 3.257060548395380908e-05
8.300000000000000711e+00 3.217854994534585003e-05
8.349999999999999645e+00 3.179361817924431730e-05
8.400000000000000355e+00 3.141564179783756170e-05
8.450000000000001066e+00 3.104445653538148947e-05
8.500000000000000000e+00 3.067990137415260661e-05
8.550000000000000711e+00 3.032181790232837422e-05
8.599999999999999645e+00 2.997004992147108703e-05
8.650000000000000355e+00 2.962444330451179174e-05
8.700000000000001066e+00 2.928484608872974077e-05
8.750000000000000000e+00 2.895110877330085006e-05
8.800000000000000711e+00 2.862308477853358254e-05
8.849999999999999645e+00 2.830063101470755096e-05
8.900000000000000355e+00 2.798360850302080490e-05
8.950000000000001066e+00 2.767188298981571490e-05
9.000000000000000000e+00 2.736532549797479518e-05
9.050000000000000711e+00 2.706381276586908080e-05
9.099999999999999645e+00 2.676722753396815099e-05
9.150000000000000355e+00 2.647545865142941020e-05
9.200000000000001066e+00 2.618840098878347206e-05
9.250000000000000000e+00 2.590595515723335978e-05
9.300000000000000711e+00 2.562802704908294005e-05
9.349999999999999645e+00 2.535452722645793096e-05
9.400000000000000355e+00 2.508537019593433322e-05
9.450000000000001066e+00 2.482047361428355020e-05
9.500000000000000000e+00 2.455975747481735672e-05
9.550000000000000711e+00 2.430314332455008131e-05
9.600000000000001421e+00 2.405055355961892142e-05
9.650000000000000355e+00 2.380191084037783033e-05
9.700000000000001066e+00 2.355713765879572749e-05
9.750000000000000000e+00 2.331615607990178863e-05
9.800000000000000711e+00 2.307888766682719391e-05
9.850000000000001421e+00 2.284525358635589235e-05
9.900000000000000355e+00 2.261517487969618310e-05
9.950000000000001066e+00 2.238857287225254466e-05
1.000000000000000000e+01 2.216536968723741173e-05
1.005000000000000071e+01 2.194548882159588280e-05
1.010000000000000142e+01 2.172885573930904006e-05
1.015000000000000036e+01 2.151539843687551667e-05
1.020000000000000107e+01 2.130504793860658251e-05
1.025000000000000000e+01 2.109773868505726628e-05
1.030000000000000071e+01 2.089340878601469691e-05
1.035000000000000142e+01 2.069200011937967273e-05
1.040000000000000036e+01 2.049345826829529198e-05
1.045000000000000107e+01 2.029773230022944718e-05
1.050000000000000000e+01 2.010477440262054341e-05
1.055000000000000071e+01 1.991453939941430749e-05
1.060000000000000142e+01 1.972698418071041921e-05
1.065000000000000036e+01 1.954206708329253445e-05
1.070000000000000107e+01 1.935974726269827536e-05
1.075000000000000000e+01 1.917998409754155176e-05
1.080000000000000071e+01 1.900273666407588250e-05
1.085000000000000142e+01 1.882796331371350433e-05
1.090000000000000036e+01 1.865562137879342761e-05
1.095000000000000107e+01 1.848566702286288761e-05
1.100000000000000000e+01 1.831805524174007614e-05
1.105000000000000071e+01 1.815274001135822659e-05
1.110000000000000142e+01 1.798967456855183515e-05
1.115000000000000036e+01 1.782881180219804786e-05
1.120000000000000107e+01 1.767010472504266898e-05
1.125000000000000000e+01 1.751350699157651155e-05
1.130000000000000071e+01 1.735897342478336433e-05
1.135000000000000142e+01 1.720646051458955022e-05
1.140000000000000036e+01 1.705592685336404242e-05
1.145000000000000107e+01 1.690733347863572660e-05
1.150000000000000000e+01 1.676064409994756736e-05
1.155000000000000071e+01 1.661582519496739371e-05
1.160000000000000142e+01 1.647284596904414932e-05
1.165000000000000036e+01 1.633167818171094376e-05
1.170000000000000107e+01 1.619229585255835369e-05
1.175000000000000000e+01 1.605467486683927739e-05
1.180000000000000071e+01 1.591879250760127733e-05
1.185000000000000142e+01 1.578462694566479661e-05
1.190000000000000036e+01 1.565215672110625505e-05
1.195000000000000107e+01 1.552136024994069390e-05
1.200000000000000000e+01 1.539221538746945764e-05
1.205000000000000071e+01 1.526469907545210963e-05
1.210000000000000142e+01 1.513878709420589909e-05
1.215000000000000036e+01 1.501445393336844542e-05
1.220000000000000107e+01 1.489167278689840744e-05
1.225000000000000000e+01 1.477041566950028397e-05
1.230000000000000071e+01 1.465065364360812884e-05
1.235000000000000142e+01 1.453235713888819126e-05
1.240000000000000036e+01 1.441549634038606507e-05
1.245000000000000107e+01 1.430004161731996921e-05
1.250000000000000000e+01 1.418596396235208505e-05
1.255000000000000071e+01 1.407323541106649719e-05
1.260000000000000142e+01 1.396182941331136652e-05
1.265000000000000036e+01 1.385172113185794821e-05
1.270000000000000107e+01 1.374288764919852053e-05
1.275000000000000000e+01 1.363530806985780050e-05
1.280000000000000071e+01 1.352896351286496905e-05
1.285000000000000142e+01 1.342383699652128109e-05
1.290000000000000036e+01 1.331991322479380947e-05
1.295000000000000107e+01 1.321717829109041863e-05
1.300000000000000000e+01 1.311561932040565937e-05
1.305000000000000071e+01 1.301522407454475675e-05
1.310000000000000142e+01 1.291598054711018664e-05
1.315000000000000036e+01 1.281787657507699272e-05
1.320000000000000107e+01 1.272089949211429852e-05
1.325000000000000000e+01 1.262503584548113646e-05
1.330000000000000071e+01 1.253027119359421661e-05
1.335000000000000142e+01 1.243658999558163538e-05
1.340000000000000036e+01 1.234397559771014161e-05
1.345000000000000107e+01 1.225241031495703683e-05
1.350000000000000000e+01 1.216187559963542260e-05
1.355000000000000071e+01 1.207235228330647647e-05
1.360000000000000142e+01 1.198382087358772329e-05
1.365000000000000036e+01 1.189626188418653798e-05
1.370000000000000107e+01 1.180965617474627100e-05
1.375000000000000000e+01 1.172398527697367396e-05
1.380000000000000071e+01 1.163923168499287300e-05
1.385000000000000142e+01 1.155537909081051789e-05
1.390000000000000036e+01 1.147241254994580053e-05
1.395000000000000107e+01 1.139031856736733123e-05
1.400000000000000000e+01 1.130908509952289219e-05
1.405000000000000071e+01 1.122870147404723459e-05
1.410000000000000142e+01 1.114915823429276743e-05
1.415000000000000036e+01 1.107044692077203821e-05
1.420000000000000107e+01 1.099255980560597859e-05
1.425000000000000000e+01 1.091548959888647217e-05
1.430000000000000071e+01 1.083922914731884383e-05
1.435000000000000142e+01 1.076377114553989204e-05
1.440000000000000036e+01 1.068910787914271082e-05
1.445000000000000107e+01 1.061523101580108732e-05
1.450000000000000000e+01 1.054213145718932998e-05
1.455000000000000071e+01 1.046979925990999298e-05
1.460000000000000142e+01 1.039822362870386360e-05
1.465000000000000036e+01 1.032739298016919986e-05
1.470000000000000107e+01 1.025729507041547235e-05
1.475000000000000000e+01 1.018791717584229935e-05
1.480000000000000071e+01 1.011924631285109945e-05
1.485000000000000142e+01 1.005126947997562244e-05
1.490000000000000036e+01 9.983973904798895885e-06
1.495000000000000107e+01 9.917347278155302307e-06
1.500000000000000000e+01 9.851377959463046246e-06
1.505000000000000071e+01 9.786055139470648984e-06
1.510000000000000142e+01 9.721368950039892737e-06
1.515000000000000036e+01 9.657310514570940522e-06
1.520000000000000107e+01 9.593871937013269524e-06
1.525000000000000000e+01 9.531046231785807272e-06
1.530000000000000071e+01 9.468827201043009551e-06
1.535000000000000142e+01 9.407209269289996939e-06
1.540000000000000036e+01 9.346187288127054125e-06
1.545000000000000107e+01 9.285756325715523418e-06
1.550000000000000000e+01 9.225911456295014898e-06
1.555000000000000071e+01 9.166647564714822745e-06
1.560000000000000142e+01 9.107959179521193902e-06
1.565000000000000036e+01 9.049840345785039743e-06
1.570000000000000107e+01 8.992284545750149762e-06
1.575000000000000000e+01 8.935284671763046884e-06
1.580000000000000071e+01 8.878833052078545846e-06
1.585000000000000142e+01 8.822921526301632031e-06
1.590000000000000036e+01 8.767541563695560179e-06
1.595000000000000107e+01 8.712684414608572029e-06
1.600000000000000000e+01 8.658341283045576839e-06
1.605000000000000071e+01 8.604503507087133080e-06
1.610000000000000142e+01 8.551162733513627005e-06
1.615000000000000213e+01 8.498311073637855888e-06
1.619999999999999929e+01 8.445941228922853352e-06
1.625000000000000000e+01 8.394046577338295950e-06
1.630000000000000071e+01 8.342621214404985562e-06
1.635000000000000142e+01 8.291659946271727247e-06
1.640000000000000213e+01 8.241158235712635270e-06
1.644999999999999929e+01 8.191112105369954759e-06
1.650000000000000000e+01 8.141518005653798352e-06
1.655000000000000071e+01 8.092372657227474124e-06
1.660000000000000142e+01 8.043672879782900843e-06
1.665000000000000213e+01 7.995415419724155422e-06
1.669999999999999929e+01 7.947596789373124831e-06
1.675000000000000000e+01 7.900213129398704187e-06
1.680000000000000071e+01 7.853260104421764769e-06
1.685000000000000142e+01 7.806732839297429215e-06
1.690000000000000213e+01 7.760625900601841691e-06
1.694999999999999929e+01 7.714933324571175279e-06
1.700000000000000000e+01 7.669648689389354921e-06
1.705000000000000071e+01 7.624765226539717638e-06
1.710000000000000142e+01 7.580275963146183725e-06
1.715000000000000213e+01 7.536173885029494509e-06
1.719999999999999929e+01 7.492452108743728985e-06
1.725000000000000000e+01 7.449104050237439898e-06
1.730000000000000071e+01 7.406123578041381685e-06
1.735000000000000142e+01 7.363505139996125993e-06
1.740000000000000213e+01 7.321243854417458006e-06
1.744999999999999929e+01 7.279335559115166673e-06
1.750000000000000000e+01 7.237776814655008394e-06
1.755000000000000071e+01 7.196564861469434302e-06
1.760000000000000142e+01 7.155697533656964044e-06
1.765000000000000213e+01 7.115173135334732739e-06
1.769999999999999929e+01 7.074990288012754144e-06
1.775000000000000000e+01 7.035147759465123491e-06
1.780000000000000071e+01 6.995644285843154396e-06
1.785000000000000142e+01 6.956478399224964653e-06
1.790000000000000213e+01 6.917648272398649532e-06
1.794999999999999929e+01 6.879151591463385019e-06
1.800000000000000000e+01 6.840985464892608420e-06
1.805000000000000071e+01 6.803146375174811838e-06
1.810000000000000142e+01 6.765630176208150992e-06
1.815000000000000213e+01 6.728432136479116912e-06
1.819999999999999929e+01 6.691547024923424009e-06
1.825000000000000000e+01 6.654969233461643450e-06
1.830000000000000071e+01 6.618692927723977814e-06
1.835000000000000142e+01 6.582712215594302498e-06
1.840000000000000213e+01 6.547021322038873950e-06
1.844999999999999929e+01 6.511614758315470653e-06
1.850000000000000000e+01 6.476487474104250951e-06
1.855000000000000071e+01 6.441634982325708234e-06
1.860000000000000142e+01 6.407053448324917328e-06
1.865000000000000213e+01 6.372739737569414967e-06
1.869999999999999929e+01 6.338691418856558653e-06
1.875000000000000000e+01 6.304906723060158304e-06
1.880000000000000071e+01 6.271384460453750214e-06
1.885000000000000142e+01 6.238123902428478529e-06
1.890000000000000213e+01 6.205124635785839685e-06
1.894999999999999929e+01 6.172386399575135243e-06
1.900000000000000000e+01 6.139908915543591561e-06
1.905000000000000071e+01 6.107691723606749741e-06
1.910000000000000142e+01 6.075734033310428485e-06
1.915000000000000213e+01 6.044034601080978585e-06
1.920000000000000284e+01 6.012591641234351463e-06
1.925000000000000000e+01 5.981402776366140934e-06
1.930000000000000071e+01 5.950465030040241288e-06
1.935000000000000142e+01 5.919774861818283616e-06
1.940000000000000213e+01 5.889328241823862302e-06
1.945000000000000284e+01 5.859120759406413150e-06
1.950000000000000000e+01 5.829147758235414638e-06
1.955000000000000071e+01 5.799404488464004739e-06
1.960000000000000142e+01 5.769886265559123123e-06
1.965000000000000213e+01 5.740588625067478314e-06
1.970000000000000284e+01 5.711507462985740138e-06
1.975000000000000000e+01 5.682639152494115144e-06
1.980000000000000071e+01 5.653980629512525582e-06
1.985000000000000142e+01 5.625529441725433042e-06
1.990000000000000213e+01 5.597283758240622920e-06
1.995000000000000284e+01 5.569242339724469325e-06
