0.000000000000000000e+00 -2.227626708978446002e-02
5.000000000000000278e-02 -2.227355862057647795e-02
1.000000000000000056e-01 -2.226542717567298393e-02
1.500000000000000222e-01 -2.225185479524148524e-02
2.000000000000000111e-01 -2.223281205005879155e-02
2.500000000000000000e-01 -2.220825878732235470e-02
3.000000000000000444e-01 -2.217814515513504003e-02
3.500000000000000333e-01 -2.214241288651672482e-02
4.000000000000000222e-01 -2.210099681903435892e-02
4.500000000000000111e-01 -2.205382662188357101e-02
5.000000000000000000e-01 -2.200082869859017534e-02
5.500000000000000444e-01 -2.194192823049614244e-02
6.000000000000000888e-01 -2.187705132390964716e-02
6.500000000000000222e-01 -2.180612722226743863e-02
7.000000000000000666e-01 -2.172909054390158301e-02
7.500000000000000000e-01 -2.164588350602147590e-02
8.000000000000000444e-01 -2.155645809629944468e-02
8.500000000000000888e-01 -2.146077815495141955e-02
9.000000000000000222e-01 -2.135882133238341946e-02
9.500000000000000666e-01 -2.125058089026639341e-02
1.000000000000000000e+00 -2.113606731723284560e-02
1.050000000000000044e+00 -2.101530973417194137e-02
1.100000000000000089e+00 -2.088835706824511071e-02
1.150000000000000133e+00 -2.075527897915403069e-02
1.200000000000000178e+00 -2.061616652576859360e-02
1.250000000000000000e+00 -2.047113256586617636e-02
1.300000000000000044e+00 -2.032031188634817603e-02
1.350000000000000089e+00 -2.016386106579665799e-02
1.400000000000000133e+00 -2.000195807552631808e-02
1.450000000000000178e+00 -1.983480162930279303e-02
1.500000000000000000e+00 -1.966261029556807399e-02
1.550000000000000044e+00 -1.948562138928730189e-02
1.600000000000000089e+00 -1.930408966335996068e-02
1.650000000000000133e+00 -1.911828582189693468e-02
1.700000000000000178e+00 -1.892849487952767695e-02
1.750000000000000000e+00 -1.873501439226558235e-02
1.800000000000000044e+00 -1.853815258632385277e-02
1.850000000000000089e+00 -1.833822641165377618e-02
1.900000000000000133e+00 -1.813555954689302641e-02
1.950000000000000178e+00 -1.793048038189386240e-02
2.000000000000000000e+00 -1.772332000308593850e-02
2.050000000000000266e+00 -1.751441020565775927e-02
2.100000000000000089e+00 -1.730408155496095113e-02
2.149999999999999911e+00 -1.709266151769910785e-02
2.200000000000000178e+00 -1.688047268141072699e-02
2.250000000000000000e+00 -1.666783107854013721e-02
2.300000000000000266e+00 -1.645504462906445184e-02
2.350000000000000089e+00 -1.624241171325228536e-02
2.400000000000000355e+00 -1.603021988371915521e-02
2.450000000000000178e+00 -1.581874472355490613e-02
2.500000000000000000e+00 -1.560824885496914921e-02
2.550000000000000266e+00 -1.539898110066506738e-02
2.600000000000000089e+00 -1.519117579803900588e-02
2.650000000000000355e+00 -1.498505226433931997e-02
2.700000000000000178e+00 -1.478081440912087409e-02
2.750000000000000000e+00 -1.457865048872023644e-02
2.800000000000000266e+00 -1.437873299605868169e-02
2.850000000000000089e+00 -1.418121867786675296e-02
2.900000000000000355e+00 -1.398624867041449449e-02
2.950000000000000178e+00 -1.379394874402849538e-02
3.000000000000000000e+00 -1.360442964607427863e-02
3.050000000000000266e+00 -1.341778753167520606e-02
3.100000000000000089e+00 -1.323410447121593607e-02
3.150000000000000355e+00 -1.305344902362970405e-02
3.200000000000000178e+00 -1.287587686457868953e-02
3.250000000000000000e+00 -1.270143145889199472e-02
3.300000000000000266e+00 -1.253014476700900666e-02
3.350000000000000089e+00 -1.236203797567034940e-02
3.400000000000000355e+00 -1.219712224368717235e-02
3.450000000000000178e+00 -1.203539945428346199e-02
3.500000000000000000e+00 -1.187686296622903273e-02
3.550000000000000266e+00 -1.172149835674529336e-02
3.600000000000000089e+00 -1.156928414995538230e-02
3.650000000000000355e+00 -1.142019252545023976e-02
3.700000000000000178e+00 -1.127419000233767857e-02
3.750000000000000000e+00 -1.113123809492059038e-02
3.800000000000000266e+00 -1.099129393690159197e-02
3.850000000000000089e+00 -1.085431087172450577e-02
3.900000000000000355e+00 -1.072023900733141272e-02
3.950000000000000178e+00 -1.058902573422988366e-02
4.000000000000000000e+00 -1.046061620632478262e-02
4.049999999999999822e+00 -1.033495378446943301e-02
4.100000000000000533e+00 -1.021198044312996052e-02
4.150000000000000355e+00 -1.009163714093532990e-02
4.200000000000000178e+00 -9.973864156203644457e-03
4.250000000000000000e+00 -9.858601388796212062e-03
4.299999999999999822e+00 -9.745788629857102259e-03
4.350000000000000533e+00 -9.635365801151629314e-03
4.400000000000000355e+00 -9.527273165826537563e-03
4.450000000000000178e+00 -9.421451512482975285e-03
4.500000000000000000e+00 -9.317842314485000332e-03
4.549999999999999822e+00 -9.216387866426685102e-03
4.600000000000000533e+00 -9.117031399654975179e-03
4.650000000000000355e+00 -9.019717178697494314e-03
4.700000000000000178e+00 -8.924390580379507401e-03
4.750000000000000000e+00 -8.830998157335675364e-03
4.800000000000000711e+00 -8.739487687534023413e-03
4.850000000000000533e+00 -8.649808211334599276e-03
4.900000000000000355e+00 -8.561910057506467303e-03
4.950000000000000178e+00 -8.475744859525938604e-03
5.000000000000000000e+00 -8.391265563378338954e-03
5.050000000000000711e+00 -8.308426427986423043e-03
5.100000000000000533e+00 -8.227183019291957680e-03
5.150000000000000355e+00 -8.147492198923494966e-03
5.200000000000000178e+00 -8.069312108294472707e-03
5.250000000000000000e+00 -7.992602148890323374e-03
5.300000000000000711e+00 -7.917322959423326451e-03
5.350000000000000533e+00 -7.843436390458150692e-03
5.400000000000000355e+00 -7.770905477040571802e-03
5.450000000000000178e+00 -7.699694409795962771e-03
5.500000000000000000e+00 -7.629768504903532492e-03
5.550000000000000711e+00 -7.561094173296437938e-03
5.600000000000000533e+00 -7.493638889386997591e-03
5.650000000000000355e+00 -7.427371159570288726e-03
5.700000000000000178e+00 -7.362260490718090106e-03
5.750000000000000000e+00 -7.298277358838716269e-03
5.800000000000000711e+00 -7.235393178046155629e-03
5.850000000000000533e+00 -7.173580269954262650e-03
5.900000000000000355e+00 -7.112811833588161305e-03
5.950000000000000178e+00 -7.053061915885106697e-03
6.000000000000000000e+00 -6.994305382840674233e-03
6.050000000000000711e+00 -6.936517891342781385e-03
6.100000000000000533e+00 -6.879675861725393325e-03
6.150000000000000355e+00 -6.823756451065299961e-03
6.200000000000000178e+00 -6.768737527238784246e-03
6.250000000000000000e+00 -6.714597643749795758e-03
6.300000000000000711e+00 -6.661316015337211127e-03
6.350000000000000533e+00 -6.608872494365327331e-03
6.400000000000000355e+00 -6.557247547998793467e-03
6.450000000000000178e+00 -6.506422236160542931e-03
6.500000000000000000e+00 -6.456378190268533164e-03
6.550000000000000711e+00 -6.407097592744489395e-03
6.600000000000000533e+00 -6.358563157284919699e-03
6.650000000000000355e+00 -6.310758109882023265e-03
6.700000000000000178e+00 -6.263666170578897560e-03
6.750000000000000000e+00 -6.217271535940981607e-03
6.800000000000000711e+00 -6.171558862222707026e-03
6.850000000000000533e+00 -6.126513249206192238e-03
6.900000000000000355e+00 -6.082120224686678005e-03
6.950000000000000178e+00 -6.038365729578077171e-03
7.000000000000000000e+00 -5.995236103610996660e-03
7.050000000000000711e+00 -5.952718071595328696e-03
7.100000000000000533e+00 -5.910798730219848224e-03
7.150000000000000355e+00 -5.869465535361980367e-03
7.200000000000000178e+00 -5.828706289882532379e-03
7.250000000000000000e+00 -5.788509131881641734e-03
7.300000000000000711e+00 -5.748862523394604115e-03
7.350000000000000533e+00 -5.709755239508222668e-03
7.400000000000000355e+00 -5.671176357880688620e-03
7.450000000000000178e+00 -5.633115248650173539e-03
7.500000000000000000e+00 -5.595561564719152281e-03
7.550000000000000711e+00 -5.558505232403095075e-03
7.600000000000000533e+00 -5.521936442433445641e-03
7.650000000000000355e+00 -5.485845641305386010e-03
7.700000000000000178e+00 -5.450223522961412589e-03
7.750000000000000000e+00 -5.415061020801529429e-03
7.800000000000000711e+00 -5.380349300010470008e-03
7.850000000000000533e+00 -5.346079750191677984e-03
7.900000000000000355e+00 -5.312243978296801554e-03
7.950000000000000178e+00 -5.278833801838626015e-03
8.000000000000000000e+00 -5.245841242374307475e-03
8.050000000000000711e+00 -5.213258519245174763e-03
8.099999999999999645e+00 -5.181078043558627610e-03
8.150000000000000355e+00 -5.149292412397608008e-03
8.200000000000001066e+00 -5.117894403243123357e-03
8.250000000000000000e+00 -5.086876968595793573e-03
8.300000000000000711e+00 -5.056233230783244333e-03
8.349999999999999645e+00 -5.025956476941314394e-03
8.400000000000000355e+00 -4.996040154158384178e-03
8.450000000000001066e+00 -4.966477864773805907e-03
8.500000000000000000e+00 -4.937263361822955172e-03
8.550000000000000711e+00 -4.908390544623220109e-03
8.599999999999999645e+00 -4.879853454496627801e-03
8.650000000000000355e+00 -4.851646270626313283e-03
8.700000000000001066e+00 -4.823763306045000115e-03
8.750000000000000000e+00 -4.796199003754524591e-03
8.800000000000000711e+00 -4.768947932975796389e-03
8.849999999999999645e+00 -4.742004785528692624e-03
8.900000000000000355e+00 -4.715364372341169716e-03
8.950000000000001066e+00 -4.689021620086148909e-03
9.000000000000000000e+00 -4.662971567944224766e-03
9.050000000000000711e+00 -4.637209364488987379e-03
9.099999999999999645e+00 -4.611730264691026558e-03
9.150000000000000355e+00 -4.586529627035467599e-03
9.200000000000001066e+00 -4.561602910747091129e-03
9.250000000000000000e+00 -4.536945673116333198e-03
9.300000000000000711e+00 -4.512553566918995132e-03
9.349999999999999645e+00 -4.488422337922182148e-03
9.400000000000000355e+00 -4.464547822469179701e-03
9.450000000000001066e+00 -4.440925945136233247e-03
9.500000000000000000e+00 -4.417552716454930910e-03
9.550000000000000711e+00 -4.394424230694683048e-03
9.600000000000001421e+00 -4.371536663700921997e-03
9.650000000000000355e+00 -4.348886270785683530e-03
9.700000000000001066e+00 -4.326469384668577695e-03
9.750000000000000000e+00 -4.304282413467108194e-03
9.800000000000000711e+00 -4.282321838736456547e-03
9.850000000000001421e+00 -4.260584213559662561e-03
9.900000000000000355e+00 -4.239066160689620132e-03
9.950000000000001066e+00 -4.217764370744826047e-03
