0.000000000000000000e+00 0.000000000000000000e+00
5.000000000000000278e-02 -9.392988412218601332e-05
1.000000000000000056e-01 -1.878923503920595472e-04
1.500000000000000222e-01 -2.819180569658168633e-04
2.000000000000000111e-01 -3.760338454113557852e-04
2.500000000000000000e-01 -4.702609110073909036e-04
3.000000000000000444e-01 -5.646130615628454754e-04
3.500000000000000333e-01 -6.590950250297590313e-04
4.000000000000000222e-01 -7.537012761048379533e-04
4.500000000000000111e-01 -8.484142933084721540e-04
5.000000000000000000e-01 -9.432037273065569825e-04
5.500000000000000444e-01 -1.038025423667357852e-03
6.000000000000000888e-01 -1.132820733361675734e-03
6.500000000000000222e-01 -1.227516052465175327e-03
7.000000000000000666e-01 -1.322022597091831444e-03
7.500000000000000000e-01 -1.416236504195018606e-03
8.000000000000000444e-01 -1.510038778359829720e-03
8.500000000000000888e-01 -1.603295982592496107e-03
9.000000000000000222e-01 -1.695861255665314770e-03
9.500000000000000666e-01 -1.787574880375599352e-03
1.000000000000000000e+00 -1.878265051733764030e-03
1.050000000000000044e+00 -1.967749857756969159e-03
1.100000000000000089e+00 -2.055838364758288180e-03
1.150000000000000133e+00 -2.142332288416017895e-03
1.200000000000000178e+00 -2.227027716593718738e-03
1.250000000000000000e+00 -2.309716994821270353e-03
1.300000000000000044e+00 -2.390190356005563073e-03
1.350000000000000089e+00 -2.468238278535305266e-03
1.400000000000000133e+00 -2.543653180833543772e-03
1.450000000000000178e+00 -2.616231439108438524e-03
1.500000000000000000e+00 -2.685775341592477883e-03
1.550000000000000044e+00 -2.752095309311719008e-03
1.600000000000000089e+00 -2.815010782648064581e-03
1.650000000000000133e+00 -2.874353309795392095e-03
1.700000000000000178e+00 -2.929967155554345348e-03
1.750000000000000000e+00 -2.981710661225767979e-03
1.800000000000000044e+00 -3.029459857450558877e-03
1.850000000000000089e+00 -3.073106097421081546e-03
1.900000000000000133e+00 -3.112559516687080259e-03
1.950000000000000178e+00 -3.147749802435614516e-03
2.000000000000000000e+00 -3.178624135122789379e-03
2.050000000000000266e+00 -3.205152819537376505e-03
2.100000000000000089e+00 -3.227324401490730150e-03
2.149999999999999911e+00 -3.245149064368946928e-03
2.200000000000000178e+00 -3.258656078041330308e-03
2.250000000000000000e+00 -3.267894508041434797e-03
2.300000000000000266e+00 -3.272933174612771296e-03
2.350000000000000089e+00 -3.273859378190037504e-03
2.400000000000000355e+00 -3.270777583154199294e-03
2.450000000000000178e+00 -3.263808775107527194e-03
2.500000000000000000e+00 -3.253089034868338492e-03
2.550000000000000266e+00 -3.238768497539318714e-03
2.600000000000000089e+00 -3.221009198851089179e-03
2.650000000000000355e+00 -3.199984448862059402e-03
2.700000000000000178e+00 -3.175876570239265749e-03
2.750000000000000000e+00 -3.148874821676303677e-03
2.800000000000000266e+00 -3.119175048488434260e-03
2.850000000000000089e+00 -3.086977442233704814e-03
2.900000000000000355e+00 -3.052484147664762636e-03
2.950000000000000178e+00 -3.015898615895555405e-03
3.000000000000000000e+00 -2.977423824656305357e-03
3.050000000000000266e+00 -2.937260495035195259e-03
3.100000000000000089e+00 -2.895606270137279954e-03
3.150000000000000355e+00 -2.852654424297782713e-03
3.200000000000000178e+00 -2.808592127194774191e-03
3.250000000000000000e+00 -2.763600279266588758e-03
3.300000000000000266e+00 -2.717852078759941045e-03
3.350000000000000089e+00 -2.671513113162523982e-03
3.400000000000000355e+00 -2.624739326868573072e-03
3.450000000000000178e+00 -2.577678197316047096e-03
3.500000000000000000e+00 -2.530466879919007761e-03
3.550000000000000266e+00 -2.483233490828325521e-03
3.600000000000000089e+00 -2.436095957764582588e-03
3.650000000000000355e+00 -2.389162501947066607e-03
3.700000000000000178e+00 -2.342531434127026121e-03
3.750000000000000000e+00 -2.296291723235359405e-03
3.800000000000000266e+00 -2.250523215556547371e-03
3.850000000000000089e+00 -2.205296598571650831e-03
3.900000000000000355e+00 -2.160674245825081226e-03
3.950000000000000178e+00 -2.116710109332968406e-03
4.000000000000000000e+00 -2.073450372522238436e-03
4.049999999999999822e+00 -2.030934916632416969e-03
4.100000000000000533e+00 -1.989195907892139965e-03
4.150000000000000355e+00 -1.948260306273630208e-03
4.200000000000000178e+00 -1.908148587021391267e-03
4.250000000000000000e+00 -1.868876354386037010e-03
4.299999999999999822e+00 -1.830454530324490941e-03
4.350000000000000533e+00 -1.792889517310778183e-03
4.400000000000000355e+00 -1.756184166908193907e-03
4.450000000000000178e+00 -1.720337823723454848e-03
4.500000000000000000e+00 -1.685346749908256695e-03
4.549999999999999822e+00 -1.651204800520158058e-03
4.600000000000000533e+00 -1.617903664500806990e-03
4.650000000000000355e+00 -1.585432270467587463e-03
4.700000000000000178e+00 -1.553778344206666225e-03
4.750000000000000000e+00 -1.522928961411557786e-03
4.800000000000000711e+00 -1.492868600928641109e-03
4.850000000000000533e+00 -1.463581581842993097e-03
4.900000000000000355e+00 -1.435051568553397626e-03
4.950000000000000178e+00 -1.407261352795890954e-03
5.000000000000000000e+00 -1.380193411720293754e-03
5.050000000000000711e+00 -1.353829947196732910e-03
5.100000000000000533e+00 -1.328153063742774833e-03
5.150000000000000355e+00 -1.303144537691222496e-03
5.200000000000000178e+00 -1.278786269424842968e-03
5.250000000000000000e+00 -1.255060709299983448e-03
5.300000000000000711e+00 -1.231949991996417713e-03
5.350000000000000533e+00 -1.209436458818424808e-03
5.400000000000000355e+00 -1.187503276197695917e-03
5.450000000000000178e+00 -1.166133435664648641e-03
5.500000000000000000e+00 -1.145310213651002784e-03
5.550000000000000711e+00 -1.125017493763710982e-03
5.600000000000000533e+00 -1.105239469014024931e-03
5.650000000000000355e+00 -1.085960679704298885e-03
5.700000000000000178e+00 -1.067166031781731144e-03
5.750000000000000000e+00 -1.048841091887753058e-03
5.800000000000000711e+00 -1.030971807395081666e-03
5.850000000000000533e+00 -1.013543851122483686e-03
5.900000000000000355e+00 -9.965442102409789553e-04
5.950000000000000178e+00 -9.799599005713877271e-04
6.000000000000000000e+00 -9.637779636188941769e-04
6.050000000000000711e+00 -9.479865361013737430e-04
6.100000000000000533e+00 -9.325737281494163224e-04
6.150000000000000355e+00 -9.175281230737107564e-04
6.200000000000000178e+00 -9.028386579791954254e-04
6.250000000000000000e+00 -8.884946901311966370e-04
6.300000000000000711e+00 -8.744859528152557722e-04
6.350000000000000533e+00 -8.608022854930102302e-04
6.400000000000000355e+00 -8.474338987165229431e-04
6.450000000000000178e+00 -8.343719794920967901e-04
6.500000000000000000e+00 -8.216072020258826996e-04
6.550000000000000711e+00 -8.091308706089542051e-04
6.600000000000000533e+00 -7.969347652871209024e-04
6.650000000000000355e+00 -7.850106222408685793e-04
6.700000000000000178e+00 -7.733506178987380490e-04
6.750000000000000000e+00 -7.619472300649557080e-04
6.800000000000000711e+00 -7.507931003364914273e-04
6.850000000000000533e+00 -7.398811232171024956e-04
6.900000000000000355e+00 -7.292043814436833951e-04
6.950000000000000178e+00 -7.187564367220154044e-04
7.000000000000000000e+00 -7.085307537243502613e-04
7.050000000000000711e+00 -6.985214647931127594e-04
7.100000000000000533e+00 -6.887220852833449581e-04
7.150000000000000355e+00 -6.791270888295627018e-04
7.200000000000000178e+00 -6.697307463614532181e-04
7.250000000000000000e+00 -6.605277049851624241e-04
7.300000000000000711e+00 -6.515127320549224648e-04
7.350000000000000533e+00 -6.426807524383889051e-04
7.400000000000000355e+00 -6.340268804374064567e-04
7.450000000000000178e+00 -6.255463917136754298e-04
7.500000000000000000e+00 -6.172347875081697112e-04
7.550000000000000711e+00 -6.090874555010663540e-04
7.600000000000000533e+00 -6.011002761433795671e-04
7.650000000000000355e+00 -5.932686436284724443e-04
7.700000000000000178e+00 -5.855892912157644684e-04
7.750000000000000000e+00 -5.780578854055186356e-04
7.800000000000000711e+00 -5.706708394917344926e-04
7.850000000000000533e+00 -5.634244507314175535e-04
7.900000000000000355e+00 -5.563151980065606265e-04
7.950000000000000178e+00 -5.493396722828591903e-04
8.000000000000000000e+00 -5.424945075106470333e-04
8.050000000000000711e+00 -5.357765190763831824e-04
8.099999999999999645e+00 -5.291824839733510902e-04
8.150000000000000355e+00 -5.227095560685434241e-04
8.200000000000001066e+00 -5.163546688012130969e-04
8.250000000000000000e+00 -5.101152924364955963e-04
8.300000000000000711e+00 -5.039880545079992698e-04
8.349999999999999645e+00 -4.979706507762819614e-04
8.400000000000000355e+00 -4.920603131479097314e-04
8.450000000000001066e+00 -4.862545529221699468e-04
8.500000000000000000e+00 -4.805509053680498974e-04
8.550000000000000711e+00 -4.749469720602103899e-04
8.599999999999999645e+00 -4.694404724402865495e-04
8.650000000000000355e+00 -4.640291281170410903e-04
8.700000000000001066e+00 -4.587108583988720885e-04
8.750000000000000000e+00 -4.534833583436913306e-04
8.800000000000000711e+00 -4.483446441438193814e-04
8.849999999999999645e+00 -4.432925622324769620e-04
8.900000000000000355e+00 -4.383255478202100820e-04
8.950000000000001066e+00 -4.334415400053591807e-04
9.000000000000000000e+00 -4.286387126864707226e-04
9.050000000000000711e+00 -4.239152889507300653e-04
9.099999999999999645e+00 -4.192695408600738503e-04
9.150000000000000355e+00 -4.146997876746724839e-04
9.200000000000001066e+00 -4.102043468559807911e-04
9.250000000000000000e+00 -4.057816822489795569e-04
9.300000000000000711e+00 -4.014300935888667830e-04
9.349999999999999645e+00 -3.971482623656514481e-04
9.400000000000000355e+00 -3.929346386426831191e-04
9.450000000000001066e+00 -3.887878519498230018e-04
9.500000000000000000e+00 -3.847063564036723210e-04
9.550000000000000711e+00 -3.806887333908580374e-04
9.600000000000001421e+00 -3.767337156057459107e-04
9.650000000000000355e+00 -3.728399978338424350e-04
9.700000000000001066e+00 -3.690062902182379072e-04
9.750000000000000000e+00 -3.652314146729129102e-04
9.800000000000000711e+00 -3.615141422556693838e-04
9.850000000000001421e+00 -3.578532676963257632e-04
9.900000000000000355e+00 -3.542477916680719977e-04
9.950000000000001066e+00 -3.506964044175640035e-04
1.000000000000000000e+01 -3.471980986362385052e-04
1.005000000000000071e+01 -3.437519092879780247e-04
1.010000000000000142e+01 -3.403564850814173545e-04
1.015000000000000036e+01 -3.370113337992997949e-04
1.020000000000000107e+01 -3.337152632014230577e-04
1.025000000000000000e+01 -3.304673277462032567e-04
1.030000000000000071e+01 -3.272666190113969302e-04
1.035000000000000142e+01 -3.241121847668101312e-04
1.040000000000000036e+01 -3.210031643848296852e-04
1.045000000000000107e+01 -3.179387256131552589e-04
1.050000000000000000e+01 -3.149178859146778875e-04
1.055000000000000071e+01 -3.119400205231007681e-04
1.060000000000000142e+01 -3.090042486665954373e-04
1.065000000000000036e+01 -3.061096979280688462e-04
1.070000000000000107e+01 -3.032558380061580058e-04
1.075000000000000000e+01 -3.004416213605598258e-04
1.080000000000000071e+01 -2.976663321480351289e-04
1.085000000000000142e+01 -2.949292781996105733e-04
1.090000000000000036e+01 -2.922298237676889060e-04
1.095000000000000107e+01 -2.895672352045041082e-04
1.100000000000000000e+01 -2.869408478561384472e-04
1.105000000000000071e+01 -2.843499763667507794e-04
1.110000000000000142e+01 -2.817941158352174277e-04
1.115000000000000036e+01 -2.792724394385997719e-04
1.120000000000000107e+01 -2.767844100350054862e-04
1.125000000000000000e+01 -2.743295753239300121e-04
1.130000000000000071e+01 -2.719069293643709240e-04
1.135000000000000142e+01 -2.695164759123725253e-04
1.140000000000000036e+01 -2.671573568223181293e-04
1.145000000000000107e+01 -2.648290872257990747e-04
1.150000000000000000e+01 -2.625311400251925968e-04
1.155000000000000071e+01 -2.602629972969373981e-04
1.160000000000000142e+01 -2.580241424980155387e-04
1.165000000000000036e+01 -2.558141025267757392e-04
1.170000000000000107e+01 -2.536322391585201365e-04
1.175000000000000000e+01 -2.514783182798513341e-04
1.180000000000000071e+01 -2.493517517762232827e-04
1.185000000000000142e+01 -2.472520723485795440e-04
1.190000000000000036e+01 -2.451788776788635903e-04
1.195000000000000107e+01 -2.431315516079764726e-04
1.200000000000000000e+01 -2.411097868264790915e-04
1.205000000000000071e+01 -2.391131239824367295e-04
1.210000000000000142e+01 -2.371411439100910769e-04
1.215000000000000036e+01 -2.351934354137655313e-04
1.220000000000000107e+01 -2.332696048682328719e-04
1.225000000000000000e+01 -2.313692373284193817e-04
1.230000000000000071e+01 -2.294920978051667206e-04
1.235000000000000142e+01 -2.276375647169506810e-04
1.240000000000000036e+01 -2.258053910329554297e-04
1.245000000000000107e+01 -2.239952245119475251e-04
1.250000000000000000e+01 -2.222066673149642390e-04
1.255000000000000071e+01 -2.204395200903664796e-04
1.260000000000000142e+01 -2.186933734838506188e-04
1.265000000000000036e+01 -2.169679027022794742e-04
1.270000000000000107e+01 -2.152627884986085555e-04
1.275000000000000000e+01 -2.135777020162087331e-04
1.280000000000000071e+01 -2.119123735893768006e-04
1.285000000000000142e+01 -2.102664732719326530e-04
1.290000000000000036e+01 -2.086395710879172913e-04
1.295000000000000107e+01 -2.070316220421110885e-04
1.300000000000000000e+01 -2.054422169521187482e-04
1.305000000000000071e+01 -2.038710662642985731e-04
1.310000000000000142e+01 -2.023178175373892209e-04
1.315000000000000036e+01 -2.007824140747332584e-04
1.320000000000000107e+01 -1.992643026888288847e-04
1.325000000000000000e+01 -1.977633336961928266e-04
1.330000000000000071e+01 -1.962792446879846862e-04
1.335000000000000142e+01 -1.948117560140797105e-04
1.340000000000000036e+01 -1.933606561279346771e-04
1.345000000000000107e+01 -1.919256888963708732e-04
1.350000000000000000e+01 -1.905067571057198145e-04
1.355000000000000071e+01 -1.891033571598342686e-04
1.360000000000000142e+01 -1.877153677846529398e-04
1.365000000000000036e+01 -1.863425849940340210e-04
1.370000000000000107e+01 -1.849848583697624380e-04
1.375000000000000000e+01 -1.836417647000092735e-04
1.380000000000000071e+01 -1.823133616245866946e-04
1.385000000000000142e+01 -1.809993282256728165e-04
1.390000000000000036e+01 -1.796994684529127609e-04
1.395000000000000107e+01 -1.784135662448757640e-04
1.400000000000000000e+01 -1.771414612869042806e-04
1.405000000000000071e+01 -1.758829346171940291e-04
1.410000000000000142e+01 -1.746376815185918881e-04
1.415000000000000036e+01 -1.734057163940031312e-04
1.420000000000000107e+01 -1.721867803632678821e-04
1.425000000000000000e+01 -1.709806691254685946e-04
1.430000000000000071e+01 -1.697871349949390206e-04
1.435000000000000142e+01 -1.686061982106479729e-04
1.440000000000000036e+01 -1.674374277406309090e-04
1.445000000000000107e+01 -1.662807575774283753e-04
1.450000000000000000e+01 -1.651360169902212679e-04
1.455000000000000071e+01 -1.640030519771261300e-04
1.460000000000000142e+01 -1.628816642831978131e-04
1.465000000000000036e+01 -1.617717198194250198e-04
1.470000000000000107e+01 -1.606731750778806172e-04
1.475000000000000000e+01 -1.595856734583319997e-04
1.480000000000000071e+01 -1.585091371555279660e-04
1.485000000000000142e+01 -1.574434411699477180e-04
1.490000000000000036e+01 -1.563885060120080185e-04
1.495000000000000107e+01 -1.553440021173520247e-04
1.500000000000000000e+01 -1.543100348951081838e-04
1.505000000000000071e+01 -1.532863665035683347e-04
1.510000000000000142e+01 -1.522728476244423232e-04
1.515000000000000036e+01 -1.512693882763406494e-04
1.520000000000000107e+01 -1.502758345405617987e-04
1.525000000000000000e+01 -1.492920007507076352e-04
1.530000000000000071e+01 -1.483177657122719865e-04
1.535000000000000142e+01 -1.473531838317435527e-04
1.540000000000000036e+01 -1.463979705324264127e-04
1.545000000000000107e+01 -1.454520318485211239e-04
1.550000000000000000e+01 -1.445152412028395564e-04
1.555000000000000071e+01 -1.435874056175361741e-04
1.560000000000000142e+01 -1.426685920391476973e-04
1.565000000000000036e+01 -1.417584802291275352e-04
1.570000000000000107e+01 -1.408570553972830438e-04
1.575000000000000000e+01 -1.399641600168267106e-04
1.580000000000000071e+01 -1.390797102773085818e-04
1.585000000000000142e+01 -1.382036857244783304e-04
1.590000000000000036e+01 -1.373358357399041059e-04
1.595000000000000107e+01 -1.364761139278062208e-04
1.600000000000000000e+01 -1.356244051413012729e-04
1.605000000000000071e+01 -1.347806280943299715e-04
1.610000000000000142e+01 -1.339446919435265007e-04
1.615000000000000213e+01 -1.331165727851554511e-04
1.619999999999999929e+01 -1.322959977023254255e-04
1.625000000000000000e+01 -1.314830769424122140e-04
1.630000000000000071e+01 -1.306776164631880284e-04
1.635000000000000142e+01 -1.298795733641101044e-04
1.640000000000000213e+01 -1.290888341215274586e-04
1.644999999999999929e+01 -1.283052228285680690e-04
1.650000000000000000e+01 -1.275287997787256575e-04
1.655000000000000071e+01 -1.267594257295493485e-04
1.660000000000000142e+01 -1.259970260023499382e-04
1.665000000000000213e+01 -1.252414946814534632e-04
1.669999999999999929e+01 -1.244927490424423838e-04
1.675000000000000000e+01 -1.237506351515533674e-04
1.680000000000000071e+01 -1.230152680440693355e-04
1.685000000000000142e+01 -1.222863246205354367e-04
1.690000000000000213e+01 -1.215638292262941040e-04
1.694999999999999929e+01 -1.208477044732298632e-04
1.700000000000000000e+01 -1.201378750841137111e-04
1.705000000000000071e+01 -1.194343558460194619e-04
1.710000000000000142e+01 -1.187369228626993688e-04
1.715000000000000213e+01 -1.180455634161638065e-04
1.719999999999999929e+01 -1.173601881934057116e-04
1.725000000000000000e+01 -1.166807583613225791e-04
1.730000000000000071e+01 -1.160072006710200458e-04
1.735000000000000142e+01 -1.153395208752003949e-04
1.740000000000000213e+01 -1.146775371415671599e-04
1.744999999999999929e+01 -1.140211992579337323e-04
1.750000000000000000e+01 -1.133705621396014765e-04
1.755000000000000071e+01 -1.127254904827570188e-04
1.760000000000000142e+01 -1.120859213091943352e-04
1.765000000000000213e+01 -1.114517025731747010e-04
1.769999999999999929e+01 -1.108229275022120682e-04
1.775000000000000000e+01 -1.101994735045866750e-04
1.780000000000000071e+01 -1.095812988023933573e-04
1.785000000000000142e+01 -1.089683214607332131e-04
1.790000000000000213e+01 -1.083604813332142793e-04
1.794999999999999929e+01 -1.077576499612993593e-04
1.800000000000000000e+01 -1.071598819622014676e-04
1.805000000000000071e+01 -1.065671091085805940e-04
1.810000000000000142e+01 -1.059791640906297927e-04
1.815000000000000213e+01 -1.053960599886989230e-04
1.819999999999999929e+01 -1.048178067470939567e-04
1.825000000000000000e+01 -1.042442540545100683e-04
1.830000000000000071e+01 -1.036753782895814217e-04
1.835000000000000142e+01 -1.031111399270134805e-04
1.840000000000000213e+01 -1.025514600847438908e-04
1.844999999999999929e+01 -1.019963157181261664e-04
1.850000000000000000e+01 -1.014456622416554771e-04
1.855000000000000071e+01 -1.008994559507938552e-04
1.860000000000000142e+01 -1.003577212551584776e-04
1.865000000000000213e+01 -9.982028020892236612e-05
1.869999999999999929e+01 -9.928715891906069086e-05
1.875000000000000000e+01 -9.875830265402566670e-05
1.880000000000000071e+01 -9.823367433352979048e-05
1.885000000000000142e+01 -9.771322902164448110e-05
1.890000000000000213e+01 -9.719690245539854630e-05
1.894999999999999929e+01 -9.668470845377199043e-05
1.900000000000000000e+01 -9.617656423698620332e-05
1.905000000000000071e+01 -9.567242363273334590e-05
1.910000000000000142e+01 -9.517224054743542128e-05
1.915000000000000213e+01 -9.467596925901320347e-05
1.920000000000000284e+01 -9.418349845948187707e-05
1.925000000000000000e+01 -9.369491364302278368e-05
1.930000000000000071e+01 -9.321011331075442592e-05
1.935000000000000142e+01 -9.272906115423751642e-05
1.940000000000000213e+01 -9.225170112969725031e-05
1.945000000000000284e+01 -9.177801006031484636e-05
1.950000000000000000e+01 -9.130796587316260401e-05
1.955000000000000071e+01 -9.084147338097435943e-05
1.960000000000000142e+01 -9.037853588132630043e-05
1.965000000000000213e+01 -8.991912085165499507e-05
1.970000000000000284e+01 -8.946319665106136827e-05
1.975000000000000000e+01 -8.901073222371579986e-05
1.980000000000000071e+01 -8.856176183779290506e-05
1.985000000000000142e+01 -8.811612775618628051e-05
1.990000000000000213e+01 -8.767385623508878415e-05
1.995000000000000284e+01 -8.723491586738830257e-05
2.000000000000000000e+01 -8.679927493587135832e-05
2.005000000000000071e+01 -8.636690131462114288e-05
2.010000000000000142e+01 -8.593774118042356855e-05
2.015000000000000213e+01 -8.551182136426862049e-05
2.020000000000000284e+01 -8.508907014488923044e-05
2.025000000000000000e+01 -8.466945275194419688e-05
2.030000000000000071e+01 -8.425293442594114339e-05
2.035000000000000142e+01 -8.383948069135356465e-05
2.040000000000000213e+01 -8.342905555957885971e-05
2.045000000000000284e+01 -8.302156493840867927e-05
2.050000000000000000e+01 -8.261710624776327154e-05
2.055000000000000071e+01 -8.221558675675698998e-05
2.060000000000000142e+01 -8.181697661793610238e-05
2.065000000000000213e+01 -8.142124710739696847e-05
2.070000000000000284e+01 -8.102839245042500586e-05
2.075000000000000000e+01 -8.063832548298809186e-05
2.080000000000000071e+01 -8.025105934363837591e-05
2.085000000000000142e+01 -7.986657062440898189e-05
2.090000000000000213e+01 -7.948483655976910272e-05
2.095000000000000284e+01 -7.910583475264543381e-05
2.100000000000000000e+01 -7.872954289863237892e-05
2.105000000000000071e+01 -7.835600488432080553e-05
2.110000000000000142e+01 -7.798506415495723193e-05
2.115000000000000213e+01 -7.761676021093922629e-05
2.120000000000000284e+01 -7.725106932189621477e-05
2.125000000000000000e+01 -7.688792957828446235e-05
2.130000000000000071e+01 -7.652740713824726377e-05
2.135000000000000142e+01 -7.616942532580630828e-05
2.140000000000000213e+01 -7.581395757511865947e-05
2.145000000000000284e+01 -7.546097708175610638e-05
2.150000000000000000e+01 -7.511045704366031423e-05
2.155000000000000071e+01 -7.476236866282238362e-05
2.160000000000000142e+01 -7.441669268849808666e-05
2.165000000000000213e+01 -7.407333152957936350e-05
2.170000000000000284e+01 -7.373239499078258611e-05
2.175000000000000000e+01 -7.339379796824014365e-05
2.180000000000000071e+01 -7.305751813194942947e-05
2.185000000000000142e+01 -7.272357216255800232e-05
2.190000000000000213e+01 -7.239184848256908144e-05
2.195000000000000284e+01 -7.206237919827021185e-05
2.200000000000000000e+01 -7.173514675067845295e-05
2.205000000000000071e+01 -7.141013427913320483e-05
2.210000000000000142e+01 -7.108732528108888094e-05
2.215000000000000213e+01 -7.076670372671738161e-05
2.220000000000000284e+01 -7.044825323794092560e-05
2.225000000000000000e+01 -7.013195729259049044e-05
2.230000000000000071e+01 -6.981786295401330050e-05
2.235000000000000142e+01 -6.950581906489124813e-05
2.240000000000000213e+01 -6.919587227518796981e-05
2.245000000000000284e+01 -6.888796552226278793e-05
2.250000000000000000e+01 -6.858217126243847735e-05
2.255000000000000071e+01 -6.827841824947644721e-05
2.260000000000000142e+01 -6.797668543883992459e-05
2.265000000000000213e+01 -6.767695155438021996e-05
2.270000000000000284e+01 -6.737919533004049246e-05
2.275000000000000000e+01 -6.708339585159407920e-05
2.280000000000000071e+01 -6.678953245615902514e-05
2.285000000000000142e+01 -6.649758548166477459e-05
2.290000000000000213e+01 -6.620753611299573787e-05
2.295000000000000284e+01 -6.591936654834326312e-05
2.300000000000000000e+01 -6.563306031068342214e-05
2.305000000000000071e+01 -6.534860188008545609e-05
2.310000000000000142e+01 -6.506597690102659945e-05
2.315000000000000213e+01 -6.478517199210653496e-05
2.320000000000000284e+01 -6.450617456940197934e-05
2.325000000000000000e+01 -6.422897262655066536e-05
2.330000000000000071e+01 -6.395355448657693599e-05
2.335000000000000142e+01 -6.367990854240203552e-05
2.340000000000000213e+01 -6.340802292302383074e-05
2.345000000000000284e+01 -6.313788558774620406e-05
2.350000000000000000e+01 -6.286948365411722793e-05
2.355000000000000071e+01 -6.260280357566334842e-05
2.360000000000000142e+01 -6.233783104122647201e-05
2.365000000000000213e+01 -6.207455073988479746e-05
2.370000000000000284e+01 -6.181294677864819444e-05
2.375000000000000000e+01 -6.155300255086977850e-05
2.380000000000000071e+01 -6.129470097707247548e-05
2.385000000000000142e+01 -6.103802472292453433e-05
2.390000000000000213e+01 -6.078295644472984146e-05
2.395000000000000284e+01 -6.052947904550460856e-05
2.400000000000000000e+01 -6.027757592399843198e-05
2.405000000000000071e+01 -6.002723127377704559e-05
2.410000000000000142e+01 -5.977842997115074105e-05
2.415000000000000213e+01 -5.953115814968924329e-05
2.420000000000000284e+01 -5.928540298252771079e-05
2.425000000000000000e+01 -5.904115275702161061e-05
2.430000000000000071e+01 -5.879839681229604993e-05
2.435000000000000142e+01 -5.855712539465939996e-05
2.440000000000000213e+01 -5.831732957243220190e-05
2.445000000000000284e+01 -5.807900084688132574e-05
2.450000000000000000e+01 -5.784213103102994529e-05
2.455000000000000071e+01 -5.760671195496621066e-05
2.460000000000000142e+01 -5.737273515814240939e-05
2.465000000000000213e+01 -5.714019187677720131e-05
2.470000000000000284e+01 -5.690907254875857249e-05
2.475000000000000000e+01 -5.667936686987723455e-05
2.480000000000000071e+01 -5.645106367488726104e-05
2.485000000000000142e+01 -5.622415092935342926e-05
2.490000000000000213e+01 -5.599861578815298728e-05
2.495000000000000284e+01 -5.577444471648360753e-05
2.500000000000000000e+01 -5.555162366499022690e-05
2.505000000000000071e+01 -5.533013939794747703e-05
2.510000000000000142e+01 -5.510997526813118393e-05
2.515000000000000213e+01 -5.489111821497602307e-05
2.520000000000000284e+01 -5.467355449133787178e-05
2.525000000000000000e+01 -5.445727048679268332e-05
2.530000000000000071e+01 -5.424225565581775065e-05
2.535000000000000142e+01 -5.402849705436207103e-05
2.540000000000000213e+01 -5.381598511265780793e-05
2.545000000000000284e+01 -5.360471074675121834e-05
2.550000000000000000e+01 -5.339466588698006780e-05
2.555000000000000071e+01 -5.318584335748073393e-05
2.560000000000000142e+01 -5.297823670201355330e-05
2.565000000000000213e+01 -5.277183920728433262e-05
2.570000000000000284e+01 -5.256664670367344592e-05
2.575000000000000000e+01 -5.236265351164390655e-05
2.580000000000000071e+01 -5.215985218119370732e-05
2.585000000000000142e+01 -5.195823629774801042e-05
2.590000000000000213e+01 -5.175780037068882547e-05
2.595000000000000284e+01 -5.155853652577877785e-05
2.600000000000000000e+01 -5.136043460875904545e-05
2.605000000000000071e+01 -5.116348578973539468e-05
2.610000000000000142e+01 -5.096767968360097498e-05
2.615000000000000213e+01 -5.077300519991687571e-05
2.620000000000000284e+01 -5.057945071067816180e-05
2.625000000000000000e+01 -5.038700425951446411e-05
2.630000000000000071e+01 -5.019565379793176457e-05
2.635000000000000142e+01 -5.000538692778959941e-05
2.640000000000000213e+01 -4.981619310884011524e-05
2.645000000000000284e+01 -4.962806159476143634e-05
2.650000000000000000e+01 -4.944098054284588748e-05
2.655000000000000071e+01 -4.925494255293670767e-05
2.660000000000000142e+01 -4.906993961032842726e-05
2.665000000000000213e+01 -4.888596314823976936e-05
2.670000000000000284e+01 -4.870300767340363113e-05
2.675000000000000000e+01 -4.852106784718920965e-05
2.680000000000000071e+01 -4.834013901158828644e-05
2.685000000000000142e+01 -4.816021698316651440e-05
2.690000000000000213e+01 -4.798129782038238980e-05
2.695000000000000284e+01 -4.780337758013077933e-05
2.700000000000000000e+01 -4.762645208006130768e-05
2.705000000000000071e+01 -4.745051668957953723e-05
2.710000000000000142e+01 -4.727556613397679926e-05
2.715000000000000213e+01 -4.710159437087209529e-05
2.720000000000000284e+01 -4.692859424896440315e-05
2.725000000000000000e+01 -4.675655861477036432e-05
2.730000000000000071e+01 -4.658547859598216958e-05
2.735000000000000142e+01 -4.641534506070062296e-05
2.740000000000000213e+01 -4.624614821915419197e-05
2.745000000000000284e+01 -4.607787799206931309e-05
2.750000000000000000e+01 -4.591052419653962222e-05
2.755000000000000071e+01 -4.574407678298905955e-05
2.760000000000000142e+01 -4.557852606640178778e-05
2.765000000000000213e+01 -4.541386238179114112e-05
2.770000000000000284e+01 -4.525007850405629866e-05
2.775000000000000000e+01 -4.508716636468767516e-05
2.780000000000000071e+01 -4.492511942049272171e-05
2.785000000000000142e+01 -4.476393208213316061e-05
2.790000000000000213e+01 -4.460359969794457579e-05
2.795000000000000284e+01 -4.444411830385710442e-05
2.800000000000000000e+01 -4.428548466814477704e-05
2.805000000000000071e+01 -4.412769596229357966e-05
2.810000000000000142e+01 -4.397074956782646927e-05
2.815000000000000213e+01 -4.381464284211138816e-05
2.820000000000000284e+01 -4.365937289003974498e-05
2.825000000000000000e+01 -4.350493635710797515e-05
2.830000000000000071e+01 -4.335132925794078936e-05
2.835000000000000142e+01 -4.319854685795347437e-05
2.840000000000000213e+01 -4.304658358810176745e-05
2.845000000000000284e+01 -4.289543304664392203e-05
2.850000000000000000e+01 -4.274508805237401792e-05
2.855000000000000071e+01 -4.259554074998629381e-05
2.860000000000000142e+01 -4.244678273375183730e-05
2.865000000000000213e+01 -4.229880537743198863e-05
2.870000000000000284e+01 -4.215159985553652313e-05
2.875000000000000000e+01 -4.200515750358955216e-05
2.880000000000000071e+01 -4.185947001101428033e-05
2.885000000000000142e+01 -4.171452962418728072e-05
2.890000000000000213e+01 -4.157032931435289017e-05
2.895000000000000284e+01 -4.142686289896931192e-05
2.900000000000000000e+01 -4.128412544136698324e-05
2.905000000000000071e+01 -4.114211191347609249e-05
2.910000000000000142e+01 -4.100081917492532843e-05
2.915000000000000213e+01 -4.086024450323942392e-05
2.920000000000000284e+01 -4.072038495940563050e-05
2.925000000000000000e+01 -4.058124045235756577e-05
2.930000000000000071e+01 -4.044280865313757176e-05
2.935000000000000142e+01 -4.030508799292148990e-05
2.940000000000000213e+01 -4.016807663741406515e-05
2.945000000000000284e+01 -4.003177316741311228e-05
2.950000000000000000e+01 -3.989617287499997892e-05
2.955000000000000071e+01 -3.976127295042627301e-05
2.960000000000000142e+01 -3.962706887757473737e-05
2.965000000000000213e+01 -3.949355531310615012e-05
2.970000000000000284e+01 -3.936072612160580487e-05
2.975000000000000000e+01 -3.922857449967152675e-05
2.980000000000000071e+01 -3.909709312481379756e-05
2.985000000000000142e+01 -3.896627434801677004e-05
2.990000000000000213e+01 -3.883611038568772445e-05
2.995000000000000284e+01 -3.870659364764272696e-05
3.000000000000000000e+01 -3.857771694186302780e-05
3.005000000000000071e+01 -3.844947324780398601e-05
3.010000000000000142e+01 -3.832185727701204793e-05
3.015000000000000213e+01 -3.819486249278223228e-05
3.020000000000000284e+01 -3.806848517343348789e-05
3.025000000000000000e+01 -3.794272128649359621e-05
3.030000000000000071e+01 -3.781756928194975357e-05
3.035000000000000142e+01 -3.769302712369432902e-05
3.040000000000000213e+01 -3.756909328621467584e-05
3.045000000000000284e+01 -3.744576694188644125e-05
3.050000000000000000e+01 -3.732304743807805775e-05
3.055000000000000071e+01 -3.720093401638999728e-05
3.060000000000000142e+01 -3.707942571957631282e-05
3.065000000000000213e+01 -3.695852110876850303e-05
3.070000000000000284e+01 -3.683821811717484995e-05
3.075000000000000000e+01 -3.671851392870435169e-05
3.080000000000000071e+01 -3.659940490963996273e-05
3.085000000000000142e+01 -3.648088659788159397e-05
3.090000000000000213e+01 -3.636295375037452320e-05
3.095000000000000284e+01 -3.624560045522350272e-05
3.100000000000000000e+01 -3.612882024640492703e-05
3.105000000000000071e+01 -3.601260633774409914e-05
3.110000000000000142e+01 -3.589695181562482801e-05
3.115000000000000213e+01 -3.578184984844723907e-05
3.120000000000000284e+01 -3.566729390498611212e-05
3.125000000000000000e+01 -3.555327802223795259e-05
3.130000000000000071e+01 -3.543979779174817493e-05
3.135000000000000142e+01 -3.532684684396103096e-05
3.140000000000000213e+01 -3.521442142827047343e-05
3.145000000000000284e+01 -3.510252072696688704e-05
3.150000000000000000e+01 -3.499114182785697169e-05
3.155000000000000071e+01 -3.488028349241957380e-05
3.160000000000000142e+01 -3.476994515452404137e-05
3.165000000000000213e+01 -3.466012657450728086e-05
3.170000000000000284e+01 -3.455082765248493099e-05
3.175000000000000000e+01 -3.444204844845689581e-05
3.180000000000000071e+01 -3.433378861428340475e-05
3.185000000000000142e+01 -3.422604742530074769e-05
3.190000000000000213e+01 -3.411882349842209651e-05
3.195000000000000284e+01 -3.401211477151799909e-05
3.200000000000000000e+01 -3.390591836264491774e-05
3.205000000000000426e+01 -3.380023057168615556e-05
3.210000000000000142e+01 -3.369504693221266848e-05
3.214999999999999858e+01 -3.359036225589214874e-05
3.220000000000000284e+01 -3.348617086201909727e-05
3.225000000000000000e+01 -3.338246670550560832e-05
3.230000000000000426e+01 -3.327924354868332752e-05
3.235000000000000142e+01 -3.317649525058266575e-05
3.239999999999999858e+01 -3.307421593527453264e-05
3.245000000000000284e+01 -3.297240019775948892e-05
3.250000000000000000e+01 -3.287104325479785975e-05
3.255000000000000426e+01 -3.277014112654882163e-05
3.260000000000000142e+01 -3.266969061765140656e-05
3.264999999999999858e+01 -3.256968939828037122e-05
3.270000000000000284e+01 -3.247013595044571758e-05
3.275000000000000000e+01 -3.237102947718253459e-05
3.280000000000000426e+01 -3.227236976495710273e-05
3.285000000000000142e+01 -3.217415700873501379e-05
3.289999999999999858e+01 -3.207639159622356298e-05
3.295000000000000284e+01 -3.197907401192014122e-05
3.300000000000000000e+01 -3.188220416128233263e-05
3.305000000000000426e+01 -3.178578214948175949e-05
3.310000000000000142e+01 -3.168980725306321764e-05
3.314999999999999858e+01 -3.159427768016444846e-05
3.320000000000000284e+01 -3.149919129386169632e-05
3.325000000000000000e+01 -3.140454507352823696e-05
3.330000000000000426e+01 -3.131033523055227140e-05
3.335000000000000142e+01 -3.121655631317846695e-05
3.339999999999999858e+01 -3.112320633948445947e-05
3.345000000000000284e+01 -3.103027692824126990e-05
3.350000000000000000e+01 -3.093776353678897597e-05
3.355000000000000426e+01 -3.084566076619462224e-05
3.360000000000000142e+01 -3.075396039739240669e-05
3.364999999999999858e+01 -3.066266616054934280e-05
3.370000000000000284e+01 -3.057176532132428824e-05
3.375000000000000000e+01 -3.048125716021926496e-05
3.380000000000000426e+01 -3.039113891613972444e-05
3.385000000000000142e+01 -3.030140862044888219e-05
3.389999999999999858e+01 -3.021206509773107741e-05
3.395000000000000284e+01 -3.012310782655080844e-05
3.400000000000000000e+01 -3.003453685302005427e-05
3.405000000000000426e+01 -2.994635262127551620e-05
3.410000000000000142e+01 -2.985855568776777752e-05
3.414999999999999858e+01 -2.977114685559792024e-05
3.420000000000000284e+01 -2.968412652941601609e-05
3.425000000000000000e+01 -2.959749470880666317e-05
3.430000000000000426e+01 -2.951125097434773167e-05
3.435000000000000142e+01 -2.942539421356647744e-05
3.439999999999999858e+01 -2.933992259198032245e-05
3.445000000000000284e+01 -2.925483353270749096e-05
3.450000000000000000e+01 -2.917012417361804008e-05
3.455000000000000426e+01 -2.908578224120644110e-05
3.460000000000000142e+01 -2.900182586027326054e-05
3.464999999999999858e+01 -2.891822852472581838e-05
3.470000000000000284e+01 -2.883499242301200690e-05
3.475000000000000000e+01 -2.875211265822983682e-05
3.480000000000000426e+01 -2.866958455974533850e-05
3.485000000000000142e+01 -2.858740385980446764e-05
3.489999999999999858e+01 -2.850556685501186611e-05
3.495000000000000284e+01 -2.842407049245826642e-05
3.500000000000000000e+01 -2.834291246247240534e-05
3.505000000000000426e+01 -2.826209120875899857e-05
3.510000000000000142e+01 -2.818160589583990896e-05
3.514999999999999858e+01 -2.810145632318410120e-05
3.520000000000000284e+01 -2.802164282713000173e-05
3.525000000000000000e+01 -2.794216615813103447e-05
3.530000000000000426e+01 -2.786302699825987371e-05
3.535000000000000142e+01 -2.778422622982523461e-05
3.539999999999999858e+01 -2.770576461824723378e-05
3.545000000000000284e+01 -2.762764236007183338e-05
3.550000000000000000e+01 -2.754985917385082542e-05
3.555000000000000426e+01 -2.747241421643625381e-05
3.560000000000000142e+01 -2.739530583302293975e-05
3.564999999999999858e+01 -2.731853181676511348e-05
3.570000000000000284e+01 -2.724208915477532638e-05
3.575000000000000000e+01 -2.716597426285542413e-05
3.580000000000000426e+01 -2.709018304013950266e-05
3.585000000000000142e+01 -2.701471115035774425e-05
3.589999999999999858e+01 -2.693955346642166055e-05
3.595000000000000284e+01 -2.686470736909373223e-05
3.600000000000000000e+01 -2.679016678522358098e-05
3.605000000000000426e+01 -2.671592850606112460e-05
3.610000000000000142e+01 -2.664198925663428287e-05
3.614999999999999858e+01 -2.656834644208899259e-05
3.620000000000000284e+01 -2.649499810841023662e-05
3.625000000000000000e+01 -2.642194310705513847e-05
3.630000000000000426e+01 -2.634918096043321377e-05
3.635000000000000142e+01 -2.647457965890158131e-05
3.639999999999999858e+01 -2.620453616405684597e-05
3.645000000000000284e+01 -2.613265528351926275e-05
3.650000000000000000e+01 -2.606107005396914961e-05
3.655000000000000426e+01 -2.598978152685822127e-05
3.660000000000000142e+01 -2.591879062027379344e-05
3.664999999999999858e+01 -2.584809777287053629e-05
3.670000000000000284e+01 -2.577770301283662549e-05
3.675000000000000000e+01 -2.570760558542199475e-05
3.680000000000000426e+01 -2.563780416245432057e-05
3.685000000000000142e+01 -2.556829663762572106e-05
3.689999999999999858e+01 -2.549908025895303204e-05
3.695000000000000284e+01 -2.543015168902671165e-05
3.700000000000000000e+01 -2.536150712710541526e-05
3.705000000000000426e+01 -2.529314246880603955e-05
3.710000000000000142e+01 -2.522505348656263162e-05
3.714999999999999858e+01 -2.515723598572005664e-05
3.720000000000000284e+01 -2.508968604508728906e-05
3.725000000000000000e+01 -2.502240014080515606e-05
3.730000000000000426e+01 -2.495537529876347901e-05
3.735000000000000142e+01 -2.488861008995637441e-05
3.739999999999999858e+01 -2.482210025679015806e-05
3.745000000000000284e+01 -2.475584747980135857e-05
3.750000000000000000e+01 -2.468985093946673436e-05
3.755000000000000426e+01 -2.462411065310405361e-05
3.760000000000000142e+01 -2.455862777454219338e-05
3.764999999999999858e+01 -2.449340344630362149e-05
3.770000000000000284e+01 -2.442843900912663918e-05
3.775000000000000000e+01 -2.436373580727290656e-05
3.780000000000000426e+01 -2.429929491430789180e-05
3.785000000000000142e+01 -2.423511703071281253e-05
3.789999999999999858e+01 -2.417120232662986565e-05
3.795000000000000284e+01 -2.410755033879772151e-05
3.800000000000000000e+01 -2.404415991274300922e-05
3.805000000000000426e+01 -2.398102915734195929e-05
3.810000000000000142e+01 -2.391815560144477462e-05
3.814999999999999858e+01 -2.385553610911948430e-05
3.820000000000000284e+01 -2.379316710862806308e-05
3.825000000000000000e+01 -2.373104472374487655e-05
3.830000000000000426e+01 -2.366916494718995339e-05
3.835000000000000142e+01 -2.360752384236078819e-05
3.840000000000000568e+01 -2.354611772706653042e-05
3.845000000000000284e+01 -2.348494313821412720e-05
3.850000000000000000e+01 -2.342399749474560850e-05
3.855000000000000426e+01 -2.336327862670308623e-05
3.860000000000000142e+01 -2.330278513031037654e-05
3.865000000000000568e+01 -2.324251634557407756e-05
3.870000000000000284e+01 -2.318247222120860081e-05
3.875000000000000000e+01 -2.312265337289556833e-05
3.880000000000000426e+01 -2.306306086622332576e-05
3.885000000000000142e+01 -2.300369610477971747e-05
3.890000000000000568e+01 -2.294456062035404322e-05
3.895000000000000284e+01 -2.288565589138239333e-05
3.900000000000000000e+01 -2.282698323832429388e-05
3.905000000000000426e+01 -2.276854352418853652e-05
3.910000000000000142e+01 -2.271033710876670076e-05
3.915000000000000568e+01 -2.265236372396726839e-05
3.920000000000000284e+01 -2.259462241164587843e-05
3.925000000000000000e+01 -2.253711151292541061e-05
3.930000000000000426e+01 -2.247982861235032386e-05
3.935000000000000142e+01 -2.242277105284461581e-05
3.940000000000000568e+01 -2.236593524811720859e-05
3.945000000000000284e+01 -2.230931759416036460e-05
3.950000000000000000e+01 -2.225291428937171327e-05
3.955000000000000426e+01 -2.219672161098736667e-05
3.960000000000000142e+01 -2.214073600014676517e-05
3.965000000000000568e+01 -2.208495435525214054e-05
3.970000000000000284e+01 -2.202937411413296496e-05
3.975000000000000000e+01 -2.197399351729870543e-05
3.980000000000000426e+01 -2.191881082539473671e-05
3.985000000000000142e+01 -2.186382603821235667e-05
3.990000000000000568e+01 -2.180903914413305831e-05
3.995000000000000284e+01 -2.175445092510460730e-05
