0.000000000000000000e+00 -2.918240821765490267e+00
5.000000000000000278e-02 -5.829113184947080223e-02
1.000000000000000056e-01 -2.907666995533682297e-02
1.500000000000000222e-01 -1.930615903045605417e-02
2.000000000000000111e-01 -1.439446223623591474e-02
2.500000000000000000e-01 -1.142415342204189561e-02
3.000000000000000444e-01 -9.422345710830729720e-03
3.500000000000000333e-01 -7.971679452936645399e-03
4.000000000000000222e-01 -6.863515115961490998e-03
4.500000000000000111e-01 -5.981734505382882081e-03
5.000000000000000000e-01 -5.256404333499331560e-03
5.500000000000000444e-01 -4.643657864365337805e-03
6.000000000000000888e-01 -4.114022284431425626e-03
6.500000000000000222e-01 -3.646833017366049503e-03
7.000000000000000666e-01 -3.228704211590186987e-03
7.500000000000000000e-01 -2.848506501000492176e-03
8.000000000000000444e-01 -2.499777100631375096e-03
8.500000000000000888e-01 -2.176486954813890758e-03
9.000000000000000222e-01 -1.874672951305908801e-03
9.500000000000000666e-01 -1.591726349468216856e-03
1.000000000000000000e+00 -1.325305537622917251e-03
1.050000000000000044e+00 -1.074022267972453253e-03
1.100000000000000089e+00 -8.371231239227345427e-04
1.150000000000000133e+00 -6.138276995768399830e-04
1.200000000000000178e+00 -4.039901365818459981e-04
1.250000000000000000e+00 -2.071940507435915207e-04
1.300000000000000044e+00 -2.349649186484071702e-05
1.350000000000000089e+00 1.469119262336842095e-04
1.400000000000000133e+00 3.039258633282404141e-04
1.450000000000000178e+00 4.476306488155190741e-04
1.500000000000000000e+00 5.777426162478783685e-04
1.550000000000000044e+00 6.943862562377907128e-04
1.600000000000000089e+00 7.975524009903903980e-04
1.650000000000000133e+00 8.870509536738260120e-04
1.700000000000000178e+00 9.631211358197293206e-04
1.750000000000000000e+00 1.026361281369418807e-03
1.800000000000000044e+00 1.076970681372715422e-03
1.850000000000000089e+00 1.115250015051679660e-03
1.900000000000000133e+00 1.141868463575942483e-03
1.950000000000000178e+00 1.157105527613460803e-03
2.000000000000000000e+00 1.162239642313850569e-03
2.050000000000000266e+00 1.157520903768044984e-03
2.100000000000000089e+00 1.144025224648175182e-03
2.149999999999999911e+00 1.122541019439100190e-03
2.200000000000000178e+00 1.093946021020439667e-03
2.250000000000000000e+00 1.059068827860836122e-03
2.300000000000000266e+00 1.018895487328406275e-03
2.350000000000000089e+00 9.742104606334337251e-04
2.400000000000000355e+00 9.262036999750214222e-04
2.450000000000000178e+00 8.752065582098944412e-04
2.500000000000000000e+00 8.229936108201346516e-04
2.550000000000000266e+00 7.681834250612071258e-04
2.600000000000000089e+00 7.149500375680885094e-04
2.650000000000000355e+00 6.605041264587810726e-04
2.700000000000000178e+00 6.073312831140422093e-04
2.750000000000000000e+00 5.558188289787891747e-04
2.800000000000000266e+00 5.052073481061908214e-04
2.850000000000000089e+00 4.574848336069464640e-04
2.900000000000000355e+00 4.119927693940572764e-04
2.950000000000000178e+00 3.691010625944440480e-04
3.000000000000000000e+00 3.290478503578509839e-04
3.050000000000000266e+00 2.919387894212592061e-04
3.100000000000000089e+00 2.577731056809068832e-04
3.150000000000000355e+00 2.266070320682127303e-04
3.200000000000000178e+00 1.984117082719530313e-04
3.250000000000000000e+00 1.728645289138715799e-04
3.300000000000000266e+00 1.502056110676256069e-04
3.350000000000000089e+00 1.300041707031586642e-04
3.400000000000000355e+00 1.123314344318476928e-04
3.450000000000000178e+00 9.665273060194518962e-05
3.500000000000000000e+00 8.321320270535561127e-05
3.550000000000000266e+00 7.147716725132016800e-05
3.600000000000000089e+00 6.137727480668126823e-05
3.650000000000000355e+00 5.279783280254092770e-05
3.700000000000000178e+00 4.543111463200915219e-05
3.750000000000000000e+00 3.913431034720550312e-05
3.800000000000000266e+00 3.375373474991329615e-05
3.850000000000000089e+00 2.925570793255700768e-05
3.900000000000000355e+00 2.528064151961567372e-05
3.950000000000000178e+00 2.188435246719085315e-05
4.000000000000000000e+00 1.888201832302843775e-05
4.049999999999999822e+00 1.630598214849472851e-05
4.100000000000000533e+00 1.388853793963967480e-05
4.150000000000000355e+00 1.169111316363257200e-05
4.200000000000000178e+00 9.642217862091555347e-06
4.250000000000000000e+00 7.722246315057615948e-06
4.299999999999999822e+00 5.873526979645075199e-06
4.350000000000000533e+00 4.141527066965929903e-06
4.400000000000000355e+00 2.269532572507120776e-06
4.450000000000000178e+00 6.077280133074469086e-07
4.500000000000000000e+00 -1.113117571367367805e-06
4.549999999999999822e+00 -2.771177704246659646e-06
4.600000000000000533e+00 -4.425470105810849075e-06
4.650000000000000355e+00 -5.984411754678208171e-06
4.700000000000000178e+00 -7.623804154630429042e-06
4.750000000000000000e+00 -9.100258264240598165e-06
4.800000000000000711e+00 -1.057945501829864707e-05
4.850000000000000533e+00 -1.196619679210644504e-05
4.900000000000000355e+00 -1.331169468118789101e-05
4.950000000000000178e+00 -1.463941841030252930e-05
5.000000000000000000e+00 -1.572630255186613707e-05
5.050000000000000711e+00 -1.689183825166481556e-05
5.100000000000000533e+00 -1.790485267258003094e-05
5.150000000000000355e+00 -1.884347706450062432e-05
5.200000000000000178e+00 -1.968259709736044913e-05
5.250000000000000000e+00 -2.043181348977354765e-05
5.300000000000000711e+00 -2.114969010293508373e-05
5.350000000000000533e+00 -2.164317477465908980e-05
5.400000000000000355e+00 -2.213903484037674108e-05
5.450000000000000178e+00 -2.258256693325310510e-05
5.500000000000000000e+00 -2.282634176946409326e-05
5.550000000000000711e+00 -2.313944906859808278e-05
5.600000000000000533e+00 -2.324466211425001022e-05
5.650000000000000355e+00 -2.333206842132145439e-05
5.700000000000000178e+00 -2.329831808343561108e-05
5.750000000000000000e+00 -2.328429364725808959e-05
5.800000000000000711e+00 -2.317669865668797684e-05
5.850000000000000533e+00 -2.291404282685487694e-05
5.900000000000000355e+00 -2.275366358529167990e-05
5.950000000000000178e+00 -2.241064359109421001e-05
6.000000000000000000e+00 -2.218381066778480053e-05
6.050000000000000711e+00 -2.176401830931210172e-05
6.100000000000000533e+00 -2.143887586091427968e-05
6.150000000000000355e+00 -2.097019583939882317e-05
6.200000000000000178e+00 -2.058049846927260569e-05
6.250000000000000000e+00 -2.014226251230768621e-05
6.300000000000000711e+00 -1.965533577789654643e-05
6.350000000000000533e+00 -1.922544415217934636e-05
6.400000000000000355e+00 -1.874569808568612769e-05
6.450000000000000178e+00 -1.825920202254045652e-05
6.500000000000000000e+00 -1.784006998122841507e-05
6.550000000000000711e+00 -1.728780187417346866e-05
6.600000000000000533e+00 -1.687541492965903534e-05
6.650000000000000355e+00 -1.639893265320991551e-05
6.700000000000000178e+00 -1.595511559448372480e-05
6.750000000000000000e+00 -1.550878364376664923e-05
6.800000000000000711e+00 -1.507547991045788408e-05
6.850000000000000533e+00 -1.465062368250027132e-05
6.900000000000000355e+00 -1.423941244805081587e-05
6.950000000000000178e+00 -1.383734556991606791e-05
7.000000000000000000e+00 -1.344776044789857533e-05
7.050000000000000711e+00 -1.306629740461008062e-05
7.100000000000000533e+00 -1.270367567774077667e-05
7.150000000000000355e+00 -1.235049727874758898e-05
7.200000000000000178e+00 -1.200909756009133596e-05
7.250000000000000000e+00 -1.167930264645400097e-05
7.300000000000000711e+00 -1.136566018797459100e-05
7.350000000000000533e+00 -1.106238433441260445e-05
7.400000000000000355e+00 -1.077009949609412684e-05
7.450000000000000178e+00 -1.049015030677947519e-05
7.500000000000000000e+00 -1.022230989942620068e-05
7.550000000000000711e+00 -9.966350005202286505e-06
7.600000000000000533e+00 -9.715445801719440770e-06
7.650000000000000355e+00 -9.477568622508051634e-06
7.700000000000000178e+00 -9.251004080715776302e-06
7.750000000000000000e+00 -9.030565318213541414e-06
7.800000000000000711e+00 -8.813390193766982908e-06
7.850000000000000533e+00 -8.609196054185884732e-06
7.900000000000000355e+00 -8.410832813691917844e-06
7.950000000000000178e+00 -8.216873005083382201e-06
8.000000000000000000e+00 -8.031300264348658014e-06
8.050000000000000711e+00 -7.847324429983942078e-06
8.099999999999999645e+00 -7.669583172135780821e-06
8.150000000000000355e+00 -7.491470889441980034e-06
8.200000000000001066e+00 -7.336832926450408082e-06
8.250000000000000000e+00 -7.158723016946259698e-06
8.300000000000000711e+00 -7.004334312719885638e-06
8.349999999999999645e+00 -6.846059874116614738e-06
8.400000000000000355e+00 -6.692054392481855441e-06
8.450000000000001066e+00 -6.544086040058830592e-06
8.500000000000000000e+00 -6.400835694505364286e-06
8.550000000000000711e+00 -6.259552497846999188e-06
8.599999999999999645e+00 -6.122008610727213889e-06
8.650000000000000355e+00 -5.988737222357169724e-06
8.700000000000001066e+00 -5.857366544228613136e-06
8.750000000000000000e+00 -5.731036871885432634e-06
8.800000000000000711e+00 -5.609654137275444758e-06
8.849999999999999645e+00 -5.489772535739518573e-06
8.900000000000000355e+00 -5.373337230635335302e-06
8.950000000000001066e+00 -5.259475190848850891e-06
9.000000000000000000e+00 -5.147616517820089833e-06
9.050000000000000711e+00 -5.039627295780630234e-06
9.099999999999999645e+00 -4.934906318281234646e-06
9.150000000000000355e+00 -4.829190297349031068e-06
9.200000000000001066e+00 -4.728020092646773948e-06
9.250000000000000000e+00 -4.629238539847695129e-06
9.300000000000000711e+00 -4.530770013431665201e-06
9.349999999999999645e+00 -4.434919320779866072e-06
9.400000000000000355e+00 -4.341646601872357566e-06
9.450000000000001066e+00 -4.249175858640457069e-06
9.500000000000000000e+00 -4.159977378125137977e-06
9.550000000000000711e+00 -4.072529915444035597e-06
9.600000000000001421e+00 -3.986335330513848620e-06
9.650000000000000355e+00 -3.904497250838912899e-06
9.700000000000001066e+00 -3.823850036425343898e-06
9.750000000000000000e+00 -3.744156357555635460e-06
9.800000000000000711e+00 -3.668440730811006564e-06
9.850000000000001421e+00 -3.594322243136563255e-06
9.900000000000000355e+00 -3.524297702866237939e-06
9.950000000000001066e+00 -3.450133946523096537e-06
1.000000000000000000e+01 -3.843027537611928864e-10
1.005000000000000071e+01 -3.336959278392685129e-08
1.010000000000000142e+01 -6.588525794374873409e-08
1.015000000000000036e+01 -9.728559353517550107e-08
1.020000000000000107e+01 -1.280284299318482169e-07
1.025000000000000000e+01 -1.576989741412387468e-07
1.030000000000000071e+01 -1.861095268972378520e-07
1.035000000000000142e+01 -2.135000625301589930e-07
1.040000000000000036e+01 -2.405195824986797999e-07
1.045000000000000107e+01 -2.673812214230891305e-07
1.050000000000000000e+01 -2.922412772548969913e-07
1.055000000000000071e+01 -3.167739072478700389e-07
1.060000000000000142e+01 -3.405817806177736281e-07
1.065000000000000036e+01 -3.634809657245613298e-07
1.070000000000000107e+01 -3.856899883953064822e-07
1.075000000000000000e+01 -4.078128095369015966e-07
1.080000000000000071e+01 -4.280971446209679449e-07
1.085000000000000142e+01 -4.483242134261487509e-07
1.090000000000000036e+01 -4.681104149089083273e-07
1.095000000000000107e+01 -4.865155628076858710e-07
