0.000000000000000000e+00 -1.452549079766540049e-08
5.000000000000000278e-02 -2.115902816558700508e-10
1.000000000000000056e-01 -1.677087721731239622e-09
1.500000000000000222e-01 -6.039144793876553330e-09
2.000000000000000111e-01 -1.441853699787196662e-08
2.500000000000000000e-01 -2.808845285265267496e-08
3.000000000000000444e-01 -4.811450289814939819e-08
3.500000000000000333e-01 -7.543743821953234800e-08
4.000000000000000222e-01 -1.108198330947039733e-07
4.500000000000000111e-01 -1.548355002401013459e-07
5.000000000000000000e-01 -2.078523124449716271e-07
5.500000000000000444e-01 -2.700228511303483095e-07
6.000000000000000888e-01 -3.412774154029258331e-07
6.500000000000000222e-01 -4.213231530892650628e-07
7.000000000000000666e-01 -5.096489914154275276e-07
7.500000000000000000e-01 -6.055261690668154639e-07
8.000000000000000444e-01 -7.080316558381364438e-07
8.500000000000000888e-01 -8.160725837967047648e-07
9.000000000000000222e-01 -9.283581443870992186e-07
9.500000000000000666e-01 -1.043486528605356329e-06
1.000000000000000000e+00 -1.159932483902944631e-06
1.050000000000000044e+00 -1.276081931795596388e-06
1.100000000000000089e+00 -1.390289185220946955e-06
1.150000000000000133e+00 -1.500827835301736172e-06
1.200000000000000178e+00 -1.606047870564589137e-06
1.250000000000000000e+00 -1.704275351606812268e-06
1.300000000000000044e+00 -1.793929346298675286e-06
1.350000000000000089e+00 -1.873545965396257172e-06
1.400000000000000133e+00 -1.941718077959013044e-06
1.450000000000000178e+00 -1.997296008509131013e-06
1.500000000000000000e+00 -2.039123497536861861e-06
1.550000000000000044e+00 -2.066382454155222506e-06
1.600000000000000089e+00 -2.078424939537999139e-06
1.650000000000000133e+00 -2.074692474855615753e-06
1.700000000000000178e+00 -2.055051140054248888e-06
1.750000000000000000e+00 -2.019353569239085759e-06
1.800000000000000044e+00 -1.967745049437867820e-06
1.850000000000000089e+00 -1.900762526287967789e-06
1.900000000000000133e+00 -1.818957416954501285e-06
1.950000000000000178e+00 -1.722962055379597558e-06
2.000000000000000000e+00 -1.613842615839402253e-06
2.050000000000000266e+00 -1.492756238088416468e-06
2.100000000000000089e+00 -1.360868570069693960e-06
2.149999999999999911e+00 -1.219541906927980609e-06
2.200000000000000178e+00 -1.070270701667693271e-06
2.250000000000000000e+00 -9.146571122957000143e-07
2.300000000000000266e+00 -7.541756826567424437e-07
2.350000000000000089e+00 -5.904315182304627107e-07
2.400000000000000355e+00 -4.250713397516247118e-07
2.450000000000000178e+00 -2.597708812138465658e-07
2.500000000000000000e+00 -9.589529505293111284e-08
2.550000000000000266e+00 6.492709195558118116e-08
2.600000000000000089e+00 2.212232367001765495e-07
2.650000000000000355e+00 3.718684009746931740e-07
2.700000000000000178e+00 5.156597553352559692e-07
2.750000000000000000e+00 6.513326182193498395e-07
2.800000000000000266e+00 7.780587145738443480e-07
2.850000000000000089e+00 8.950391768300391651e-07
2.900000000000000355e+00 1.001561494148756293e-06
2.950000000000000178e+00 1.097129252772904718e-06
3.000000000000000000e+00 1.181333963411259781e-06
3.050000000000000266e+00 1.253873891811896773e-06
3.100000000000000089e+00 1.314708314495775554e-06
3.150000000000000355e+00 1.363881711523439277e-06
3.200000000000000178e+00 1.401527801009103269e-06
3.250000000000000000e+00 1.427790493614114812e-06
3.300000000000000266e+00 1.443076008609306163e-06
3.350000000000000089e+00 1.447990473727363503e-06
3.400000000000000355e+00 1.442901999511592159e-06
3.450000000000000178e+00 1.428544363988898740e-06
3.500000000000000000e+00 1.405495658076498779e-06
3.550000000000000266e+00 1.374470511389161664e-06
3.600000000000000089e+00 1.336274579291803090e-06
3.650000000000000355e+00 1.291676102531147234e-06
3.700000000000000178e+00 1.241398767455101021e-06
3.750000000000000000e+00 1.186265614032371871e-06
3.800000000000000266e+00 1.127021763023953489e-06
3.850000000000000089e+00 1.064502608653697539e-06
3.900000000000000355e+00 9.994641499206682676e-07
3.950000000000000178e+00 9.325198330792573143e-07
4.000000000000000000e+00 8.644154306548937932e-07
4.049999999999999822e+00 7.957237430369104198e-07
4.100000000000000533e+00 7.271363562357536757e-07
4.150000000000000355e+00 6.590832854843890270e-07
4.200000000000000178e+00 5.920537566769256271e-07
4.250000000000000000e+00 5.266276522297597027e-07
4.299999999999999822e+00 4.630584628051400722e-07
4.350000000000000533e+00 4.017015643856114971e-07
4.400000000000000355e+00 3.428876320024912908e-07
4.450000000000000178e+00 2.868096756867842639e-07
4.500000000000000000e+00 2.336884277715740725e-07
4.549999999999999822e+00 1.836659200485262522e-07
4.600000000000000533e+00 1.367913995061835957e-07
4.650000000000000355e+00 9.316814735663980263e-08
4.700000000000000178e+00 5.286355478560896957e-08
4.750000000000000000e+00 1.579962729002715105e-08
4.800000000000000711e+00 -1.803667368774007972e-08
4.850000000000000533e+00 -4.869194778488141158e-08
4.900000000000000355e+00 -7.626200468436332651e-08
4.950000000000000178e+00 -1.008460248496898212e-07
5.000000000000000000e+00 -1.225610327518729167e-07
5.050000000000000711e+00 -1.415230843717232707e-07
5.100000000000000533e+00 -1.579184435987641400e-07
5.150000000000000355e+00 -1.718746616515129772e-07
5.200000000000000178e+00 -1.835174489882960981e-07
5.250000000000000000e+00 -1.930601472359050419e-07
5.300000000000000711e+00 -2.006205996376367758e-07
5.350000000000000533e+00 -2.063754248970107461e-07
5.400000000000000355e+00 -2.104622293468900143e-07
5.450000000000000178e+00 -2.130638219805570708e-07
5.500000000000000000e+00 -2.143043101048304096e-07
5.550000000000000711e+00 -2.143495523239799377e-07
5.600000000000000533e+00 -2.133041549202441406e-07
5.650000000000000355e+00 -2.113115828011937995e-07
5.700000000000000178e+00 -2.085039180975562181e-07
5.750000000000000000e+00 -2.049664575835982368e-07
5.800000000000000711e+00 -2.008313762625022280e-07
5.850000000000000533e+00 -1.961929265622989689e-07
5.900000000000000355e+00 -1.911277615924583555e-07
5.950000000000000178e+00 -1.857245293340971005e-07
6.000000000000000000e+00 -1.800601885352587601e-07
6.050000000000000711e+00 -1.741942934117612796e-07
6.100000000000000533e+00 -1.682068364166427278e-07
6.150000000000000355e+00 -1.621242223707464411e-07
6.200000000000000178e+00 -1.560025023398379737e-07
6.250000000000000000e+00 -1.498980686762322129e-07
6.300000000000000711e+00 -1.438258106585153946e-07
6.350000000000000533e+00 -1.378289614749442117e-07
6.400000000000000355e+00 -1.319326674925972025e-07
6.450000000000000178e+00 -1.261513247031703700e-07
6.500000000000000000e+00 -1.205099449388217459e-07
6.550000000000000711e+00 -1.150253046024794644e-07
