0.000000000000000000e+00 -1.190630038535637342e-01
5.000000000000000278e-02 -1.235291960316736298e-01
1.000000000000000056e-01 -1.228068014083609633e-01
1.500000000000000222e-01 -1.215067224741000068e-01
2.000000000000000111e-01 -1.197380805425604100e-01
2.500000000000000000e-01 -1.174850392707260799e-01
3.000000000000000444e-01 -1.147515398304413126e-01
3.500000000000000333e-01 -1.115990162358345000e-01
4.000000000000000222e-01 -1.080012520813966037e-01
4.500000000000000111e-01 -1.039918697899426953e-01
5.000000000000000000e-01 -9.961154665699689659e-02
5.500000000000000444e-01 -9.488771020545211377e-02
6.000000000000000888e-01 -8.986081049279300015e-02
6.500000000000000222e-01 -8.450320511270685564e-02
7.000000000000000666e-01 -7.893540299230303314e-02
7.500000000000000000e-01 -7.316778643808756477e-02
8.000000000000000444e-01 -6.701247136408140792e-02
8.500000000000000888e-01 -6.111361515043846337e-02
9.000000000000000222e-01 -5.469439492992161922e-02
9.500000000000000666e-01 -4.836545430870151097e-02
1.000000000000000000e+00 -4.195028612159756864e-02
1.050000000000000044e+00 -3.545630262638253816e-02
1.100000000000000089e+00 -2.920448559020315943e-02
1.150000000000000133e+00 -2.239278990421023768e-02
1.200000000000000178e+00 -1.639693714305874919e-02
1.250000000000000000e+00 -1.002302581870001194e-02
1.300000000000000044e+00 -3.777561634350945930e-03
1.350000000000000089e+00 2.190939319826791607e-03
1.400000000000000133e+00 8.077047770223286585e-03
1.450000000000000178e+00 1.375338314335455489e-02
1.500000000000000000e+00 1.925093461122943592e-02
1.550000000000000044e+00 2.450465001963033837e-02
1.600000000000000089e+00 2.952083012418145816e-02
1.650000000000000133e+00 3.426793282231133803e-02
1.700000000000000178e+00 3.871544764482446471e-02
1.750000000000000000e+00 4.286711693086050351e-02
1.800000000000000044e+00 4.670009465961239697e-02
1.850000000000000089e+00 5.019703809958327850e-02
1.900000000000000133e+00 5.331204992222804417e-02
1.950000000000000178e+00 5.607472316163925746e-02
2.000000000000000000e+00 5.844687531349201937e-02
2.050000000000000266e+00 6.042271738487682564e-02
2.100000000000000089e+00 6.200391855013741294e-02
2.149999999999999911e+00 6.316622622214626559e-02
2.200000000000000178e+00 6.392734372685317246e-02
2.250000000000000000e+00 6.425366392119603864e-02
2.300000000000000266e+00 6.420632667850967312e-02
2.350000000000000089e+00 6.371519783965065575e-02
2.400000000000000355e+00 6.285596849823855969e-02
2.450000000000000178e+00 6.160405202329396340e-02
2.500000000000000000e+00 5.998953613227189091e-02
2.550000000000000266e+00 5.802937194674354787e-02
2.600000000000000089e+00 5.576355253783923938e-02
2.650000000000000355e+00 5.317081246303727304e-02
2.700000000000000178e+00 5.034089035179536986e-02
2.750000000000000000e+00 4.727010593616794154e-02
2.800000000000000266e+00 4.399726256096991861e-02
2.850000000000000089e+00 4.056161703756087228e-02
2.900000000000000355e+00 3.699891849748862538e-02
2.950000000000000178e+00 3.335436972979450437e-02
3.000000000000000000e+00 2.963028825230128172e-02
3.050000000000000266e+00 2.593561602330034591e-02
3.100000000000000089e+00 2.220071788055928350e-02
3.150000000000000355e+00 1.856130909834927123e-02
3.200000000000000178e+00 1.499097837768230065e-02
3.250000000000000000e+00 1.152830264216459129e-02
3.300000000000000266e+00 8.219366842361477965e-03
3.350000000000000089e+00 5.060306121212348844e-03
3.400000000000000355e+00 2.092809529009524282e-03
3.450000000000000178e+00 -6.763880918115394800e-04
3.500000000000000000e+00 -3.234977406637340111e-03
3.550000000000000266e+00 -5.554779385985655904e-03
3.600000000000000089e+00 -7.675081410647863200e-03
3.650000000000000355e+00 -9.532648688753629987e-03
3.700000000000000178e+00 -1.116801950070408361e-02
3.750000000000000000e+00 -1.257746766640200319e-02
3.800000000000000266e+00 -1.375417580098187154e-02
3.850000000000000089e+00 -1.471839007534707713e-02
3.900000000000000355e+00 -1.547647865778659787e-02
3.950000000000000178e+00 -1.603263605547673720e-02
4.000000000000000000e+00 -1.641298860016737748e-02
4.049999999999999822e+00 -1.661929957205504974e-02
4.100000000000000533e+00 -1.667846345985405862e-02
4.150000000000000355e+00 -1.658832137799163761e-02
4.200000000000000178e+00 -1.638264291290937591e-02
4.250000000000000000e+00 -1.606364784168177323e-02
4.299999999999999822e+00 -1.565199184753912273e-02
4.350000000000000533e+00 -1.516120063194247546e-02
4.400000000000000355e+00 -1.460394206457390175e-02
4.450000000000000178e+00 -1.399406502945110473e-02
4.500000000000000000e+00 -1.334370962072680550e-02
4.549999999999999822e+00 -1.266356922593386142e-02
4.600000000000000533e+00 -1.196481419038493768e-02
4.650000000000000355e+00 -1.125615631463868123e-02
4.700000000000000178e+00 -1.054577029831686025e-02
4.750000000000000000e+00 -9.841633085423469318e-03
4.800000000000000711e+00 -9.150023328078299087e-03
4.850000000000000533e+00 -8.474072352672347083e-03
4.900000000000000355e+00 -7.824559881590430893e-03
4.950000000000000178e+00 -7.196980187009558404e-03
5.000000000000000000e+00 -6.600205816331695431e-03
5.050000000000000711e+00 -6.033906349395124283e-03
5.100000000000000533e+00 -5.500000115625553083e-03
5.150000000000000355e+00 -5.000952409311292673e-03
5.200000000000000178e+00 -4.533593580880230026e-03
5.250000000000000000e+00 -4.099501606993320377e-03
5.300000000000000711e+00 -3.701008909440563644e-03
5.350000000000000533e+00 -3.332705138620170073e-03
5.400000000000000355e+00 -2.996028977572309966e-03
5.450000000000000178e+00 -2.688482772617335845e-03
5.500000000000000000e+00 -2.408854282497687772e-03
5.550000000000000711e+00 -2.155126242910629809e-03
5.600000000000000533e+00 -1.926078264863556773e-03
5.650000000000000355e+00 -1.718754847393748559e-03
5.700000000000000178e+00 -1.532549848811740100e-03
5.750000000000000000e+00 -1.364821601110909749e-03
5.800000000000000711e+00 -1.214532849541798826e-03
5.850000000000000533e+00 -1.078634367510165936e-03
5.900000000000000355e+00 -9.607959973653804617e-04
5.950000000000000178e+00 -8.402608687042859232e-04
6.000000000000000000e+00 -7.282683782251709237e-04
6.050000000000000711e+00 -6.482223238077431532e-04
6.100000000000000533e+00 -5.769704781372879008e-04
6.150000000000000355e+00 -5.135292738142995580e-04
6.200000000000000178e+00 -4.570539783286894529e-04
6.250000000000000000e+00 -4.067866078741610189e-04
6.300000000000000711e+00 -3.620345249114487901e-04
6.350000000000000533e+00 -3.221987432382680708e-04
6.400000000000000355e+00 -2.867448430795524234e-04
6.450000000000000178e+00 -2.551829911012820011e-04
6.500000000000000000e+00 -2.270906121569655491e-04
6.550000000000000711e+00 -2.020906003461861325e-04
