0.000000000000000000e+00 -0.000000000000000000e+00
5.000000000000000278e-02 8.745885011308546044e-11
1.000000000000000056e-01 2.815513541720466172e-09
1.500000000000000222e-01 2.126864161497875359e-08
2.000000000000000111e-01 8.897099150794213033e-08
2.500000000000000000e-01 2.689574666142081148e-07
3.000000000000000444e-01 6.615712526599016138e-07
3.500000000000000333e-01 1.410536894839372261e-06
4.000000000000000222e-01 2.707077860335056625e-06
4.500000000000000111e-01 4.791814527793939528e-06
5.000000000000000000e-01 7.954288854693499573e-06
5.500000000000000444e-01 1.253003311429242113e-05
6.000000000000000888e-01 1.889524288646693187e-05
6.500000000000000222e-01 2.745912338795203586e-05
7.000000000000000666e-01 3.865411373860310975e-05
7.500000000000000000e-01 5.292425325664921668e-05
8.000000000000000444e-01 7.071203623878833386e-05
8.500000000000000888e-01 9.244421596853004473e-05
9.000000000000000222e-01 1.185169045379244357e-04
9.500000000000000666e-01 1.492805393089906751e-04
1.000000000000000000e+00 1.850251649002358659e-04
1.050000000000000044e+00 2.259665770195182645e-04
1.100000000000000089e+00 2.722337711488130260e-04
1.150000000000000133e+00 3.238581821405629962e-04
1.200000000000000178e+00 3.807650985914076388e-04
1.250000000000000000e+00 4.427676007981900044e-04
1.300000000000000044e+00 5.095633014260116328e-04
1.350000000000000089e+00 5.807340716274903567e-04
1.400000000000000133e+00 6.557488613193300378e-04
1.450000000000000178e+00 7.339695621998338932e-04
1.500000000000000000e+00 8.146599782053913844e-04
1.550000000000000044e+00 8.969975212362784949e-04
1.600000000000000089e+00 9.800875179348138896e-04
1.650000000000000133e+00 1.062979714470535823e-03
1.700000000000000178e+00 1.144686606941314709e-03
1.750000000000000000e+00 1.224203052036180149e-03
1.800000000000000044e+00 1.300526736287028291e-03
1.850000000000000089e+00 1.372678906411483202e-03
1.900000000000000133e+00 1.439724824416413257e-03
1.950000000000000178e+00 1.500793246989774168e-03
2.000000000000000000e+00 1.555095289713781873e-03
2.050000000000000266e+00 1.601939819664609330e-03
2.100000000000000089e+00 1.640748649146509799e-03
2.149999999999999911e+00 1.671067596088085614e-03
2.200000000000000178e+00 1.692575389741981075e-03
2.250000000000000000e+00 1.705088509886687346e-03
2.300000000000000266e+00 1.708564284839440102e-03
2.350000000000000089e+00 1.703099615716931669e-03
2.400000000000000355e+00 1.688926315968259902e-03
2.450000000000000178e+00 1.666404214301927351e-03
2.500000000000000000e+00 1.636010789923325994e-03
2.550000000000000266e+00 1.598328538343410854e-03
2.600000000000000089e+00 1.554030855563298024e-03
2.650000000000000355e+00 1.503864410867633908e-03
2.700000000000000178e+00 1.448632215029386269e-03
2.750000000000000000e+00 1.389175017991741432e-03
2.800000000000000266e+00 1.326352279173542400e-03
2.850000000000000089e+00 1.261024524068811697e-03
2.900000000000000355e+00 1.194034867170388299e-03
2.950000000000000178e+00 1.126192927103276996e-03
3.000000000000000000e+00 1.058259841858203570e-03
3.050000000000000266e+00 9.909352939703763331e-04
3.100000000000000089e+00 9.248467116555291042e-04
3.150000000000000355e+00 8.605409673246622359e-04
3.200000000000000178e+00 7.984784607516675400e-04
3.250000000000000000e+00 7.390300239102549646e-04
3.300000000000000266e+00 6.824759607507231056e-04
3.350000000000000089e+00 6.290073184963499570e-04
3.400000000000000355e+00 5.787318446233641681e-04
3.450000000000000178e+00 5.316774465266315731e-04
3.500000000000000000e+00 4.878017978887460139e-04
3.550000000000000266e+00 4.470008737400071267e-04
3.600000000000000089e+00 4.091193682580893847e-04
3.650000000000000355e+00 3.739617163963742091e-04
3.700000000000000178e+00 3.413034101208894467e-04
3.750000000000000000e+00 3.109022637610161740e-04
3.800000000000000266e+00 2.825092768751805128e-04
3.850000000000000089e+00 2.558787954039748003e-04
3.900000000000000355e+00 2.307776160829924455e-04
3.950000000000000178e+00 2.069928290659008106e-04
4.000000000000000000e+00 1.843383003342879663e-04
4.049999999999999822e+00 1.626595320262625658e-04
4.100000000000000533e+00 1.418367127294128710e-04
4.150000000000000355e+00 1.217870010178856774e-04
4.200000000000000178e+00 1.024632766006293482e-04
4.250000000000000000e+00 8.385352953971428162e-05
4.299999999999999822e+00 6.597737451063599939e-05
4.350000000000000533e+00 4.888242489393348383e-05
4.400000000000000355e+00 3.263988920744980262e-05
4.450000000000000178e+00 1.733690135556297020e-05
4.500000000000000000e+00 3.071714797843233110e-06
4.549999999999999822e+00 -1.005312367258371311e-05
4.600000000000000533e+00 -2.193714918789845824e-05
4.650000000000000355e+00 -3.248806129312979674e-05
4.700000000000000178e+00 -4.162736019395329036e-05
4.750000000000000000e+00 -4.929509702025629167e-05
4.800000000000000711e+00 -5.545394457787226487e-05
4.850000000000000533e+00 -6.009233958049086977e-05
4.900000000000000355e+00 -6.322529239872610020e-05
4.950000000000000178e+00 -6.489737198310290207e-05
5.000000000000000000e+00 -6.518017888340466698e-05
5.050000000000000711e+00 -6.417180456766727011e-05
5.100000000000000533e+00 -6.199469090030585512e-05
5.150000000000000355e+00 -5.879181593456641908e-05
5.200000000000000178e+00 -5.472314145821041806e-05
5.250000000000000000e+00 -4.996069420104203793e-05
5.300000000000000711e+00 -4.468376392649582476e-05
5.350000000000000533e+00 -3.907387296279152809e-05
5.400000000000000355e+00 -3.330953421264023172e-05
5.450000000000000178e+00 -2.756135316139070147e-05
5.500000000000000000e+00 -2.198746861698859550e-05
5.550000000000000711e+00 -1.672946217056234461e-05
5.600000000000000533e+00 -1.190897993563567492e-05
5.650000000000000355e+00 -7.625057889828252618e-06
5.700000000000000178e+00 -3.952281422282948809e-06
5.750000000000000000e+00 -9.397691291803630870e-07
5.800000000000000711e+00 1.388699846671598883e-06
5.850000000000000533e+00 3.034403177639014464e-06
5.900000000000000355e+00 4.021688851351714625e-06
5.950000000000000178e+00 4.395942539143897306e-06
