0.000000000000000000e+00 5.110453465657263106e-01
5.000000000000000278e-02 5.094393860977923794e-01
1.000000000000000056e-01 5.045546817916004567e-01
1.500000000000000222e-01 4.961953774797907557e-01
2.000000000000000111e-01 4.840501784841083066e-01
2.500000000000000000e-01 4.677142128582074121e-01
3.000000000000000444e-01 4.467180084205533142e-01
3.500000000000000333e-01 4.205620606784048476e-01
4.000000000000000222e-01 3.887551727945385283e-01
4.500000000000000111e-01 3.508545500503771897e-01
5.000000000000000000e-01 3.065055375325836939e-01
5.500000000000000444e-01 2.554789049681169266e-01
6.000000000000000888e-01 1.977037047947469706e-01
6.500000000000000222e-01 1.332939510034931441e-01
7.000000000000000666e-01 6.256767415809162680e-02
7.500000000000000000e-01 -1.394271496270276314e-02
8.000000000000000444e-01 -9.548939502039020810e-02
8.500000000000000888e-01 -1.811176274611510650e-01
9.000000000000000222e-01 -2.696835100325682411e-01
9.500000000000000666e-01 -3.598802936895146853e-01
1.000000000000000000e+00 -4.502721747681165398e-01
1.050000000000000044e+00 -5.393341433456046996e-01
1.100000000000000089e+00 -6.254962128286465362e-01
1.150000000000000133e+00 -7.071901853364865875e-01
1.200000000000000178e+00 -7.828970279024057843e-01
1.250000000000000000e+00 -8.511929465656443705e-01
1.300000000000000044e+00 -9.107923450261374843e-01
1.350000000000000089e+00 -9.605860333812571428e-01
1.400000000000000133e+00 -9.996732986343137561e-01
1.450000000000000178e+00 -1.027386747432245784e+00
1.500000000000000000e+00 -1.043309166248454600e+00
1.550000000000000044e+00 -1.047281997464455827e+00
1.600000000000000089e+00 -1.039405384070164473e+00
1.650000000000000133e+00 -1.020030074509771012e+00
1.700000000000000178e+00 -9.897417878162032556e-01
1.750000000000000000e+00 -9.493389052692504659e-01
1.800000000000000044e+00 -8.998045689161489058e-01
1.850000000000000089e+00 -8.422744230944402277e-01
1.900000000000000133e+00 -7.780013295221347436e-01
1.950000000000000178e+00 -7.083184196493094165e-01
2.000000000000000000e+00 -6.346018227812715295e-01
2.050000000000000266e+00 -5.582343304893528924e-01
2.100000000000000089e+00 -4.805711345611353713e-01
2.149999999999999911e+00 -4.029086162344681643e-01
2.200000000000000178e+00 -3.264569786459080025e-01
2.250000000000000000e+00 -2.523173125781893456e-01
2.300000000000000266e+00 -1.814634777885350547e-01
2.350000000000000089e+00 -1.147289778433017438e-01
2.400000000000000355e+00 -5.279881381378453975e-02
2.450000000000000178e+00 3.793871618864514197e-03
2.500000000000000000e+00 5.466669772430402668e-02
2.550000000000000266e+00 9.958295669487261803e-02
2.600000000000000089e+00 1.384430833805474770e-01
2.650000000000000355e+00 1.712732961388655217e-01
2.700000000000000178e+00 1.982120524224652569e-01
2.750000000000000000e+00 2.194949663580370025e-01
2.800000000000000266e+00 2.354388146213276245e-01
2.850000000000000089e+00 2.464252151517034306e-01
2.900000000000000355e+00 2.528845048895589920e-01
2.950000000000000178e+00 2.552802721659039875e-01
3.000000000000000000e+00 2.540949209942579556e-01
3.050000000000000266e+00 2.498165624451126887e-01
3.100000000000000089e+00 2.429274462645193422e-01
3.150000000000000355e+00 2.338940671617911748e-01
3.200000000000000178e+00 2.231590073806682673e-01
3.250000000000000000e+00 2.111345123029915727e-01
3.300000000000000266e+00 1.981977403075907140e-01
3.350000000000000089e+00 1.846875827165412876e-01
3.400000000000000355e+00 1.709029146594887028e-01
3.450000000000000178e+00 1.571021128554967450e-01
3.500000000000000000e+00 1.435036610425533266e-01
3.550000000000000266e+00 1.302876571680532947e-01
3.600000000000000089e+00 1.175980373672455698e-01
3.650000000000000355e+00 1.055453389503514111e-01
3.700000000000000178e+00 9.420983679026344315e-02
3.750000000000000000e+00 8.364490336282441596e-02
3.800000000000000266e+00 7.388046102014034222e-02
3.850000000000000089e+00 6.492641476338117945e-02
3.900000000000000355e+00 5.677597385320514584e-02
3.950000000000000178e+00 4.940879023800021780e-02
4.000000000000000000e+00 4.279386034095804953e-02
4.049999999999999822e+00 3.689215373702650624e-02
4.100000000000000533e+00 3.165894733363873448e-02
4.150000000000000355e+00 2.704585664734824799e-02
4.200000000000000178e+00 2.300256656575246778e-02
4.250000000000000000e+00 1.947827262505118576e-02
4.299999999999999822e+00 1.642285042331471587e-02
4.350000000000000533e+00 1.378777549319275611e-02
4.400000000000000355e+00 1.152681898161479410e-02
4.450000000000000178e+00 9.596546058424408610e-03
4.500000000000000000e+00 7.956644340731119230e-03
4.549999999999999822e+00 6.570109012431606284e-03
4.600000000000000533e+00 5.403309964299709764e-03
4.650000000000000355e+00 4.425964385915926932e-03
4.700000000000000178e+00 3.611035989759576667e-03
4.750000000000000000e+00 2.934579597358772784e-03
4.800000000000000711e+00 2.375547298028404027e-03
4.850000000000000533e+00 1.915569906738838523e-03
4.900000000000000355e+00 1.538725078665677390e-03
4.950000000000000178e+00 1.231301241218022303e-03
5.000000000000000000e+00 9.815645174452959035e-04
5.050000000000000711e+00 7.795340586565278982e-04
5.100000000000000533e+00 6.167696862106410204e-04
5.150000000000000355e+00 4.861744593736047181e-04
5.200000000000000178e+00 3.818137264925300866e-04
5.250000000000000000e+00 2.987513634393242491e-04
5.300000000000000711e+00 2.329032356781655304e-04
5.350000000000000533e+00 1.809074158680551425e-04
5.400000000000000355e+00 1.400103245700496117e-04
5.450000000000000178e+00 1.079677148681781402e-04
5.500000000000000000e+00 8.295927131703248328e-05
5.550000000000000711e+00 6.351552020243724232e-05
5.600000000000000533e+00 4.845573436825479453e-05
5.650000000000000355e+00 3.683554682170614962e-05
5.700000000000000178e+00 2.790305023588059380e-05
5.750000000000000000e+00 2.106224376659609717e-05
5.800000000000000711e+00 1.584278574584304641e-05
5.850000000000000533e+00 1.187511408085230770e-05
5.900000000000000355e+00 8.870100438407682144e-06
5.950000000000000178e+00 6.602505757288876689e-06
6.000000000000000000e+00 4.897600668432621875e-06
6.050000000000000711e+00 3.620403295702086851e-06
6.100000000000000533e+00 2.667067695660626482e-06
6.150000000000000355e+00 1.958028446526808957e-06
6.200000000000000178e+00 1.432570643483209187e-06
6.250000000000000000e+00 1.044550106213642654e-06
6.300000000000000711e+00 7.590364768056291572e-07
6.350000000000000533e+00 5.496927293248031420e-07
6.400000000000000355e+00 3.967391269541950000e-07
6.450000000000000178e+00 2.853785821466072383e-07
6.500000000000000000e+00 2.045844023479701376e-07
6.550000000000000711e+00 1.461712164279876248e-07
6.600000000000000533e+00 1.040860907347675101e-07
6.650000000000000355e+00 7.387002258001004525e-08
6.700000000000000178e+00 5.225063527136548249e-08
6.750000000000000000e+00 3.683543065769288997e-08
6.800000000000000711e+00 2.588175386174129100e-08
6.850000000000000533e+00 1.812501135674843853e-08
6.900000000000000355e+00 1.265092517709412102e-08
6.950000000000000178e+00 8.800926820961192170e-09
7.000000000000000000e+00 6.102380640360897796e-09
7.050000000000000711e+00 4.217329170451051019e-09
7.100000000000000533e+00 2.904995922072142670e-09
7.150000000000000355e+00 1.994462235030545594e-09
7.200000000000000178e+00 1.364836842403973389e-09
7.250000000000000000e+00 9.309205299475597584e-10
7.300000000000000711e+00 6.328833883921323177e-10
7.350000000000000533e+00 4.288606075952248491e-10
7.400000000000000355e+00 2.896624346357558783e-10
7.450000000000000178e+00 1.950086357903262017e-10
7.500000000000000000e+00 1.308588906684966038e-10
7.550000000000000711e+00 8.752702266413552701e-11
7.600000000000000533e+00 5.835427148332579456e-11
7.650000000000000355e+00 3.877903372045162253e-11
7.700000000000000178e+00 2.568718165124517234e-11
7.750000000000000000e+00 1.696027913300371318e-11
7.800000000000000711e+00 1.116220136919002416e-11
7.850000000000000533e+00 7.322601666967567824e-12
7.900000000000000355e+00 4.788329668585021962e-12
7.950000000000000178e+00 3.121093692236071964e-12
8.000000000000000000e+00 2.027861402876553907e-12
8.050000000000000711e+00 1.313313178686343930e-12
8.099999999999999645e+00 8.478727270123254113e-13
8.150000000000000355e+00 5.455799854594984820e-13
8.200000000000001066e+00 3.499953409784741164e-13
8.250000000000000000e+00 2.238036892039262001e-13
8.300000000000000711e+00 1.426795504485324991e-13
8.349999999999999645e+00 9.063389311143403775e-14
8.400000000000000355e+00 5.740134125716488616e-14
8.450000000000001066e+00 3.624553662552197811e-14
8.500000000000000000e+00 2.283315530600749657e-14
8.550000000000000711e+00 1.432893212125863104e-14
8.599999999999999645e+00 8.980113182224628887e-15
8.650000000000000355e+00 5.591052127752237501e-15
8.700000000000001066e+00 3.470034493992067770e-15
8.750000000000000000e+00 2.162277660556185722e-15
8.800000000000000711e+00 1.332296171254238031e-15
8.849999999999999645e+00 8.391171137905524230e-16
8.900000000000000355e+00 5.324461356490765374e-16
8.950000000000001066e+00 3.259755917958237848e-16
9.000000000000000000e+00 2.172787500577207362e-16
9.050000000000000711e+00 1.422043535085545293e-16
9.099999999999999645e+00 8.756804815778463267e-17
9.150000000000000355e+00 4.058831942754298456e-17
9.200000000000001066e+00 4.354334225340909765e-17
9.250000000000000000e+00 9.116070187802001401e-18
9.300000000000000711e+00 1.119599836445966448e-17
9.349999999999999645e+00 -1.365433394175883866e-17
9.400000000000000355e+00 -1.252504373553745154e-17
9.450000000000001066e+00 -4.327577329935763099e-17
9.500000000000000000e+00 -1.891847389781955904e-17
9.550000000000000711e+00 -2.057233937796251335e-17
9.600000000000001421e+00 -4.496177380164194016e-18
9.650000000000000355e+00 -2.168569627881456436e-17
9.700000000000001066e+00 -2.610748145493898908e-17
9.750000000000000000e+00 -2.902794527706303746e-17
9.800000000000000711e+00 1.620131624505186727e-17
9.850000000000001421e+00 -2.597218920295882274e-17
9.900000000000000355e+00 -1.031345744035748543e-17
9.950000000000001066e+00 -4.910643257855579318e-18
1.000000000000000000e+01 6.438335940327052475e-19
1.005000000000000071e+01 -2.602905502224357647e-18
1.010000000000000142e+01 -1.915525758410629360e-18
1.015000000000000036e+01 1.372130953614523566e-17
1.020000000000000107e+01 2.323355416802475690e-17
1.025000000000000000e+01 2.296884662875457770e-18
1.030000000000000071e+01 4.245923818464120534e-17
1.035000000000000142e+01 4.912502901972659769e-17
1.040000000000000036e+01 2.983350168007765997e-17
1.045000000000000107e+01 2.916899114352395944e-17
1.050000000000000000e+01 4.305568381177791409e-17
1.055000000000000071e+01 3.561923569559485011e-17
1.060000000000000142e+01 4.895683701423875155e-17
1.065000000000000036e+01 3.577636450365941150e-17
1.070000000000000107e+01 2.234282057999688782e-17
1.075000000000000000e+01 2.669623739997485996e-17
1.080000000000000071e+01 2.959930279533159987e-17
1.085000000000000142e+01 2.992643550003146516e-18
1.090000000000000036e+01 5.230398618823136308e-18
1.095000000000000107e+01 5.051324299166968817e-18
1.100000000000000000e+01 1.932016636557826664e-17
1.105000000000000071e+01 -1.586932014334294311e-17
1.110000000000000142e+01 -1.064835029619068211e-18
1.115000000000000036e+01 -2.262142993774880085e-17
1.120000000000000107e+01 -2.079104718129209043e-17
1.125000000000000000e+01 5.035702130732682267e-18
1.130000000000000071e+01 -4.054097379026539455e-17
1.135000000000000142e+01 -4.803677595639876048e-17
1.140000000000000036e+01 -4.228043958406738784e-17
1.145000000000000107e+01 -2.322715388182909560e-17
1.150000000000000000e+01 -2.695162037923349120e-17
1.155000000000000071e+01 -2.012489142951650166e-17
1.160000000000000142e+01 -2.799887366279746496e-17
1.165000000000000036e+01 -2.566117632792297291e-17
1.170000000000000107e+01 -2.506878908826142910e-17
1.175000000000000000e+01 -1.665999532965843037e-17
1.180000000000000071e+01 -2.635588682873168951e-17
1.185000000000000142e+01 -4.404023672279180010e-17
1.190000000000000036e+01 -1.301912095023241801e-17
1.195000000000000107e+01 -4.620415639305665998e-17
