0.000000000000000000e+00 -1.497852551727130443e-01
5.000000000000000278e-02 -1.558343142017727112e-01
1.000000000000000056e-01 -1.548490830220748404e-01
1.500000000000000222e-01 -1.531070637550306923e-01
2.000000000000000111e-01 -1.507108621906122492e-01
2.500000000000000000e-01 -1.476384328485957909e-01
3.000000000000000444e-01 -1.439646114085617878e-01
3.500000000000000333e-01 -1.396827146972928757e-01
4.000000000000000222e-01 -1.348046450148234210e-01
4.500000000000000111e-01 -1.293968956332469944e-01
5.000000000000000000e-01 -1.234837198789880547e-01
5.500000000000000444e-01 -1.169520941922863877e-01
6.000000000000000888e-01 -1.104689772997724806e-01
6.500000000000000222e-01 -1.028191497311824604e-01
7.000000000000000666e-01 -9.534142963747331556e-02
7.500000000000000000e-01 -8.762535089058499926e-02
8.000000000000000444e-01 -7.932358154237498238e-02
8.500000000000000888e-01 -7.096671750567419557e-02
9.000000000000000222e-01 -6.240162632703531720e-02
9.500000000000000666e-01 -5.368327053931509080e-02
1.000000000000000000e+00 -4.486736242606537139e-02
1.050000000000000044e+00 -3.601082560873906935e-02
1.100000000000000089e+00 -2.713679310231600222e-02
1.150000000000000133e+00 -1.829271757735631207e-02
1.200000000000000178e+00 -9.536359722290195864e-03
1.250000000000000000e+00 -8.835977066073359741e-04
1.300000000000000044e+00 7.601690451678970624e-03
1.350000000000000089e+00 1.589561220588504506e-02
1.400000000000000133e+00 2.392223433942136310e-02
1.450000000000000178e+00 3.166365690597520988e-02
1.500000000000000000e+00 3.906690561297468389e-02
1.550000000000000044e+00 4.609352716253442561e-02
1.600000000000000089e+00 5.270282899299349316e-02
1.650000000000000133e+00 5.884465100752749034e-02
1.700000000000000178e+00 6.448614795752982687e-02
1.750000000000000000e+00 6.959068778541459277e-02
1.800000000000000044e+00 7.413115156015624707e-02
1.850000000000000089e+00 7.806295874159675796e-02
1.900000000000000133e+00 8.137516386683175951e-02
1.950000000000000178e+00 8.403571701452947074e-02
2.000000000000000000e+00 8.604139050197301408e-02
2.050000000000000266e+00 8.737911964630146189e-02
2.100000000000000089e+00 8.804216532687386687e-02
2.149999999999999911e+00 8.803769119088335204e-02
2.200000000000000178e+00 8.738217301155473682e-02
2.250000000000000000e+00 8.609086634422263851e-02
2.300000000000000266e+00 8.418831125700339257e-02
2.350000000000000089e+00 8.168329022856649080e-02
2.400000000000000355e+00 7.869205001814440215e-02
2.450000000000000178e+00 7.513607982347349223e-02
2.500000000000000000e+00 7.118124791562407960e-02
2.550000000000000266e+00 6.681258936276177063e-02
2.600000000000000089e+00 6.211884663331005557e-02
2.650000000000000355e+00 5.715231794815175265e-02
2.700000000000000178e+00 5.195362755534779775e-02
2.750000000000000000e+00 4.662754228612926016e-02
2.800000000000000266e+00 4.121109324312487165e-02
2.850000000000000089e+00 3.576142773251547724e-02
2.900000000000000355e+00 3.035951491626194543e-02
2.950000000000000178e+00 2.503159159406349518e-02
3.000000000000000000e+00 1.985803924076101623e-02
3.050000000000000266e+00 1.487494271177931641e-02
3.100000000000000089e+00 1.011762667870910563e-02
3.150000000000000355e+00 5.634066063581323440e-03
3.200000000000000178e+00 1.452531694563873607e-03
3.250000000000000000e+00 -2.409123040518102322e-03
3.300000000000000266e+00 -5.924746623790533816e-03
3.350000000000000089e+00 -9.086281023479719776e-03
3.400000000000000355e+00 -1.188504049030116028e-02
3.450000000000000178e+00 -1.432239457308846255e-02
3.500000000000000000e+00 -1.640173673371255955e-02
3.550000000000000266e+00 -1.813184831494065938e-02
3.600000000000000089e+00 -1.952817425568458692e-02
3.650000000000000355e+00 -2.060428110896518270e-02
3.700000000000000178e+00 -2.138291671904677532e-02
3.750000000000000000e+00 -2.188489237628426023e-02
3.800000000000000266e+00 -2.213369861754116083e-02
3.850000000000000089e+00 -2.215411772323601369e-02
3.900000000000000355e+00 -2.197415075988161728e-02
3.950000000000000178e+00 -2.161170885265466940e-02
4.000000000000000000e+00 -2.110703418919946187e-02
4.049999999999999822e+00 -2.046723963755131548e-02
4.100000000000000533e+00 -1.972128578610355884e-02
4.150000000000000355e+00 -1.889681979491775535e-02
4.200000000000000178e+00 -1.800773540999522568e-02
4.250000000000000000e+00 -1.707342685897263873e-02
4.299999999999999822e+00 -1.611086049114755087e-02
4.350000000000000533e+00 -1.513529912794175578e-02
4.400000000000000355e+00 -1.415797301342540046e-02
4.450000000000000178e+00 -1.319114623854910837e-02
4.500000000000000000e+00 -1.224326627634722206e-02
4.549999999999999822e+00 -1.132229645882360664e-02
4.600000000000000533e+00 -1.043391220943283224e-02
4.650000000000000355e+00 -9.585521367528038877e-03
4.700000000000000178e+00 -8.771530075332578322e-03
4.750000000000000000e+00 -8.024037488301617380e-03
4.800000000000000711e+00 -7.276852160733125914e-03
4.850000000000000533e+00 -6.621603144950510139e-03
4.900000000000000355e+00 -5.989510981671337941e-03
4.950000000000000178e+00 -5.408558509997067089e-03
5.000000000000000000e+00 -4.875165150186600883e-03
5.050000000000000711e+00 -4.368113839264697526e-03
5.100000000000000533e+00 -3.938121680728615126e-03
5.150000000000000355e+00 -3.512089564248593084e-03
5.200000000000000178e+00 -3.141417112598022133e-03
5.250000000000000000e+00 -2.800764527973764392e-03
5.300000000000000711e+00 -2.494942360284968519e-03
5.350000000000000533e+00 -2.219902471371640665e-03
5.400000000000000355e+00 -1.970777818084644677e-03
5.450000000000000178e+00 -1.750354583345408192e-03
5.500000000000000000e+00 -1.552968920920598950e-03
5.550000000000000711e+00 -1.375701639972058427e-03
5.600000000000000533e+00 -1.219081582867585908e-03
5.650000000000000355e+00 -1.079455991388451799e-03
5.700000000000000178e+00 -9.554815820921146305e-04
5.750000000000000000e+00 -8.453803132642263678e-04
5.800000000000000711e+00 -7.474555739408000020e-04
5.850000000000000533e+00 -6.611964567285204177e-04
5.900000000000000355e+00 -5.833344676689576191e-04
5.950000000000000178e+00 -5.156769986309829882e-04
6.000000000000000000e+00 -4.542325373894344357e-04
6.050000000000000711e+00 -4.001563625056302588e-04
6.100000000000000533e+00 -3.532374729090686279e-04
6.150000000000000355e+00 -3.053012103061078248e-04
6.200000000000000178e+00 -2.621665962205841174e-04
6.250000000000000000e+00 -2.330027518788593875e-04
6.300000000000000711e+00 -2.070755908824110393e-04
6.350000000000000533e+00 -1.840293531015419523e-04
6.400000000000000355e+00 -1.635474423146893760e-04
6.450000000000000178e+00 -1.453398815683604379e-04
6.500000000000000000e+00 -1.291569210378392394e-04
6.550000000000000711e+00 -1.147754102319558658e-04
6.600000000000000533e+00 -1.019917956555374745e-04
6.650000000000000355e+00 -9.063106683905406021e-05
6.700000000000000178e+00 -8.053456181886452746e-05
6.750000000000000000e+00 -7.156084492203622534e-05
6.800000000000000711e+00 -6.358650926183917137e-05
