0.000000000000000000e+00 -9.139984945710337427e-02
5.000000000000000278e-02 -9.502914699892767159e-02
1.000000000000000056e-01 -9.446505815006134288e-02
1.500000000000000222e-01 -9.341018849914919930e-02
2.000000000000000111e-01 -9.195317157400999253e-02
2.500000000000000000e-01 -9.009494063016988685e-02
3.000000000000000444e-01 -8.786271753746169311e-02
3.500000000000000333e-01 -8.524462444845674891e-02
4.000000000000000222e-01 -8.225141647867112438e-02
4.500000000000000111e-01 -7.888303588214526374e-02
5.000000000000000000e-01 -7.515663024449763252e-02
5.500000000000000444e-01 -7.108404184893028777e-02
6.000000000000000888e-01 -6.670013433898665245e-02
6.500000000000000222e-01 -6.199485725596426411e-02
7.000000000000000666e-01 -5.702158941434894851e-02
7.500000000000000000e-01 -5.179894245279013931e-02
8.000000000000000444e-01 -4.625168524361131933e-02
8.500000000000000888e-01 -4.064119787923230892e-02
9.000000000000000222e-01 -3.469773960629508880e-02
9.500000000000000666e-01 -2.869222595444668664e-02
1.000000000000000000e+00 -2.241993150332854956e-02
1.050000000000000044e+00 -1.618572916374024645e-02
1.100000000000000089e+00 -9.814175484577787253e-03
1.150000000000000133e+00 -3.421249084359685375e-03
1.200000000000000178e+00 2.957464035041782770e-03
1.250000000000000000e+00 9.305404017704672556e-03
1.300000000000000044e+00 1.558654037579984726e-02
1.350000000000000089e+00 2.174727609061138586e-02
1.400000000000000133e+00 2.775395018710744358e-02
1.450000000000000178e+00 3.356376895637457752e-02
1.500000000000000000e+00 3.914912711927565764e-02
1.550000000000000044e+00 4.445436437241597621e-02
1.600000000000000089e+00 4.947932726960550115e-02
1.650000000000000133e+00 5.415281447510229135e-02
1.700000000000000178e+00 5.844082084032085206e-02
1.750000000000000000e+00 6.233849046860950871e-02
1.800000000000000044e+00 6.580505248343068714e-02
1.850000000000000089e+00 6.880945179652621368e-02
1.900000000000000133e+00 7.133726512471533221e-02
1.950000000000000178e+00 7.336422264602360244e-02
2.000000000000000000e+00 7.488736522912042837e-02
2.050000000000000266e+00 7.588742964087327736e-02
2.100000000000000089e+00 7.637351818799914538e-02
2.149999999999999911e+00 7.633548484401751766e-02
2.200000000000000178e+00 7.578624375965636872e-02
2.250000000000000000e+00 7.474405376574273785e-02
2.300000000000000266e+00 7.320364545200026829e-02
2.350000000000000089e+00 7.121279967844380832e-02
2.400000000000000355e+00 6.877688639081208644e-02
2.450000000000000178e+00 6.596799469926015180e-02
2.500000000000000000e+00 6.275632621058743754e-02
2.550000000000000266e+00 5.924910086299998296e-02
2.600000000000000089e+00 5.542890821480271624e-02
2.650000000000000355e+00 5.139053130844663253e-02
2.700000000000000178e+00 4.714880906843001845e-02
2.750000000000000000e+00 4.276888723457266533e-02
2.800000000000000266e+00 3.828455140031728626e-02
2.850000000000000089e+00 3.375105432488396950e-02
2.900000000000000355e+00 2.921858783425902023e-02
2.950000000000000178e+00 2.472292801847799856e-02
3.000000000000000000e+00 2.031176764437524207e-02
3.050000000000000266e+00 1.602364489264071837e-02
3.100000000000000089e+00 1.189505396995334773e-02
3.150000000000000355e+00 7.958108351879173564e-03
3.200000000000000178e+00 4.240108566524914031e-03
3.250000000000000000e+00 7.635648209162444831e-04
3.300000000000000266e+00 -2.448512711362392513e-03
3.350000000000000089e+00 -5.386178593048599091e-03
3.400000000000000355e+00 -8.038307193727511207e-03
3.450000000000000178e+00 -1.039859943636388395e-02
3.500000000000000000e+00 -1.246338945679130276e-02
3.550000000000000266e+00 -1.425320623934342966e-02
3.600000000000000089e+00 -1.573168323613428551e-02
3.650000000000000355e+00 -1.696212747870797649e-02
3.700000000000000178e+00 -1.792298944855288609e-02
3.750000000000000000e+00 -1.862425944719365081e-02
3.800000000000000266e+00 -1.913159712376130347e-02
3.850000000000000089e+00 -1.938640511327975602e-02
3.900000000000000355e+00 -1.947856482802040948e-02
3.950000000000000178e+00 -1.938132423884708286e-02
4.000000000000000000e+00 -1.913794858629525031e-02
4.049999999999999822e+00 -1.876078889516924128e-02
4.100000000000000533e+00 -1.827115512112074611e-02
4.150000000000000355e+00 -1.768222115836335165e-02
4.200000000000000178e+00 -1.702104793029283678e-02
4.250000000000000000e+00 -1.629547756313667189e-02
4.299999999999999822e+00 -1.552455194380741692e-02
4.350000000000000533e+00 -1.472202820286253912e-02
4.400000000000000355e+00 -1.389908860295359892e-02
4.450000000000000178e+00 -1.306792945235278093e-02
4.500000000000000000e+00 -1.223748858501524581e-02
4.549999999999999822e+00 -1.141642319312481321e-02
4.600000000000000533e+00 -1.061166475344377594e-02
4.650000000000000355e+00 -9.829975025341696968e-03
4.700000000000000178e+00 -9.073252765900405997e-03
4.750000000000000000e+00 -8.353085221679540720e-03
4.800000000000000711e+00 -7.656688677640597317e-03
4.850000000000000533e+00 -7.006006214631771076e-03
4.900000000000000355e+00 -6.387990807064049779e-03
4.950000000000000178e+00 -5.809169236843002120e-03
5.000000000000000000e+00 -5.269253087284802434e-03
5.050000000000000711e+00 -4.764053395358640655e-03
5.100000000000000533e+00 -4.303490768770914209e-03
5.150000000000000355e+00 -3.872093639283263541e-03
5.200000000000000178e+00 -3.479520394616531995e-03
5.250000000000000000e+00 -3.119728142516832534e-03
5.300000000000000711e+00 -2.792357252046114967e-03
5.350000000000000533e+00 -2.494978004071004944e-03
5.400000000000000355e+00 -2.226231174019375689e-03
5.450000000000000178e+00 -1.983747242221509891e-03
5.500000000000000000e+00 -1.765769806595816980e-03
5.550000000000000711e+00 -1.570231155456325170e-03
5.600000000000000533e+00 -1.395307880839702754e-03
5.650000000000000355e+00 -1.238887422114734373e-03
5.700000000000000178e+00 -1.099617763619592905e-03
5.750000000000000000e+00 -9.750748300300815952e-04
5.800000000000000711e+00 -8.643963082871816131e-04
5.850000000000000533e+00 -7.662564242407127538e-04
5.900000000000000355e+00 -6.776787915500683554e-04
5.950000000000000178e+00 -6.011125235310119455e-04
6.000000000000000000e+00 -5.267326488723780538e-04
6.050000000000000711e+00 -4.721045364222500353e-04
6.100000000000000533e+00 -4.123086426753292517e-04
6.150000000000000355e+00 -3.647521216388018754e-04
6.200000000000000178e+00 -3.197672638853790868e-04
6.250000000000000000e+00 -2.852228855550916734e-04
6.300000000000000711e+00 -2.446148162180986833e-04
6.350000000000000533e+00 -2.186696698051331274e-04
6.400000000000000355e+00 -1.911013715413514759e-04
6.450000000000000178e+00 -1.685978402898782728e-04
6.500000000000000000e+00 -1.481769892245593620e-04
6.550000000000000711e+00 -1.311676478512501984e-04
6.600000000000000533e+00 -1.163173847674401902e-04
6.650000000000000355e+00 -1.035090369409492563e-04
6.700000000000000178e+00 -9.302709244959915297e-05
6.750000000000000000e+00 -8.332028171823750544e-05
6.800000000000000711e+00 -7.576110437056380882e-05
6.850000000000000533e+00 -6.883710124891463948e-05
6.900000000000000355e+00 -6.308535641385299027e-05
6.950000000000000178e+00 -5.721705890320977477e-05
7.000000000000000000e+00 -5.381250642682049499e-05
7.050000000000000711e+00 -4.834405150179317637e-05
7.100000000000000533e+00 -4.343095110282310894e-05
7.150000000000000355e+00 -3.901651434361281303e-05
7.200000000000000178e+00 -3.505023436090460280e-05
7.250000000000000000e+00 -3.148637551392747841e-05
7.300000000000000711e+00 -2.828479131667584003e-05
7.350000000000000533e+00 -2.540831008239366221e-05
7.400000000000000355e+00 -2.282386312274591497e-05
7.450000000000000178e+00 -2.050215118498607418e-05
7.500000000000000000e+00 -1.841638981338313902e-05
7.550000000000000711e+00 -1.654261962652781975e-05
7.600000000000000533e+00 -1.485914878934796835e-05
7.650000000000000355e+00 -1.334692383517520307e-05
