0.000000000000000000e+00 3.734208936973556613e-03
5.000000000000000278e-02 3.734807835239772021e-03
1.000000000000000056e-01 3.734086103836986928e-03
1.500000000000000222e-01 3.732083062411461170e-03
2.000000000000000111e-01 3.727683166873331858e-03
2.500000000000000000e-01 3.719319942177904282e-03
3.000000000000000444e-01 3.705130710514125889e-03
3.500000000000000333e-01 3.683020845968534764e-03
4.000000000000000222e-01 3.650710603730619470e-03
4.500000000000000111e-01 3.605945917053374802e-03
5.000000000000000000e-01 3.546367411466517464e-03
5.500000000000000444e-01 3.469993203415488656e-03
6.000000000000000888e-01 3.374867934171802558e-03
6.500000000000000222e-01 3.259618836945310082e-03
7.000000000000000666e-01 3.123071927491802811e-03
7.500000000000000000e-01 2.964598004364202288e-03
8.000000000000000444e-01 2.784192510100552513e-03
8.500000000000000888e-01 2.582511827857846519e-03
9.000000000000000222e-01 2.360338100681387725e-03
9.500000000000000666e-01 2.119248593337187767e-03
1.000000000000000000e+00 1.861460200065258308e-03
1.050000000000000044e+00 1.589664523877915188e-03
1.100000000000000089e+00 1.306540043473779613e-03
1.150000000000000133e+00 1.015596473945921691e-03
1.200000000000000178e+00 7.203438659037992089e-04
1.250000000000000000e+00 4.244363308962089115e-04
1.300000000000000044e+00 1.315499757063030622e-04
1.350000000000000089e+00 -1.544190176407168088e-04
1.400000000000000133e+00 -4.300180699811937475e-04
1.450000000000000178e+00 -6.918254179649670774e-04
1.500000000000000000e+00 -9.368959019475282552e-04
1.550000000000000044e+00 -1.162471114595815033e-03
1.600000000000000089e+00 -1.366185325664776625e-03
1.650000000000000133e+00 -1.546101072998433065e-03
1.700000000000000178e+00 -1.700942033024749811e-03
1.750000000000000000e+00 -1.829741378884058422e-03
1.800000000000000044e+00 -1.932056500797690781e-03
1.850000000000000089e+00 -2.007842224255257726e-03
1.900000000000000133e+00 -2.057473810233732305e-03
1.950000000000000178e+00 -2.081736272546975703e-03
2.000000000000000000e+00 -2.081859613303413403e-03
2.050000000000000266e+00 -2.059251496789100966e-03
2.100000000000000089e+00 -2.015592587058975295e-03
2.149999999999999911e+00 -1.952725664794678065e-03
2.200000000000000178e+00 -1.872721099281184553e-03
2.250000000000000000e+00 -1.777671518614113008e-03
2.300000000000000266e+00 -1.669680297583857938e-03
2.350000000000000089e+00 -1.550995995898354560e-03
2.400000000000000355e+00 -1.423775406916838503e-03
2.450000000000000178e+00 -1.290040822847503352e-03
2.500000000000000000e+00 -1.151786228892337722e-03
2.550000000000000266e+00 -1.010928418295747996e-03
2.600000000000000089e+00 -8.692576895269303605e-04
2.650000000000000355e+00 -7.283072871728139353e-04
2.700000000000000178e+00 -5.896403991867053915e-04
2.750000000000000000e+00 -4.546610666468395528e-04
2.800000000000000266e+00 -3.244620588203250464e-04
2.850000000000000089e+00 -2.001835078338110182e-04
2.900000000000000355e+00 -8.276047356555418951e-05
2.950000000000000178e+00 2.706055465153786558e-05
3.000000000000000000e+00 1.286405751645665156e-04
3.050000000000000266e+00 2.214251475409763999e-04
3.100000000000000089e+00 3.050750736262543197e-04
3.150000000000000355e+00 3.792918790038527486e-04
3.200000000000000178e+00 4.439726139901373756e-04
3.250000000000000000e+00 4.991194780447928952e-04
3.300000000000000266e+00 5.448025067789036106e-04
3.350000000000000089e+00 5.812666697683565404e-04
3.400000000000000355e+00 6.088018048947109549e-04
3.450000000000000178e+00 6.278389724494327483e-04
3.500000000000000000e+00 6.388538013196632835e-04
3.550000000000000266e+00 6.424262246023363819e-04
3.600000000000000089e+00 6.391880873039568764e-04
3.650000000000000355e+00 6.298139347600290473e-04
3.700000000000000178e+00 6.150242730647237583e-04
3.750000000000000000e+00 5.955484443090565579e-04
3.800000000000000266e+00 5.721388311343642702e-04
3.850000000000000089e+00 5.455116463678048085e-04
3.900000000000000355e+00 5.164041786964262927e-04
3.950000000000000178e+00 4.854779408848472477e-04
4.000000000000000000e+00 4.533665155342622211e-04
4.049999999999999822e+00 4.206721265153929700e-04
4.100000000000000533e+00 3.878917163187491253e-04
4.150000000000000355e+00 3.554946721784762727e-04
4.200000000000000178e+00 3.238595445886646544e-04
4.250000000000000000e+00 2.933183175976104688e-04
4.299999999999999822e+00 2.641032986789937169e-04
4.350000000000000533e+00 2.364175089805825580e-04
4.400000000000000355e+00 2.103879056068637269e-04
4.450000000000000178e+00 1.860767945516073139e-04
4.500000000000000000e+00 1.635245251711556018e-04
4.549999999999999822e+00 1.427244731711742776e-04
4.600000000000000533e+00 1.236354041656818838e-04
4.650000000000000355e+00 1.061978210307215452e-04
4.700000000000000178e+00 9.033874822313864034e-05
4.750000000000000000e+00 7.596301745120769249e-05
4.800000000000000711e+00 6.298099718107025757e-05
4.850000000000000533e+00 5.130349428328961821e-05
4.900000000000000355e+00 4.084031459946770812e-05
4.950000000000000178e+00 3.150588555742687177e-05
5.000000000000000000e+00 2.322433717560912553e-05
5.050000000000000711e+00 1.591704602696056005e-05
5.100000000000000533e+00 9.521243400644106183e-06
5.150000000000000355e+00 3.973130385379642413e-06
5.200000000000000178e+00 -7.855641371622219235e-07
5.250000000000000000e+00 -4.813461390622568022e-06
5.300000000000000711e+00 -8.168048878771275208e-06
5.350000000000000533e+00 -1.090233199737597137e-05
5.400000000000000355e+00 -1.307636887216692523e-05
5.450000000000000178e+00 -1.475341716643136579e-05
5.500000000000000000e+00 -1.598872613031016699e-05
5.550000000000000711e+00 -1.684714196129060947e-05
5.600000000000000533e+00 -1.738303593100192727e-05
5.650000000000000355e+00 -1.766062510940610939e-05
5.700000000000000178e+00 -1.773927610925918550e-05
5.750000000000000000e+00 -1.766365033694635711e-05
5.800000000000000711e+00 -1.748929492778224373e-05
5.850000000000000533e+00 -1.725402244705084495e-05
5.900000000000000355e+00 -1.699102548571091353e-05
5.950000000000000178e+00 -1.672853771657357516e-05
6.000000000000000000e+00 -1.647956979452540444e-05
6.050000000000000711e+00 -1.625869909068112604e-05
6.100000000000000533e+00 -1.606682280664430915e-05
6.150000000000000355e+00 -1.589839810379118352e-05
6.200000000000000178e+00 -1.574628009361614872e-05
6.250000000000000000e+00 -1.559767296471207301e-05
6.300000000000000711e+00 -1.543907480571781902e-05
6.350000000000000533e+00 -1.525356636279002986e-05
6.400000000000000355e+00 -1.503095506376606581e-05
6.450000000000000178e+00 -1.475563380563432215e-05
6.500000000000000000e+00 -1.442191176160348274e-05
6.550000000000000711e+00 -1.402817451081531227e-05
6.600000000000000533e+00 -1.357126113969326655e-05
6.650000000000000355e+00 -1.305887760810502923e-05
6.700000000000000178e+00 -1.249887467372414352e-05
6.750000000000000000e+00 -1.190513085427495797e-05
6.800000000000000711e+00 -1.129206303905818706e-05
6.850000000000000533e+00 -1.067657804877923852e-05
6.900000000000000355e+00 -1.007682682402249690e-05
6.950000000000000178e+00 -9.508038105701085689e-06
7.000000000000000000e+00 -8.984794212219237227e-06
7.050000000000000711e+00 -8.517277175037982296e-06
7.100000000000000533e+00 -8.116255207235290026e-06
7.150000000000000355e+00 -7.783828927339885018e-06
7.200000000000000178e+00 -7.519965854837602942e-06
7.250000000000000000e+00 -7.319609775943949365e-06
7.300000000000000711e+00 -7.175904233036951584e-06
7.350000000000000533e+00 -7.077557106797767657e-06
7.400000000000000355e+00 -7.011009726056682813e-06
7.450000000000000178e+00 -6.963032921533921676e-06
7.500000000000000000e+00 -6.918272796961039665e-06
7.550000000000000711e+00 -6.863649274350805936e-06
7.600000000000000533e+00 -6.786960535858857609e-06
7.650000000000000355e+00 -6.679029336277507931e-06
7.700000000000000178e+00 -6.534452370259251889e-06
7.750000000000000000e+00 -6.349201481039965445e-06
7.800000000000000711e+00 -6.124160187305369199e-06
7.850000000000000533e+00 -5.864703765290783809e-06
7.900000000000000355e+00 -5.573784191153736309e-06
7.950000000000000178e+00 -5.274627941993279855e-06
8.000000000000000000e+00 -2.420986227638460719e-06
8.050000000000000711e+00 -2.406583270193993889e-06
8.099999999999999645e+00 -2.391849686273887832e-06
8.150000000000000355e+00 -2.376480623091016806e-06
8.200000000000001066e+00 -2.360104466176365354e-06
8.250000000000000000e+00 -2.344108129462174508e-06
8.300000000000000711e+00 -2.327155539831958413e-06
8.349999999999999645e+00 -2.309285154446620778e-06
8.400000000000000355e+00 -2.291377665975821734e-06
8.450000000000001066e+00 -2.273138657615879175e-06
8.500000000000000000e+00 -2.254361135407937115e-06
8.550000000000000711e+00 -2.235366915990778426e-06
8.599999999999999645e+00 -2.215949888726904992e-06
8.650000000000000355e+00 -2.196421864478093727e-06
8.700000000000001066e+00 -2.176073666728965647e-06
8.750000000000000000e+00 -2.156007187712461972e-06
8.800000000000000711e+00 -2.136009658335278991e-06
8.849999999999999645e+00 -2.115178384531343377e-06
8.900000000000000355e+00 -2.094375457699713617e-06
8.950000000000001066e+00 -2.073470379895206619e-06
9.000000000000000000e+00 -2.052270055767943503e-06
9.050000000000000711e+00 -2.031058681517487431e-06
9.099999999999999645e+00 -2.010109277670466510e-06
9.150000000000000355e+00 -1.988697483773629484e-06
9.200000000000001066e+00 -1.967234396624645114e-06
9.250000000000000000e+00 -1.945792724280077734e-06
9.300000000000000711e+00 -1.924122974467422045e-06
9.349999999999999645e+00 -1.902934092908859604e-06
9.400000000000000355e+00 -1.881404244307636902e-06
9.450000000000001066e+00 -1.859797703630749010e-06
9.500000000000000000e+00 -1.838368761712574218e-06
9.550000000000000711e+00 -1.816905469669703804e-06
9.600000000000001421e+00 -1.795324397801197321e-06
9.650000000000000355e+00 -1.774202400071678379e-06
9.700000000000001066e+00 -1.752940679264620769e-06
9.750000000000000000e+00 -1.731548892601689399e-06
9.800000000000000711e+00 -1.710472062454190136e-06
9.850000000000001421e+00 -1.689419330595872115e-06
9.900000000000000355e+00 -1.668424071099665660e-06
9.950000000000001066e+00 -1.647603177263127920e-06
1.000000000000000000e+01 -1.626845253168431414e-06
1.005000000000000071e+01 -1.606070603584643261e-06
1.010000000000000142e+01 -1.585559840841792480e-06
1.015000000000000036e+01 -1.565174719686420199e-06
1.020000000000000107e+01 -1.544889872163447843e-06
1.025000000000000000e+01 -1.524787854952771863e-06
1.030000000000000071e+01 -1.504815591416876892e-06
1.035000000000000142e+01 -1.484869200555846569e-06
1.040000000000000036e+01 -1.465161231558784079e-06
1.045000000000000107e+01 -1.445741733444693635e-06
1.050000000000000000e+01 -1.426223414437017774e-06
1.055000000000000071e+01 -1.407070405849982262e-06
1.060000000000000142e+01 -1.387975487658394692e-06
1.065000000000000036e+01 -1.368991352927180594e-06
1.070000000000000107e+01 -1.350193611902796744e-06
1.075000000000000000e+01 -1.331704341923610302e-06
1.080000000000000071e+01 -1.313276432536186088e-06
1.085000000000000142e+01 -1.294960546562980996e-06
1.090000000000000036e+01 -1.276949168275587313e-06
1.095000000000000107e+01 -1.258953788107673144e-06
1.100000000000000000e+01 -1.241330682998163105e-06
1.105000000000000071e+01 -1.223794291053116142e-06
1.110000000000000142e+01 -1.206369212532098602e-06
1.115000000000000036e+01 -1.189239860644583968e-06
1.120000000000000107e+01 -1.172243119704478154e-06
1.125000000000000000e+01 -1.155334001251745568e-06
1.130000000000000071e+01 -1.138760065892582659e-06
1.135000000000000142e+01 -1.122360984894127736e-06
1.140000000000000036e+01 -1.105937436909568892e-06
1.145000000000000107e+01 -1.089919408170841495e-06
1.150000000000000000e+01 -1.073985882832876527e-06
1.155000000000000071e+01 -1.058191658466056699e-06
1.160000000000000142e+01 -1.042707140031340271e-06
1.165000000000000036e+01 -1.027347959575813109e-06
1.170000000000000107e+01 -1.012114025650526350e-06
1.175000000000000000e+01 -9.970989982790019787e-07
1.180000000000000071e+01 -9.822901804582656374e-07
1.185000000000000142e+01 -9.676239165184661101e-07
1.190000000000000036e+01 -9.531809884443366493e-07
1.195000000000000107e+01 -9.388881229724327096e-07
1.200000000000000000e+01 -9.247544349831686214e-07
1.205000000000000071e+01 -9.107986661289807324e-07
1.210000000000000142e+01 -8.970685594280685734e-07
1.215000000000000036e+01 -8.834340226441848040e-07
1.220000000000000107e+01 -8.700021878701391862e-07
1.225000000000000000e+01 -8.567804348429679956e-07
1.230000000000000071e+01 -8.437088355043835942e-07
1.235000000000000142e+01 -8.307767312439777079e-07
1.240000000000000036e+01 -8.180775231779363619e-07
1.245000000000000107e+01 -8.055145125918326937e-07
1.250000000000000000e+01 -7.930774674326359231e-07
1.255000000000000071e+01 -7.808210095454636818e-07
1.260000000000000142e+01 -7.687889655748514513e-07
1.265000000000000036e+01 -7.568510884832811401e-07
1.270000000000000107e+01 -7.451245776961733859e-07
1.275000000000000000e+01 -7.335171149271832079e-07
1.280000000000000071e+01 -7.220546497663694306e-07
1.285000000000000142e+01 -7.107711850210341724e-07
1.290000000000000036e+01 -6.996558732307741970e-07
1.295000000000000107e+01 -6.887068439451599279e-07
1.300000000000000000e+01 -6.778876705063899215e-07
1.305000000000000071e+01 -6.672315800770279459e-07
1.310000000000000142e+01 -6.566941394480335431e-07
1.315000000000000036e+01 -6.463167435780756580e-07
