0.000000000000000000e+00 4.648415631177635898e-01
5.000000000000000278e-02 4.640805215824028718e-01
1.000000000000000056e-01 4.617960415565705024e-01
1.500000000000000222e-01 4.579841946860483959e-01
2.000000000000000111e-01 4.526388895338245844e-01
2.500000000000000000e-01 4.457525418847802512e-01
3.000000000000000444e-01 4.373169866662930394e-01
3.500000000000000333e-01 4.273246055797902399e-01
4.000000000000000222e-01 4.157696395961483771e-01
4.500000000000000111e-01 4.026496439937851113e-01
5.000000000000000000e-01 3.879670546459269564e-01
5.500000000000000444e-01 3.717308063062875201e-01
6.000000000000000888e-01 3.539579641501640062e-01
6.500000000000000222e-01 3.346753167755708858e-01
7.000000000000000666e-01 3.139208812011886618e-01
7.500000000000000000e-01 2.917452703351395837e-01
8.000000000000000444e-01 2.682128799839896827e-01
8.500000000000000888e-01 2.434028518526348273e-01
9.000000000000000222e-01 2.174097756093435474e-01
9.500000000000000666e-01 1.903440865914864388e-01
1.000000000000000000e+00 1.623321666617127679e-01
1.050000000000000044e+00 1.335160938617430126e-01
1.100000000000000089e+00 1.040530336167593967e-01
1.150000000000000133e+00 7.411429937350040575e-02
1.200000000000000178e+00 4.388405670776857059e-02
1.250000000000000000e+00 1.355769792349836508e-02
1.300000000000000044e+00 -1.666009356452521559e-02
1.350000000000000089e+00 -4.655755909424480476e-02
1.400000000000000133e+00 -7.591832449037959341e-02
1.450000000000000178e+00 -1.045240642357404964e-01
1.500000000000000000e+00 -1.321573172195412704e-01
1.550000000000000044e+00 -1.586044718453986091e-01
1.600000000000000089e+00 -1.836584078790312324e-01
1.650000000000000133e+00 -2.071220978802989221e-01
1.700000000000000178e+00 -2.288108527462948683e-01
1.750000000000000000e+00 -2.485553985145815270e-01
1.800000000000000044e+00 -2.662044017602308021e-01
1.850000000000000089e+00 -2.816268164963995901e-01
1.900000000000000133e+00 -2.947142290445537438e-01
1.950000000000000178e+00 -3.053811603404647523e-01
2.000000000000000000e+00 -3.135693388972140561e-01
2.050000000000000266e+00 -3.192457904786153988e-01
2.100000000000000089e+00 -3.224048658241093213e-01
2.149999999999999911e+00 -3.230680980839700234e-01
2.200000000000000178e+00 -3.212839225491615491e-01
2.250000000000000000e+00 -3.171269683794509797e-01
2.300000000000000266e+00 -3.106969346676005106e-01
2.350000000000000089e+00 -3.021170724951321995e-01
2.400000000000000355e+00 -2.915323015154009934e-01
2.450000000000000178e+00 -2.791069941987102121e-01
2.500000000000000000e+00 -2.650224765908197888e-01
2.550000000000000266e+00 -2.494742775923652345e-01
2.600000000000000089e+00 -2.326691995928563406e-01
2.650000000000000355e+00 -2.148221997780739023e-01
2.700000000000000178e+00 -1.961534573658185177e-01
2.750000000000000000e+00 -1.768848419641755321e-01
2.800000000000000266e+00 -1.572371162527068933e-01
2.850000000000000089e+00 -1.374266862753847629e-01
2.900000000000000355e+00 -1.176628453543399205e-01
2.950000000000000178e+00 -9.814505775563975298e-02
3.000000000000000000e+00 -7.906044421447422366e-02
3.050000000000000266e+00 -6.058167776103968311e-02
3.100000000000000089e+00 -4.286507584545192623e-02
3.150000000000000355e+00 -2.604906225839533768e-02
3.200000000000000178e+00 -1.025303733792111947e-02
3.250000000000000000e+00 4.423468444380215629e-03
3.300000000000000266e+00 1.790124572255687163e-02
3.350000000000000089e+00 3.012148092675113673e-02
3.400000000000000355e+00 4.104550942932149588e-02
3.450000000000000178e+00 5.065422395420527552e-02
3.500000000000000000e+00 5.894718428658157067e-02
3.550000000000000266e+00 6.594145341317458886e-02
3.600000000000000089e+00 7.167019343351606342e-02
3.650000000000000355e+00 7.618106171520519498e-02
3.700000000000000178e+00 7.953444924250807624e-02
3.750000000000000000e+00 8.180159217988379472e-02
3.800000000000000266e+00 8.306264663212117871e-02
3.850000000000000089e+00 8.340466761792526829e-02
3.900000000000000355e+00 8.291963911947047849e-02
3.950000000000000178e+00 8.170256842546046172e-02
4.000000000000000000e+00 7.984963516523989335e-02
4.049999999999999822e+00 7.745645271693057943e-02
4.100000000000000533e+00 7.461653741637766513e-02
4.150000000000000355e+00 7.141980701758292305e-02
4.200000000000000178e+00 6.795144347264055196e-02
4.250000000000000000e+00 6.429082269707915576e-02
4.299999999999999822e+00 6.051070023803650083e-02
4.350000000000000533e+00 5.667659863080157928e-02
4.400000000000000355e+00 5.284639957983142816e-02
4.450000000000000178e+00 4.907013364498297170e-02
4.500000000000000000e+00 4.538996303919069775e-02
4.549999999999999822e+00 4.184030381481335104e-02
4.600000000000000533e+00 3.844815811439768888e-02
4.650000000000000355e+00 3.523354604091719772e-02
4.700000000000000178e+00 3.221001759554673743e-02
4.750000000000000000e+00 2.938530603494920665e-02
4.800000000000000711e+00 2.676201367105759607e-02
4.850000000000000533e+00 2.433834180526039948e-02
4.900000000000000355e+00 2.210877987614424597e-02
4.950000000000000178e+00 2.006514535129354931e-02
5.000000000000000000e+00 1.819670290391189188e-02
5.050000000000000711e+00 1.649144482102315665e-02
5.100000000000000533e+00 1.493641040737531296e-02
5.150000000000000355e+00 1.351830462365749899e-02
5.200000000000000178e+00 1.222397858527915146e-02
5.250000000000000000e+00 1.104082423732678092e-02
5.300000000000000711e+00 9.957113744921352108e-03
5.350000000000000533e+00 8.962215466394708382e-03
5.400000000000000355e+00 8.046700602757939427e-03
5.450000000000000178e+00 7.202546446031739963e-03
5.500000000000000000e+00 6.423024692933849457e-03
5.550000000000000711e+00 5.702707211560460558e-03
5.600000000000000533e+00 5.037355660617663308e-03
5.650000000000000355e+00 4.423781431860803089e-03
5.700000000000000178e+00 3.859673150365116722e-03
5.750000000000000000e+00 3.343414001952207341e-03
5.800000000000000711e+00 2.873876246376984387e-03
5.850000000000000533e+00 2.450238864258128153e-03
5.900000000000000355e+00 2.071791353853610386e-03
5.950000000000000178e+00 1.737772562838995737e-03
