0.000000000000000000e+00 -0.000000000000000000e+00
5.000000000000000278e-02 1.106661055550456466e-10
1.000000000000000056e-01 3.566869129576009304e-09
1.500000000000000222e-01 2.740559860994686519e-08
2.000000000000000111e-01 1.173402697259975245e-07
2.500000000000000000e-01 3.651967629721996623e-07
3.000000000000000444e-01 9.296946426693221655e-07
3.500000000000000333e-01 2.061093347810021585e-06
4.000000000000000222e-01 4.129760386393367097e-06
4.500000000000000111e-01 7.658207847824213021e-06
5.000000000000000000e-01 1.335557894936062539e-05
5.500000000000000444e-01 2.215307037355931504e-05
6.000000000000000888e-01 3.523826726436683055e-05
6.500000000000000222e-01 5.408598131154820297e-05
7.000000000000000666e-01 8.048292514978797475e-05
7.500000000000000000e-01 1.165433833060779573e-04
8.000000000000000444e-01 1.647131066721685281e-04
8.500000000000000888e-01 2.277588392393093103e-04
9.000000000000000222e-01 3.087412719882365298e-04
9.500000000000000666e-01 4.109697660203210832e-04
1.000000000000000000e+00 5.379378687141190283e-04
1.050000000000000044e+00 6.932395962842869287e-04
1.100000000000000089e+00 8.804670145087117351e-04
1.150000000000000133e+00 1.103091200571658511e-03
1.200000000000000178e+00 1.364329081803112307e-03
1.250000000000000000e+00 1.666999916378031354e-03
1.300000000000000044e+00 2.013375882973356731e-03
1.350000000000000089e+00 2.405032097739761687e-03
1.400000000000000133e+00 2.842701678191670786e-03
1.450000000000000178e+00 3.326142061858856393e-03
1.500000000000000000e+00 3.854018670871418167e-03
1.550000000000000044e+00 4.423811923867750247e-03
1.600000000000000089e+00 5.031753113991076047e-03
1.650000000000000133e+00 5.672794075743986704e-03
1.700000000000000178e+00 6.340614303265150464e-03
1.750000000000000000e+00 7.027668530327210901e-03
1.800000000000000044e+00 7.725275940647750861e-03
1.850000000000000089e+00 8.423751004691096625e-03
1.900000000000000133e+00 9.112574300632083485e-03
1.950000000000000178e+00 9.780600136143629761e-03
2.000000000000000000e+00 1.041629627938690794e-02
2.050000000000000266e+00 1.100800973573112101e-02
2.100000000000000089e+00 1.154425124994797741e-02
2.149999999999999911e+00 1.201399018212353891e-02
2.200000000000000178e+00 1.240695110953711662e-02
2.250000000000000000e+00 1.271390182121942027e-02
2.300000000000000266e+00 1.292692463351875418e-02
2.350000000000000089e+00 1.303966044512682061e-02
2.400000000000000355e+00 1.304751776552015054e-02
2.450000000000000178e+00 1.294783881161132820e-02
2.500000000000000000e+00 1.274001633604487579e-02
2.550000000000000266e+00 1.242555632525024767e-02
2.600000000000000089e+00 1.200808342591058731e-02
2.650000000000000355e+00 1.149328782363520304e-02
2.700000000000000178e+00 1.088881423526841426e-02
2.750000000000000000e+00 1.020409565160016775e-02
2.800000000000000266e+00 9.450136239143678424e-03
2.850000000000000089e+00 8.639249760384815763e-03
2.900000000000000355e+00 7.784761101028222531e-03
2.950000000000000178e+00 6.900680092690282715e-03
3.000000000000000000e+00 6.001357403404681753e-03
3.050000000000000266e+00 5.101133441905112212e-03
3.100000000000000089e+00 4.213990314700034184e-03
3.150000000000000355e+00 3.353218615933810723e-03
3.200000000000000178e+00 2.531107858313683470e-03
3.250000000000000000e+00 1.758671188335405927e-03
3.300000000000000266e+00 1.045411065230963639e-03
3.350000000000000089e+00 3.991333584623013749e-04
3.400000000000000355e+00 -1.741856354121129136e-04
3.450000000000000178e+00 -6.704761986198692859e-04
3.500000000000000000e+00 -1.087595153266980065e-03
3.550000000000000266e+00 -1.425289641527676841e-03
3.600000000000000089e+00 -1.685107506496530839e-03
3.650000000000000355e+00 -1.870258696885154477e-03
3.700000000000000178e+00 -1.985433861755587018e-03
3.750000000000000000e+00 -2.036587384744409802e-03
3.800000000000000266e+00 -2.030693022474214411e-03
3.850000000000000089e+00 -1.975481985798156932e-03
3.900000000000000355e+00 -1.879171395439058461e-03
3.950000000000000178e+00 -1.750193904713035972e-03
4.000000000000000000e+00 -1.596936651074786287e-03
4.049999999999999822e+00 -1.427497887459865372e-03
4.100000000000000533e+00 -1.249469099398521328e-03
4.150000000000000355e+00 -1.069748048753862849e-03
4.200000000000000178e+00 -8.943881374804257822e-04
4.250000000000000000e+00 -7.284869227088015950e-04
4.299999999999999822e+00 -5.761155322769434236e-04
4.350000000000000533e+00 -4.402889370387711170e-04
4.400000000000000355e+00 -3.229759890251008886e-04
4.450000000000000178e+00 -2.251458002433742787e-04
4.500000000000000000e+00 -1.468465399592134462e-04
4.549999999999999822e+00 -8.731198813537852555e-05
4.600000000000000533e+00 -4.508883858850418533e-05
4.650000000000000355e+00 -1.817980334280634280e-05
4.700000000000000178e+00 -4.194531885373686129e-06
4.750000000000000000e+00 -5.024899532261456571e-07
4.800000000000000711e+00 -4.381328913309366124e-06
4.850000000000000533e+00 -1.315499491469820864e-05
4.900000000000000355e+00 -2.431663396272284224e-05
4.950000000000000178e+00 -3.563224706528306815e-05
5.000000000000000000e+00 -4.522212354322029273e-05
5.050000000000000711e+00 -5.161814887004483103e-05
5.100000000000000533e+00 -5.379639172696154873e-05
5.150000000000000355e+00 -5.118507756511523162e-05
5.200000000000000178e+00 -4.364990104539512452e-05
5.250000000000000000e+00 -3.145851358560355253e-05
5.300000000000000711e+00 -1.522745433986003063e-05
5.350000000000000533e+00 4.144127909388402905e-06
5.400000000000000355e+00 2.555081796693966571e-05
5.450000000000000178e+00 4.776247219346165321e-05
5.500000000000000000e+00 6.950641494491795246e-05
5.550000000000000711e+00 8.954650591516494457e-05
5.600000000000000533e+00 1.067553934206037699e-04
5.650000000000000355e+00 1.201765396002371964e-04
5.700000000000000178e+00 1.290736048533664782e-04
5.750000000000000000e+00 1.329653461872450473e-04
5.800000000000000711e+00 1.316451177971252214e-04
5.850000000000000533e+00 1.251846611790532657e-04
5.900000000000000355e+00 1.139228520993702820e-04
5.950000000000000178e+00 9.844068847516678237e-05
6.000000000000000000e+00 7.952426142413062695e-05
6.050000000000000711e+00 5.811849839107583392e-05
6.100000000000000533e+00 3.527404655725496703e-05
6.150000000000000355e+00 1.209046930787260599e-05
6.200000000000000178e+00 -1.034132510022823343e-05
6.250000000000000000e+00 -3.099418516850846461e-05
6.300000000000000711e+00 -4.895498405985431362e-05
6.350000000000000533e+00 -6.346746148794663283e-05
6.400000000000000355e+00 -7.396580626737477818e-05
6.450000000000000178e+00 -8.009750228041767270e-05
6.500000000000000000e+00 -8.173498283191689895e-05
6.550000000000000711e+00 -7.897531567941226606e-05
6.600000000000000533e+00 -7.212879536605334443e-05
6.650000000000000355e+00 -6.169716371630005417e-05
6.700000000000000178e+00 -4.834294306505374162e-05
6.750000000000000000e+00 -3.285151219851197132e-05
6.800000000000000711e+00 -1.608846607611610913e-05
6.850000000000000533e+00 1.046067615842454708e-06
6.900000000000000355e+00 1.766300137493737857e-05
6.950000000000000178e+00 3.292865589280094844e-05
7.000000000000000000e+00 4.610434025759920027e-05
7.050000000000000711e+00 5.658038392082810907e-05
7.100000000000000533e+00 6.390259353693560952e-05
7.150000000000000355e+00 6.779034611264142247e-05
7.200000000000000178e+00 6.814521064242023301e-05
7.250000000000000000e+00 6.505047440189218213e-05
7.300000000000000711e+00 5.876150147548593529e-05
7.350000000000000533e+00 4.968780152247834653e-05
7.400000000000000355e+00 3.836795026740871394e-05
7.450000000000000178e+00 2.543865853146875193e-05
7.500000000000000000e+00 1.159997822830508868e-05
7.550000000000000711e+00 -2.421690230460868895e-06
7.600000000000000533e+00 -1.591101115805677220e-05
7.650000000000000355e+00 -2.819927343581943644e-05
7.700000000000000178e+00 -3.869695998061928603e-05
7.750000000000000000e+00 -4.692112874404787988e-05
7.800000000000000711e+00 -5.251685295187607724e-05
7.850000000000000533e+00 -5.527165696731452027e-05
7.900000000000000355e+00 -5.512237615702209395e-05
7.950000000000000178e+00 -5.215436100512892332e-05
