0.000000000000000000e+00 -2.040829418808783394e-02
5.000000000000000278e-02 -8.430119596832987353e-03
1.000000000000000056e-01 -1.033164770507699962e-02
1.500000000000000222e-01 -1.364732319133136335e-02
2.000000000000000111e-01 -1.811426252359639444e-02
2.500000000000000000e-01 -2.370035683731814072e-02
3.000000000000000444e-01 -3.021246463520017855e-02
3.500000000000000333e-01 -3.755137855259762375e-02
4.000000000000000222e-01 -4.553684336082754885e-02
4.500000000000000111e-01 -5.401486709958699950e-02
5.000000000000000000e-01 -6.274763546890622934e-02
5.500000000000000444e-01 -7.156411002744428318e-02
6.000000000000000888e-01 -8.025719460908958824e-02
6.500000000000000222e-01 -8.862826557815173256e-02
7.000000000000000666e-01 -9.650297951244810046e-02
7.500000000000000000e-01 -1.037281507442605610e-01
8.000000000000000444e-01 -1.101221716535057543e-01
8.500000000000000888e-01 -1.155748130308163341e-01
9.000000000000000222e-01 -1.199551974135655841e-01
9.500000000000000666e-01 -1.232143160930087716e-01
1.000000000000000000e+00 -1.252598892456657786e-01
1.050000000000000044e+00 -1.260608349297756836e-01
1.100000000000000089e+00 -1.256443369642068764e-01
1.150000000000000133e+00 -1.239936568546820966e-01
1.200000000000000178e+00 -1.211704184485253577e-01
1.250000000000000000e+00 -1.172489992976958884e-01
1.300000000000000044e+00 -1.123007835210650673e-01
1.350000000000000089e+00 -1.064575321209038777e-01
1.400000000000000133e+00 -9.980603502340451572e-02
1.450000000000000178e+00 -9.249703504204501159e-02
1.500000000000000000e+00 -8.466106908608693471e-02
1.550000000000000044e+00 -7.644125513575299180e-02
1.600000000000000089e+00 -6.797765433819051573e-02
1.650000000000000133e+00 -5.940677122839162216e-02
1.700000000000000178e+00 -5.085920665704905808e-02
1.750000000000000000e+00 -4.246420010181096300e-02
1.800000000000000044e+00 -3.433195648578634546e-02
1.850000000000000089e+00 -2.656097574641655412e-02
1.900000000000000133e+00 -1.923988064207140039e-02
1.950000000000000178e+00 -1.243379601502266237e-02
2.000000000000000000e+00 -6.204331842267022182e-03
2.050000000000000266e+00 -5.900441907758363896e-04
2.100000000000000089e+00 4.387662185155401934e-03
2.149999999999999911e+00 8.716764616039748836e-03
2.200000000000000178e+00 1.239967463532137999e-02
2.250000000000000000e+00 1.545366031954213508e-02
2.300000000000000266e+00 1.790660344506830870e-02
2.350000000000000089e+00 1.979167863322708887e-02
2.400000000000000355e+00 2.114961384923604026e-02
2.450000000000000178e+00 2.203092920864156007e-02
2.500000000000000000e+00 2.248695132069299107e-02
2.550000000000000266e+00 2.256967733071276946e-02
2.600000000000000089e+00 2.233189378543708886e-02
2.650000000000000355e+00 2.182919802513590829e-02
2.700000000000000178e+00 2.111026156184160965e-02
2.750000000000000000e+00 2.022192889735307392e-02
2.800000000000000266e+00 1.920915208323004456e-02
2.850000000000000089e+00 1.810990083097534578e-02
2.900000000000000355e+00 1.695786675169100310e-02
2.950000000000000178e+00 1.578267679687148789e-02
3.000000000000000000e+00 1.460827854438745931e-02
3.050000000000000266e+00 1.345367300831046969e-02
3.100000000000000089e+00 1.233406121903956459e-02
3.150000000000000355e+00 1.126005377524074737e-02
3.200000000000000178e+00 1.023908185391473116e-02
3.250000000000000000e+00 9.275629528489232056e-03
3.300000000000000266e+00 8.371444007919379149e-03
3.350000000000000089e+00 7.526774643774526707e-03
3.400000000000000355e+00 6.740180453641430973e-03
3.450000000000000178e+00 6.009575737433848867e-03
3.500000000000000000e+00 5.332154034824948888e-03
3.550000000000000266e+00 4.705083972133905154e-03
3.600000000000000089e+00 4.125639993384717756e-03
3.650000000000000355e+00 3.591206616006883089e-03
3.700000000000000178e+00 3.099662821635848324e-03
3.750000000000000000e+00 2.649269318645799520e-03
3.800000000000000266e+00 2.238656374887503311e-03
3.850000000000000089e+00 1.866778856194483078e-03
3.900000000000000355e+00 1.532894539312133287e-03
3.950000000000000178e+00 1.236322173021185038e-03
4.000000000000000000e+00 9.763876809062295133e-04
4.049999999999999822e+00 7.523230529146918881e-04
4.100000000000000533e+00 5.630733712854521251e-04
4.150000000000000355e+00 4.072983877169523504e-04
4.200000000000000178e+00 2.832609706144862132e-04
4.250000000000000000e+00 1.887773658580992942e-04
4.299999999999999822e+00 1.212643164491357991e-04
4.350000000000000533e+00 7.774319272457074935e-05
4.400000000000000355e+00 5.488685739890604009e-05
4.450000000000000178e+00 4.913711882508322356e-05
4.500000000000000000e+00 5.678126382769239672e-05
4.549999999999999822e+00 7.408079923892300477e-05
4.600000000000000533e+00 9.739809592810046970e-05
4.650000000000000355e+00 1.233056797514021517e-04
4.700000000000000178e+00 1.487063146945395470e-04
4.750000000000000000e+00 1.709352790239999388e-04
4.800000000000000711e+00 1.878301067337755678e-04
4.850000000000000533e+00 1.977920385749611435e-04
4.900000000000000355e+00 1.998162522563954181e-04
4.950000000000000178e+00 1.934891038479261388e-04
5.000000000000000000e+00 1.789673209628972743e-04
5.050000000000000711e+00 1.569273050729793131e-04
5.100000000000000533e+00 1.284920189152869417e-04
5.150000000000000355e+00 9.514364377449652786e-05
5.200000000000000178e+00 5.862038449943993466e-05
5.250000000000000000e+00 2.080398585198906070e-05
5.300000000000000711e+00 -1.638767906907170644e-05
5.350000000000000533e+00 -5.111074960649128316e-05
5.400000000000000355e+00 -8.169657162567039402e-05
5.450000000000000178e+00 -1.067326424295352493e-04
5.500000000000000000e+00 -1.251336427898303244e-04
5.550000000000000711e+00 -1.361900255048475918e-04
5.600000000000000533e+00 -1.395915486379942195e-04
5.650000000000000355e+00 -1.354345186981577266e-04
5.700000000000000178e+00 -1.242022180973786861e-04
5.750000000000000000e+00 -1.067295077357790535e-04
5.800000000000000711e+00 -8.414598080043221909e-05
5.850000000000000533e+00 -5.781059648842648622e-05
5.900000000000000355e+00 -2.923276461959119465e-05
5.950000000000000178e+00 1.215335786280877147e-08
6.000000000000000000e+00 2.836409624047766555e-05
6.050000000000000711e+00 5.436000821110848445e-05
6.100000000000000533e+00 7.670845654171502099e-05
6.150000000000000355e+00 9.434665160094997600e-05
6.200000000000000178e+00 1.064936150893641518e-04
6.250000000000000000e+00 1.126786697614859173e-04
6.300000000000000711e+00 1.127563948241092003e-04
6.350000000000000533e+00 1.069055306782933220e-04
6.400000000000000355e+00 9.560788834601017768e-05
6.450000000000000178e+00 7.961623296091656702e-05
6.500000000000000000e+00 5.990464317068125883e-05
6.550000000000000711e+00 3.761208929766760668e-05
6.600000000000000533e+00 1.398041357399056862e-05
6.650000000000000355e+00 -9.717110793186665920e-06
6.700000000000000178e+00 -3.223939099342197303e-05
6.750000000000000000e+00 -5.244235968710073885e-05
6.800000000000000711e+00 -6.933621335963351053e-05
6.850000000000000533e+00 -8.213079312227816817e-05
6.900000000000000355e+00 -9.027167811336726051e-05
6.950000000000000178e+00 -9.346263455056338747e-05
7.000000000000000000e+00 -9.167281986666594399e-05
7.050000000000000711e+00 -8.513153719861211359e-05
7.100000000000000533e+00 -7.430875192681231248e-05
7.150000000000000355e+00 -5.988451977271152968e-05
7.200000000000000178e+00 -4.270750124736996174e-05
7.250000000000000000e+00 -2.374699209127855698e-05
7.300000000000000711e+00 -4.038223219401209215e-06
7.350000000000000533e+00 1.537149682380317288e-05
7.400000000000000355e+00 3.347811006375182082e-05
7.450000000000000178e+00 4.937227514475972626e-05
7.500000000000000000e+00 6.228270375816242056e-05
7.550000000000000711e+00 7.161332199934477031e-05
7.600000000000000533e+00 7.696911505755820869e-05
7.650000000000000355e+00 7.817243549634570095e-05
7.700000000000000178e+00 7.526319570743746654e-05
7.750000000000000000e+00 6.850233127983459448e-05
7.800000000000000711e+00 5.831309466123080795e-05
7.850000000000000533e+00 4.540161884987592021e-05
7.900000000000000355e+00 3.016589765196309969e-05
7.950000000000000178e+00 1.472827938080470865e-05
8.000000000000000000e+00 -5.098459109776086289e-03
8.050000000000000711e+00 -3.761837049913810881e-10
8.099999999999999645e+00 -2.775626478791890653e-17
8.150000000000000355e+00 -2.047962686910923089e-24
8.200000000000001066e+00 -1.511064503974073746e-31
8.250000000000000000e+00 -1.114920756120346255e-38
8.300000000000000711e+00 -8.226307628331689321e-46
8.349999999999999645e+00 -6.069680639373571189e-53
8.400000000000000355e+00 -4.478439800596900891e-60
8.450000000000001066e+00 -3.304361978115705783e-67
8.500000000000000000e+00 -2.438082914699882153e-74
8.550000000000000711e+00 -1.798909458891891936e-81
8.599999999999999645e+00 -1.327303126271668591e-88
8.650000000000000355e+00 -9.793341742251371652e-96
8.700000000000001066e+00 -7.225895154498358692e-103
8.750000000000000000e+00 -5.331536741923825602e-110
