0.000000000000000000e+00 2.211034086664552230e-04
5.000000000000000278e-02 1.156245453972213729e-05
1.000000000000000056e-01 4.512136574173177190e-05
1.500000000000000222e-01 1.030654398343477794e-04
2.000000000000000111e-01 1.812829927738614135e-04
2.500000000000000000e-01 2.789035357143323200e-04
3.000000000000000444e-01 3.933898830054880749e-04
3.500000000000000333e-01 5.222340481327953851e-04
4.000000000000000222e-01 6.625806661826889443e-04
4.500000000000000111e-01 8.114487023669599355e-04
5.000000000000000000e-01 9.657867089794072452e-04
5.500000000000000444e-01 1.122578033861713724e-03
6.000000000000000888e-01 1.278923959056822192e-03
6.500000000000000222e-01 1.432116926887712621e-03
7.000000000000000666e-01 1.579686177377122606e-03
7.500000000000000000e-01 1.719448076204561048e-03
8.000000000000000444e-01 1.849561848778640254e-03
8.500000000000000888e-01 1.968523052688353481e-03
9.000000000000000222e-01 2.075092562982515810e-03
9.500000000000000666e-01 2.168367890303613422e-03
1.000000000000000000e+00 2.247718554576443040e-03
1.050000000000000044e+00 2.312730734408084080e-03
1.100000000000000089e+00 2.363222383401412073e-03
1.150000000000000133e+00 2.398952490287097148e-03
1.200000000000000178e+00 2.419921201402088374e-03
1.250000000000000000e+00 2.426006343653814689e-03
1.300000000000000044e+00 2.417134694331591390e-03
1.350000000000000089e+00 2.393302696436241505e-03
1.400000000000000133e+00 2.354049758323499900e-03
1.450000000000000178e+00 2.299304683738822783e-03
1.500000000000000000e+00 2.228562475608480455e-03
1.550000000000000044e+00 2.141424931168238715e-03
1.600000000000000089e+00 2.037494630478808855e-03
1.650000000000000133e+00 1.916370507288304385e-03
1.700000000000000178e+00 1.777817406093186534e-03
1.750000000000000000e+00 1.621729103923587973e-03
1.800000000000000044e+00 1.448085916002512987e-03
1.850000000000000089e+00 1.257469287977222138e-03
1.900000000000000133e+00 1.050646852243576190e-03
1.950000000000000178e+00 8.285988532166441980e-04
2.000000000000000000e+00 5.928281014960096185e-04
2.050000000000000266e+00 3.455036166335700943e-04
2.100000000000000089e+00 8.895240263393484437e-05
2.149999999999999911e+00 -1.741897707435136576e-04
2.200000000000000178e+00 -4.405186517491630881e-04
2.250000000000000000e+00 -7.067005492987399502e-04
2.300000000000000266e+00 -9.690318218442495277e-04
2.350000000000000089e+00 -1.223619092672713913e-03
2.400000000000000355e+00 -1.466588709911930679e-03
2.450000000000000178e+00 -1.694136028874344922e-03
2.500000000000000000e+00 -1.902550889629603522e-03
2.550000000000000266e+00 -2.088481692807659870e-03
2.600000000000000089e+00 -2.248856352237668752e-03
2.650000000000000355e+00 -2.381060396915105765e-03
2.700000000000000178e+00 -2.483213432788402078e-03
2.750000000000000000e+00 -2.553845659756053509e-03
2.800000000000000266e+00 -2.592027953043048345e-03
2.850000000000000089e+00 -2.597875509423269551e-03
2.900000000000000355e+00 -2.571803204432221261e-03
2.950000000000000178e+00 -2.514958452218282649e-03
3.000000000000000000e+00 -2.429208281168133889e-03
3.050000000000000266e+00 -2.316873056384659204e-03
3.100000000000000089e+00 -2.180791379155316585e-03
3.150000000000000355e+00 -2.024170960458518756e-03
3.200000000000000178e+00 -1.850543054124499003e-03
3.250000000000000000e+00 -1.663492071360173335e-03
3.300000000000000266e+00 -1.466912299950871119e-03
3.350000000000000089e+00 -1.264643137575249994e-03
3.400000000000000355e+00 -1.060274206854784542e-03
3.450000000000000178e+00 -8.573804958131132567e-04
3.500000000000000000e+00 -6.591155640930463017e-04
3.550000000000000266e+00 -4.684854708160923146e-04
3.600000000000000089e+00 -2.879370172442492055e-04
3.650000000000000355e+00 -1.196605289170914969e-04
3.700000000000000178e+00 3.468918001892774925e-05
3.750000000000000000e+00 1.739238298280995003e-04
3.800000000000000266e+00 2.971372264802376109e-04
3.850000000000000089e+00 4.039336665112327985e-04
3.900000000000000355e+00 4.943473633396435439e-04
3.950000000000000178e+00 5.686368506832447343e-04
4.000000000000000000e+00 6.273970162406357050e-04
4.049999999999999822e+00 6.715652273003331219e-04
4.100000000000000533e+00 7.020770728970134652e-04
4.150000000000000355e+00 7.201817616179145365e-04
4.200000000000000178e+00 7.272094526915090984e-04
4.250000000000000000e+00 7.244147459080241963e-04
4.299999999999999822e+00 7.131882912711687674e-04
4.350000000000000533e+00 6.948931757283520385e-04
4.400000000000000355e+00 6.707372500020015484e-04
4.450000000000000178e+00 6.419566890044710490e-04
4.500000000000000000e+00 6.096455394772412216e-04
4.549999999999999822e+00 5.747890439911176354e-04
4.600000000000000533e+00 5.383074727960927711e-04
4.650000000000000355e+00 5.009584002128289384e-04
4.700000000000000178e+00 4.634120509654607073e-04
4.750000000000000000e+00 4.262462585107829548e-04
4.800000000000000711e+00 3.899228621412540157e-04
4.850000000000000533e+00 3.548166947317158803e-04
4.900000000000000355e+00 3.212380812994209203e-04
4.950000000000000178e+00 2.894108638605816285e-04
5.000000000000000000e+00 2.595015911674668479e-04
5.050000000000000711e+00 2.316220204133131154e-04
5.100000000000000533e+00 2.058419461043921870e-04
5.150000000000000355e+00 1.821838483034541884e-04
5.200000000000000178e+00 1.606346786103714491e-04
5.250000000000000000e+00 1.411580472074580551e-04
5.300000000000000711e+00 1.236849610389131806e-04
5.350000000000000533e+00 1.081256384930825417e-04
5.400000000000000355e+00 9.437344859746548873e-05
5.450000000000000178e+00 8.230505274820710724e-05
5.500000000000000000e+00 7.178424356985677762e-05
5.550000000000000711e+00 6.266971972162271886e-05
5.600000000000000533e+00 5.481101106720536023e-05
5.650000000000000355e+00 4.806053762025847605e-05
5.700000000000000178e+00 4.227084834422320530e-05
5.750000000000000000e+00 3.730065653361635023e-05
5.800000000000000711e+00 3.301841559479775355e-05
5.850000000000000533e+00 2.930337171892643614e-05
5.900000000000000355e+00 2.604869112569541240e-05
5.950000000000000178e+00 2.316350477927200588e-05
6.000000000000000000e+00 2.057264239650818952e-05
6.050000000000000711e+00 1.821740349160924318e-05
6.100000000000000533e+00 1.605522384772263667e-05
6.150000000000000355e+00 1.405731351884120132e-05
6.200000000000000178e+00 1.220800490175818400e-05
6.250000000000000000e+00 1.050170657480051146e-05
6.300000000000000711e+00 8.940093857597088156e-06
6.350000000000000533e+00 7.529876380107144562e-06
6.400000000000000355e+00 6.279721484360763822e-06
6.450000000000000178e+00 5.197570561569051395e-06
6.500000000000000000e+00 4.288833415704803520e-06
6.550000000000000711e+00 3.554384643442828080e-06
6.600000000000000533e+00 2.989498453275012674e-06
6.650000000000000355e+00 2.583393146224096996e-06
6.700000000000000178e+00 2.319151115405383172e-06
6.750000000000000000e+00 2.174546751222809443e-06
6.800000000000000711e+00 2.122985079909486404e-06
6.850000000000000533e+00 2.135134606261219946e-06
6.900000000000000355e+00 2.180664881815807201e-06
6.950000000000000178e+00 2.230021581668045222e-06
7.000000000000000000e+00 2.256362508673470028e-06
7.050000000000000711e+00 2.237107700081847226e-06
7.100000000000000533e+00 2.155248326906672426e-06
7.150000000000000355e+00 2.000371103426558423e-06
7.200000000000000178e+00 1.769018840679316051e-06
7.250000000000000000e+00 1.464758648183956565e-06
7.300000000000000711e+00 1.097567810139807020e-06
7.350000000000000533e+00 6.830220535411170658e-07
7.400000000000000355e+00 2.409373184286022688e-07
7.450000000000000178e+00 -2.062597913111835778e-07
7.500000000000000000e+00 -6.351436245022796575e-07
7.550000000000000711e+00 -1.023093156848812297e-06
7.600000000000000533e+00 -1.349896887239191114e-06
7.650000000000000355e+00 -1.599253644538904662e-06
7.700000000000000178e+00 -1.759808672989697416e-06
7.750000000000000000e+00 -1.825954106728560706e-06
7.800000000000000711e+00 -1.798145891786425743e-06
7.850000000000000533e+00 -1.682792229680238272e-06
7.900000000000000355e+00 -1.491700991913782047e-06
7.950000000000000178e+00 -1.241192890823844269e-06
8.000000000000000000e+00 -9.509174015202375674e-07
8.050000000000000711e+00 -6.423978442610076931e-07
8.099999999999999645e+00 -3.375747372008228322e-07
8.150000000000000355e+00 -5.725307351179532272e-08
8.200000000000001066e+00 1.802763485800059802e-07
8.250000000000000000e+00 3.604091938962540518e-07
8.300000000000000711e+00 4.731745816997480417e-07
8.349999999999999645e+00 5.137586262556308457e-07
8.400000000000000355e+00 4.826892119394375579e-07
8.450000000000001066e+00 3.856730396157145470e-07
8.500000000000000000e+00 2.330208043100761928e-07
8.550000000000000711e+00 3.879368919674502115e-08
8.599999999999999645e+00 -1.802983204912848404e-07
8.650000000000000355e+00 -4.061619657999452340e-07
8.700000000000001066e+00 -6.206430604371600173e-07
8.750000000000000000e+00 -8.068509383479761331e-07
8.800000000000000711e+00 -9.503116042558199239e-07
8.849999999999999645e+00 -1.039957137849930905e-06
8.900000000000000355e+00 -1.068871969845426666e-06
8.950000000000001066e+00 -1.034669442700145285e-06
9.000000000000000000e+00 -9.395868586397606457e-07
9.050000000000000711e+00 -7.902304746066909235e-07
9.099999999999999645e+00 -5.970176509883962151e-07
9.150000000000000355e+00 -3.733715527877360146e-07
9.200000000000001066e+00 -1.346918701231390865e-07
9.250000000000000000e+00 1.027586558047626479e-07
9.300000000000000711e+00 3.230308976678526294e-07
9.349999999999999645e+00 5.116224075300930916e-07
9.400000000000000355e+00 6.564575200662820687e-07
9.450000000000001066e+00 7.487170485826029548e-07
9.500000000000000000e+00 7.833948571827660647e-07
9.550000000000000711e+00 7.595798318544174850e-07
9.600000000000001421e+00 6.804509676809998739e-07
9.650000000000000355e+00 5.529727432963199235e-07
9.700000000000001066e+00 3.873486222403947417e-07
9.750000000000000000e+00 1.962343464313186727e-07
9.800000000000000711e+00 -6.197527416898574683e-09
9.850000000000001421e+00 -2.052702110750712684e-07
9.900000000000000355e+00 -3.868499933492597695e-07
9.950000000000001066e+00 -5.383258444702993100e-07
1.000000000000000000e+01 -6.494651139958833826e-07
1.005000000000000071e+01 -7.130869203357649049e-07
1.010000000000000142e+01 -7.255092884647728024e-07
1.015000000000000036e+01 -6.867370443208920176e-07
1.020000000000000107e+01 -6.003940079731888383e-07
1.025000000000000000e+01 -4.733982685911510248e-07
1.030000000000000071e+01 -3.154129946064003613e-07
1.035000000000000142e+01 -1.381157810695232637e-07
1.040000000000000036e+01 4.566717735360121089e-08
1.045000000000000107e+01 2.228779180973122398e-07
1.050000000000000000e+01 3.811488020198138380e-07
1.055000000000000071e+01 5.096748973175108956e-07
1.060000000000000142e+01 5.999313635722938077e-07
1.065000000000000036e+01 6.462396544895903481e-07
1.070000000000000107e+01 6.461170044075616577e-07
1.075000000000000000e+01 6.003901261500902929e-07
1.080000000000000071e+01 5.130847794272820221e-07
1.085000000000000142e+01 3.910791553138038799e-07
1.090000000000000036e+01 2.435759148603808258e-07
1.095000000000000107e+01 8.141288614579157481e-08
1.100000000000000000e+01 -8.373405287141839444e-08
1.105000000000000071e+01 -2.401726354706258410e-07
1.110000000000000142e+01 -3.770293296187597217e-07
1.115000000000000036e+01 -4.849974897426264077e-07
1.120000000000000107e+01 -5.569589331644155799e-07
1.125000000000000000e+01 -5.884517234305619432e-07
1.130000000000000071e+01 -5.779378454116821167e-07
1.135000000000000142e+01 -5.268606770158532423e-07
1.140000000000000036e+01 -4.394945353009717832e-07
1.145000000000000107e+01 -3.225933076711068618e-07
1.150000000000000000e+01 -1.848782811296722307e-07
1.155000000000000071e+01 -3.638937731917601724e-08
1.160000000000000142e+01 1.122416199379711467e-07
1.165000000000000036e+01 2.505482497523291361e-07
1.170000000000000107e+01 3.689615907666885241e-07
1.175000000000000000e+01 4.594711704336274861e-07
1.180000000000000071e+01 5.161570292755218251e-07
1.185000000000000142e+01 5.355753920841924237e-07
1.190000000000000036e+01 5.169593716067355098e-07
1.195000000000000107e+01 4.622293127596197521e-07
1.200000000000000000e+01 3.758151601663654288e-07
1.205000000000000071e+01 2.643021852299542938e-07
1.210000000000000142e+01 1.359364507899358839e-07
1.215000000000000036e+01 2.120650040539849046e-11
1.220000000000000107e+01 -1.337623140506365340e-07
1.225000000000000000e+01 -2.560317896299628360e-07
1.230000000000000071e+01 -3.583629954234573394e-07
1.235000000000000142e+01 -4.338650125922621307e-07
1.240000000000000036e+01 -4.776427074737100647e-07
1.245000000000000107e+01 -4.871049868098278146e-07
1.250000000000000000e+01 -4.621154885258346680e-07
1.255000000000000071e+01 -4.049612360104686702e-07
1.260000000000000142e+01 -3.201558915912273560e-07
1.265000000000000036e+01 -2.140877227364738942e-07
1.270000000000000107e+01 -9.454269776221805690e-08
1.275000000000000000e+01 2.986426692285784846e-08
1.280000000000000071e+01 1.503060477784705878e-07
1.285000000000000142e+01 2.583696877127043012e-07
1.290000000000000036e+01 3.466364189527048226e-07
1.295000000000000107e+01 4.091909128536287394e-07
1.300000000000000000e+01 4.420134886193476577e-07
1.305000000000000071e+01 4.432340215823147236e-07
1.310000000000000142e+01 4.132316643504204977e-07
1.315000000000000036e+01 3.545740237614788211e-07
1.320000000000000107e+01 2.718048594621113006e-07
1.325000000000000000e+01 1.710982894223337020e-07
1.330000000000000071e+01 5.979582730722264441e-08
1.335000000000000142e+01 -5.412075662673457388e-08
1.340000000000000036e+01 -1.626014454563723134e-07
1.345000000000000107e+01 -2.580962311838117095e-07
1.350000000000000000e+01 -3.340745996042280743e-07
1.355000000000000071e+01 -3.854701709739247871e-07
1.360000000000000142e+01 -4.090186546353743230e-07
1.365000000000000036e+01 -4.034573539470349483e-07
1.370000000000000107e+01 -3.695877859952644291e-07
1.375000000000000000e+01 -3.101881440052314782e-07
1.380000000000000071e+01 -2.297929926342948215e-07
1.385000000000000142e+01 -1.343481257496822957e-07
1.390000000000000036e+01 -3.077237868676360719e-08
1.395000000000000107e+01 7.353891833323566673e-08
1.400000000000000000e+01 1.712412759839584532e-07
1.405000000000000071e+01 2.555581386840177661e-07
1.410000000000000142e+01 3.207437029231090866e-07
1.415000000000000036e+01 3.624769091474620946e-07
1.420000000000000107e+01 3.781437830832408739e-07
1.425000000000000000e+01 3.669962407428069823e-07
1.430000000000000071e+01 3.301806937069838135e-07
1.435000000000000142e+01 2.706311340587228019e-07
1.440000000000000036e+01 1.928391483508062172e-07
1.445000000000000107e+01 1.025178716490103692e-07
1.450000000000000000e+01 6.182948527693053968e-09
1.455000000000000071e+01 -8.931401649457725061e-08
1.460000000000000142e+01 -1.772686741802210886e-07
1.465000000000000036e+01 -2.516070257140592788e-07
1.470000000000000107e+01 -3.072482139764603537e-07
1.475000000000000000e+01 -3.406538672912951284e-07
1.480000000000000071e+01 -3.492882301688597349e-07
1.485000000000000142e+01 -3.346498232016158531e-07
1.490000000000000036e+01 -2.914114581633176220e-07
1.495000000000000107e+01 -2.478559897690660055e-07
1.500000000000000000e+01 5.656574034186087649e-07
1.505000000000000071e+01 3.438497645423181280e-07
1.510000000000000142e+01 2.090182336809804734e-07
1.515000000000000036e+01 1.270573470710240159e-07
1.520000000000000107e+01 7.723508964428733455e-08
1.525000000000000000e+01 4.694936474428789306e-08
1.530000000000000071e+01 2.853938642208678354e-08
1.535000000000000142e+01 1.734838793381188151e-08
1.540000000000000036e+01 1.054566843887013427e-08
1.545000000000000107e+01 6.410452037168936628e-09
1.550000000000000000e+01 3.896752409695793156e-09
1.555000000000000071e+01 2.368738495078964985e-09
1.560000000000000142e+01 1.439896613092667585e-09
1.565000000000000036e+01 8.752761732159996394e-10
1.570000000000000107e+01 5.320584560308243779e-10
1.575000000000000000e+01 3.234247056983558414e-10
1.580000000000000071e+01 1.966014192567636831e-10
1.585000000000000142e+01 1.195089092020171703e-10
1.590000000000000036e+01 7.264634727473839260e-11
1.595000000000000107e+01 4.415980731969020193e-11
1.600000000000000000e+01 2.684358283086864028e-11
1.605000000000000071e+01 1.631750030266724031e-11
1.610000000000000142e+01 9.918973297324715316e-12
1.615000000000000213e+01 6.029477910011168915e-12
1.619999999999999929e+01 3.665152046130101703e-12
1.625000000000000000e+01 2.227946571629734641e-12
1.630000000000000071e+01 1.354307929389638217e-12
1.635000000000000142e+01 8.232466271715572375e-13
1.640000000000000213e+01 5.004295272269078850e-13
1.644999999999999929e+01 3.041972507614214039e-13
