0.000000000000000000e+00 0.000000000000000000e+00
5.000000000000000278e-02 9.383042544011034883e-13
1.000000000000000056e-01 2.997597235564661849e-11
1.500000000000000222e-01 2.270015608334746172e-10
2.000000000000000111e-01 9.528868028696549997e-10
2.500000000000000000e-01 2.893540017423090860e-09
3.000000000000000444e-01 7.156372404678771060e-09
3.500000000000000333e-01 1.535687679558679976e-08
4.000000000000000222e-01 2.969320927697954252e-08
4.500000000000000111e-01 5.300689638716132923e-08
5.000000000000000000e-01 8.882806018980581527e-08
5.500000000000000444e-01 1.414038557075761891e-07
6.000000000000000888e-01 2.157091445191382173e-07
6.500000000000000222e-01 3.174387788267801015e-07
7.000000000000000666e-01 4.529812355533654634e-07
7.500000000000000000e-01 6.293737132288170562e-07
8.000000000000000444e-01 8.542391785272298752e-07
8.500000000000000888e-01 1.135706217135176703e-06
9.000000000000000222e-01 1.482312897989389398e-06
9.500000000000000666e-01 1.902896193774986105e-06
1.000000000000000000e+00 2.406468807160103403e-06
1.050000000000000044e+00 3.002085525217421000e-06
1.100000000000000089e+00 3.698701458068530730e-06
1.150000000000000133e+00 4.505024706902343041e-06
1.200000000000000178e+00 5.429366146906933285e-06
1.250000000000000000e+00 6.479494028165955255e-06
1.300000000000000044e+00 7.662466759724457247e-06
1.350000000000000089e+00 8.984519815119546528e-06
1.400000000000000133e+00 1.045091268695901561e-05
1.450000000000000178e+00 1.206581039507372519e-05
1.500000000000000000e+00 1.383217346699495157e-05
1.550000000000000044e+00 1.575166324644474669e-05
1.600000000000000089e+00 1.782456441714274408e-05
1.650000000000000133e+00 2.004972631545219990e-05
1.700000000000000178e+00 2.242452425993360585e-05
1.750000000000000000e+00 2.494484175601647635e-05
1.800000000000000044e+00 2.760507404758056122e-05
1.850000000000000089e+00 3.039815309250426949e-05
1.900000000000000133e+00 3.331559364463182666e-05
1.950000000000000178e+00 3.634755973856831695e-05
2.000000000000000000e+00 3.948295050445811314e-05
2.050000000000000266e+00 4.270950389524559826e-05
2.100000000000000089e+00 4.601391659604863545e-05
2.149999999999999911e+00 4.938197811060675724e-05
2.200000000000000178e+00 5.279871678875000974e-05
2.250000000000000000e+00 5.624855537585293937e-05
2.300000000000000266e+00 5.971547353348525742e-05
2.350000000000000089e+00 6.318317470189118595e-05
2.400000000000000355e+00 6.663525465018146335e-05
2.450000000000000178e+00 7.005536908857364780e-05
2.500000000000000000e+00 7.342739779679782145e-05
2.550000000000000266e+00 7.673560285082930467e-05
2.600000000000000089e+00 7.996477870229637907e-05
2.650000000000000355e+00 8.310039207615507165e-05
2.700000000000000178e+00 8.612870989665976620e-05
2.750000000000000000e+00 8.903691372281009387e-05
2.800000000000000266e+00 9.181319946539653475e-05
2.850000000000000089e+00 9.444686146136805716e-05
2.900000000000000355e+00 9.692836029030455316e-05
2.950000000000000178e+00 9.924937402526939944e-05
3.000000000000000000e+00 1.014028329095365775e-04
3.050000000000000266e+00 1.033829377354261145e-04
3.100000000000000089e+00 1.051851624661770710e-04
3.150000000000000355e+00 1.068062418816315254e-04
3.200000000000000178e+00 1.082441452395472252e-04
3.250000000000000000e+00 1.094980371235629730e-04
3.300000000000000266e+00 1.105682267941311936e-04
3.350000000000000089e+00 1.114561074689799752e-04
3.400000000000000355e+00 1.121640870346819437e-04
3.450000000000000178e+00 1.126955117313819101e-04
3.500000000000000000e+00 1.130545843601746481e-04
3.550000000000000266e+00 1.132462785392509424e-04
3.600000000000000089e+00 1.132762504835740182e-04
3.650000000000000355e+00 1.131507497068367444e-04
3.700000000000000178e+00 1.128765299474573448e-04
3.750000000000000000e+00 1.124607615063300843e-04
3.800000000000000266e+00 1.119109460569642586e-04
3.850000000000000089e+00 1.112348348525481895e-04
3.900000000000000355e+00 1.104403511132314591e-04
3.950000000000000178e+00 1.095355172342025177e-04
4.000000000000000000e+00 1.085283873142872793e-04
4.049999999999999822e+00 1.074269853687962671e-04
4.100000000000000533e+00 1.062392494617384677e-04
4.150000000000000355e+00 1.049729818734092084e-04
4.200000000000000178e+00 1.036358053113545002e-04
4.250000000000000000e+00 1.022351250769843459e-04
4.299999999999999822e+00 1.007780970173423644e-04
4.350000000000000533e+00 9.927160102203221070e-05
4.400000000000000355e+00 9.772221976894090350e-05
4.450000000000000178e+00 9.613622237876736699e-05
4.500000000000000000e+00 9.451955260673369557e-05
4.549999999999999822e+00 9.287782117930968987e-05
4.600000000000000533e+00 9.121630187321201719e-05
4.650000000000000355e+00 8.953993093214706830e-05
4.700000000000000178e+00 8.785330942249087180e-05
4.750000000000000000e+00 8.616070814107292246e-05
4.800000000000000711e+00 8.446607470521526762e-05
4.850000000000000533e+00 8.277304247601009713e-05
4.900000000000000355e+00 8.108494098941759624e-05
4.950000000000000178e+00 7.940476341029278624e-05
5.000000000000000000e+00 7.773535574375530898e-05
5.050000000000000711e+00 7.607916538868049461e-05
5.100000000000000533e+00 7.443843109865991097e-05
5.150000000000000355e+00 7.281515299852002183e-05
5.200000000000000178e+00 7.121110668303635353e-05
5.250000000000000000e+00 6.962785726853929402e-05
5.300000000000000711e+00 6.806677327122216865e-05
5.350000000000000533e+00 6.652904020586081625e-05
5.400000000000000355e+00 6.501567381691147418e-05
5.450000000000000178e+00 6.352753287058026538e-05
5.500000000000000000e+00 6.206533145149566763e-05
5.550000000000000711e+00 6.062965072112883475e-05
5.600000000000000533e+00 5.922095010716762244e-05
5.650000000000000355e+00 5.783957790373776245e-05
5.700000000000000178e+00 5.648578127175279631e-05
5.750000000000000000e+00 5.515971563684545593e-05
5.800000000000000711e+00 5.386145348934888124e-05
5.850000000000000533e+00 5.259099259673475529e-05
5.900000000000000355e+00 5.134826364383572979e-05
5.950000000000000178e+00 5.013313732015243053e-05
6.000000000000000000e+00 4.894543087663207591e-05
6.050000000000000711e+00 4.778491417658354244e-05
6.100000000000000533e+00 4.665131526692797896e-05
6.150000000000000355e+00 4.554432549685680649e-05
