0.000000000000000000e+00 -1.789396324169659561e-02
5.000000000000000278e-02 -1.790228355497666332e-02
1.000000000000000056e-01 -1.792705089804127669e-02
1.500000000000000222e-01 -1.796768803527042796e-02
2.000000000000000111e-01 -1.802324467449091874e-02
2.500000000000000000e-01 -1.809241483375777573e-02
3.000000000000000444e-01 -1.817356059536213639e-02
3.500000000000000333e-01 -1.826474170717727954e-02
4.000000000000000222e-01 -1.836375065852894478e-02
4.500000000000000111e-01 -1.846815060628279048e-02
5.000000000000000000e-01 -1.857532012935948426e-02
5.500000000000000444e-01 -1.868249714698403882e-02
6.000000000000000888e-01 -1.878682631301048164e-02
6.500000000000000222e-01 -1.888539373650053449e-02
7.000000000000000666e-01 -1.897532715725373451e-02
7.500000000000000000e-01 -1.905376283422529834e-02
8.000000000000000444e-01 -1.911794029379786791e-02
8.500000000000000888e-01 -1.916523575410884750e-02
9.000000000000000222e-01 -1.919319601906099154e-02
9.500000000000000666e-01 -1.919957457755230162e-02
1.000000000000000000e+00 -1.918235451248144138e-02
1.050000000000000044e+00 -1.913978632901767313e-02
1.100000000000000089e+00 -1.907039134191036364e-02
1.150000000000000133e+00 -1.897298741718300708e-02
1.200000000000000178e+00 -1.884668780019953943e-02
1.250000000000000000e+00 -1.869093104811091546e-02
1.300000000000000044e+00 -1.850542614861615948e-02
1.350000000000000089e+00 -1.829021464906924188e-02
1.400000000000000133e+00 -1.804560944751990026e-02
1.450000000000000178e+00 -1.777220483667919793e-02
1.500000000000000000e+00 -1.747085566594410236e-02
1.550000000000000044e+00 -1.714265837149011804e-02
1.600000000000000089e+00 -1.678892980164404733e-02
1.650000000000000133e+00 -1.641118433632600751e-02
1.700000000000000178e+00 -1.601110915779417609e-02
1.750000000000000000e+00 -1.559054192704316562e-02
1.800000000000000044e+00 -1.515144146802191449e-02
1.850000000000000089e+00 -1.469586549749563910e-02
1.900000000000000133e+00 -1.422594501387694846e-02
1.950000000000000178e+00 -1.374386011329681301e-02
2.000000000000000000e+00 -1.325181663158300251e-02
2.050000000000000266e+00 -1.275202429967705123e-02
2.100000000000000089e+00 -1.224667588169904044e-02
2.149999999999999911e+00 -1.173792789777367701e-02
2.200000000000000178e+00 -1.122788233969668203e-02
2.250000000000000000e+00 -1.071857196402426458e-02
2.300000000000000266e+00 -1.021194313303783359e-02
2.350000000000000089e+00 -9.709847118083239983e-03
2.400000000000000355e+00 -9.214025277524608148e-03
2.450000000000000178e+00 -8.726101436330171643e-03
2.500000000000000000e+00 -8.247574005079687243e-03
2.550000000000000266e+00 -7.779810064339279414e-03
2.600000000000000089e+00 -7.324040810134675034e-03
2.650000000000000355e+00 -6.881359382415626162e-03
2.700000000000000178e+00 -6.452718610020483428e-03
2.750000000000000000e+00 -6.038930116917768515e-03
2.800000000000000266e+00 -5.640668054370533840e-03
2.850000000000000089e+00 -5.258474548198289675e-03
2.900000000000000355e+00 -4.892756097136835743e-03
2.950000000000000178e+00 -4.543794154932389272e-03
3.000000000000000000e+00 -4.211749370001586536e-03
3.050000000000000266e+00 -3.896669419743357433e-03
3.100000000000000089e+00 -3.598495626826378729e-03
3.150000000000000355e+00 -3.317071364850214706e-03
3.200000000000000178e+00 -3.052151403184611908e-03
3.250000000000000000e+00 -2.803409780389895696e-03
3.300000000000000266e+00 -2.570450050298717180e-03
3.350000000000000089e+00 -2.352812666912753019e-03
3.400000000000000355e+00 -2.149986579498748464e-03
3.450000000000000178e+00 -1.961416030718796544e-03
3.500000000000000000e+00 -1.786510688971611150e-03
3.550000000000000266e+00 -1.624653224446005392e-03
3.600000000000000089e+00 -1.475206375733047279e-03
3.650000000000000355e+00 -1.337522825829513774e-03
3.700000000000000178e+00 -1.210947573766328481e-03
3.750000000000000000e+00 -1.094828160999629374e-03
3.800000000000000266e+00 -9.885178365648466473e-04
3.850000000000000089e+00 -8.913811081481627435e-04
3.900000000000000355e+00 -8.027965336938148793e-04
3.950000000000000178e+00 -7.221619340837366011e-04
4.000000000000000000e+00 -6.488966340064300812e-04
4.049999999999999822e+00 -5.824430255189722233e-04
4.100000000000000533e+00 -5.222690089939853626e-04
4.150000000000000355e+00 -4.678689283100851337e-04
4.200000000000000178e+00 -4.187654191158826579e-04
4.250000000000000000e+00 -3.745072823036200938e-04
4.299999999999999822e+00 -3.346724663096290364e-04
4.350000000000000533e+00 -2.988663062480107369e-04
4.400000000000000355e+00 -2.667213785438388900e-04
4.450000000000000178e+00 -2.378968301011271324e-04
4.500000000000000000e+00 -2.120776868445616633e-04
4.549999999999999822e+00 -1.889732457292356196e-04
4.600000000000000533e+00 -1.683169536517020737e-04
4.650000000000000355e+00 -1.498645844987700633e-04
4.700000000000000178e+00 -1.333931760114915569e-04
4.750000000000000000e+00 -1.186997656759565940e-04
4.800000000000000711e+00 -1.056001680445552593e-04
4.850000000000000533e+00 -9.392630604614455789e-05
4.900000000000000355e+00 -8.352990591450705818e-05
4.950000000000000178e+00 -7.427399824514266001e-05
5.000000000000000000e+00 -6.603648591172999057e-05
5.050000000000000711e+00 -5.870776618212197114e-05
5.100000000000000533e+00 -5.218947096281870238e-05
5.150000000000000355e+00 -4.639393885294518341e-05
5.200000000000000178e+00 -4.124236728020646084e-05
5.250000000000000000e+00 -3.666444382144791572e-05
5.300000000000000711e+00 -3.259805776083034106e-05
5.350000000000000533e+00 -2.898511402921829952e-05
5.400000000000000355e+00 -2.577709388337992902e-05
5.450000000000000178e+00 -2.292874756924013176e-05
5.500000000000000000e+00 -2.039995107515912785e-05
5.550000000000000711e+00 -1.815485056343221291e-05
5.600000000000000533e+00 -1.616139147563933672e-05
5.650000000000000355e+00 -1.439105736945146602e-05
5.700000000000000178e+00 -1.281801219688321620e-05
5.750000000000000000e+00 -1.141959682824669563e-05
5.800000000000000711e+00 -1.017554159658355989e-05
5.850000000000000533e+00 -9.067853748262042740e-06
5.900000000000000355e+00 -8.080586054590611296e-06
5.950000000000000178e+00 -7.199997438264123417e-06
