0.000000000000000000e+00 0.000000000000000000e+00
5.000000000000000278e-02 -1.312436421535304753e-09
1.000000000000000056e-01 -2.094390787698691642e-08
1.500000000000000222e-01 -1.055656909107169416e-07
2.000000000000000111e-01 -3.316039984933058759e-07
2.500000000000000000e-01 -8.032408100572768029e-07
3.000000000000000444e-01 -1.649693081684442065e-06
3.500000000000000333e-01 -3.021845273571071971e-06
4.000000000000000222e-01 -5.088327230751680695e-06
4.500000000000000111e-01 -8.031143544179133545e-06
5.000000000000000000e-01 -1.204097117394803901e-05
5.500000000000000444e-01 -1.731224903431167575e-05
6.000000000000000888e-01 -2.403818625919287608e-05
6.500000000000000222e-01 -3.240581496808455920e-05
7.000000000000000666e-01 -4.259120865826823460e-05
7.500000000000000000e-01 -5.475497911772518177e-05
8.000000000000000444e-01 -6.903815336426910468e-05
8.500000000000000888e-01 -8.555851805636752194e-05
9.000000000000000222e-01 -1.044075026607627229e-04
9.500000000000000666e-01 -1.256476525172431716e-04
1.000000000000000000e+00 -1.493107417601402271e-04
1.050000000000000044e+00 -1.753965068235106763e-04
1.100000000000000089e+00 -2.038720458981885318e-04
1.150000000000000133e+00 -2.346718318985530451e-04
1.200000000000000178e+00 -2.676983187892774982e-04
1.250000000000000000e+00 -3.028230925400244959e-04
1.300000000000000044e+00 -3.398885095405686967e-04
1.350000000000000089e+00 -3.787097617175246901e-04
1.400000000000000133e+00 -4.190772730015131188e-04
1.450000000000000178e+00 -4.607594167186206948e-04
1.500000000000000000e+00 -5.035054011417319309e-04
1.550000000000000044e+00 -5.470483138297817802e-04
1.600000000000000089e+00 -5.911082376245748761e-04
1.650000000000000133e+00 -6.353953851887488144e-04
1.700000000000000178e+00 -6.796132032947342638e-04
1.750000000000000000e+00 -7.234614070196788158e-04
1.800000000000000044e+00 -7.666389132495237888e-04
1.850000000000000089e+00 -8.088466519609275197e-04
1.900000000000000133e+00 -8.497902421820701952e-04
1.950000000000000178e+00 -8.891825269374640118e-04
2.000000000000000000e+00 -9.267459675349243352e-04
2.050000000000000266e+00 -9.622149032217497530e-04
2.100000000000000089e+00 -9.953376759589541763e-04
2.149999999999999911e+00 -1.025878649816561053e-03
2.200000000000000178e+00 -1.053620102798634743e-03
2.250000000000000000e+00 -1.078364020442342322e-03
2.300000000000000266e+00 -1.099933782793479980e-03
2.350000000000000089e+00 -1.118175743590192573e-03
2.400000000000000355e+00 -1.132960693321507107e-03
2.450000000000000178e+00 -1.144185194642901660e-03
2.500000000000000000e+00 -1.151772755983620014e-03
2.550000000000000266e+00 -1.155674854925432945e-03
2.600000000000000089e+00 -1.155871735530463297e-03
2.650000000000000355e+00 -1.152372983002066279e-03
2.700000000000000178e+00 -1.145217829472329387e-03
2.750000000000000000e+00 -1.134475160977587620e-03
2.800000000000000266e+00 -1.120243195803413564e-03
2.850000000000000089e+00 -1.102648808585378901e-03
2.900000000000000355e+00 -1.081846479082329386e-03
2.950000000000000178e+00 -1.058016862948423604e-03
3.000000000000000000e+00 -1.031364947071074234e-03
3.050000000000000266e+00 -1.002117893256411181e-03
3.100000000000000089e+00 -9.705224027483307005e-04
3.150000000000000355e+00 -9.368418565605661800e-04
3.200000000000000178e+00 -9.013531068001639016e-04
3.250000000000000000e+00 -8.643430351276421703e-04
3.300000000000000266e+00 -8.261049267401530732e-04
3.350000000000000089e+00 -7.869347270244614508e-04
3.400000000000000355e+00 -7.471272538629707832e-04
3.450000000000000178e+00 -7.069724422818216740e-04
3.500000000000000000e+00 -6.667516974726314487e-04
3.550000000000000266e+00 -6.267344453745083170e-04
3.600000000000000089e+00 -5.871749237406245596e-04
3.650000000000000355e+00 -5.483093218319344455e-04
3.700000000000000178e+00 -5.103532977785567607e-04
3.750000000000000000e+00 -4.734999362934254959e-04
3.800000000000000266e+00 -4.379181742423414524e-04
3.850000000000000089e+00 -4.037517398247953836e-04
3.900000000000000355e+00 -3.711185876090679911e-04
3.950000000000000178e+00 -3.401108488813136253e-04
4.000000000000000000e+00 -3.107952716942450591e-04
4.049999999999999822e+00 -2.832141226762204759e-04
4.100000000000000533e+00 -2.573865092404649738e-04
4.150000000000000355e+00 -2.333100633759506470e-04
4.200000000000000178e+00 -2.109629694249626447e-04
4.250000000000000000e+00 -1.903061636290483301e-04
4.299999999999999822e+00 -1.712857750290813557e-04
4.350000000000000533e+00 -1.538356389031676557e-04
4.400000000000000355e+00 -1.378798075223216471e-04
4.450000000000000178e+00 -1.233350980810901762e-04
4.500000000000000000e+00 -1.101134540999102834e-04
4.549999999999999822e+00 -9.812420023555727222e-05
4.600000000000000533e+00 -8.727607385909514595e-05
4.650000000000000355e+00 -7.747900694437131499e-05
4.700000000000000178e+00 -6.864564928953937456e-05
4.750000000000000000e+00 -6.069259727410293890e-05
4.800000000000000711e+00 -5.354133131003008451e-05
4.850000000000000533e+00 -4.711886542444381686e-05
4.900000000000000355e+00 -4.135812334136242541e-05
4.950000000000000178e+00 -3.619806375083196669e-05
5.000000000000000000e+00 -3.158358435494591397e-05
5.050000000000000711e+00 -2.746523956945934165e-05
5.100000000000000533e+00 -2.379881031808609693e-05
5.150000000000000355e+00 -2.054476614075262413e-05
5.200000000000000178e+00 -1.766765987840021183e-05
5.250000000000000000e+00 -1.513549359705039733e-05
5.300000000000000711e+00 -1.291909133796239537e-05
5.350000000000000533e+00 -1.099150994786811592e-05
5.400000000000000355e+00 -9.327513914941046324e-06
5.450000000000000178e+00 -7.903134103245156239e-06
5.500000000000000000e+00 -6.695323847508145104e-06
5.550000000000000711e+00 -5.681719349435076725e-06
5.600000000000000533e+00 -4.840505002837153796e-06
5.650000000000000355e+00 -4.150378439646848920e-06
5.700000000000000178e+00 -3.590604969055057251e-06
5.750000000000000000e+00 -3.141146869848158189e-06
5.800000000000000711e+00 -2.782849832700495599e-06
5.850000000000000533e+00 -2.497666820698792603e-06
5.900000000000000355e+00 -2.268898751954019366e-06
5.950000000000000178e+00 -2.081431681463194178e-06
6.000000000000000000e+00 -1.921951492056612917e-06
6.050000000000000711e+00 -1.779119371843836993e-06
6.100000000000000533e+00 -1.643694395177218911e-06
6.150000000000000355e+00 -1.508593143785121460e-06
6.200000000000000178e+00 -1.368880293434911730e-06
6.250000000000000000e+00 -1.221688230145914092e-06
6.300000000000000711e+00 -1.066067831971416490e-06
6.350000000000000533e+00 -9.027763538136287672e-07
6.400000000000000355e+00 -7.340117016978728498e-07
6.450000000000000178e+00 -5.631051272680163880e-07
6.500000000000000000e+00 -3.941863968247705000e-07
6.550000000000000711e+00 -2.318367160480415007e-07
6.600000000000000533e+00 -8.074508804670190369e-08
6.650000000000000355e+00 5.461664257160606647e-08
6.700000000000000178e+00 1.702860039894735327e-07
6.750000000000000000e+00 2.630571974118294547e-07
6.800000000000000711e+00 3.306737630489843661e-07
6.850000000000000533e+00 3.719597714008036226e-07
6.900000000000000355e+00 3.868858485738593876e-07
6.950000000000000178e+00 3.765695965851286196e-07
7.000000000000000000e+00 3.432131586434424721e-07
7.050000000000000711e+00 2.899836473082494255e-07
7.100000000000000533e+00 2.208447581334841196e-07
7.150000000000000355e+00 1.403500131279630179e-07
7.200000000000000178e+00 5.340962492083259768e-08
7.250000000000000000e+00 -3.495611702591351690e-08
7.300000000000000711e+00 -1.198637900346751198e-07
7.350000000000000533e+00 -1.968013742523152033e-07
7.400000000000000355e+00 -2.618386732964538797e-07
7.450000000000000178e+00 -3.118034918852536519e-07
7.500000000000000000e+00 -3.444154799581793610e-07
7.550000000000000711e+00 -3.583719330847952206e-07
7.600000000000000533e+00 -3.533824347515675102e-07
7.650000000000000355e+00 -3.301519025246476472e-07
7.700000000000000178e+00 -2.903142218848825838e-07
7.750000000000000000e+00 -2.363210898352593159e-07
7.800000000000000711e+00 -1.712928288663509452e-07
7.850000000000000533e+00 -9.883967219567512426e-08
7.900000000000000355e+00 -2.286328738280330875e-08
7.950000000000000178e+00 5.265095292975418887e-08
8.000000000000000000e+00 1.238402503387391258e-07
8.050000000000000711e+00 1.871588559765626999e-07
8.099999999999999645e+00 2.395512475289823671e-07
8.150000000000000355e+00 2.785958283974089331e-07
8.200000000000001066e+00 3.026126614213063520e-07
8.250000000000000000e+00 3.107307246049826513e-07
8.300000000000000711e+00 3.029123282674801188e-07
8.349999999999999645e+00 2.799345497781622105e-07
8.400000000000000355e+00 2.433297108824358036e-07
8.450000000000001066e+00 1.952889360930938992e-07
8.500000000000000000e+00 1.385345916448377006e-07
8.550000000000000711e+00 7.616883096385701916e-08
8.599999999999999645e+00 1.150650109632125470e-08
8.650000000000000355e+00 -5.209874693686469622e-08
8.700000000000001066e+00 -1.114261713174917644e-07
8.750000000000000000e+00 -1.635488285744734040e-07
8.800000000000000711e+00 -2.059757436152248169e-07
8.849999999999999645e+00 -2.367685977315282404e-07
8.900000000000000355e+00 -2.546276178475875776e-07
8.950000000000001066e+00 -2.589430305327197672e-07
9.000000000000000000e+00 -2.498102688577287542e-07
9.050000000000000711e+00 -2.280089940350942345e-07
9.099999999999999645e+00 -1.949478216697406586e-07
9.150000000000000355e+00 -1.525783334970500194e-07
9.200000000000001066e+00 -1.032834277691836177e-07
9.250000000000000000e+00 -4.974624580262614939e-08
9.300000000000000711e+00 5.193244542075474850e-09
9.349999999999999645e+00 5.868646040714115750e-08
9.400000000000000355e+00 1.080215864295030177e-07
9.450000000000001066e+00 1.507588145657610397e-07
9.500000000000000000e+00 1.848488005769272219e-07
9.550000000000000711e+00 2.087286901804311497e-07
9.600000000000001421e+00 2.213913253451128687e-07
9.650000000000000355e+00 2.224246934701261089e-07
9.700000000000001066e+00 2.120202519012723042e-07
9.750000000000000000e+00 1.909503658064872533e-07
9.800000000000000711e+00 1.605166571319849986e-07
9.850000000000001421e+00 1.224724985037984612e-07
9.900000000000000355e+00 7.892412864623489355e-08
9.950000000000001066e+00 3.221585647049995772e-08
1.000000000000000000e+01 -1.519448537573366360e-08
1.005000000000000071e+01 -6.086330892410369363e-08
1.010000000000000142e+01 -1.024857027281605548e-07
1.015000000000000036e+01 -1.380102711052761170e-07
1.020000000000000107e+01 -1.657387377732708812e-07
1.025000000000000000e+01 -1.844055572343084225e-07
1.030000000000000071e+01 -1.932338867152593220e-07
1.035000000000000142e+01 -1.919655435589201130e-07
1.040000000000000036e+01 -1.808639401730396906e-07
1.045000000000000107e+01 -1.606903800074094144e-07
1.050000000000000000e+01 -1.326554427381320199e-07
1.055000000000000071e+01 -9.834841779219193691e-08
1.060000000000000142e+01 -5.964880250084723664e-08
1.065000000000000036e+01 -1.862471438929649592e-08
1.070000000000000107e+01 2.257636147812496143e-08
1.075000000000000000e+01 6.183878348945471528e-08
1.080000000000000071e+01 9.718622530004067235e-08
1.085000000000000142e+01 1.268800088019266539e-07
1.090000000000000036e+01 1.495034646868396951e-07
1.095000000000000107e+01 1.640282877322717358e-07
1.100000000000000000e+01 1.698598443134514807e-07
1.105000000000000071e+01 1.668595160232595424e-07
1.110000000000000142e+01 1.553433661119693855e-07
1.115000000000000036e+01 1.360576323960376412e-07
1.120000000000000107e+01 1.101327194052514363e-07
1.125000000000000000e+01 7.901842546988789423e-08
1.130000000000000071e+01 4.440404522072714069e-08
1.135000000000000142e+01 8.127691578959145079e-09
1.140000000000000036e+01 -2.792034832944518604e-08
1.145000000000000107e+01 -6.189519148767676169e-08
1.150000000000000000e+01 -9.209088173844094677e-08
1.155000000000000071e+01 -1.170251620068350887e-07
1.160000000000000142e+01 -1.355113292150085973e-07
1.165000000000000036e+01 -1.467137357725640515e-07
1.170000000000000107e+01 -1.501843940661851592e-07
1.175000000000000000e+01 -1.458791466832659883e-07
1.180000000000000071e+01 -1.341529321410762905e-07
1.185000000000000142e+01 -1.157347484538643500e-07
1.190000000000000036e+01 -9.168394039572492196e-08
1.195000000000000107e+01 -6.333035968423419807e-08
