0.000000000000000000e+00 0.000000000000000000e+00
5.000000000000000278e-02 -6.291778580197013483e-12
1.000000000000000056e-01 -2.019131553129591281e-10
1.500000000000000222e-01 -1.540456722136448850e-09
2.000000000000000111e-01 -6.532821087166921998e-09
2.500000000000000000e-01 -2.009365591817293535e-08
3.000000000000000444e-01 -5.045780746548257767e-08
3.500000000000000333e-01 -1.101720417862805335e-07
4.000000000000000222e-01 -2.171535134037527536e-07
4.500000000000000111e-01 -3.957911524369542501e-07
5.000000000000000000e-01 -6.780505001157184920e-07
5.500000000000000444e-01 -1.104527733266523033e-06
6.000000000000000888e-01 -1.725385877509697145e-06
6.500000000000000222e-01 -2.601096630182837801e-06
7.000000000000000666e-01 -3.802905760028329628e-06
7.500000000000000000e-01 -5.412939470650326181e-06
8.000000000000000444e-01 -7.523873893102557194e-06
8.500000000000000888e-01 -1.023810019217990315e-05
9.000000000000000222e-01 -1.366633349065431777e-05
9.500000000000000666e-01 -1.792563446936671227e-05
1.000000000000000000e+00 -2.313683731118651798e-05
1.050000000000000044e+00 -2.942140556718269700e-05
1.100000000000000089e+00 -3.689776724762962209e-05
1.150000000000000133e+00 -4.567721052453692739e-05
1.200000000000000178e+00 -5.585945032691765755e-05
1.250000000000000000e+00 -6.752800225002218455e-05
1.300000000000000044e+00 -8.074552208680616059e-05
1.350000000000000089e+00 -9.554928557257080183e-05
1.400000000000000133e+00 -1.119469924822967473e-04
1.450000000000000178e+00 -1.299130811914229436e-04
1.500000000000000000e+00 -1.493857336992766339e-04
1.550000000000000044e+00 -1.702647367876280549e-04
1.600000000000000089e+00 -1.924103427024849162e-04
1.650000000000000133e+00 -2.156432431504787912e-04
1.700000000000000178e+00 -2.397457345030801050e-04
1.750000000000000000e+00 -2.644641112391439347e-04
1.800000000000000044e+00 -2.895122804342681083e-04
1.850000000000000089e+00 -3.145765443272550413e-04
1.900000000000000133e+00 -3.393214525789796767e-04
1.950000000000000178e+00 -3.633965827346661193e-04
2.000000000000000000e+00 -3.864440684922926228e-04
2.050000000000000266e+00 -4.081066624023592404e-04
2.100000000000000089e+00 -4.280360940800910681e-04
2.149999999999999911e+00 -4.459014680992338117e-04
2.200000000000000178e+00 -4.613974382948089216e-04
2.250000000000000000e+00 -4.742518976668754264e-04
2.300000000000000266e+00 -4.842329354612305808e-04
2.350000000000000089e+00 -4.911548348931624652e-04
2.400000000000000355e+00 -4.948829155558552876e-04
2.450000000000000178e+00 -4.953370626233048616e-04
2.500000000000000000e+00 -4.924938290081605019e-04
2.550000000000000266e+00 -4.863870449073942268e-04
2.600000000000000089e+00 -4.771069197318352699e-04
2.650000000000000355e+00 -4.647976722537346963e-04
2.700000000000000178e+00 -4.496537739088504152e-04
2.750000000000000000e+00 -4.319149356385818418e-04
2.800000000000000266e+00 -4.118600087121327444e-04
2.850000000000000089e+00 -3.898000031373201443e-04
2.900000000000000355e+00 -3.660704523716014108e-04
2.950000000000000178e+00 -3.410233692598980807e-04
3.000000000000000000e+00 -3.150190450171760632e-04
3.050000000000000266e+00 -2.884179406034864971e-04
3.100000000000000089e+00 -2.615729083594180745e-04
3.150000000000000355e+00 -2.348219619982460304e-04
3.200000000000000178e+00 -2.084817860294109102e-04
3.250000000000000000e+00 -1.828421427280797979e-04
3.300000000000000266e+00 -1.581612973835794646e-04
3.350000000000000089e+00 -1.346625424030517190e-04
3.400000000000000355e+00 -1.125318596182854457e-04
3.450000000000000178e+00 -9.191671952384444203e-05
3.500000000000000000e+00 -7.292597774878048283e-05
3.550000000000000266e+00 -5.563079425636236803e-05
3.600000000000000089e+00 -4.006647078233366841e-05
3.650000000000000355e+00 -2.623507780593281073e-05
3.700000000000000178e+00 -1.410872455005445789e-05
3.750000000000000000e+00 -3.633314469787141239e-06
3.800000000000000266e+00 5.267375554914191444e-06
3.850000000000000089e+00 1.268745181904971903e-05
3.900000000000000355e+00 1.873464739407216544e-05
3.950000000000000178e+00 2.352619041451434754e-05
4.000000000000000000e+00 2.718491691380127984e-05
4.049999999999999822e+00 2.983572703415167743e-05
4.100000000000000533e+00 3.160246032272703896e-05
4.150000000000000355e+00 3.260524180061828914e-05
4.200000000000000178e+00 3.295832667300696908e-05
4.250000000000000000e+00 3.276844896714291798e-05
4.299999999999999822e+00 3.213365893495485074e-05
4.350000000000000533e+00 3.114261646647120782e-05
4.400000000000000355e+00 2.987429356435056867e-05
4.450000000000000178e+00 2.839802845964141045e-05
4.500000000000000000e+00 2.677386732883885873e-05
4.549999999999999822e+00 2.505312672891841440e-05
4.600000000000000533e+00 2.327911054702479335e-05
4.650000000000000355e+00 2.148791905789444785e-05
4.700000000000000178e+00 1.970929406652493913e-05
4.750000000000000000e+00 1.796745247279960407e-05
4.800000000000000711e+00 1.628187026906909455e-05
4.850000000000000533e+00 1.466798930340150701e-05
4.900000000000000355e+00 1.313782947083026952e-05
4.950000000000000178e+00 1.170049875336625373e-05
5.000000000000000000e+00 1.036260222484003574e-05
5.050000000000000711e+00 9.128558384165980300e-06
5.100000000000000533e+00 8.000836715851116496e-06
5.150000000000000355e+00 6.980134060420066276e-06
5.200000000000000178e+00 6.065509194073273316e-06
5.250000000000000000e+00 5.254495064858669628e-06
5.300000000000000711e+00 4.543206609881638178e-06
5.350000000000000533e+00 3.926459262449052233e-06
5.400000000000000355e+00 3.397909484359396713e-06
5.450000000000000178e+00 2.950224293933634091e-06
