0.000000000000000000e+00 0.000000000000000000e+00
5.000000000000000278e-02 -6.295092852435439703e-11
1.000000000000000056e-01 -1.005371196963793840e-09
1.500000000000000222e-01 -5.074174488047447618e-09
2.000000000000000111e-01 -1.596849424126520501e-08
2.500000000000000000e-01 -3.877193450293531194e-08
3.000000000000000444e-01 -7.985937447678355075e-08
3.500000000000000333e-01 -1.467799421532604436e-07
4.000000000000000222e-01 -2.481181806031268883e-07
4.500000000000000111e-01 -3.933358003352358526e-07
5.000000000000000000e-01 -5.925963753909785815e-07
5.500000000000000444e-01 -8.565779815242195255e-07
6.000000000000000888e-01 -1.196272316167099525e-06
6.500000000000000222e-01 -1.622779482389412019e-06
7.000000000000000666e-01 -2.147097816297384236e-06
7.500000000000000000e-01 -2.779913792973549501e-06
8.000000000000000444e-01 -3.531395240516999128e-06
8.500000000000000888e-01 -4.410991243940089988e-06
9.000000000000000222e-01 -5.427241973255118702e-06
9.500000000000000666e-01 -6.587601468188569934e-06
1.000000000000000000e+00 -7.898276160390072399e-06
1.050000000000000044e+00 -9.364081618436032945e-06
1.100000000000000089e+00 -1.098831966777568798e-05
1.150000000000000133e+00 -1.277267767402029727e-05
1.200000000000000178e+00 -1.471715139103421998e-05
1.250000000000000000e+00 -1.681999237279439892e-05
1.300000000000000044e+00 -1.907768053765425198e-05
1.350000000000000089e+00 -2.148492206310064954e-05
1.400000000000000133e+00 -2.403467238569674953e-05
1.450000000000000178e+00 -2.671818369162884708e-05
1.500000000000000000e+00 -2.952507591456824063e-05
1.550000000000000044e+00 -3.244342991522119449e-05
1.600000000000000089e+00 -3.545990120604397485e-05
1.650000000000000133e+00 -3.855985230941243348e-05
1.700000000000000178e+00 -4.172750160146883872e-05
1.750000000000000000e+00 -4.494608629945600465e-05
1.800000000000000044e+00 -4.819803709923373451e-05
1.850000000000000089e+00 -5.146516186262626457e-05
1.900000000000000133e+00 -5.472883569120890309e-05
1.950000000000000178e+00 -5.797019470324673917e-05
2.000000000000000000e+00 -6.117033085217477083e-05
2.050000000000000266e+00 -6.431048518603071484e-05
2.100000000000000089e+00 -6.737223704483400247e-05
2.149999999999999911e+00 -7.033768682379656770e-05
2.200000000000000178e+00 -7.318963009082514416e-05
2.250000000000000000e+00 -7.591172103313352103e-05
2.300000000000000266e+00 -7.848862341583784439e-05
2.350000000000000089e+00 -8.090614746098369163e-05
2.400000000000000355e+00 -8.315137129436368042e-05
2.450000000000000178e+00 -8.521274585560177780e-05
2.500000000000000000e+00 -8.708018242032049391e-05
2.550000000000000266e+00 -8.874512213795776583e-05
2.600000000000000089e+00 -9.020058724139714895e-05
2.650000000000000355e+00 -9.144121383170822066e-05
2.700000000000000178e+00 -9.246326637995857666e-05
2.750000000000000000e+00 -9.326463431554924397e-05
2.800000000000000266e+00 -9.384481128446325209e-05
2.850000000000000089e+00 -9.420485785913172087e-05
2.900000000000000355e+00 -9.434734866256275275e-05
2.950000000000000178e+00 -9.427630503149338052e-05
3.000000000000000000e+00 -9.399711448545072985e-05
3.050000000000000266e+00 -9.351643838985728362e-05
3.100000000000000089e+00 -9.284210930105768272e-05
3.150000000000000355e+00 -9.198301955899028154e-05
3.200000000000000178e+00 -9.094900274901909722e-05
3.250000000000000000e+00 -8.975070968823782298e-05
3.300000000000000266e+00 -8.839948060361337598e-05
3.350000000000000089e+00 -8.690721516012341464e-05
3.400000000000000355e+00 -8.528624196719624859e-05
3.450000000000000178e+00 -8.354918914213352397e-05
3.500000000000000000e+00 -8.170885744080142300e-05
3.550000000000000266e+00 -7.977809737991673291e-05
3.600000000000000089e+00 -7.776969167312020742e-05
3.650000000000000355e+00 -7.569624418626876819e-05
3.700000000000000178e+00 -7.357007648772435936e-05
3.750000000000000000e+00 -7.140313292875169937e-05
3.800000000000000266e+00 -6.920689503949763698e-05
3.850000000000000089e+00 -6.699230586957565100e-05
3.900000000000000355e+00 -6.476970474129697931e-05
3.950000000000000178e+00 -6.254877272043635498e-05
4.000000000000000000e+00 -6.033848894651256799e-05
4.049999999999999822e+00 -5.814709780433559809e-05
4.100000000000000533e+00 -5.598208676344255448e-05
4.150000000000000355e+00 -5.385017456436752624e-05
4.200000000000000178e+00 -5.175730929271860601e-05
4.250000000000000000e+00 -4.970867575587401352e-05
4.299999999999999822e+00 -4.770871146465720562e-05
4.350000000000000533e+00 -4.576113042529272889e-05
4.400000000000000355e+00 -4.386895386666095820e-05
4.450000000000000178e+00 -4.203454696545248125e-05
4.500000000000000000e+00 -4.025966058800941889e-05
4.549999999999999822e+00 -3.854547704280561899e-05
4.600000000000000533e+00 -3.689265883166624335e-05
4.650000000000000355e+00 -3.530139940056856667e-05
4.700000000000000178e+00 -3.377147492144321519e-05
4.750000000000000000e+00 -3.230226718052174248e-05
4.800000000000000711e+00 -3.089293226594974916e-05
4.850000000000000533e+00 -2.954227161249379732e-05
4.900000000000000355e+00 -2.824889987964872046e-05
4.950000000000000178e+00 -2.701125903759538243e-05
5.000000000000000000e+00 -2.582765960274068103e-05
5.050000000000000711e+00 -2.469631816342830741e-05
5.100000000000000533e+00 -2.361539091682618891e-05
5.150000000000000355e+00 -2.258300304620275921e-05
5.200000000000000178e+00 -2.159727387265779474e-05
5.250000000000000000e+00 -2.065633781457236310e-05
5.300000000000000711e+00 -1.975836127949784387e-05
5.350000000000000533e+00 -1.890155569508876430e-05
5.400000000000000355e+00 -1.808418695646977730e-05
5.450000000000000178e+00 -1.730458162592984485e-05
5.500000000000000000e+00 -1.656113026623311959e-05
5.550000000000000711e+00 -1.585228832068157588e-05
5.600000000000000533e+00 -1.517657497129510166e-05
5.650000000000000355e+00 -1.453257041140250320e-05
5.700000000000000178e+00 -1.391891196122152148e-05
5.750000000000000000e+00 -1.333428943564172854e-05
5.800000000000000711e+00 -1.277744014368379475e-05
5.850000000000000533e+00 -1.224714386051171747e-05
5.900000000000000355e+00 -1.174221806712989377e-05
5.950000000000000178e+00 -1.126151370184073878e-05
