0.000000000000000000e+00 8.173003778681732728e-05
5.000000000000000278e-02 -1.005872275696637931e-03
1.000000000000000056e-01 -2.002902586859108599e-03
1.500000000000000222e-01 -2.979483821249244609e-03
2.000000000000000111e-01 -3.927360859562766850e-03
2.500000000000000000e-01 -4.836863326919751960e-03
3.000000000000000444e-01 -5.699266123469619652e-03
3.500000000000000333e-01 -6.506193505571444477e-03
4.000000000000000222e-01 -7.249845090451000409e-03
4.500000000000000111e-01 -7.923034392602853679e-03
5.000000000000000000e-01 -8.519353939754475968e-03
5.500000000000000444e-01 -9.033024859445916085e-03
6.000000000000000888e-01 -9.459239938148270369e-03
6.500000000000000222e-01 -9.794207637364358426e-03
7.000000000000000666e-01 -1.003474304138635489e-02
7.500000000000000000e-01 -1.017864917065640015e-02
8.000000000000000444e-01 -1.022515517977514929e-02
8.500000000000000888e-01 -1.017419817682685065e-02
9.000000000000000222e-01 -1.002644267320393183e-02
9.500000000000000666e-01 -9.784023846064577104e-03
1.000000000000000000e+00 -9.449703544618312523e-03
1.050000000000000044e+00 -9.027819123466637383e-03
1.100000000000000089e+00 -8.523135245710486071e-03
1.150000000000000133e+00 -7.941347483259329765e-03
1.200000000000000178e+00 -7.289443262218968378e-03
1.250000000000000000e+00 -6.574368247333793776e-03
1.300000000000000044e+00 -5.804640646876970192e-03
1.350000000000000089e+00 -4.989239885957508225e-03
1.400000000000000133e+00 -4.137349819032552951e-03
1.450000000000000178e+00 -3.259131089565937747e-03
1.500000000000000000e+00 -2.364222740882906699e-03
1.550000000000000044e+00 -1.462779122380295123e-03
1.600000000000000089e+00 -5.656944318713786604e-04
1.650000000000000133e+00 3.169617566373333440e-04
1.700000000000000178e+00 1.175153652300927644e-03
1.750000000000000000e+00 1.999689089846308585e-03
1.800000000000000044e+00 2.781478385802488469e-03
1.850000000000000089e+00 3.511638314026956000e-03
1.900000000000000133e+00 4.182609151065669849e-03
1.950000000000000178e+00 4.787802538189467674e-03
2.000000000000000000e+00 5.321648837887614329e-03
2.050000000000000266e+00 5.779117585846699559e-03
2.100000000000000089e+00 6.157310211374908936e-03
2.149999999999999911e+00 6.453690250137798269e-03
2.200000000000000178e+00 6.667254457643137858e-03
2.250000000000000000e+00 6.798255961099427050e-03
2.300000000000000266e+00 6.848126440088278706e-03
2.350000000000000089e+00 6.819403529767902213e-03
2.400000000000000355e+00 6.716637949269924947e-03
2.450000000000000178e+00 6.543273564801420535e-03
2.500000000000000000e+00 6.305770947464699183e-03
2.550000000000000266e+00 6.010367414832008121e-03
2.600000000000000089e+00 5.664268642867984621e-03
2.650000000000000355e+00 5.274333128508242215e-03
2.700000000000000178e+00 4.849064947026461743e-03
2.750000000000000000e+00 4.396341300188470226e-03
2.800000000000000266e+00 3.924037912441251906e-03
2.850000000000000089e+00 3.440089816508052484e-03
2.900000000000000355e+00 2.952169510388666807e-03
2.950000000000000178e+00 2.467355341034791188e-03
3.000000000000000000e+00 1.992227788988332193e-03
3.050000000000000266e+00 1.532740848290789493e-03
3.100000000000000089e+00 1.094370710902174259e-03
3.150000000000000355e+00 6.817661018865007463e-04
3.200000000000000178e+00 2.984739677545777546e-04
3.250000000000000000e+00 -5.253716060638919251e-05
3.300000000000000266e+00 -3.690320143055053344e-04
3.350000000000000089e+00 -6.497429715698110680e-04
3.400000000000000355e+00 -8.940430623543612221e-04
3.450000000000000178e+00 -1.102008966755017860e-03
3.500000000000000000e+00 -1.274429669064713888e-03
3.550000000000000266e+00 -1.412475307950316781e-03
3.600000000000000089e+00 -1.518020253346175985e-03
3.650000000000000355e+00 -1.593109956264692319e-03
3.700000000000000178e+00 -1.640272325348974452e-03
3.750000000000000000e+00 -1.662149132872458614e-03
3.800000000000000266e+00 -1.661565840074963633e-03
3.850000000000000089e+00 -1.641305630381608045e-03
3.900000000000000355e+00 -1.604342923678643692e-03
3.950000000000000178e+00 -1.553415236752689332e-03
4.000000000000000000e+00 -1.491197784437431556e-03
4.049999999999999822e+00 -1.420287457244600801e-03
4.100000000000000533e+00 -1.342871558692270437e-03
4.150000000000000355e+00 -1.261150172138178656e-03
4.200000000000000178e+00 -1.177029268913471361e-03
4.250000000000000000e+00 -1.092043252296726052e-03
4.299999999999999822e+00 -1.007655563557610179e-03
4.350000000000000533e+00 -9.250608157029283898e-04
4.400000000000000355e+00 -8.451382914797668077e-04
4.450000000000000178e+00 -7.686769139719557735e-04
4.500000000000000000e+00 -6.962129642047496609e-04
4.549999999999999822e+00 -6.281206456870429191e-04
4.600000000000000533e+00 -5.646601107907774086e-04
4.650000000000000355e+00 -5.059314432660515139e-04
4.700000000000000178e+00 -4.519311456552381218e-04
4.750000000000000000e+00 -4.025930908718228425e-04
4.800000000000000711e+00 -3.577584101370989917e-04
4.850000000000000533e+00 -3.172216439168239047e-04
4.900000000000000355e+00 -2.807480550290635977e-04
4.950000000000000178e+00 -2.480666674277080103e-04
5.000000000000000000e+00 -2.188954270129541682e-04
5.050000000000000711e+00 -1.929436890216539404e-04
5.100000000000000533e+00 -1.699281346800163967e-04
5.150000000000000355e+00 -1.495669800108413966e-04
5.200000000000000178e+00 -1.315887069093008726e-04
5.250000000000000000e+00 -1.157430316568148576e-04
5.300000000000000711e+00 -1.017908667965866009e-04
5.350000000000000533e+00 -8.951251712759932043e-05
5.400000000000000355e+00 -7.871080045054973883e-05
5.450000000000000178e+00 -6.920599078843977560e-05
5.500000000000000000e+00 -6.083784299583129665e-05
5.550000000000000711e+00 -5.346688488201546647e-05
5.600000000000000533e+00 -4.696822040453114158e-05
5.650000000000000355e+00 -4.123697262137404103e-05
5.700000000000000178e+00 -3.618161829703337557e-05
5.750000000000000000e+00 -3.172396299263238067e-05
5.800000000000000711e+00 -2.779856798248222117e-05
5.850000000000000533e+00 -2.434894009369413545e-05
5.900000000000000355e+00 -2.132674589557411515e-05
5.950000000000000178e+00 -1.869061625500001146e-05
6.000000000000000000e+00 -1.640323617035094062e-05
6.050000000000000711e+00 -1.443081297568435701e-05
6.100000000000000533e+00 -1.274209259317779906e-05
6.150000000000000355e+00 -1.130629591744441953e-05
6.200000000000000178e+00 -1.009386685638629031e-05
6.250000000000000000e+00 -9.075429192346566473e-06
6.300000000000000711e+00 -8.221397388299209327e-06
6.350000000000000533e+00 -7.502931342951664561e-06
6.400000000000000355e+00 -6.891921505858097324e-06
6.450000000000000178e+00 -6.361327369290862695e-06
6.500000000000000000e+00 -5.886362630443354251e-06
6.550000000000000711e+00 -5.444853664052027945e-06
6.600000000000000533e+00 -5.017824865986037342e-06
6.650000000000000355e+00 -4.590351777512210148e-06
6.700000000000000178e+00 -4.151723173059247081e-06
6.750000000000000000e+00 -3.695763857213674983e-06
6.800000000000000711e+00 -3.220822612295904617e-06
6.850000000000000533e+00 -2.729503880516787052e-06
6.900000000000000355e+00 -2.228222570915903961e-06
6.950000000000000178e+00 -1.726521836261977888e-06
7.000000000000000000e+00 -1.236226593956147231e-06
7.050000000000000711e+00 -7.704930449971207701e-07
7.100000000000000533e+00 -3.427632656437767692e-07
7.150000000000000355e+00 3.423874563449121937e-08
7.200000000000000178e+00 3.494705577099804496e-07
7.250000000000000000e+00 5.944049995533115715e-07
7.300000000000000711e+00 7.636892601045838929e-07
7.350000000000000533e+00 8.555642793134682891e-07
7.400000000000000355e+00 8.720695944471413964e-07
7.450000000000000178e+00 8.189833275767464184e-07
7.500000000000000000e+00 7.055046570873017965e-07
7.550000000000000711e+00 5.437280072942615047e-07
7.600000000000000533e+00 3.479238692631707152e-07
7.650000000000000355e+00 1.336807874579972917e-07
7.700000000000000178e+00 -8.303109833757857111e-08
7.750000000000000000e+00 -2.868159528367651643e-07
7.800000000000000711e+00 -4.637579767684271068e-07
7.850000000000000533e+00 -6.022314224197741597e-07
7.900000000000000355e+00 -6.935525709032933176e-07
7.950000000000000178e+00 -7.324329272191197783e-07
8.000000000000000000e+00 -7.172135096666539707e-07
8.050000000000000711e+00 -6.498787044220717038e-07
8.099999999999999645e+00 -5.358012909472657848e-07
8.150000000000000355e+00 -3.833275789908406468e-07
8.200000000000001066e+00 -2.031512919442243537e-07
8.250000000000000000e+00 -7.536438123456249267e-09
8.300000000000000711e+00 1.904754378884447986e-07
8.349999999999999645e+00 3.779730543444458982e-07
8.400000000000000355e+00 5.430075637712976574e-07
8.450000000000001066e+00 6.753269804583321248e-07
8.500000000000000000e+00 7.670187861821380096e-07
8.550000000000000711e+00 8.129634452531598819e-07
8.599999999999999645e+00 8.110990835665778097e-07
8.650000000000000355e+00 7.624791568500958098e-07
8.700000000000001066e+00 6.711293642321832956e-07
8.750000000000000000e+00 5.437056500712421802e-07
8.800000000000000711e+00 3.890003332249302273e-07
8.849999999999999645e+00 2.173229419281119908e-07
8.900000000000000355e+00 3.977449971278526567e-08
8.950000000000001066e+00 -1.324722010091378820e-07
9.000000000000000000e+00 -2.889041617233607429e-07
9.050000000000000711e+00 -4.203347015710339439e-07
9.099999999999999645e+00 -5.194463378553454205e-07
9.150000000000000355e+00 -5.812100774164810867e-07
9.200000000000001066e+00 -6.031495800148075747e-07
9.250000000000000000e+00 -5.854082956144206085e-07
9.300000000000000711e+00 -5.306635277800749906e-07
9.349999999999999645e+00 -4.438630993452081426e-07
9.400000000000000355e+00 -3.318362233553857980e-07
9.450000000000001066e+00 -2.027792751682184244e-07
9.500000000000000000e+00 -6.567284056569485526e-08
9.550000000000000711e+00 7.032296389885667148e-08
9.600000000000001421e+00 1.964765480243131489e-07
9.650000000000000355e+00 3.050451229191407913e-07
9.700000000000001066e+00 3.897293953721342495e-07
9.750000000000000000e+00 4.460448195306587829e-07
9.800000000000000711e+00 4.715415622771953973e-07
9.850000000000001421e+00 4.658818165607397385e-07
9.900000000000000355e+00 4.307809555860692630e-07
9.950000000000001066e+00 3.698106489095948228e-07
1.000000000000000000e+01 2.880856576927364225e-07
1.005000000000000071e+01 1.918622390145848166e-07
1.010000000000000142e+01 8.807024944824348008e-08
1.015000000000000036e+01 -1.617127155830904519e-08
1.020000000000000107e+01 -1.140402652831240871e-07
1.025000000000000000e+01 -1.994536996866238334e-07
1.030000000000000071e+01 -2.674419616673246217e-07
1.035000000000000142e+01 -3.144316072137631075e-07
1.040000000000000036e+01 -3.384240232170648098e-07
1.045000000000000107e+01 -3.390534024369758944e-07
1.050000000000000000e+01 -3.175369555890734988e-07
1.055000000000000071e+01 -2.765164706461768155e-07
1.060000000000000142e+01 -2.198090586162737283e-07
1.065000000000000036e+01 -1.520896262051997407e-07
1.070000000000000107e+01 -7.852594666507068306e-08
1.075000000000000000e+01 -4.400928069321183232e-09
1.080000000000000071e+01 6.525590123717462211e-08
1.085000000000000142e+01 1.260098253193211792e-07
1.090000000000000036e+01 1.742913060534679295e-07
1.095000000000000107e+01 2.076020014078533376e-07
1.100000000000000000e+01 2.246333009690279264e-07
1.105000000000000071e+01 2.252900921794856898e-07
1.110000000000000142e+01 2.106339815489142115e-07
1.115000000000000036e+01 1.827409850180495377e-07
1.120000000000000107e+01 1.444959190067126530e-07
1.125000000000000000e+01 9.933863584633045233e-08
1.130000000000000071e+01 5.098095864410283677e-08
1.135000000000000142e+01 3.122850356373999787e-09
1.140000000000000036e+01 -4.082169118036092638e-08
1.145000000000000107e+01 -7.796052634779685687e-08
1.150000000000000000e+01 -1.061064730161051727e-07
1.155000000000000071e+01 -1.239012689361572625e-07
1.160000000000000142e+01 -1.308687044783674061e-07
1.165000000000000036e+01 -1.273981205823590259e-07
1.170000000000000107e+01 -1.146624091615153651e-07
1.175000000000000000e+01 -9.447945570577290989e-08
1.180000000000000071e+01 -6.913008174745632338e-08
1.185000000000000142e+01 -4.114879363814153011e-08
1.190000000000000036e+01 -1.310429205204077107e-08
1.195000000000000107e+01 1.261233636412262456e-08
1.200000000000000000e+01 3.397533754508541134e-08
1.205000000000000071e+01 4.947458324155578460e-08
1.210000000000000142e+01 5.821588325469576204e-08
1.215000000000000036e+01 5.996720113677161250e-08
1.220000000000000107e+01 5.514842185260391977e-08
1.225000000000000000e+01 4.476517535622907994e-08
1.230000000000000071e+01 3.029661585747774653e-08
1.235000000000000142e+01 1.354579448597085800e-08
1.240000000000000036e+01 -3.533622850993702123e-09
1.245000000000000107e+01 -1.901895029173477374e-08
1.250000000000000000e+01 -3.119407736775753482e-08
1.255000000000000071e+01 -3.870363201390702583e-08
1.260000000000000142e+01 -4.067349147744308164e-08
1.265000000000000036e+01 -3.678816774745741022e-08
1.270000000000000107e+01 -2.731870443454939499e-08
1.275000000000000000e+01 -1.309925706860894534e-08
1.280000000000000071e+01 4.545413227055654785e-09
1.285000000000000142e+01 2.391573453409325177e-08
1.290000000000000036e+01 4.308575771435104431e-08
1.295000000000000107e+01 6.007322127411203018e-08
1.300000000000000000e+01 7.301628829277587543e-08
1.305000000000000071e+01 8.034262689803437603e-08
1.310000000000000142e+01 8.091687616314122842e-08
1.315000000000000036e+01 7.415364145125976547e-08
1.320000000000000107e+01 6.008723196705029443e-08
1.325000000000000000e+01 3.939151402184428178e-08
1.330000000000000071e+01 1.334542368279120462e-08
1.335000000000000142e+01 -1.624939121431990368e-08
1.340000000000000036e+01 -4.719786591493885418e-08
1.345000000000000107e+01 -7.707614869929195410e-08
1.350000000000000000e+01 -1.034181298224116299e-07
1.355000000000000071e+01 -1.239118306878857765e-07
1.360000000000000142e+01 -1.365899895724969899e-07
1.365000000000000036e+01 -1.399977654374715815e-07
1.370000000000000107e+01 -1.333269311908544178e-07
1.375000000000000000e+01 -1.165028584906919522e-07
1.380000000000000071e+01 -9.021965420128503054e-08
1.385000000000000142e+01 -5.591535342461605287e-08
1.390000000000000036e+01 -1.569064963028833200e-08
1.395000000000000107e+01 2.782326974535858985e-08
1.400000000000000000e+01 7.164242711065218978e-08
1.405000000000000071e+01 1.126395081947644234e-07
1.410000000000000142e+01 1.477667097075305438e-07
1.415000000000000036e+01 1.742836495188178691e-07
1.420000000000000107e+01 1.899657676835600324e-07
1.425000000000000000e+01 1.932814040885711170e-07
1.430000000000000071e+01 1.835241157516894262e-07
1.435000000000000142e+01 1.608880361678388135e-07
1.440000000000000036e+01 1.264805560367598107e-07
1.445000000000000107e+01 8.227015391716476790e-08
1.450000000000000000e+01 3.097009270379005569e-08
1.455000000000000071e+01 -2.413173097004843612e-08
1.460000000000000142e+01 -7.938658187035853744e-08
1.465000000000000036e+01 -1.310421090313161462e-07
1.470000000000000107e+01 -1.754590467930229414e-07
1.475000000000000000e+01 -2.095251973595695013e-07
1.480000000000000071e+01 -2.302931167328244312e-07
1.485000000000000142e+01 -2.373914412682536366e-07
1.490000000000000036e+01 -2.248804340746153163e-07
1.495000000000000107e+01 -2.122650832057740137e-07
1.500000000000000000e+01 2.917015440562965143e-10
1.505000000000000071e+01 2.859233444652583835e-10
1.510000000000000142e+01 2.802954612173378167e-10
1.515000000000000036e+01 2.748000758110779862e-10
1.520000000000000107e+01 2.694103244329893554e-10
1.525000000000000000e+01 2.641500975546217684e-10
1.530000000000000071e+01 2.590208839978472826e-10
1.535000000000000142e+01 2.539931678867468119e-10
1.540000000000000036e+01 2.490934859816261202e-10
1.545000000000000107e+01 2.442926869330649559e-10
1.550000000000000000e+01 2.396017994088877746e-10
1.555000000000000071e+01 2.350164659143263661e-10
1.560000000000000142e+01 2.305294109998054383e-10
1.565000000000000036e+01 2.261424651935452466e-10
1.570000000000000107e+01 2.218662940404713350e-10
1.575000000000000000e+01 2.176700138444546615e-10
1.580000000000000071e+01 2.135674171335225323e-10
1.585000000000000142e+01 2.095544729622589862e-10
1.590000000000000036e+01 2.056330207164605006e-10
1.595000000000000107e+01 2.018019610083457402e-10
1.600000000000000000e+01 1.980430303455110151e-10
1.605000000000000071e+01 1.943696771166630051e-10
1.610000000000000142e+01 1.907780486875943464e-10
1.615000000000000213e+01 1.872615547698562854e-10
1.619999999999999929e+01 1.838137436787170007e-10
1.625000000000000000e+01 1.804449787519653546e-10
1.630000000000000071e+01 1.771487886349685520e-10
1.635000000000000142e+01 1.739270812491807947e-10
1.640000000000000213e+01 1.707789759605777424e-10
1.644999999999999929e+01 1.676927337927255276e-10
