0.000000000000000000e+00 -0.000000000000000000e+00
5.000000000000000278e-02 9.149479254137470876e-09
1.000000000000000056e-01 1.462665600957192899e-07
1.500000000000000222e-01 7.394082281067981020e-07
2.000000000000000111e-01 2.332107851259490531e-06
2.500000000000000000e-01 5.678310581788534806e-06
3.000000000000000444e-01 1.173485894689102532e-05
3.500000000000000333e-01 2.165115096921050444e-05
4.000000000000000222e-01 3.675554817989530560e-05
4.500000000000000111e-01 5.853810763948140162e-05
5.000000000000000000e-01 8.862925416019219521e-05
5.500000000000000444e-01 1.287740970378204982e-04
6.000000000000000888e-01 1.808022274867886648e-04
6.500000000000000222e-01 2.465930034685478523e-04
7.000000000000000666e-01 3.280365299065826721e-04
7.500000000000000000e-01 4.269907643456088628e-04
8.000000000000000444e-01 5.452354091885769360e-04
8.500000000000000888e-01 6.844234789183374721e-04
9.000000000000000222e-01 8.460316410082716542e-04
9.500000000000000666e-01 1.031310609750798590e-03
1.000000000000000000e+00 1.241237011284785242e-03
1.050000000000000044e+00 1.476468225749098112e-03
1.100000000000000089e+00 1.737301741140900944e-03
1.150000000000000133e+00 2.023640518326101818e-03
1.200000000000000178e+00 2.334965766057323523e-03
1.250000000000000000e+00 2.670318360378030019e-03
1.300000000000000044e+00 3.028289919231112216e-03
1.350000000000000089e+00 3.407024268273395936e-03
1.400000000000000133e+00 3.804229718316609436e-03
1.450000000000000178e+00 4.217202231126694796e-03
1.500000000000000000e+00 4.642859192722953096e-03
1.550000000000000044e+00 5.077783156885175633e-03
1.600000000000000089e+00 5.518274581473166587e-03
1.650000000000000133e+00 5.960412270932171665e-03
1.700000000000000178e+00 6.400119973202591551e-03
1.750000000000000000e+00 6.833237369401787623e-03
1.800000000000000044e+00 7.255593548818085881e-03
1.850000000000000089e+00 7.663080985762002473e-03
1.900000000000000133e+00 8.051728031304954472e-03
1.950000000000000178e+00 8.417768001299145639e-03
2.000000000000000000e+00 8.757703078534502181e-03
2.050000000000000266e+00 9.068361444727173967e-03
2.100000000000000089e+00 9.346946307952855998e-03
2.149999999999999911e+00 9.591075781767349762e-03
2.200000000000000178e+00 9.798812890732672143e-03
2.250000000000000000e+00 9.968685309684508639e-03
2.300000000000000266e+00 1.009969477695537091e-02
2.350000000000000089e+00 1.019131644151547583e-02
2.400000000000000355e+00 1.024348869832221107e-02
2.450000000000000178e+00 1.025659432443614891e-02
2.500000000000000000e+00 1.023143394211049016e-02
2.550000000000000266e+00 1.016919299794183558e-02
2.600000000000000089e+00 1.007140355572641761e-02
2.650000000000000355e+00 9.939902253983480540e-03
2.700000000000000178e+00 9.776785778827831730e-03
2.750000000000000000e+00 9.584365152980238792e-03
2.800000000000000266e+00 9.365120048201638209e-03
2.850000000000000089e+00 9.121654198937985750e-03
2.900000000000000355e+00 8.856652838215758536e-03
2.950000000000000178e+00 8.572842902210893457e-03
3.000000000000000000e+00 8.272956566916856921e-03
3.050000000000000266e+00 7.959698498076189094e-03
3.100000000000000089e+00 7.635717022307069585e-03
3.150000000000000355e+00 7.303579270254056260e-03
3.200000000000000178e+00 6.965750207239339992e-03
3.250000000000000000e+00 6.624575357238789500e-03
3.300000000000000266e+00 6.282266944252429611e-03
3.350000000000000089e+00 5.940893121741779893e-03
3.400000000000000355e+00 5.602369934604572825e-03
3.450000000000000178e+00 5.268455656564505901e-03
3.500000000000000000e+00 4.940747165125774706e-03
3.550000000000000266e+00 4.620678051795243900e-03
3.600000000000000089e+00 4.309518212026161414e-03
3.650000000000000355e+00 4.008374712057999681e-03
3.700000000000000178e+00 3.718193783475526055e-03
3.750000000000000000e+00 3.439763846334949367e-03
3.800000000000000266e+00 3.173719504294488739e-03
3.850000000000000089e+00 2.920546487457968080e-03
3.900000000000000355e+00 2.680587538756876251e-03
3.950000000000000178e+00 2.454049246913484264e-03
4.000000000000000000e+00 2.241009823661779376e-03
4.049999999999999822e+00 2.041427806238506251e-03
4.100000000000000533e+00 1.855151640292937356e-03
4.150000000000000355e+00 1.681930066018751764e-03
4.200000000000000178e+00 1.521423194594876934e-03
4.250000000000000000e+00 1.373214126196416586e-03
4.299999999999999822e+00 1.236820928078317342e-03
4.350000000000000533e+00 1.111708764414990822e-03
4.400000000000000355e+00 9.973019510747796121e-04
4.450000000000000178e+00 8.929957000539912818e-04
4.500000000000000000e+00 7.981673208858966473e-04
4.549999999999999822e+00 7.121866601859952418e-04
4.600000000000000533e+00 6.344255850324284109e-04
4.650000000000000355e+00 5.642663498318798354e-04
4.700000000000000178e+00 5.011087278024681409e-04
4.750000000000000000e+00 4.443758348661102720e-04
4.800000000000000711e+00 3.935186229374708486e-04
4.850000000000000533e+00 3.480190685634361545e-04
4.900000000000000355e+00 3.073921289120470804e-04
4.950000000000000178e+00 2.711865777792031996e-04
5.000000000000000000e+00 2.389848675112568957e-04
5.050000000000000711e+00 2.104021869783635334e-04
5.100000000000000533e+00 1.850849000165776415e-04
5.150000000000000355e+00 1.627085527592394643e-04
5.200000000000000178e+00 1.429756323069360506e-04
5.250000000000000000e+00 1.256132441371780623e-04
5.300000000000000711e+00 1.103708529394757372e-04
5.350000000000000533e+00 9.701820299158812303e-05
5.400000000000000355e+00 8.534350185334157047e-05
5.450000000000000178e+00 7.515191725977049802e-05
5.500000000000000000e+00 6.626440384177431284e-05
5.550000000000000711e+00 5.851684572915447378e-05
5.600000000000000533e+00 5.175947495569732708e-05
5.650000000000000355e+00 4.585650526462557882e-05
5.700000000000000178e+00 4.068590732696340687e-05
5.750000000000000000e+00 3.613924496337190092e-05
5.800000000000000711e+00 3.212149263115125119e-05
5.850000000000000533e+00 2.855076166039501184e-05
5.900000000000000355e+00 2.535787554081288622e-05
5.950000000000000178e+00 2.248575168651237722e-05
6.000000000000000000e+00 1.988856702303652571e-05
6.050000000000000711e+00 1.753070581464816216e-05
6.100000000000000533e+00 1.538550874443281761e-05
6.150000000000000355e+00 1.343386084916032047e-05
6.200000000000000178e+00 1.166267117864596216e-05
6.250000000000000000e+00 1.006330797077029829e-05
6.300000000000000711e+00 8.630059033561022651e-06
6.350000000000000533e+00 7.358687613698469525e-06
6.400000000000000355e+00 6.245149403982500931e-06
6.450000000000000178e+00 5.284526966514419797e-06
6.500000000000000000e+00 4.470224511830564583e-06
6.550000000000000711e+00 3.793449722033138597e-06
6.600000000000000533e+00 3.242991358729632811e-06
6.650000000000000355e+00 2.805283059943879428e-06
6.700000000000000178e+00 2.464726301294290054e-06
6.750000000000000000e+00 2.204230174658851854e-06
6.800000000000000711e+00 2.005913442652950156e-06
6.850000000000000533e+00 1.851906035699828978e-06
6.900000000000000355e+00 1.725183255603636702e-06
6.950000000000000178e+00 1.610366603983542417e-06
7.000000000000000000e+00 1.494430215047178525e-06
7.050000000000000711e+00 1.367260888699248165e-06
7.100000000000000533e+00 1.222031979505337921e-06
7.150000000000000355e+00 1.055365981543711970e-06
7.200000000000000178e+00 8.672765041486909612e-07
7.250000000000000000e+00 6.608963433833821113e-07
7.300000000000000711e+00 4.420134208568548141e-07
7.350000000000000533e+00 2.184494795841701323e-07
7.400000000000000355e+00 -6.732506834282760596e-10
7.450000000000000178e+00 -2.057253122588087906e-07
7.500000000000000000e+00 -3.873680134460767717e-07
7.550000000000000711e+00 -5.373018085389596736e-07
7.600000000000000533e+00 -6.489153171675628330e-07
7.650000000000000355e+00 -7.177931863365638701e-07
7.700000000000000178e+00 -7.420516625907413687e-07
7.750000000000000000e+00 -7.224833155955205983e-07
7.800000000000000711e+00 -6.625059226026680695e-07
7.850000000000000533e+00 -5.679241247031570396e-07
7.900000000000000355e+00 -4.465251606690218079e-07
7.950000000000000178e+00 -3.075409178756816703e-07
8.000000000000000000e+00 -1.610169995552880010e-07
8.050000000000000711e+00 -1.713496757903568359e-08
8.099999999999999645e+00 1.144639265866597521e-07
8.150000000000000355e+00 2.253064356188622119e-07
8.200000000000001066e+00 3.086237901775169867e-07
8.250000000000000000e+00 3.597615886685322713e-07
8.300000000000000711e+00 3.764372912685619814e-07
8.349999999999999645e+00 3.588306223643402348e-07
8.400000000000000355e+00 3.095040642399499125e-07
8.450000000000001066e+00 2.331624318351013851e-07
8.500000000000000000e+00 1.362714427149893567e-07
8.550000000000000711e+00 2.656450584829359798e-08
8.599999999999999645e+00 -8.752595743902134744e-08
8.650000000000000355e+00 -1.974719159033739715e-07
8.700000000000001066e+00 -2.952455839584324093e-07
8.750000000000000000e+00 -3.738668810784912217e-07
8.800000000000000711e+00 -4.278658515706934941e-07
8.849999999999999645e+00 -4.536300422808758736e-07
8.900000000000000355e+00 -4.496154024752107575e-07
8.950000000000001066e+00 -4.164091316355445752e-07
9.000000000000000000e+00 -3.566433508776912768e-07
9.050000000000000711e+00 -2.747687805139188571e-07
9.099999999999999645e+00 -1.767070635747991907e-07
9.150000000000000355e+00 -6.940835000846520188e-08
9.200000000000001066e+00 3.965326905664006831e-08
9.250000000000000000e+00 1.430102824974910624e-07
9.300000000000000711e+00 2.337210046965684962e-07
9.349999999999999645e+00 3.058418641455463889e-07
9.400000000000000355e+00 3.548210304151362747e-07
9.450000000000001066e+00 3.777877542849528970e-07
9.500000000000000000e+00 3.737195168598739984e-07
9.550000000000000711e+00 3.434778813037236136e-07
9.600000000000001421e+00 2.897131877850205385e-07
9.650000000000000355e+00 2.166472829757755345e-07
9.700000000000001066e+00 1.297517107691206230e-07
9.750000000000000000e+00 3.534566030712863613e-08
9.800000000000000711e+00 -5.985697465597273100e-08
9.850000000000001421e+00 -1.492191367916032415e-07
9.900000000000000355e+00 -2.266378076659650523e-07
9.950000000000001066e+00 -2.869555652782354760e-07
1.000000000000000000e+01 -3.262989488507725439e-07
1.005000000000000071e+01 -3.423216671781248575e-07
1.010000000000000142e+01 -3.343376763378343282e-07
1.015000000000000036e+01 -3.033370389693238755e-07
1.020000000000000107e+01 -2.518857001305849321e-07
1.025000000000000000e+01 -1.839183013500697169e-07
1.030000000000000071e+01 -1.044403594322629551e-07
1.035000000000000142e+01 -1.916207877528057934e-08
1.040000000000000036e+01 6.590963970430958969e-08
1.045000000000000107e+01 1.448920477632760892e-07
1.050000000000000000e+01 2.124309696482569709e-07
1.055000000000000071e+01 2.640611877294000436e-07
1.060000000000000142e+01 2.964987427362756908e-07
1.065000000000000036e+01 3.078462419344720161e-07
1.070000000000000107e+01 2.976986200747232307e-07
1.075000000000000000e+01 2.671438963435706384e-07
1.080000000000000071e+01 2.186608131347767972e-07
1.085000000000000142e+01 1.559223189875828450e-07
1.090000000000000036e+01 8.352018607352825257e-08
1.095000000000000107e+01 6.631210155972880892e-09
1.100000000000000000e+01 -6.935090566539036758e-08
1.105000000000000071e+01 -1.391919568655374333e-07
1.110000000000000142e+01 -1.981758102743701045e-07
1.115000000000000036e+01 -2.424207270109105914e-07
1.120000000000000107e+01 -2.691323766575380896e-07
1.125000000000000000e+01 -2.767772320860726677e-07
1.130000000000000071e+01 -2.651658206902519289e-07
1.135000000000000142e+01 -2.354417148038526301e-07
1.140000000000000036e+01 -1.899787190836647494e-07
1.145000000000000107e+01 -1.321949996161116718e-07
1.150000000000000000e+01 -6.629847047750080835e-08
1.155000000000000071e+01 3.017762598616322599e-09
1.160000000000000142e+01 7.090799434645851827e-08
1.165000000000000036e+01 1.327110993546895854e-07
1.170000000000000107e+01 1.842689530243375417e-07
1.175000000000000000e+01 2.222044590873543951e-07
1.180000000000000071e+01 2.441407206951228083e-07
1.185000000000000142e+01 2.488472808425721423e-07
1.190000000000000036e+01 2.363046392741887851e-07
1.195000000000000107e+01 2.076840471130147693e-07
1.200000000000000000e+01 1.652454787931107589e-07
1.205000000000000071e+01 1.121622748749959368e-07
1.210000000000000142e+01 5.228585866739486506e-08
1.215000000000000036e+01 -1.013217226071287450e-08
1.220000000000000107e+01 -7.074064269398466471e-08
1.225000000000000000e+01 -1.253909335540316606e-07
1.230000000000000071e+01 -1.704197686899854607e-07
1.235000000000000142e+01 -2.028934738165734416e-07
1.240000000000000036e+01 -2.207975239007416187e-07
1.245000000000000107e+01 -2.231592570406801859e-07
1.250000000000000000e+01 -2.100964603416186630e-07
1.255000000000000071e+01 -1.827897800313912597e-07
1.260000000000000142e+01 -1.433822046381391958e-07
1.265000000000000036e+01 -9.481385003988757858e-08
1.270000000000000107e+01 -4.060460019956281212e-08
1.275000000000000000e+01 1.539945980925806559e-08
1.280000000000000071e+01 6.929765872073652950e-08
1.285000000000000142e+01 1.174053120921825212e-07
1.290000000000000036e+01 1.565045686770303167e-07
1.295000000000000107e+01 1.840585346476889818e-07
1.300000000000000000e+01 1.983745148961264063e-07
1.305000000000000071e+01 1.987059752170750308e-07
1.310000000000000142e+01 1.852872476588951831e-07
1.315000000000000036e+01 1.592997569539473173e-07
1.320000000000000107e+01 1.227733043550242790e-07
1.325000000000000000e+01 7.843037717715823720e-08
1.330000000000000071e+01 2.948525706650918735e-08
1.335000000000000142e+01 -2.058737507353671851e-08
1.340000000000000036e+01 -6.829778191087861833e-08
1.345000000000000107e+01 -1.103832246583097401e-07
1.350000000000000000e+01 -1.440300194107027604e-07
1.355000000000000071e+01 -1.670605570242755380e-07
1.360000000000000142e+01 -1.780729346739209407e-07
1.365000000000000036e+01 -1.765243431290073264e-07
1.370000000000000107e+01 -1.627534039755261854e-07
1.375000000000000000e+01 -1.379409655889904045e-07
1.380000000000000071e+01 -1.040131423612701320e-07
1.385000000000000142e+01 -6.349432284049950690e-08
1.390000000000000036e+01 -1.932121149338137159e-08
1.395000000000000107e+01 2.536851565121648061e-08
1.400000000000000000e+01 6.745782999097613418e-08
1.405000000000000071e+01 1.040666753206692703e-07
1.410000000000000142e+01 1.327480611166038276e-07
1.415000000000000036e+01 1.516506437588218653e-07
1.420000000000000107e+01 1.596370670547703086e-07
1.425000000000000000e+01 1.563505878404995495e-07
1.430000000000000071e+01 1.422262320445177624e-07
1.435000000000000142e+01 1.184466455920069947e-07
1.440000000000000036e+01 8.684664743159622829e-08
1.445000000000000107e+01 4.977399314967980154e-08
1.450000000000000000e+01 9.916779352296334810e-09
1.455000000000000071e+01 -2.988993236737229411e-08
1.460000000000000142e+01 -6.686445441636321572e-08
1.465000000000000036e+01 -9.847170041039339904e-08
1.470000000000000107e+01 -1.225959521828027920e-07
1.475000000000000000e+01 -1.376814617970272771e-07
1.480000000000000071e+01 -1.428316156544189763e-07
1.485000000000000142e+01 -1.378604263385354597e-07
1.490000000000000036e+01 -1.232935418116290559e-07
1.495000000000000107e+01 -1.003195267054180668e-07
