0.000000000000000000e+00 0.000000000000000000e+00
5.000000000000000278e-02 -6.413366034478338792e-03
1.000000000000000056e-01 -1.269228620135832639e-02
1.500000000000000222e-01 -1.870510138619770404e-02
2.000000000000000111e-01 -2.432566251921034275e-02
2.500000000000000000e-01 -2.943592838379934656e-02
3.000000000000000444e-01 -3.392837952129341278e-02
3.500000000000000333e-01 -3.770819374451511025e-02
4.000000000000000222e-01 -4.069513510626608654e-02
4.500000000000000111e-01 -4.282511561334514244e-02
5.000000000000000000e-01 -4.405139608603531043e-02
5.500000000000000444e-01 -4.434540246459996171e-02
6.000000000000000888e-01 -4.369714261475166756e-02
6.500000000000000222e-01 -4.211521851966307239e-02
7.000000000000000666e-01 -3.962643852568403791e-02
7.500000000000000000e-01 -3.627504332618871480e-02
8.000000000000000444e-01 -3.212156902466949820e-02
8.500000000000000888e-01 -2.724137821835777643e-02
9.000000000000000222e-01 -2.172289773483735212e-02
9.500000000000000666e-01 -1.566560797911607100e-02
1.000000000000000000e+00 -9.177833508215398409e-03
1.050000000000000044e+00 -2.374388960552089537e-03
1.100000000000000089e+00 4.625864082377938169e-03
1.150000000000000133e+00 1.170249230862370482e-02
1.200000000000000178e+00 1.873594141999959661e-02
1.250000000000000000e+00 2.560990824590695172e-02
1.300000000000000044e+00 3.221358243859794024e-02
1.350000000000000089e+00 3.844371137468263755e-02
1.400000000000000133e+00 4.420644623769252879e-02
1.450000000000000178e+00 4.941893438773388436e-02
1.500000000000000000e+00 5.401062950886934000e-02
1.550000000000000044e+00 5.792429889399346166e-02
1.600000000000000089e+00 6.111671475756004501e-02
1.650000000000000133e+00 6.355902433412415065e-02
1.700000000000000178e+00 6.523680148740261531e-02
1.750000000000000000e+00 6.614978977276884942e-02
1.800000000000000044e+00 6.631135375891931971e-02
1.850000000000000089e+00 6.574766204795076674e-02
1.900000000000000133e+00 6.449663069662910087e-02
1.950000000000000178e+00 6.260666046245014216e-02
2.000000000000000000e+00 6.013520490067456731e-02
2.050000000000000266e+00 5.714720877404673438e-02
2.100000000000000089e+00 5.371345837759390618e-02
2.149999999999999911e+00 4.990888477486285502e-02
2.200000000000000178e+00 4.581086130866314499e-02
2.250000000000000000e+00 4.149753459808973310e-02
2.300000000000000266e+00 3.704622581253441682e-02
2.350000000000000089e+00 3.253193573330821070e-02
2.400000000000000355e+00 2.802598294547871058e-02
2.450000000000000178e+00 2.359479998519371444e-02
2.500000000000000000e+00 1.929890699245685043e-02
2.550000000000000266e+00 1.519207742915137070e-02
2.600000000000000089e+00 1.132070447046315369e-02
2.650000000000000355e+00 7.723371685314730888e-03
2.700000000000000178e+00 4.430626045287214092e-03
2.750000000000000000e+00 1.464946317163523916e-03
2.800000000000000266e+00 -1.159104522914542607e-03
2.850000000000000089e+00 -3.434558084216384182e-03
2.900000000000000355e+00 -5.361570278490514901e-03
2.950000000000000178e+00 -6.946822282305501091e-03
3.000000000000000000e+00 -8.202817660516045772e-03
3.050000000000000266e+00 -9.147099712930709808e-03
3.100000000000000089e+00 -9.801414740229203934e-03
3.150000000000000355e+00 -1.019084625607985864e-02
3.200000000000000178e+00 -1.034294447970105467e-02
3.250000000000000000e+00 -1.028687372709568594e-02
3.300000000000000266e+00 -1.005259819407210847e-02
3.350000000000000089e+00 -9.670124374944870718e-03
3.400000000000000355e+00 -9.168815008132781205e-03
3.450000000000000178e+00 -8.576786638788455597e-03
3.500000000000000000e+00 -7.920399473450278824e-03
3.550000000000000266e+00 -7.223844656681476656e-03
3.600000000000000089e+00 -6.508831419689565731e-03
3.650000000000000355e+00 -5.794372664115603547e-03
3.700000000000000178e+00 -5.096665604584083541e-03
3.750000000000000000e+00 -4.429060847716627218e-03
3.800000000000000266e+00 -3.802111605271930612e-03
3.850000000000000089e+00 -3.223693139032960623e-03
3.900000000000000355e+00 -2.699181043551386171e-03
3.950000000000000178e+00 -2.231676471479113275e-03
4.000000000000000000e+00 -1.822266055562239825e-03
4.049999999999999822e+00 -1.470304461656728005e-03
4.100000000000000533e+00 -1.173707921970718916e-03
4.150000000000000355e+00 -9.292485177760305241e-04
4.200000000000000178e+00 -7.328391309159885481e-04
4.250000000000000000e+00 -5.798015408474255618e-04
4.299999999999999822e+00 -4.651109354367268553e-04
4.350000000000000533e+00 -3.836119341192036568e-04
4.400000000000000355e+00 -3.302028681617081391e-04
4.450000000000000178e+00 -2.999866348638597496e-04
