0.000000000000000000e+00 0.000000000000000000e+00
5.000000000000000278e-02 -9.708490632669326486e-06
1.000000000000000056e-01 -7.752590316639833235e-05
1.500000000000000222e-01 -2.608497675701075265e-04
2.000000000000000111e-01 -6.156608427840619098e-04
2.500000000000000000e-01 -1.195828047868829468e-03
3.000000000000000444e-01 -2.052426097288502765e-03
3.500000000000000333e-01 -3.233080230724398076e-03
4.000000000000000222e-01 -4.781328913786877383e-03
4.500000000000000111e-01 -6.736020168685904336e-03
5.000000000000000000e-01 -9.130741831127322725e-03
5.500000000000000444e-01 -1.199329035743424039e-02
6.000000000000000888e-01 -1.534518335860184449e-02
6.500000000000000222e-01 -1.920122055331397945e-02
7.000000000000000666e-01 -2.356909860415704397e-02
7.500000000000000000e-01 -2.844908547887094186e-02
8.000000000000000444e-01 -3.383376059793460205e-02
8.500000000000000888e-01 -3.970782776574569017e-02
9.000000000000000222e-01 -4.604800819174694609e-02
9.500000000000000666e-01 -5.282302121370394121e-02
1.000000000000000000e+00 -5.999366124383539306e-02
1.050000000000000044e+00 -6.751297843491771422e-02
1.100000000000000089e+00 -7.532657081046791048e-02
1.150000000000000133e+00 -8.337299450872845408e-02
1.200000000000000178e+00 -9.158429745768162378e-02
1.250000000000000000e+00 -9.988668023181491995e-02
1.300000000000000044e+00 -1.082012838334567850e-01
1.350000000000000089e+00 -1.164451044671581392e-01
1.400000000000000133e+00 -1.245320321599819174e-01
1.450000000000000178e+00 -1.323739961628432327e-01
1.500000000000000000e+00 -1.398822036120365986e-01
1.550000000000000044e+00 -1.469684920340460499e-01
1.600000000000000089e+00 -1.535466963603673574e-01
1.650000000000000133e+00 -1.595340885942737319e-01
1.700000000000000178e+00 -1.648528125022299395e-01
1.750000000000000000e+00 -1.694312982848993343e-01
1.800000000000000044e+00 -1.732056230450771395e-01
1.850000000000000089e+00 -1.761207829924044399e-01
1.900000000000000133e+00 -1.781318442086510523e-01
1.950000000000000178e+00 -1.792049392448787082e-01
2.000000000000000000e+00 -1.793180784032072650e-01
2.050000000000000266e+00 -1.784617504362966400e-01
2.100000000000000089e+00 -1.766392954989396968e-01
2.149999999999999911e+00 -1.738670184357461734e-01
2.200000000000000178e+00 -1.701740455584078715e-01
2.250000000000000000e+00 -1.656019287900882819e-01
2.300000000000000266e+00 -1.602039763634417469e-01
2.350000000000000089e+00 -1.540443435607695144e-01
2.400000000000000355e+00 -1.471968934036532728e-01
2.450000000000000178e+00 -1.397438537768100897e-01
2.500000000000000000e+00 -1.317743036396399336e-01
2.550000000000000266e+00 -1.233825197382300842e-01
2.600000000000000089e+00 -1.146662570854721508e-01
2.650000000000000355e+00 -1.057249147841190923e-01
2.700000000000000178e+00 -9.665778105187076974e-02
2.750000000000000000e+00 -8.756225954559623825e-02
2.800000000000000266e+00 -7.853221471683921595e-02
2.850000000000000089e+00 -6.965635702996758605e-02
2.900000000000000355e+00 -6.101699287672857075e-02
2.950000000000000178e+00 -5.268869428242604902e-02
3.000000000000000000e+00 -4.473738723293934488e-02
3.050000000000000266e+00 -3.721959146775616345e-02
3.100000000000000089e+00 -3.018191746283733004e-02
3.150000000000000355e+00 -2.366079335865550748e-02
3.200000000000000178e+00 -1.768251414978196101e-02
3.250000000000000000e+00 -1.226331720865646291e-02
3.300000000000000266e+00 -7.409935978713175914e-03
3.350000000000000089e+00 -3.120138882983618245e-03
3.400000000000000355e+00 6.164923181004055598e-04
3.450000000000000178e+00 3.817670830242703151e-03
3.500000000000000000e+00 6.507417146940052723e-03
3.550000000000000266e+00 8.715013144337285800e-03
3.600000000000000089e+00 1.047392577366665183e-02
3.650000000000000355e+00 1.182073716964093975e-02
3.700000000000000178e+00 1.279410499887431371e-02
3.750000000000000000e+00 1.343378348801061231e-02
3.800000000000000266e+00 1.377972317604412786e-02
3.850000000000000089e+00 1.387126750423271944e-02
3.900000000000000355e+00 1.374645828380749620e-02
3.950000000000000178e+00 1.344145831656081216e-02
4.000000000000000000e+00 1.299008910812092694e-02
4.049999999999999822e+00 1.242349256851141455e-02
4.100000000000000533e+00 1.176989702826824157e-02
4.150000000000000355e+00 1.105450468437347601e-02
4.200000000000000178e+00 1.029944141669634702e-02
4.250000000000000000e+00 9.523830676505386922e-03
4.299999999999999822e+00 8.743847008241946092e-03
4.350000000000000533e+00 7.972963989561118389e-03
4.400000000000000355e+00 7.222141563269628486e-03
4.450000000000000178e+00 6.500005872662658821e-03
4.500000000000000000e+00 5.813141860306411147e-03
4.549999999999999822e+00 5.166329754307208595e-03
4.600000000000000533e+00 4.562788878442605028e-03
4.650000000000000355e+00 4.004408751382119817e-03
4.700000000000000178e+00 3.491964210177564767e-03
4.750000000000000000e+00 3.025309981552618162e-03
4.800000000000000711e+00 2.603554418616608069e-03
4.850000000000000533e+00 2.225211327919500090e-03
4.900000000000000355e+00 1.888331051065306534e-03
4.950000000000000178e+00 1.590612889610722690e-03
5.000000000000000000e+00 1.329500906101982027e-03
5.050000000000000711e+00 1.102264963921620192e-03
5.100000000000000533e+00 9.060702765865861303e-04
5.150000000000000355e+00 7.380371865553999071e-04
5.200000000000000178e+00 5.952928999677914576e-04
5.250000000000000000e+00 4.750185464069164691e-04
5.300000000000000711e+00 3.744868876844954005e-04
5.350000000000000533e+00 2.911005231701024290e-04
5.400000000000000355e+00 2.224214349717803726e-04
5.450000000000000178e+00 1.661922268808777839e-04
5.500000000000000000e+00 1.203779564792672655e-04
5.550000000000000711e+00 8.313520936003323918e-05
5.600000000000000533e+00 5.290142831148306250e-05
5.650000000000000355e+00 2.831898669195785317e-05
5.700000000000000178e+00 8.222538099234595808e-06
5.750000000000000000e+00 -8.279983098432122136e-06
5.800000000000000711e+00 -2.189642070859064736e-05
5.850000000000000533e+00 -3.315329255896231177e-05
5.900000000000000355e+00 -4.242161078656218897e-05
5.950000000000000178e+00 -4.994637870290880038e-05
6.000000000000000000e+00 -5.587253245768500175e-05
6.050000000000000711e+00 -6.028109675424415075e-05
6.100000000000000533e+00 -6.321343270106614585e-05
6.150000000000000355e+00 -6.469776765690486112e-05
6.200000000000000178e+00 -6.477019343986189831e-05
6.250000000000000000e+00 -6.349412715775917457e-05
6.300000000000000711e+00 -6.096780698759784702e-05
6.350000000000000533e+00 -5.733103819012986147e-05
6.400000000000000355e+00 -5.276737987180255034e-05
6.450000000000000178e+00 -4.749640764366326460e-05
6.500000000000000000e+00 -4.176685402932014951e-05
6.550000000000000711e+00 -3.584331833212069579e-05
6.600000000000000533e+00 -2.999231141279509063e-05
6.650000000000000355e+00 -2.446722528763498085e-05
6.700000000000000178e+00 -1.949388762173193189e-05
6.750000000000000000e+00 -1.525803943163311802e-05
6.800000000000000711e+00 -1.189307003477777449e-05
6.850000000000000533e+00 -9.463277515755532589e-06
6.900000000000000355e+00 -8.013215846193657020e-06
6.950000000000000178e+00 -7.485032339628122376e-06
7.000000000000000000e+00 -7.789379324227943636e-06
7.050000000000000711e+00 -8.760255722240647044e-06
7.100000000000000533e+00 -1.022842132556181190e-05
7.150000000000000355e+00 -1.199116446002296296e-05
7.200000000000000178e+00 -1.383800253302002988e-05
7.250000000000000000e+00 -1.556509462883645504e-05
7.300000000000000711e+00 -1.698876285199780556e-05
7.350000000000000533e+00 -1.795737314043775572e-05
7.400000000000000355e+00 -1.835984308324720875e-05
7.450000000000000178e+00 -1.813324130069032992e-05
7.500000000000000000e+00 -1.726412293789631258e-05
7.550000000000000711e+00 -1.578766724980724246e-05
7.600000000000000533e+00 -1.378467661510518191e-05
7.650000000000000355e+00 -1.137315439079925409e-05
7.700000000000000178e+00 -8.699255115041079191e-06
7.750000000000000000e+00 -5.926001177027884351e-06
7.800000000000000711e+00 -3.221162132208320161e-06
7.850000000000000533e+00 -7.452549872630757986e-07
7.900000000000000355e+00 1.359697569151599471e-06
7.950000000000000178e+00 2.979935239766089713e-06
8.000000000000000000e+00 4.036233618464037021e-06
8.050000000000000711e+00 4.492365424737218840e-06
8.099999999999999645e+00 4.346681298961157037e-06
8.150000000000000355e+00 3.647851736473485159e-06
8.200000000000001066e+00 2.465707831828649462e-06
8.250000000000000000e+00 9.297533287119055424e-07
8.300000000000000711e+00 -8.294166504638591664e-07
8.349999999999999645e+00 -2.685057413803689764e-06
8.400000000000000355e+00 -4.482295348949358671e-06
8.450000000000001066e+00 -6.083919412422682997e-06
8.500000000000000000e+00 -7.370482724772491932e-06
8.550000000000000711e+00 -8.248261525552986686e-06
8.599999999999999645e+00 -8.654962197598729600e-06
8.650000000000000355e+00 -8.563604571832852144e-06
8.700000000000001066e+00 -7.983913545710192468e-06
8.750000000000000000e+00 -6.957345862542859178e-06
8.800000000000000711e+00 -5.558877177983904102e-06
8.849999999999999645e+00 -3.887183870901320096e-06
8.900000000000000355e+00 -2.058092331589586667e-06
8.950000000000001066e+00 -1.961216259664232507e-07
9.000000000000000000e+00 1.574450282496782055e-06
9.050000000000000711e+00 3.138248659071669032e-06
9.099999999999999645e+00 4.393596148400302435e-06
9.150000000000000355e+00 5.274248354799582275e-06
9.200000000000001066e+00 5.723597996646863461e-06
9.250000000000000000e+00 5.727858133099523297e-06
9.300000000000000711e+00 5.301256178257375650e-06
9.349999999999999645e+00 4.487404456619991356e-06
9.400000000000000355e+00 3.361231569656696766e-06
9.450000000000001066e+00 2.001247895849720362e-06
9.500000000000000000e+00 5.090999931690061550e-07
9.550000000000000711e+00 -9.931955900829833581e-07
9.600000000000001421e+00 -2.404428331657692892e-06
9.650000000000000355e+00 -3.626135480505106769e-06
9.700000000000001066e+00 -4.575561458083682222e-06
9.750000000000000000e+00 -5.191364389189317223e-06
9.800000000000000711e+00 -5.436490419988736937e-06
9.850000000000001421e+00 -5.301264182720660132e-06
9.900000000000000355e+00 -4.802723044645657573e-06
9.950000000000001066e+00 -3.983034602707770325e-06
