0.000000000000000000e+00 6.337821741222283978e-02
5.000000000000000278e-02 6.347022087902512433e-02
1.000000000000000056e-01 6.374547119634296766e-02
1.500000000000000222e-01 6.420169291812866108e-02
2.000000000000000111e-01 6.483511331790128840e-02
2.500000000000000000e-01 6.564048479189409091e-02
3.000000000000000444e-01 6.661112480913773670e-02
3.500000000000000333e-01 6.773896118032733671e-02
4.000000000000000222e-01 6.901458865753866412e-02
4.500000000000000111e-01 7.042733474316137388e-02
5.000000000000000000e-01 7.196533458913516312e-02
5.500000000000000444e-01 7.361561428667506846e-02
6.000000000000000888e-01 7.536418268970862533e-02
6.500000000000000222e-01 7.719613045935702633e-02
7.000000000000000666e-01 7.909573625352407655e-02
7.500000000000000000e-01 8.104658038980248891e-02
8.000000000000000444e-01 8.303165938488428488e-02
8.500000000000000888e-01 8.503353051549245034e-02
9.000000000000000222e-01 8.703440202609075138e-02
9.500000000000000666e-01 8.901630558100566415e-02
1.000000000000000000e+00 9.096121444665143663e-02
1.050000000000000044e+00 9.285118661644246874e-02
1.100000000000000089e+00 9.466850723060228623e-02
1.150000000000000133e+00 9.639583049921625346e-02
1.200000000000000178e+00 9.801632288350549393e-02
1.250000000000000000e+00 9.951380400195741771e-02
1.300000000000000044e+00 1.008728858471539674e-01
1.350000000000000089e+00 1.020791076779934969e-01
1.400000000000000133e+00 1.031190661669529468e-01
1.450000000000000178e+00 1.039805390970338500e-01
1.500000000000000000e+00 1.046526004277238270e-01
1.550000000000000044e+00 1.051257261943841920e-01
1.600000000000000089e+00 1.053918904504785592e-01
1.650000000000000133e+00 1.054446402883400663e-01
1.700000000000000178e+00 1.052791735312072763e-01
1.750000000000000000e+00 1.048923831960141689e-01
1.800000000000000044e+00 1.042828989152479319e-01
1.850000000000000089e+00 1.034510965975621588e-01
1.900000000000000133e+00 1.023991026397111370e-01
1.950000000000000178e+00 1.011307724428330973e-01
2.000000000000000000e+00 9.965166793828270086e-02
2.050000000000000266e+00 9.796891243660510451e-02
2.100000000000000089e+00 9.609128519178884720e-02
2.149999999999999911e+00 9.402895256147074388e-02
2.200000000000000178e+00 9.179344143937029354e-02
2.250000000000000000e+00 8.939749280557986177e-02
2.300000000000000266e+00 8.685491887846731596e-02
2.350000000000000089e+00 8.418044806622861087e-02
2.400000000000000355e+00 8.138956060311026974e-02
2.450000000000000178e+00 7.849831556805052235e-02
2.500000000000000000e+00 7.552317539709019201e-02
2.550000000000000266e+00 7.248082637903706382e-02
2.600000000000000089e+00 6.938800058961015760e-02
2.650000000000000355e+00 6.626130312166787772e-02
2.700000000000000178e+00 6.311704016788463600e-02
2.750000000000000000e+00 5.997106299323181483e-02
2.800000000000000266e+00 5.683861727582189410e-02
2.850000000000000089e+00 5.373420759065222069e-02
2.900000000000000355e+00 5.067147660384863778e-02
2.950000000000000178e+00 4.766309994760419694e-02
3.000000000000000000e+00 4.472069917211438095e-02
3.050000000000000266e+00 4.185477183448085836e-02
3.100000000000000089e+00 3.907464065155015487e-02
3.150000000000000355e+00 3.638842089186222067e-02
3.200000000000000178e+00 3.380300567883727514e-02
3.250000000000000000e+00 3.132406878647295972e-02
3.300000000000000266e+00 2.895608284879635022e-02
3.350000000000000089e+00 2.670235543726895422e-02
3.400000000000000355e+00 2.456507464572027510e-02
3.450000000000000178e+00 2.254536905821114337e-02
3.500000000000000000e+00 2.064337790763106154e-02
3.550000000000000266e+00 1.885832917467404266e-02
3.600000000000000089e+00 1.718862205286818962e-02
3.650000000000000355e+00 1.563190681185812336e-02
3.700000000000000178e+00 1.418522502625428963e-02
3.750000000000000000e+00 1.284500182443063659e-02
3.800000000000000266e+00 1.160723610833699383e-02
3.850000000000000089e+00 1.046753942727419139e-02
3.900000000000000355e+00 9.421230839457700457e-03
3.950000000000000178e+00 8.463417135808184999e-03
4.000000000000000000e+00 7.589067617086798882e-03
4.049999999999999822e+00 6.793082336968504949e-03
4.100000000000000533e+00 6.070353810671241628e-03
4.150000000000000355e+00 5.415822074429555225e-03
4.200000000000000178e+00 4.824520892144689398e-03
4.250000000000000000e+00 4.291620432053541712e-03
4.299999999999999822e+00 3.812458419672963821e-03
4.350000000000000533e+00 3.382568320984475404e-03
4.400000000000000355e+00 2.997699705146447246e-03
4.450000000000000178e+00 2.653833217458280956e-03
4.500000000000000000e+00 2.347190370314117345e-03
4.549999999999999822e+00 2.074238696910082978e-03
4.600000000000000533e+00 1.831692941125723359e-03
4.650000000000000355e+00 1.616512587172309326e-03
4.700000000000000178e+00 1.425897375106964125e-03
4.750000000000000000e+00 1.257277453160416314e-03
4.800000000000000711e+00 1.108306601064872662e-03
4.850000000000000533e+00 9.768511625899243146e-04
4.900000000000000355e+00 8.609760423761168889e-04
4.950000000000000178e+00 7.589338070868581129e-04
5.000000000000000000e+00 6.691589290228590683e-04
5.050000000000000711e+00 5.902247389571667032e-04
5.100000000000000533e+00 5.208694787428720359e-04
5.150000000000000355e+00 4.599802917557554299e-04
5.200000000000000178e+00 4.065475813516708460e-04
5.250000000000000000e+00 3.596811719075557775e-04
5.300000000000000711e+00 3.185926028589270331e-04
5.350000000000000533e+00 2.825850051627802162e-04
5.400000000000000355e+00 2.510425153856704335e-04
5.450000000000000178e+00 2.234231164159834802e-04
5.500000000000000000e+00 1.992489122748176869e-04
5.550000000000000711e+00 1.780995436339329854e-04
5.600000000000000533e+00 1.596051705657066603e-04
5.650000000000000355e+00 1.434404003124300912e-04
5.700000000000000178e+00 1.293188163290531127e-04
5.750000000000000000e+00 1.169915317655473454e-04
5.800000000000000711e+00 1.062285234327047049e-04
5.850000000000000533e+00 9.683746599026365044e-05
5.900000000000000355e+00 8.864388548239090040e-05
5.950000000000000178e+00 8.149482282817057852e-05
6.000000000000000000e+00 7.525365520289578299e-05
6.050000000000000711e+00 6.979945067946506101e-05
6.100000000000000533e+00 6.502381591348521640e-05
6.150000000000000355e+00 6.083122792588157240e-05
6.200000000000000178e+00 5.713679903708070580e-05
6.250000000000000000e+00 5.386533611119939934e-05
6.300000000000000711e+00 5.094512698146965167e-05
6.350000000000000533e+00 4.832848696618432475e-05
6.400000000000000355e+00 4.596407033871283652e-05
6.450000000000000178e+00 4.379721016711604506e-05
6.500000000000000000e+00 4.179493344226093213e-05
6.550000000000000711e+00 3.992490503657078460e-05
6.600000000000000533e+00 3.815944529430473733e-05
6.650000000000000355e+00 3.647646959176675878e-05
6.700000000000000178e+00 3.485749091739512941e-05
6.750000000000000000e+00 3.328810846721461797e-05
6.800000000000000711e+00 3.175727749485529480e-05
6.850000000000000533e+00 3.025682618097366716e-05
6.900000000000000355e+00 2.878156062047191143e-05
6.950000000000000178e+00 2.732795185068353987e-05
