0.000000000000000000e+00 1.532819219940194030e-02
5.000000000000000278e-02 1.690069570181464836e-02
1.000000000000000056e-01 1.664148456768674983e-02
1.500000000000000222e-01 1.616799817766739061e-02
2.000000000000000111e-01 1.553107199283510972e-02
2.500000000000000000e-01 1.472017270610914870e-02
3.000000000000000444e-01 1.376441562038998971e-02
3.500000000000000333e-01 1.265679737247807010e-02
4.000000000000000222e-01 1.142932794063312649e-02
4.500000000000000111e-01 1.008842448337283343e-02
5.000000000000000000e-01 8.652152432876702992e-03
5.500000000000000444e-01 7.140883393387502040e-03
6.000000000000000888e-01 5.571157636676044543e-03
6.500000000000000222e-01 3.972256066694729998e-03
7.000000000000000666e-01 2.352748414795097567e-03
7.500000000000000000e-01 7.352828234942861878e-04
8.000000000000000444e-01 -8.564744694575719642e-04
8.500000000000000888e-01 -2.412929652083148618e-03
9.000000000000000222e-01 -3.912070724206738979e-03
9.500000000000000666e-01 -5.339209175228915721e-03
1.000000000000000000e+00 -6.684253121163642730e-03
1.050000000000000044e+00 -7.931272084682377058e-03
1.100000000000000089e+00 -9.073432278742380938e-03
1.150000000000000133e+00 -1.009873015284709283e-02
1.200000000000000178e+00 -1.099989322373457444e-02
1.250000000000000000e+00 -1.177696107005725239e-02
1.300000000000000044e+00 -1.242465314546519969e-02
1.350000000000000089e+00 -1.294266006137731809e-02
1.400000000000000133e+00 -1.332930582042894316e-02
1.450000000000000178e+00 -1.358879196552440979e-02
1.500000000000000000e+00 -1.372454418415960768e-02
1.550000000000000044e+00 -1.374096929464633209e-02
1.600000000000000089e+00 -1.364584961933251739e-02
1.650000000000000133e+00 -1.344400250351983350e-02
1.700000000000000178e+00 -1.314762320820355400e-02
1.750000000000000000e+00 -1.275573372057032216e-02
1.800000000000000044e+00 -1.229204970031141930e-02
1.850000000000000089e+00 -1.175454314879779451e-02
1.900000000000000133e+00 -1.115772294005154888e-02
1.950000000000000178e+00 -1.050807671145862626e-02
2.000000000000000000e+00 -9.820132970683737028e-03
2.050000000000000266e+00 -9.098296877590793946e-03
2.100000000000000089e+00 -8.358306177216784025e-03
2.149999999999999911e+00 -7.600729314116684565e-03
2.200000000000000178e+00 -6.840304757508321003e-03
2.250000000000000000e+00 -6.081836672349191265e-03
2.300000000000000266e+00 -5.334079803372021936e-03
2.350000000000000089e+00 -4.599028765846023548e-03
2.400000000000000355e+00 -3.890637016130559303e-03
2.450000000000000178e+00 -3.206900035080902534e-03
2.500000000000000000e+00 -2.555141836525974715e-03
2.550000000000000266e+00 -1.938872030438557612e-03
2.600000000000000089e+00 -1.361177690156055225e-03
2.650000000000000355e+00 -8.235985181059378565e-04
2.700000000000000178e+00 -3.282662645233901891e-04
2.750000000000000000e+00 1.224820399373633230e-04
2.800000000000000266e+00 5.308468643607743270e-04
2.850000000000000089e+00 8.948979960401896383e-04
2.900000000000000355e+00 1.215526341040586156e-03
2.950000000000000178e+00 1.494142371257294825e-03
3.000000000000000000e+00 1.731688821273354552e-03
3.050000000000000266e+00 1.931008311307350024e-03
3.100000000000000089e+00 2.092397790511769072e-03
3.150000000000000355e+00 2.219425155793363150e-03
3.200000000000000178e+00 2.313957491000460508e-03
3.250000000000000000e+00 2.378910210639314290e-03
3.300000000000000266e+00 2.416602885447888087e-03
3.350000000000000089e+00 2.429953659173126126e-03
3.400000000000000355e+00 2.421509322295362782e-03
3.450000000000000178e+00 2.394005195176074786e-03
3.500000000000000000e+00 2.350037750125316596e-03
3.550000000000000266e+00 2.291754955067002494e-03
3.600000000000000089e+00 2.221562620648206282e-03
3.650000000000000355e+00 2.143088022959550951e-03
3.700000000000000178e+00 2.055427689662626348e-03
3.750000000000000000e+00 1.963033928885255051e-03
3.800000000000000266e+00 1.866331588708847883e-03
3.850000000000000089e+00 1.767492747812409283e-03
3.900000000000000355e+00 1.666834376634551088e-03
3.950000000000000178e+00 1.566932912971060344e-03
4.000000000000000000e+00 1.467377279407156227e-03
4.049999999999999822e+00 1.370891212567240235e-03
4.100000000000000533e+00 1.274286891551559484e-03
4.150000000000000355e+00 1.184287381100270929e-03
4.200000000000000178e+00 1.095174038512169556e-03
4.250000000000000000e+00 1.011094079884390477e-03
4.299999999999999822e+00 9.307878614689249269e-04
4.350000000000000533e+00 8.548767129378838240e-04
4.400000000000000355e+00 7.832743325704863771e-04
4.450000000000000178e+00 7.160746591722949020e-04
4.500000000000000000e+00 6.532303794169190851e-04
4.549999999999999822e+00 5.946172742644636544e-04
4.600000000000000533e+00 5.403531437057168497e-04
4.650000000000000355e+00 4.895408682199262973e-04
4.700000000000000178e+00 4.440503671880543547e-04
4.750000000000000000e+00 4.002540790674488842e-04
4.800000000000000711e+00 3.616342242610213207e-04
4.850000000000000533e+00 3.255587114062517677e-04
4.900000000000000355e+00 2.928732350450554398e-04
4.950000000000000178e+00 2.630620087135668111e-04
5.000000000000000000e+00 2.360069902875017438e-04
5.050000000000000711e+00 2.114910196994819122e-04
5.100000000000000533e+00 1.893221954951609541e-04
5.150000000000000355e+00 1.693457525360269819e-04
5.200000000000000178e+00 1.512459062357732653e-04
5.250000000000000000e+00 1.353570723595852953e-04
5.300000000000000711e+00 1.199561375426357024e-04
5.350000000000000533e+00 1.082332198899502477e-04
5.400000000000000355e+00 9.550924518273861026e-05
5.450000000000000178e+00 8.534980128419478347e-05
5.500000000000000000e+00 7.599678205004877939e-05
5.550000000000000711e+00 6.763507232505601777e-05
5.600000000000000533e+00 6.016370843852102178e-05
5.650000000000000355e+00 5.352185576724154597e-05
5.700000000000000178e+00 4.751332776142335959e-05
5.750000000000000000e+00 4.249306215462228412e-05
5.800000000000000711e+00 3.679451374873665454e-05
5.850000000000000533e+00 3.457931913421045424e-05
5.900000000000000355e+00 2.920525858846045118e-05
5.950000000000000178e+00 2.617540768620678051e-05
6.000000000000000000e+00 2.372976864050219139e-05
6.050000000000000711e+00 2.088699560893215662e-05
6.100000000000000533e+00 1.869558203078099955e-05
6.150000000000000355e+00 1.669325187831467448e-05
6.200000000000000178e+00 1.489286735570581012e-05
6.250000000000000000e+00 1.351847574361280719e-05
6.300000000000000711e+00 1.181431478828502021e-05
6.350000000000000533e+00 1.079609240644628773e-05
6.400000000000000355e+00 1.024866372779647953e-05
6.450000000000000178e+00 7.890825242264950837e-06
6.500000000000000000e+00 8.390967341017851019e-06
6.550000000000000711e+00 7.105054305354677793e-06
6.600000000000000533e+00 6.372371289570390824e-06
6.650000000000000355e+00 5.788863205344539971e-06
6.700000000000000178e+00 5.183793528945889797e-06
6.750000000000000000e+00 4.646613274574112354e-06
6.800000000000000711e+00 4.148535523547712225e-06
6.850000000000000533e+00 3.689336263554269479e-06
6.900000000000000355e+00 3.280742112500170063e-06
6.950000000000000178e+00 2.864549235646119951e-06
7.000000000000000000e+00 2.880857379391763642e-06
7.050000000000000711e+00 2.516476057174038413e-06
7.100000000000000533e+00 2.198168145701323736e-06
7.150000000000000355e+00 1.920100892940186561e-06
7.200000000000000178e+00 1.677186074833563533e-06
7.250000000000000000e+00 1.464980134877734387e-06
7.300000000000000711e+00 1.279616231986886881e-06
7.350000000000000533e+00 1.117692481743789847e-06
7.400000000000000355e+00 9.762439906804359463e-07
7.450000000000000178e+00 8.526922613514528067e-07
7.500000000000000000e+00 7.447686018689204626e-07
7.550000000000000711e+00 6.504976006540926433e-07
7.600000000000000533e+00 5.681512945394531000e-07
7.650000000000000355e+00 4.962266842577506756e-07
