0.000000000000000000e+00 0.000000000000000000e+00
5.000000000000000278e-02 -5.825848095296565780e-07
1.000000000000000056e-01 -1.158978317339050615e-06
1.500000000000000222e-01 -1.722940046715335473e-06
2.000000000000000111e-01 -2.268132970010581872e-06
2.500000000000000000e-01 -2.788079685718570591e-06
3.000000000000000444e-01 -3.276123813513651524e-06
3.500000000000000333e-01 -3.725398141461630706e-06
4.000000000000000222e-01 -4.128800890459921757e-06
4.500000000000000111e-01 -4.478981257632921550e-06
5.000000000000000000e-01 -4.768335167989968836e-06
5.500000000000000444e-01 -4.989011907945463364e-06
6.000000000000000888e-01 -5.132932041663795253e-06
6.500000000000000222e-01 -5.191816728375277637e-06
7.000000000000000666e-01 -5.157228272779229233e-06
7.500000000000000000e-01 -5.020621458408328712e-06
8.000000000000000444e-01 -4.773404942228334078e-06
8.500000000000000888e-01 -4.407011734326511624e-06
9.000000000000000222e-01 -3.912977555350669584e-06
9.500000000000000666e-01 -3.283025661815058691e-06
1.000000000000000000e+00 -2.509156560139170073e-06
1.050000000000000044e+00 -1.583740898106916622e-06
1.100000000000000089e+00 -4.996137301365430772e-07
1.150000000000000133e+00 7.498316978670053488e-07
1.200000000000000178e+00 2.170552506503267063e-06
1.250000000000000000e+00 3.767768912222229727e-06
1.300000000000000044e+00 5.545882881843902918e-06
1.350000000000000089e+00 7.508404352909350523e-06
1.400000000000000133e+00 9.657886512098673925e-06
1.450000000000000178e+00 1.199587144427204746e-05
1.500000000000000000e+00 1.452284725843741566e-05
1.550000000000000044e+00 1.723821756935194226e-05
1.600000000000000089e+00 2.014028397015539431e-05
1.650000000000000133e+00 2.322624187828734168e-05
1.700000000000000178e+00 2.649218987992930149e-05
1.750000000000000000e+00 2.993315244324600076e-05
1.800000000000000044e+00 3.354311562347824026e-05
1.850000000000000089e+00 3.731507514881468606e-05
1.900000000000000133e+00 4.124109605982713948e-05
1.950000000000000178e+00 4.531238288138964118e-05
2.000000000000000000e+00 4.951935913804816946e-05
2.050000000000000266e+00 5.385175488465975587e-05
2.100000000000000089e+00 5.829870081587058280e-05
2.149999999999999911e+00 6.284882744196288026e-05
2.200000000000000178e+00 6.749036777522877495e-05
2.250000000000000000e+00 7.221126196003347579e-05
2.300000000000000266e+00 7.699926230003081580e-05
2.350000000000000089e+00 8.184203718583089166e-05
2.400000000000000355e+00 8.672727250342368718e-05
2.450000000000000178e+00 9.164276920490359020e-05
2.500000000000000000e+00 9.657653584518971729e-05
2.550000000000000266e+00 1.015168750278094828e-04
2.600000000000000089e+00 1.064524628555241616e-04
2.650000000000000355e+00 1.113724206436179231e-04
2.700000000000000178e+00 1.162663783210540373e-04
2.750000000000000000e+00 1.211245291135055335e-04
2.800000000000000266e+00 1.259376752688055911e-04
2.850000000000000089e+00 1.306972647461814518e-04
2.900000000000000355e+00 1.353954189426747007e-04
2.950000000000000178e+00 1.400249516707075296e-04
3.000000000000000000e+00 1.445793797276240591e-04
3.050000000000000266e+00 1.490529255094412159e-04
3.100000000000000089e+00 1.534405122157353430e-04
3.150000000000000355e+00 1.577377522697809981e-04
3.200000000000000178e+00 1.619409296374494972e-04
3.250000000000000000e+00 1.660469767700996065e-04
3.300000000000000266e+00 1.700534469213129795e-04
3.350000000000000089e+00 1.739584825957443356e-04
3.400000000000000355e+00 1.777607808818067864e-04
3.450000000000000178e+00 1.814595563998631120e-04
3.500000000000000000e+00 1.850545025657224165e-04
3.550000000000000266e+00 1.885457518273516548e-04
3.600000000000000089e+00 1.919338354826735031e-04
3.650000000000000355e+00 1.952196436300362872e-04
3.700000000000000178e+00 1.984043857422664774e-04
3.750000000000000000e+00 2.014895522919178011e-04
3.800000000000000266e+00 2.044768777910852193e-04
3.850000000000000089e+00 2.073683055454398987e-04
3.900000000000000355e+00 2.101659543603042217e-04
3.950000000000000178e+00 2.128720873777410739e-04
4.000000000000000000e+00 2.154890831686993001e-04
4.049999999999999822e+00 2.180194091539736014e-04
4.100000000000000533e+00 2.204655973825779048e-04
4.150000000000000355e+00 2.228302226564531226e-04
4.200000000000000178e+00 2.251158829563496520e-04
4.250000000000000000e+00 2.273251820952142967e-04
4.299999999999999822e+00 2.294607145023405009e-04
4.350000000000000533e+00 2.315250520235939322e-04
4.400000000000000355e+00 2.335207326098636977e-04
4.450000000000000178e+00 2.354502507570579441e-04
4.500000000000000000e+00 2.373160495559795754e-04
4.549999999999999822e+00 2.391205142087812958e-04
4.600000000000000533e+00 2.408659668698876388e-04
4.650000000000000355e+00 2.425546626727812004e-04
4.700000000000000178e+00 2.441887868094127622e-04
4.750000000000000000e+00 2.457704525357504903e-04
4.800000000000000711e+00 2.473016999847521915e-04
4.850000000000000533e+00 2.487844956764573398e-04
4.900000000000000355e+00 2.502207326236605221e-04
4.950000000000000178e+00 2.516122309405019811e-04
5.000000000000000000e+00 2.529607388700735675e-04
5.050000000000000711e+00 2.542679341556613234e-04
5.100000000000000533e+00 2.555354256883887124e-04
5.150000000000000355e+00 2.567647553717312937e-04
5.200000000000000178e+00 2.579574001505814630e-04
5.250000000000000000e+00 2.591147741592334766e-04
5.300000000000000711e+00 2.602382309488281880e-04
5.350000000000000533e+00 2.613290657604505564e-04
5.400000000000000355e+00 2.623885178152277715e-04
5.450000000000000178e+00 2.634177725974580172e-04
5.500000000000000000e+00 2.644179641110269881e-04
5.550000000000000711e+00 2.653901770931756869e-04
5.600000000000000533e+00 2.663354491730764227e-04
5.650000000000000355e+00 2.672547729657020511e-04
5.700000000000000178e+00 2.681490980941216625e-04
5.750000000000000000e+00 2.690193331356704781e-04
5.800000000000000711e+00 2.698663474894311717e-04
5.850000000000000533e+00 2.706909731641226084e-04
5.900000000000000355e+00 2.714940064868814527e-04
5.950000000000000178e+00 2.722762097345053775e-04
6.000000000000000000e+00 2.730383126895728806e-04
6.050000000000000711e+00 2.737810141244453334e-04
6.100000000000000533e+00 2.745049832165422673e-04
6.150000000000000355e+00 2.752108608984785523e-04
6.200000000000000178e+00 2.758992611466760838e-04
6.250000000000000000e+00 2.765707722119739608e-04
6.300000000000000711e+00 2.772259577955509089e-04
6.350000000000000533e+00 2.778653581732033057e-04
6.400000000000000355e+00 2.784894912707034623e-04
6.450000000000000178e+00 2.790988536926235133e-04
6.500000000000000000e+00 2.796939217066791539e-04
6.550000000000000711e+00 2.802751521853380306e-04
6.600000000000000533e+00 2.808429835061689809e-04
6.650000000000000355e+00 2.813978364121945668e-04
6.700000000000000178e+00 2.819401148333415671e-04
6.750000000000000000e+00 2.824702066699925321e-04
6.800000000000000711e+00 2.829884845395882705e-04
6.850000000000000533e+00 2.834953064872486480e-04
6.900000000000000355e+00 2.839910166614194082e-04
6.950000000000000178e+00 2.844759459556468382e-04
7.000000000000000000e+00 2.849504126176744716e-04
7.050000000000000711e+00 2.854147228271773466e-04
7.100000000000000533e+00 2.858691712435498951e-04
7.150000000000000355e+00 2.863140415252606302e-04
7.200000000000000178e+00 2.867496068223566205e-04
7.250000000000000000e+00 2.871761302437360330e-04
7.300000000000000711e+00 2.875938653008178647e-04
7.350000000000000533e+00 2.880030563292035090e-04
7.400000000000000355e+00 2.884039388898568756e-04
7.450000000000000178e+00 2.887967401512383310e-04
7.500000000000000000e+00 2.891816792536946405e-04
7.550000000000000711e+00 2.895589676572711871e-04
7.600000000000000533e+00 2.899288094739515794e-04
7.650000000000000355e+00 2.902914017851743883e-04
7.700000000000000178e+00 2.906469349453223152e-04
7.750000000000000000e+00 2.909955928717367318e-04
7.800000000000000711e+00 2.913375533216896475e-04
7.850000000000000533e+00 2.916729881566521346e-04
7.900000000000000355e+00 2.920020635941184971e-04
7.950000000000000178e+00 2.923249404472172278e-04
8.000000000000000000e+00 2.926417743523169741e-04
8.050000000000000711e+00 2.929527159848589355e-04
8.099999999999999645e+00 2.932579112636804551e-04
8.150000000000000355e+00 2.935575015441508912e-04
8.200000000000001066e+00 2.938516238005079145e-04
8.250000000000000000e+00 2.941404107978613032e-04
8.300000000000000711e+00 2.944239912543927871e-04
8.349999999999999645e+00 2.947024899943606092e-04
8.400000000000000355e+00 2.949760280925594908e-04
8.450000000000001066e+00 2.952447230109320024e-04
8.500000000000000000e+00 2.955086887280414937e-04
8.550000000000000711e+00 2.957680358621193905e-04
8.599999999999999645e+00 2.960228717883667086e-04
8.650000000000000355e+00 2.962733007511553175e-04
8.700000000000001066e+00 2.965194239717068884e-04
8.750000000000000000e+00 2.967613397517522718e-04
8.800000000000000711e+00 2.969991435735879620e-04
8.849999999999999645e+00 2.972329281968569704e-04
8.900000000000000355e+00 2.974627837522874274e-04
8.950000000000001066e+00 2.976887978325360937e-04
9.000000000000000000e+00 2.979110555802054645e-04
9.050000000000000711e+00 2.981296397730402682e-04
9.099999999999999645e+00 2.983446309062542435e-04
9.150000000000000355e+00 2.985561072719098937e-04
9.200000000000001066e+00 2.987641450352553183e-04
9.250000000000000000e+00 2.989688183079270496e-04
9.300000000000000711e+00 2.991701992179426222e-04
9.349999999999999645e+00 2.993683579764405342e-04
9.400000000000000355e+00 2.995633629411644590e-04
9.450000000000001066e+00 2.997552806767374593e-04
9.500000000000000000e+00 2.999441760118243239e-04
9.550000000000000711e+00 3.001301120933266603e-04
9.600000000000001421e+00 3.003131504378031341e-04
9.650000000000000355e+00 3.004933509803430262e-04
9.700000000000001066e+00 3.006707721211488707e-04
9.750000000000000000e+00 3.008454707701015553e-04
9.800000000000000711e+00 3.010175023895769286e-04
9.850000000000001421e+00 3.011869210357822550e-04
9.900000000000000355e+00 3.013537793988482760e-04
9.950000000000001066e+00 3.015181288418906837e-04
1.000000000000000000e+01 3.016800194392037985e-04
1.005000000000000071e+01 3.018395000137131948e-04
1.010000000000000142e+01 3.019966181737596448e-04
1.015000000000000036e+01 3.021514203492419197e-04
1.020000000000000107e+01 3.023039518271012087e-04
1.025000000000000000e+01 3.024542567860950067e-04
1.030000000000000071e+01 3.026023783307736788e-04
1.035000000000000142e+01 3.027483585245600655e-04
1.040000000000000036e+01 3.028922384218170382e-04
1.045000000000000107e+01 3.030340580987933401e-04
1.050000000000000000e+01 3.031738566833510544e-04
1.055000000000000071e+01 3.033116723833902410e-04
1.060000000000000142e+01 3.034475425139279703e-04
1.065000000000000036e+01 3.035815035228070871e-04
1.070000000000000107e+01 3.037135910150547645e-04
1.075000000000000000e+01 3.038438397759433756e-04
1.080000000000000071e+01 3.039722837928372215e-04
1.085000000000000142e+01 3.040989562759403115e-04
1.090000000000000036e+01 3.042238896780802889e-04
1.095000000000000107e+01 3.043471157136750835e-04
1.100000000000000000e+01 3.044686653770414548e-04
1.105000000000000071e+01 3.045885689601931460e-04
1.110000000000000142e+01 3.047068560702691090e-04
1.115000000000000036e+01 3.048235556467098145e-04
1.120000000000000107e+01 3.049386959782797142e-04
1.125000000000000000e+01 3.050523047199933712e-04
1.130000000000000071e+01 3.051644089099814715e-04
1.135000000000000142e+01 3.052750349862923263e-04
1.140000000000000036e+01 3.053842088035973123e-04
1.145000000000000107e+01 3.054919556497389418e-04
1.150000000000000000e+01 3.055983002620426842e-04
1.155000000000000071e+01 3.057032668432942027e-04
1.160000000000000142e+01 3.058068790772797661e-04
1.165000000000000036e+01 3.059091601437866200e-04
1.170000000000000107e+01 3.060101327329726767e-04
1.175000000000000000e+01 3.061098190590200358e-04
1.180000000000000071e+01 3.062082408730249015e-04
1.185000000000000142e+01 3.063054194750844850e-04
1.190000000000000036e+01 3.064013757255851754e-04
1.195000000000000107e+01 3.064961300557144763e-04
1.200000000000000000e+01 3.065897024772516223e-04
1.205000000000000071e+01 3.066821125917217690e-04
1.210000000000000142e+01 3.067733795990062930e-04
1.215000000000000036e+01 3.068635223055297110e-04
1.220000000000000107e+01 3.069525591321427510e-04
1.225000000000000000e+01 3.070405081218245246e-04
1.230000000000000071e+01 3.071273869473188883e-04
1.235000000000000142e+01 3.072132129188066916e-04
1.240000000000000036e+01 3.072980029916994558e-04
1.245000000000000107e+01 3.073817737746073388e-04
1.250000000000000000e+01 3.074645415375183558e-04
1.255000000000000071e+01 3.075463222201876108e-04
1.260000000000000142e+01 3.076271314407165339e-04
1.265000000000000036e+01 3.077069845042663975e-04
1.270000000000000107e+01 3.077858964118389447e-04
1.275000000000000000e+01 3.078638818690336522e-04
1.280000000000000071e+01 3.079409552946819374e-04
1.285000000000000142e+01 3.080171308292549838e-04
1.290000000000000036e+01 3.080924223429477144e-04
1.295000000000000107e+01 3.081668434433444811e-04
1.300000000000000000e+01 3.082404074825950734e-04
1.305000000000000071e+01 3.083131275640440725e-04
1.310000000000000142e+01 3.083850165482827053e-04
1.315000000000000036e+01 3.084560870586199998e-04
1.320000000000000107e+01 3.085263514859940036e-04
1.325000000000000000e+01 3.085958219933673569e-04
1.330000000000000071e+01 3.086645105196800763e-04
1.335000000000000142e+01 3.087324287834426555e-04
1.340000000000000036e+01 3.087995882860716129e-04
1.345000000000000107e+01 3.088660003150718418e-04
1.350000000000000000e+01 3.089316759471745087e-04
1.355000000000000071e+01 3.089966260515295405e-04
1.360000000000000142e+01 3.090608612930438831e-04
1.365000000000000036e+01 3.091243921359355159e-04
1.370000000000000107e+01 3.091872288475547227e-04
1.375000000000000000e+01 3.092493815025019457e-04
1.380000000000000071e+01 3.093108599870395123e-04
1.385000000000000142e+01 3.093716740037805385e-04
1.390000000000000036e+01 3.094318330766034552e-04
1.395000000000000107e+01 3.094913465557311695e-04
1.400000000000000000e+01 3.095502236228918672e-04
1.405000000000000071e+01 3.096084732964688650e-04
1.410000000000000142e+01 3.096661044365470834e-04
1.415000000000000036e+01 3.097231257497600810e-04
1.420000000000000107e+01 3.097795457938499922e-04
1.425000000000000000e+01 3.098353729818697317e-04
1.430000000000000071e+01 3.098906155859685956e-04
1.435000000000000142e+01 3.099452817407256401e-04
1.440000000000000036e+01 3.099993794460196195e-04
1.445000000000000107e+01 3.100529165694447509e-04
1.450000000000000000e+01 3.101059008483067307e-04
1.455000000000000071e+01 3.101583398912540791e-04
1.460000000000000142e+01 3.102102411796137690e-04
1.465000000000000036e+01 3.102616120685215066e-04
1.470000000000000107e+01 3.103124597879344847e-04
1.475000000000000000e+01 3.103627914436264093e-04
1.480000000000000071e+01 3.104126140182532703e-04
1.485000000000000142e+01 3.104619343725788152e-04
1.490000000000000036e+01 3.105107592469260247e-04
1.495000000000000107e+01 3.105590952629118363e-04
