0.000000000000000000e+00 1.986092467636550729e-02
5.000000000000000278e-02 2.336788868981064943e-02
1.000000000000000056e-01 2.280861975471441122e-02
1.500000000000000222e-01 2.182937452397109776e-02
2.000000000000000111e-01 2.049228750734195109e-02
2.500000000000000000e-01 1.879291054961151897e-02
3.000000000000000444e-01 1.679442558829883844e-02
3.500000000000000333e-01 1.451628823385439811e-02
4.000000000000000222e-01 1.199216818474413589e-02
4.500000000000000111e-01 9.253182810862299601e-03
5.000000000000000000e-01 6.353732127234446025e-03
5.500000000000000444e-01 3.335286503107617873e-03
6.000000000000000888e-01 2.422375338331494163e-04
6.500000000000000222e-01 -2.868878496681354952e-03
7.000000000000000666e-01 -5.958877220152918909e-03
7.500000000000000000e-01 -8.996808342797993352e-03
8.000000000000000444e-01 -1.193222352069881961e-02
8.500000000000000888e-01 -1.472339180381946819e-02
9.000000000000000222e-01 -1.734254226034450883e-02
9.500000000000000666e-01 -1.976115945496790052e-02
1.000000000000000000e+00 -2.195584910776905707e-02
1.050000000000000044e+00 -2.389192135263829703e-02
1.100000000000000089e+00 -2.557445071510590362e-02
1.150000000000000133e+00 -2.697287209812507941e-02
1.200000000000000178e+00 -2.809216536966328837e-02
1.250000000000000000e+00 -2.892710500468354332e-02
1.300000000000000044e+00 -2.948356349283344502e-02
1.350000000000000089e+00 -2.976691907828746958e-02
1.400000000000000133e+00 -2.978462250639309430e-02
1.450000000000000178e+00 -2.954640729518000913e-02
1.500000000000000000e+00 -2.907994844863420053e-02
1.550000000000000044e+00 -2.839324873314223036e-02
1.600000000000000089e+00 -2.751050543282355584e-02
1.650000000000000133e+00 -2.645382145325065118e-02
1.700000000000000178e+00 -2.523913419009943260e-02
1.750000000000000000e+00 -2.389691207562926259e-02
1.800000000000000044e+00 -2.244606569325324763e-02
1.850000000000000089e+00 -2.090682883636884454e-02
1.900000000000000133e+00 -1.930541471436042836e-02
1.950000000000000178e+00 -1.765807789569330891e-02
2.000000000000000000e+00 -1.598689289052564536e-02
2.050000000000000266e+00 -1.431085981923525298e-02
2.100000000000000089e+00 -1.264769377136573843e-02
2.149999999999999911e+00 -1.100687016299348349e-02
2.200000000000000178e+00 -9.414798724617839953e-03
2.250000000000000000e+00 -7.869488863867462811e-03
2.300000000000000266e+00 -6.390721077216469578e-03
2.350000000000000089e+00 -4.984138807083578725e-03
2.400000000000000355e+00 -3.660949906231750813e-03
2.450000000000000178e+00 -2.422543031972855445e-03
2.500000000000000000e+00 -1.279387772866260025e-03
2.550000000000000266e+00 -2.261329106890748333e-04
2.600000000000000089e+00 7.247680487852987009e-04
2.650000000000000355e+00 1.581330639046450671e-03
2.700000000000000178e+00 2.339527497919443623e-03
2.750000000000000000e+00 3.001588028388635539e-03
2.800000000000000266e+00 3.571026896936472725e-03
2.850000000000000089e+00 4.050557170402551213e-03
2.900000000000000355e+00 4.443382673770722435e-03
2.950000000000000178e+00 4.754411425336389427e-03
3.000000000000000000e+00 4.989297105863056345e-03
3.050000000000000266e+00 5.154610985408376866e-03
3.100000000000000089e+00 5.253383040855392344e-03
3.150000000000000355e+00 5.293781499846484523e-03
3.200000000000000178e+00 5.281189063675731724e-03
3.250000000000000000e+00 5.222231912481109690e-03
3.300000000000000266e+00 5.122588804955520610e-03
3.350000000000000089e+00 4.988361771100647060e-03
3.400000000000000355e+00 4.825364286425268441e-03
3.450000000000000178e+00 4.638039453423112475e-03
3.500000000000000000e+00 4.433421401600017020e-03
3.550000000000000266e+00 4.213257261406355529e-03
3.600000000000000089e+00 3.986949935624348011e-03
3.650000000000000355e+00 3.751414700296407459e-03
3.700000000000000178e+00 3.515452906125612117e-03
3.750000000000000000e+00 3.279856892746125119e-03
3.800000000000000266e+00 3.047683367895156863e-03
3.850000000000000089e+00 2.820942117045923628e-03
3.900000000000000355e+00 2.601331658689988099e-03
3.950000000000000178e+00 2.390802306312081200e-03
4.000000000000000000e+00 2.188924408614081885e-03
4.049999999999999822e+00 1.998562907428599877e-03
4.100000000000000533e+00 1.818365453027604535e-03
4.150000000000000355e+00 1.649797935891949381e-03
4.200000000000000178e+00 1.492381840822265635e-03
4.250000000000000000e+00 1.346206780732792834e-03
4.299999999999999822e+00 1.210944425087718320e-03
4.350000000000000533e+00 1.086517055101859875e-03
4.400000000000000355e+00 9.723738590778961775e-04
4.450000000000000178e+00 8.678850299832101311e-04
4.500000000000000000e+00 7.736582284059278364e-04
4.549999999999999822e+00 6.863900774386817076e-04
4.600000000000000533e+00 6.093786332967232686e-04
4.650000000000000355e+00 5.391990283251657523e-04
4.700000000000000178e+00 4.761893749993047925e-04
4.750000000000000000e+00 4.213414010011679164e-04
4.800000000000000711e+00 3.691684701517762481e-04
4.850000000000000533e+00 3.259793205939147008e-04
4.900000000000000355e+00 2.864201065715538943e-04
4.950000000000000178e+00 2.516703498579940914e-04
5.000000000000000000e+00 2.210396770798104811e-04
5.050000000000000711e+00 1.941553448598901566e-04
5.100000000000000533e+00 1.702271630143804588e-04
5.150000000000000355e+00 1.498842678097767186e-04
5.200000000000000178e+00 1.309987442766554790e-04
5.250000000000000000e+00 1.162657936769318331e-04
5.300000000000000711e+00 9.923514219421451365e-05
5.350000000000000533e+00 8.972327449133853474e-05
5.400000000000000355e+00 7.698975270203213637e-05
5.450000000000000178e+00 6.776709609839268829e-05
5.500000000000000000e+00 5.846058122632156768e-05
5.550000000000000711e+00 5.089813998793121965e-05
5.600000000000000533e+00 4.382216054025620704e-05
5.650000000000000355e+00 3.776455551330036461e-05
5.700000000000000178e+00 3.190971613096592449e-05
5.750000000000000000e+00 2.724607523855930271e-05
5.800000000000000711e+00 2.287808026585655641e-05
5.850000000000000533e+00 1.914261069055569843e-05
5.900000000000000355e+00 1.622529334690546012e-05
5.950000000000000178e+00 1.318181046026206266e-05
6.000000000000000000e+00 1.111145131344840922e-05
6.050000000000000711e+00 9.305124080847874225e-06
6.100000000000000533e+00 7.735905982622010824e-06
6.150000000000000355e+00 6.736224383655351107e-06
6.200000000000000178e+00 5.856069792034554114e-06
6.250000000000000000e+00 5.046346962809945786e-06
6.300000000000000711e+00 4.893266428816011207e-06
6.350000000000000533e+00 4.252513229635410203e-06
6.400000000000000355e+00 4.341507620709780541e-06
6.450000000000000178e+00 3.564433666789029467e-06
6.500000000000000000e+00 3.624394155934121542e-06
6.550000000000000711e+00 3.220960560684288091e-06
6.600000000000000533e+00 2.930199162363658400e-06
6.650000000000000355e+00 2.588708146814352294e-06
6.700000000000000178e+00 2.059594143700734451e-06
6.750000000000000000e+00 -3.115481327006886771e-10
6.800000000000000711e+00 -3.065799726966787566e-10
6.850000000000000533e+00 -3.017077349558911905e-10
6.900000000000000355e+00 -2.969820272316242252e-10
6.950000000000000178e+00 -2.922414697226774624e-10
7.000000000000000000e+00 -2.875911520653260509e-10
7.050000000000000711e+00 -2.830799070283423592e-10
7.100000000000000533e+00 -2.785019714489377517e-10
7.150000000000000355e+00 -2.741597209716750097e-10
7.200000000000000178e+00 -2.698487790861959973e-10
7.250000000000000000e+00 -2.656662232247707921e-10
7.300000000000000711e+00 -2.614162785398832573e-10
7.350000000000000533e+00 -2.574344773392191979e-10
7.400000000000000355e+00 -2.533839578192100922e-10
7.450000000000000178e+00 -2.494765437286054235e-10
7.500000000000000000e+00 -2.455706823717634317e-10
7.550000000000000711e+00 -2.417576731141468353e-10
7.600000000000000533e+00 -2.380574751981130907e-10
7.650000000000000355e+00 -2.343785382802725652e-10
