0.000000000000000000e+00 0.000000000000000000e+00
5.000000000000000278e-02 -8.621141593193961604e-10
1.000000000000000056e-01 -6.885550210465428861e-09
1.500000000000000222e-01 -2.317498988943489765e-08
2.000000000000000111e-01 -5.472264761225969007e-08
2.500000000000000000e-01 -1.063540494749624951e-07
3.000000000000000444e-01 -1.826761727132992589e-07
3.500000000000000333e-01 -2.880286434716377056e-07
4.000000000000000222e-01 -4.264386188576979012e-07
4.500000000000000111e-01 -6.015798946590885159e-07
5.000000000000000000e-01 -8.166987483641055418e-07
5.500000000000000444e-01 -1.074726115360749670e-06
6.000000000000000888e-01 -1.378158694793279682e-06
6.500000000000000222e-01 -1.728713815576287860e-06
7.000000000000000666e-01 -2.128005806285420763e-06
7.500000000000000000e-01 -2.576984314599574935e-06
8.000000000000000444e-01 -3.076127855215648664e-06
8.500000000000000888e-01 -3.625419232431254902e-06
9.000000000000000222e-01 -4.224351031762133650e-06
9.500000000000000666e-01 -4.871935627355037732e-06
1.000000000000000000e+00 -5.566719376293523578e-06
1.050000000000000044e+00 -6.306800654210072169e-06
1.100000000000000089e+00 -7.089876001998881558e-06
1.150000000000000133e+00 -7.913080242996782231e-06
1.200000000000000178e+00 -8.773525577486192541e-06
1.250000000000000000e+00 -9.667676433941585701e-06
1.300000000000000044e+00 -1.059171971026972439e-05
1.350000000000000089e+00 -1.154164997371093473e-05
1.400000000000000133e+00 -1.251318608189242853e-05
1.450000000000000178e+00 -1.350184188348962363e-05
1.500000000000000000e+00 -1.450296463943268480e-05
1.550000000000000044e+00 -1.551181036354505033e-05
1.600000000000000089e+00 -1.652344336970797993e-05
1.650000000000000133e+00 -1.753298069575650339e-05
1.700000000000000178e+00 -1.853550350323424816e-05
1.750000000000000000e+00 -1.952612842705830722e-05
1.800000000000000044e+00 -2.050001823853109104e-05
1.850000000000000089e+00 -2.145254787409640911e-05
1.900000000000000133e+00 -2.237914501204293523e-05
1.950000000000000178e+00 -2.327546462450521425e-05
2.000000000000000000e+00 -2.413738955469046265e-05
2.050000000000000266e+00 -2.496106403627168768e-05
2.100000000000000089e+00 -2.574292461118194190e-05
2.149999999999999911e+00 -2.647972804239384978e-05
2.200000000000000178e+00 -2.716857583710996068e-05
2.250000000000000000e+00 -2.780693502654495421e-05
2.300000000000000266e+00 -2.839265489113192286e-05
2.350000000000000089e+00 -2.892397937395708624e-05
2.400000000000000355e+00 -2.939955498940583954e-05
2.450000000000000178e+00 -2.981843410677577935e-05
2.500000000000000000e+00 -3.018007356794442949e-05
2.550000000000000266e+00 -3.048432868169893500e-05
2.600000000000000089e+00 -3.073144272243933734e-05
2.650000000000000355e+00 -3.092203214494118857e-05
2.700000000000000178e+00 -3.105706780699383628e-05
2.750000000000000000e+00 -3.113785256543009564e-05
2.800000000000000266e+00 -3.116599567597477138e-05
2.850000000000000089e+00 -3.114338448144025277e-05
2.900000000000000355e+00 -3.107215391447237747e-05
2.950000000000000178e+00 -3.095465436916246201e-05
3.000000000000000000e+00 -3.079341850975702969e-05
3.050000000000000266e+00 -3.059112758431278318e-05
3.100000000000000089e+00 -3.035057779686454527e-05
3.150000000000000355e+00 -3.007464726438832431e-05
3.200000000000000178e+00 -2.976626404586550742e-05
3.250000000000000000e+00 -2.942837568176278148e-05
3.300000000000000266e+00 -2.906392062518848204e-05
3.350000000000000089e+00 -2.867580188300629103e-05
3.400000000000000355e+00 -2.826686311851037269e-05
3.450000000000000178e+00 -2.783986739911819503e-05
3.500000000000000000e+00 -2.739747870505301663e-05
3.550000000000000266e+00 -2.694224625013128926e-05
3.600000000000000089e+00 -2.647659160526675423e-05
3.650000000000000355e+00 -2.600279856058927675e-05
3.700000000000000178e+00 -2.552300561426363443e-05
3.750000000000000000e+00 -2.503920093594530022e-05
3.800000000000000266e+00 -2.455321962074849787e-05
3.850000000000000089e+00 -2.406674302571239538e-05
3.900000000000000355e+00 -2.358129996481545825e-05
3.950000000000000178e+00 -2.309826953012446112e-05
4.000000000000000000e+00 -2.261888530497101446e-05
4.049999999999999822e+00 -2.214424073926162832e-05
4.100000000000000533e+00 -2.167529546617508773e-05
4.150000000000000355e+00 -2.121288235255900802e-05
4.200000000000000178e+00 -2.075771509128290150e-05
4.250000000000000000e+00 -2.031039616165971788e-05
4.299999999999999822e+00 -1.987142500291855967e-05
4.350000000000000533e+00 -1.944120626482185167e-05
4.400000000000000355e+00 -1.902005801822470279e-05
4.450000000000000178e+00 -1.860821982617613427e-05
4.500000000000000000e+00 -1.820586059270620422e-05
4.549999999999999822e+00 -1.781308612151596220e-05
4.600000000000000533e+00 -1.742994633029625560e-05
4.650000000000000355e+00 -1.705644207836015612e-05
4.700000000000000178e+00 -1.669253157577381175e-05
4.750000000000000000e+00 -1.633813635136320238e-05
4.800000000000000711e+00 -1.599314676503616359e-05
4.850000000000000533e+00 -1.565742705698266844e-05
4.900000000000000355e+00 -1.533081993267453185e-05
4.950000000000000178e+00 -1.501315068833141472e-05
5.000000000000000000e+00 -1.470423088676278471e-05
5.050000000000000711e+00 -1.440386159830506579e-05
5.100000000000000533e+00 -1.411183622597328887e-05
5.150000000000000355e+00 -1.382794293791917770e-05
5.200000000000000178e+00 -1.355196284324288925e-05
5.250000000000000000e+00 -1.328368722075761527e-05
5.300000000000000711e+00 -1.302289576627275685e-05
5.350000000000000533e+00 -1.276937316729085994e-05
5.400000000000000355e+00 -1.252290616846697384e-05
5.450000000000000178e+00 -1.228328428563966515e-05
5.500000000000000000e+00 -1.205030035049449387e-05
5.550000000000000711e+00 -1.182375091757929422e-05
5.600000000000000533e+00 -1.160343656296868129e-05
5.650000000000000355e+00 -1.138916210080566926e-05
5.700000000000000178e+00 -1.118073674036970979e-05
5.750000000000000000e+00 -1.097797420239817154e-05
5.800000000000000711e+00 -1.078069280930216252e-05
5.850000000000000533e+00 -1.058871555985913213e-05
5.900000000000000355e+00 -1.040187019511500069e-05
5.950000000000000178e+00 -1.021998925875802353e-05
6.000000000000000000e+00 -1.004291015227607556e-05
6.050000000000000711e+00 -9.870475182886740746e-06
6.100000000000000533e+00 -9.702531600603795712e-06
6.150000000000000355e+00 -9.538931619897548174e-06
