0.000000000000000000e+00 2.173518008300511645e-02
5.000000000000000278e-02 2.418109427105935572e-02
1.000000000000000056e-01 2.378915275086379913e-02
1.500000000000000222e-01 2.310331457541331401e-02
2.000000000000000111e-01 2.216336670629008923e-02
2.500000000000000000e-01 2.097653977930353034e-02
3.000000000000000444e-01 1.957227298346001648e-02
3.500000000000000333e-01 1.796214377554373673e-02
4.000000000000000222e-01 1.616912614284989752e-02
4.500000000000000111e-01 1.422338691552502143e-02
5.000000000000000000e-01 1.215002947095126552e-02
5.500000000000000444e-01 9.978479155643746323e-03
6.000000000000000888e-01 7.742331059971257860e-03
6.500000000000000222e-01 5.470630083072320488e-03
7.000000000000000666e-01 3.193006905171286419e-03
7.500000000000000000e-01 9.396087671148258512e-04
8.000000000000000444e-01 -1.262001760500725336e-03
8.500000000000000888e-01 -3.383729247237235276e-03
9.000000000000000222e-01 -5.400370157366114754e-03
9.500000000000000666e-01 -7.292522544532869383e-03
1.000000000000000000e+00 -9.040773353693673520e-03
1.050000000000000044e+00 -1.062480008974314369e-02
1.100000000000000089e+00 -1.203726726950794801e-02
1.150000000000000133e+00 -1.326392648821831180e-02
1.200000000000000178e+00 -1.429566278903238348e-02
1.250000000000000000e+00 -1.513594639907584784e-02
1.300000000000000044e+00 -1.577955993161328160e-02
1.350000000000000089e+00 -1.622888104008740270e-02
1.400000000000000133e+00 -1.649074179158342354e-02
1.450000000000000178e+00 -1.657175757668653132e-02
1.500000000000000000e+00 -1.648257106295285962e-02
1.550000000000000044e+00 -1.623413508020064844e-02
1.600000000000000089e+00 -1.584198683682991327e-02
1.650000000000000133e+00 -1.531793779638159284e-02
1.700000000000000178e+00 -1.467901408631201027e-02
1.750000000000000000e+00 -1.394138883825545017e-02
1.800000000000000044e+00 -1.312447326001851475e-02
1.850000000000000089e+00 -1.223758122156397288e-02
1.900000000000000133e+00 -1.130302918489282764e-02
1.950000000000000178e+00 -1.033237226739189621e-02
2.000000000000000000e+00 -9.344991850369447142e-03
2.050000000000000266e+00 -8.348258959237636265e-03
2.100000000000000089e+00 -7.363394058962376316e-03
2.149999999999999911e+00 -6.387268053662346901e-03
2.200000000000000178e+00 -5.448696669185333283e-03
2.250000000000000000e+00 -4.542550020003124391e-03
2.300000000000000266e+00 -3.680720796445451862e-03
2.350000000000000089e+00 -2.869758250514021884e-03
2.400000000000000355e+00 -2.111082031884726432e-03
2.450000000000000178e+00 -1.413920583510015197e-03
2.500000000000000000e+00 -7.718117437224440497e-04
2.550000000000000266e+00 -1.958214396020403921e-04
2.600000000000000089e+00 3.225505509121712492e-04
2.650000000000000355e+00 7.800325654780082248e-04
2.700000000000000178e+00 1.178703468663278237e-03
2.750000000000000000e+00 1.521526006503318975e-03
2.800000000000000266e+00 1.810365413045734746e-03
2.850000000000000089e+00 2.049503955766856546e-03
2.900000000000000355e+00 2.240562183203771360e-03
2.950000000000000178e+00 2.390656555796166587e-03
3.000000000000000000e+00 2.498121752861348632e-03
3.050000000000000266e+00 2.573509171890708998e-03
3.100000000000000089e+00 2.615099155358536001e-03
3.150000000000000355e+00 2.628968641514837102e-03
3.200000000000000178e+00 2.618569394915890199e-03
3.250000000000000000e+00 2.587161437475951013e-03
3.300000000000000266e+00 2.537792230497820569e-03
3.350000000000000089e+00 2.473481258920532180e-03
3.400000000000000355e+00 2.397258806825275194e-03
3.450000000000000178e+00 2.310192452384946752e-03
3.500000000000000000e+00 2.217991269925174980e-03
3.550000000000000266e+00 2.117557617598595909e-03
3.600000000000000089e+00 2.015331764183434828e-03
3.650000000000000355e+00 1.910322297838118423e-03
3.700000000000000178e+00 1.804106109695195184e-03
3.750000000000000000e+00 1.698236541021932219e-03
3.800000000000000266e+00 1.593711525990945720e-03
3.850000000000000089e+00 1.491886665189063547e-03
3.900000000000000355e+00 1.390863063632180900e-03
3.950000000000000178e+00 1.294944747979898851e-03
4.000000000000000000e+00 1.201548715254810440e-03
4.049999999999999822e+00 1.112585329028873945e-03
4.100000000000000533e+00 1.027355349555396976e-03
4.150000000000000355e+00 9.470040450510823190e-04
4.200000000000000178e+00 8.693952889910514870e-04
4.250000000000000000e+00 7.984102452241373772e-04
4.299999999999999822e+00 7.302285319216266207e-04
4.350000000000000533e+00 6.668382454653295956e-04
4.400000000000000355e+00 6.075955447696776640e-04
4.450000000000000178e+00 5.523602249467020027e-04
4.500000000000000000e+00 5.014825778652371412e-04
4.549999999999999822e+00 4.528965763158566862e-04
4.600000000000000533e+00 4.115891211699192784e-04
4.650000000000000355e+00 3.688629739628382430e-04
4.700000000000000178e+00 3.330777273244851810e-04
4.750000000000000000e+00 2.987593459254923021e-04
4.800000000000000711e+00 2.679070076670052769e-04
4.850000000000000533e+00 2.410689582732717588e-04
4.900000000000000355e+00 2.129153132127198833e-04
4.950000000000000178e+00 1.919892162048987593e-04
5.000000000000000000e+00 1.700031345486125996e-04
5.050000000000000711e+00 1.513917235735296395e-04
5.100000000000000533e+00 1.343703619334222002e-04
5.150000000000000355e+00 1.190386583016157280e-04
5.200000000000000178e+00 1.056532518960777401e-04
5.250000000000000000e+00 9.316705187379723386e-05
5.300000000000000711e+00 8.259212902090264292e-05
5.350000000000000533e+00 7.288948014187294252e-05
5.400000000000000355e+00 6.433628744029769428e-05
5.450000000000000178e+00 5.572234593765493200e-05
5.500000000000000000e+00 5.058423215245787708e-05
5.550000000000000711e+00 4.364694451043611901e-05
5.600000000000000533e+00 3.859211746004594096e-05
5.650000000000000355e+00 3.382782563129431625e-05
5.700000000000000178e+00 2.965073495538480240e-05
5.750000000000000000e+00 2.604380346376094132e-05
5.800000000000000711e+00 2.256150117986738550e-05
5.850000000000000533e+00 1.986032320395174721e-05
5.900000000000000355e+00 1.715695754640005383e-05
5.950000000000000178e+00 1.439614207811602199e-05
6.000000000000000000e+00 2.661878388987681376e-04
6.050000000000000711e+00 3.924618578119475615e-06
6.100000000000000533e+00 5.786376017567612628e-08
6.150000000000000355e+00 8.531304374709131912e-10
6.200000000000000178e+00 1.257835954395972671e-11
6.250000000000000000e+00 1.854524275531401598e-13
6.300000000000000711e+00 2.734265344083937843e-15
6.350000000000000533e+00 4.031332279469218152e-17
6.400000000000000355e+00 5.943694729186954134e-19
6.450000000000000178e+00 8.763226465784082774e-21
6.500000000000000000e+00 1.292026314538175719e-22
6.550000000000000711e+00 1.904928499292058011e-24
