0.000000000000000000e+00 1.412982031813811955e-02
5.000000000000000278e-02 1.597191906825788654e-02
1.000000000000000056e-01 1.567761345784795396e-02
1.500000000000000222e-01 1.516013102921362314e-02
2.000000000000000111e-01 1.445831656303594483e-02
2.500000000000000000e-01 1.356456395523037047e-02
3.000000000000000444e-01 1.251872993062459229e-02
3.500000000000000333e-01 1.131736278336825316e-02
4.000000000000000222e-01 9.982233059420354132e-03
4.500000000000000111e-01 8.537667934278103318e-03
5.000000000000000000e-01 6.996435404551387682e-03
5.500000000000000444e-01 5.404013910006064472e-03
6.000000000000000888e-01 3.741674454507922139e-03
6.500000000000000222e-01 2.090246119812102978e-03
7.000000000000000666e-01 4.192273004594771662e-04
7.500000000000000000e-01 -1.211856266020249536e-03
8.000000000000000444e-01 -2.809620373579130390e-03
8.500000000000000888e-01 -4.336051150208602989e-03
9.000000000000000222e-01 -5.780497041420018349e-03
9.500000000000000666e-01 -7.125505384163567137e-03
1.000000000000000000e+00 -8.359753150030506397e-03
1.050000000000000044e+00 -9.471533925428489778e-03
1.100000000000000089e+00 -1.045338437151383491e-02
1.150000000000000133e+00 -1.129795585736679230e-02
1.200000000000000178e+00 -1.199876870235724348e-02
1.250000000000000000e+00 -1.256619912595427491e-02
1.300000000000000044e+00 -1.297385824444251788e-02
1.350000000000000089e+00 -1.327116225721520701e-02
1.400000000000000133e+00 -1.340612255645595545e-02
1.450000000000000178e+00 -1.343815582489502926e-02
1.500000000000000000e+00 -1.333244043530721137e-02
1.550000000000000044e+00 -1.312968160867734879e-02
1.600000000000000089e+00 -1.281848603567410996e-02
1.650000000000000133e+00 -1.242255406377340207e-02
1.700000000000000178e+00 -1.194463672762390537e-02
1.750000000000000000e+00 -1.140300940540648483e-02
1.800000000000000044e+00 -1.080089745267286301e-02
1.850000000000000089e+00 -1.015478220053512605e-02
1.900000000000000133e+00 -9.474229702856346719e-03
1.950000000000000178e+00 -8.768275670890819315e-03
2.000000000000000000e+00 -8.047780915345728939e-03
2.050000000000000266e+00 -7.320967375805786069e-03
2.100000000000000089e+00 -6.595391418056256207e-03
2.149999999999999911e+00 -5.878421760340497154e-03
2.200000000000000178e+00 -5.179029029519102365e-03
2.250000000000000000e+00 -4.498153177569846374e-03
2.300000000000000266e+00 -3.845434399309583234e-03
2.350000000000000089e+00 -3.216823810164501189e-03
2.400000000000000355e+00 -2.630779382692930487e-03
2.450000000000000178e+00 -2.072107029518169274e-03
2.500000000000000000e+00 -1.553664871994138094e-03
2.550000000000000266e+00 -1.072718820510994717e-03
2.600000000000000089e+00 -6.311923835319866978e-04
2.650000000000000355e+00 -2.281114098368720389e-04
2.700000000000000178e+00 1.359113650023918707e-04
2.750000000000000000e+00 4.622849257360221080e-04
2.800000000000000266e+00 7.518942450490641782e-04
2.850000000000000089e+00 1.006163503748215690e-03
2.900000000000000355e+00 1.225934034740239469e-03
2.950000000000000178e+00 1.414600248893124225e-03
3.000000000000000000e+00 1.571841509189085681e-03
3.050000000000000266e+00 1.701395046635024912e-03
3.100000000000000089e+00 1.804596289671238710e-03
3.150000000000000355e+00 1.883841790571153278e-03
3.200000000000000178e+00 1.938777882147204278e-03
3.250000000000000000e+00 1.978354883634310564e-03
3.300000000000000266e+00 1.994458686332172253e-03
3.350000000000000089e+00 1.998409309339599545e-03
3.400000000000000355e+00 1.984928234999150300e-03
3.450000000000000178e+00 1.961659156948885457e-03
3.500000000000000000e+00 1.925520095913679135e-03
3.550000000000000266e+00 1.880385592229057287e-03
3.600000000000000089e+00 1.827999054752664065e-03
3.650000000000000355e+00 1.768574127262663703e-03
3.700000000000000178e+00 1.703699937511703177e-03
3.750000000000000000e+00 1.635180416541511753e-03
3.800000000000000266e+00 1.563168046173695489e-03
3.850000000000000089e+00 1.489250561691597870e-03
3.900000000000000355e+00 1.413663654192950578e-03
3.950000000000000178e+00 1.337624412204252433e-03
4.000000000000000000e+00 1.261533373901266514e-03
4.049999999999999822e+00 1.186149886566952288e-03
4.100000000000000533e+00 1.111730644245231825e-03
4.150000000000000355e+00 1.039124439652709415e-03
4.200000000000000178e+00 9.681272272405888092e-04
4.250000000000000000e+00 8.995995625620677345e-04
4.299999999999999822e+00 8.336050861397034011e-04
4.350000000000000533e+00 7.698288374673728637e-04
4.400000000000000355e+00 7.099006535285692227e-04
4.450000000000000178e+00 6.527866716552963022e-04
4.500000000000000000e+00 5.974699518098389476e-04
4.549999999999999822e+00 5.468569545477519004e-04
4.600000000000000533e+00 4.989725184882029801e-04
4.650000000000000355e+00 4.531138543720817594e-04
4.700000000000000178e+00 4.135966008551728696e-04
4.750000000000000000e+00 3.725208650724512720e-04
4.800000000000000711e+00 3.381825493004900446e-04
4.850000000000000533e+00 3.046272329365390039e-04
4.900000000000000355e+00 2.754434179377662079e-04
4.950000000000000178e+00 2.463844758922122385e-04
5.000000000000000000e+00 2.223402246227338948e-04
5.050000000000000711e+00 1.982090504214329243e-04
5.100000000000000533e+00 1.794803716843091810e-04
5.150000000000000355e+00 1.587236045852924654e-04
5.200000000000000178e+00 1.423997045881417677e-04
5.250000000000000000e+00 1.272276284602284313e-04
5.300000000000000711e+00 1.123032390083719575e-04
5.350000000000000533e+00 1.009865947986370862e-04
5.400000000000000355e+00 8.885459465987922685e-05
5.450000000000000178e+00 7.896445738408984277e-05
5.500000000000000000e+00 6.970444567927584203e-05
5.550000000000000711e+00 6.149211339282927892e-05
5.600000000000000533e+00 5.403906277777604210e-05
5.650000000000000355e+00 4.757716065972168696e-05
5.700000000000000178e+00 4.102541994104588004e-05
5.750000000000000000e+00 3.681165188514505705e-05
5.800000000000000711e+00 3.143888981512494988e-05
5.850000000000000533e+00 2.732119545339494919e-05
5.900000000000000355e+00 2.410744409117530676e-05
5.950000000000000178e+00 1.989940565081723471e-05
6.000000000000000000e+00 1.822249760366378532e-05
6.050000000000000711e+00 1.526945181189578380e-05
6.100000000000000533e+00 1.334264116806893345e-05
6.150000000000000355e+00 1.152436732395508501e-05
6.200000000000000178e+00 1.001302495046187158e-05
6.250000000000000000e+00 8.709404230426374667e-06
6.300000000000000711e+00 7.597500493678927069e-06
6.350000000000000533e+00 6.636759653761661129e-06
6.400000000000000355e+00 5.817076098876211618e-06
6.450000000000000178e+00 5.048502170846398586e-06
6.500000000000000000e+00 4.495123168559365031e-06
6.550000000000000711e+00 3.734438953249054303e-06
6.600000000000000533e+00 3.644386327671674524e-06
6.650000000000000355e+00 2.494396142120713607e-06
6.700000000000000178e+00 2.515481155055331822e-06
6.750000000000000000e+00 1.568607775421399782e-06
6.800000000000000711e+00 1.706006357978995103e-06
6.850000000000000533e+00 1.560426415127580443e-06
6.900000000000000355e+00 6.125115419536396687e-07
6.950000000000000178e+00 -3.494879795617289199e-07
7.000000000000000000e+00 -1.281222973263132352e-08
7.050000000000000711e+00 -1.261940319296930379e-08
7.100000000000000533e+00 -1.242813301601480054e-08
7.150000000000000355e+00 -1.223627733717320414e-08
7.200000000000000178e+00 -1.204533972380126393e-08
7.250000000000000000e+00 -1.185441690579006942e-08
7.300000000000000711e+00 -1.166399248415597444e-08
7.350000000000000533e+00 -1.147528530936797774e-08
7.400000000000000355e+00 -1.128701684513378910e-08
7.450000000000000178e+00 -1.110019157443631569e-08
7.500000000000000000e+00 -1.091430035056426947e-08
7.550000000000000711e+00 -1.072976157346859468e-08
7.600000000000000533e+00 -1.054661515888968588e-08
7.650000000000000355e+00 -1.036542848965674480e-08
