0.000000000000000000e+00 1.447367289094909980e-04
5.000000000000000278e-02 -1.529254943828836340e-03
1.000000000000000056e-01 -3.043299584376542560e-03
1.500000000000000222e-01 -4.522174676873395339e-03
2.000000000000000111e-01 -5.951774466775504487e-03
2.500000000000000000e-01 -7.315627309012821301e-03
3.000000000000000444e-01 -8.599069437804619798e-03
3.500000000000000333e-01 -9.788101820746656842e-03
4.000000000000000222e-01 -1.086993909017684723e-02
4.500000000000000111e-01 -1.183314744973558430e-02
5.000000000000000000e-01 -1.266748533151895728e-02
5.500000000000000444e-01 -1.336466572629587887e-02
6.000000000000000888e-01 -1.391769420093683096e-02
6.500000000000000222e-01 -1.432144638134875796e-02
7.000000000000000666e-01 -1.457298094051461684e-02
7.500000000000000000e-01 -1.467013177845204186e-02
8.000000000000000444e-01 -1.461389864079261879e-02
8.500000000000000888e-01 -1.440657466733970098e-02
9.000000000000000222e-01 -1.405165614521488616e-02
9.500000000000000666e-01 -1.355549496938978499e-02
1.000000000000000000e+00 -1.292521387662171062e-02
1.050000000000000044e+00 -1.217042336891259284e-02
1.100000000000000089e+00 -1.130119374977983648e-02
1.150000000000000133e+00 -1.032959248768417632e-02
1.200000000000000178e+00 -9.268959356052005813e-03
1.250000000000000000e+00 -8.132867500442054337e-03
1.300000000000000044e+00 -6.935477038222373838e-03
1.350000000000000089e+00 -5.693753830286675532e-03
1.400000000000000133e+00 -4.421897244108599807e-03
1.450000000000000178e+00 -3.136397457722759838e-03
1.500000000000000000e+00 -1.853186964069960087e-03
1.550000000000000044e+00 -5.871563989400944202e-04
1.600000000000000089e+00 6.469363011771783311e-04
1.650000000000000133e+00 1.834744217637455932e-03
1.700000000000000178e+00 2.962850818580274256e-03
1.750000000000000000e+00 4.019981755227642305e-03
1.800000000000000044e+00 4.995300384855004897e-03
1.850000000000000089e+00 5.878432445044410454e-03
1.900000000000000133e+00 6.662683091670547862e-03
1.950000000000000178e+00 7.342421486115633007e-03
2.000000000000000000e+00 7.911438411833081330e-03
2.050000000000000266e+00 8.368890296502855611e-03
2.100000000000000089e+00 8.713006051734605018e-03
2.149999999999999911e+00 8.944247375726709082e-03
2.200000000000000178e+00 9.065685247062802918e-03
2.250000000000000000e+00 9.080580720403729281e-03
2.300000000000000266e+00 8.994046422904432292e-03
2.350000000000000089e+00 8.812786177474950938e-03
2.400000000000000355e+00 8.544790525919658541e-03
2.450000000000000178e+00 8.197760038591553680e-03
2.500000000000000000e+00 7.781113605347708684e-03
2.550000000000000266e+00 7.305249009137865582e-03
2.600000000000000089e+00 6.779908409550092045e-03
2.650000000000000355e+00 6.215080198162101742e-03
2.700000000000000178e+00 5.621248764360395854e-03
2.750000000000000000e+00 5.008427941982227655e-03
2.800000000000000266e+00 4.386061120395947678e-03
2.850000000000000089e+00 3.763170379444675910e-03
2.900000000000000355e+00 3.148625662106773436e-03
2.950000000000000178e+00 2.549677635064193267e-03
3.000000000000000000e+00 1.973066316039871673e-03
3.050000000000000266e+00 1.424941349118296003e-03
3.100000000000000089e+00 9.101502022668478886e-04
3.150000000000000355e+00 4.327386089625960639e-04
3.200000000000000178e+00 -4.303118075469683965e-06
3.250000000000000000e+00 -3.989906119846521907e-04
3.300000000000000266e+00 -7.498994142638408392e-04
3.350000000000000089e+00 -1.056875544681676587e-03
3.400000000000000355e+00 -1.320011414209916857e-03
3.450000000000000178e+00 -1.540461406576504582e-03
3.500000000000000000e+00 -1.719798016393505940e-03
3.550000000000000266e+00 -1.860075790612805355e-03
3.600000000000000089e+00 -1.963935463982875544e-03
3.650000000000000355e+00 -2.033919609892421640e-03
3.700000000000000178e+00 -2.073206988682137208e-03
3.750000000000000000e+00 -2.084975580307559580e-03
3.800000000000000266e+00 -2.072368736931286606e-03
3.850000000000000089e+00 -2.038575166817369316e-03
3.900000000000000355e+00 -1.986799098856843315e-03
3.950000000000000178e+00 -1.920051771653766151e-03
4.000000000000000000e+00 -1.841166667303911980e-03
4.049999999999999822e+00 -1.752940578319760060e-03
4.100000000000000533e+00 -1.657683069960762083e-03
4.150000000000000355e+00 -1.557731659024170438e-03
4.200000000000000178e+00 -1.455135164570477667e-03
4.250000000000000000e+00 -1.351575496969458900e-03
4.299999999999999822e+00 -1.248619375431676056e-03
4.350000000000000533e+00 -1.147622873126962493e-03
4.400000000000000355e+00 -1.049586485702103892e-03
4.450000000000000178e+00 -9.554419504511336113e-04
4.500000000000000000e+00 -8.658555575511417673e-04
4.549999999999999822e+00 -7.813239916247653738e-04
4.600000000000000533e+00 -7.022296536945747767e-04
4.650000000000000355e+00 -6.287573878055950074e-04
4.700000000000000178e+00 -5.609977399963901558e-04
4.750000000000000000e+00 -4.989025111310799133e-04
4.800000000000000711e+00 -4.424993357324043405e-04
4.850000000000000533e+00 -3.910346405753008215e-04
4.900000000000000355e+00 -3.463485998719822859e-04
4.950000000000000178e+00 -3.003697738736298205e-04
5.000000000000000000e+00 -2.563420447698056535e-04
5.050000000000000711e+00 -2.284572685080714881e-04
5.100000000000000533e+00 -2.032507814886384031e-04
5.150000000000000355e+00 -1.805038866311084466e-04
5.200000000000000178e+00 -1.600212826131842568e-04
5.250000000000000000e+00 -1.416179803861761818e-04
5.300000000000000711e+00 -1.251133936265779671e-04
5.350000000000000533e+00 -1.103415532204107043e-04
5.400000000000000355e+00 -9.714815797811329659e-05
5.450000000000000178e+00 -8.538664888690274536e-05
5.500000000000000000e+00 -7.492159776366473522e-05
5.550000000000000711e+00 -6.562947978706858631e-05
5.600000000000000533e+00 -5.739260575219291485e-05
5.650000000000000355e+00 -5.010596811825955202e-05
5.700000000000000178e+00 -4.367240499655184323e-05
5.750000000000000000e+00 -3.800147626271097484e-05
5.800000000000000711e+00 -3.301254288935284546e-05
5.850000000000000533e+00 -2.863177672955921857e-05
5.900000000000000355e+00 -2.479116194546180515e-05
5.950000000000000178e+00 -2.143133767747625390e-05
6.000000000000000000e+00 -1.849671712377676716e-05
6.050000000000000711e+00 -1.593797791536304018e-05
6.100000000000000533e+00 -1.371123319258034741e-05
6.150000000000000355e+00 -1.177657570445469829e-05
6.200000000000000178e+00 -1.009863913677011712e-05
6.250000000000000000e+00 -8.646109160666223903e-06
6.300000000000000711e+00 -7.390575704537943824e-06
6.350000000000000533e+00 -6.307379140673439567e-06
6.400000000000000355e+00 -5.374504102811444661e-06
6.450000000000000178e+00 -4.572294827627599125e-06
6.500000000000000000e+00 -3.883710776964638280e-06
6.550000000000000711e+00 -3.293654211101183947e-06
6.600000000000000533e+00 -2.788848203681473934e-06
6.650000000000000355e+00 -2.357749923833344721e-06
6.700000000000000178e+00 -1.990176242418269128e-06
6.750000000000000000e+00 -1.677263231812377381e-06
6.800000000000000711e+00 -1.411374566837044957e-06
6.850000000000000533e+00 -1.185787219328603523e-06
6.900000000000000355e+00 -9.947210725708038304e-07
6.950000000000000178e+00 -8.331463891316406159e-07
7.000000000000000000e+00 -6.967440269007037840e-07
7.050000000000000711e+00 -5.817779315465488276e-07
7.100000000000000533e+00 -4.850340460834988756e-07
7.150000000000000355e+00 -4.037582970329003215e-07
7.200000000000000178e+00 -3.355879829867896659e-07
7.250000000000000000e+00 -2.784994374119956955e-07
7.300000000000000711e+00 -2.307697387650036796e-07
7.350000000000000533e+00 -1.909299391447940025e-07
7.400000000000000355e+00 -1.577269509758600915e-07
7.450000000000000178e+00 -1.300998486080555828e-07
7.500000000000000000e+00 -1.071494604235136975e-07
7.550000000000000711e+00 -8.811394257559081563e-08
7.600000000000000533e+00 -7.235032738599737854e-08
7.650000000000000355e+00 -5.931726715590204881e-08
