0.000000000000000000e+00 -5.318006502667796953e-01
5.000000000000000278e-02 -5.301343862867375911e-01
1.000000000000000056e-01 -5.251606166099902495e-01
1.500000000000000222e-01 -5.169536958226339518e-01
2.000000000000000111e-01 -5.056351997961346934e-01
2.500000000000000000e-01 -4.913704970369630054e-01
3.000000000000000444e-01 -4.743641198161742123e-01
3.500000000000000333e-01 -4.548541106845432891e-01
4.000000000000000222e-01 -4.331055546285280666e-01
4.500000000000000111e-01 -4.094035148959049852e-01
5.000000000000000000e-01 -3.840456382042558570e-01
5.500000000000000444e-01 -3.573346859071938053e-01
6.000000000000000888e-01 -3.295712514544515415e-01
6.500000000000000222e-01 -3.010469096426764968e-01
7.000000000000000666e-01 -2.720380303818434875e-01
7.500000000000000000e-01 -2.428013291424864772e-01
8.000000000000000444e-01 -2.135651689452283675e-01
8.500000000000000888e-01 -1.845351633253532742e-01
9.000000000000000222e-01 -1.558834382188777068e-01
9.500000000000000666e-01 -1.277522863971174150e-01
1.000000000000000000e+00 -1.002537589831983961e-01
1.050000000000000044e+00 -7.347126694141620229e-02
1.100000000000000089e+00 -4.746219683639500697e-02
1.150000000000000133e+00 -2.226138702895604643e-02
1.200000000000000178e+00 2.114715752885015267e-03
1.250000000000000000e+00 2.566342953448480860e-02
1.300000000000000044e+00 4.839095597724971803e-02
1.350000000000000089e+00 7.030746840480139870e-02
1.400000000000000133e+00 9.142239058116692629e-02
1.450000000000000178e+00 1.117400629310163346e-01
1.500000000000000000e+00 1.312559886664086961e-01
1.550000000000000044e+00 1.499538063999524551e-01
1.600000000000000089e+00 1.678031095238007864e-01
1.650000000000000133e+00 1.847581970118531980e-01
1.700000000000000178e+00 2.007577917711813320e-01
1.750000000000000000e+00 2.157257255188438083e-01
1.800000000000000044e+00 2.295725477280958493e-01
1.850000000000000089e+00 2.421979815607505082e-01
1.900000000000000133e+00 2.534941061476075896e-01
1.950000000000000178e+00 2.633491330307729528e-01
2.000000000000000000e+00 2.716516051430769574e-01
2.050000000000000266e+00 2.782948388810745910e-01
2.100000000000000089e+00 2.831814356290051071e-01
2.149999999999999911e+00 2.862276619623324025e-01
2.200000000000000178e+00 2.873675355702201006e-01
2.250000000000000000e+00 2.865567034790993395e-01
2.300000000000000266e+00 2.837741432108425998e-01
2.350000000000000089e+00 2.790271643570919613e-01
2.400000000000000355e+00 2.723500948437092006e-01
2.450000000000000178e+00 2.638064330336348795e-01
2.500000000000000000e+00 2.534882424746423557e-01
2.550000000000000266e+00 2.415150113653276864e-01
2.600000000000000089e+00 2.280320340375762422e-01
2.650000000000000355e+00 2.132071359363400531e-01
2.700000000000000178e+00 1.972276895555755971e-01
2.750000000000000000e+00 1.802978421081794791e-01
2.800000000000000266e+00 1.626315769729013427e-01
2.850000000000000089e+00 1.444509744253834882e-01
2.900000000000000355e+00 1.259802296335861271e-01
2.950000000000000178e+00 1.074413629013931393e-01
3.000000000000000000e+00 8.904983087557634402e-02
3.050000000000000266e+00 7.101043781107535535e-02
3.100000000000000089e+00 5.351366064171497045e-02
3.150000000000000355e+00 3.673247552603881028e-02
3.200000000000000178e+00 2.081975733304131798e-02
3.250000000000000000e+00 5.906298806831317832e-03
3.300000000000000266e+00 -7.900526929494829792e-03
3.350000000000000089e+00 -2.051745925058484632e-02
3.400000000000000355e+00 -3.188541744634990766e-02
3.450000000000000178e+00 -4.196898250450674384e-02
3.500000000000000000e+00 -5.075534876517844018e-02
3.550000000000000266e+00 -5.825281138462765768e-02
3.600000000000000089e+00 -6.448886988374576135e-02
3.650000000000000355e+00 -6.950803592635927675e-02
3.700000000000000178e+00 -7.336942395282593232e-02
3.750000000000000000e+00 -7.614421942348433003e-02
3.800000000000000266e+00 -7.791310316651815782e-02
3.850000000000000089e+00 -7.876371066019549616e-02
3.900000000000000355e+00 -7.878819286750742001e-02
3.950000000000000178e+00 -7.808093715543908131e-02
4.000000000000000000e+00 -7.673649483053825160e-02
4.049999999999999822e+00 -7.484775034137167160e-02
4.100000000000000533e+00 -7.250435484343957515e-02
4.150000000000000355e+00 -6.979143393680027618e-02
4.200000000000000178e+00 -6.678857624752806976e-02
4.250000000000000000e+00 -6.356908554368496944e-02
4.299999999999999822e+00 -6.019948892240339910e-02
4.350000000000000533e+00 -5.673927345361393787e-02
4.400000000000000355e+00 -5.324082607139745543e-02
4.450000000000000178e+00 -4.974954613593778746e-02
4.500000000000000000e+00 -4.630410032989777658e-02
4.549999999999999822e+00 -4.293678785932968783e-02
4.600000000000000533e+00 -3.967398623095452770e-02
4.650000000000000355e+00 -3.653665116929882134e-02
4.700000000000000178e+00 -3.354084450243274146e-02
4.750000000000000000e+00 -3.069827089609282120e-02
4.800000000000000711e+00 -2.801680660511901913e-02
4.850000000000000533e+00 -2.550100502272141176e-02
4.900000000000000355e+00 -2.315257274985530606e-02
4.950000000000000178e+00 -2.097080797584634226e-02
5.000000000000000000e+00 -1.895299930864055224e-02
5.050000000000000711e+00 -1.709478443497895739e-02
5.100000000000000533e+00 -1.539046841440851361e-02
5.150000000000000355e+00 -1.383330766521909810e-02
5.200000000000000178e+00 -1.241570793563150088e-02
5.250000000000000000e+00 -1.112970069179736003e-02
5.300000000000000711e+00 -9.966624513503316574e-03
5.350000000000000533e+00 -8.917809269086203472e-03
5.400000000000000355e+00 -7.974474206128890491e-03
5.450000000000000178e+00 -7.127910080387482583e-03
5.500000000000000000e+00 -6.369598730517855162e-03
5.550000000000000711e+00 -5.691314713347863687e-03
5.600000000000000533e+00 -5.085212242559310723e-03
5.650000000000000355e+00 -4.543898209435028555e-03
5.700000000000000178e+00 -4.060480496424707757e-03
5.750000000000000000e+00 -3.628622598433193808e-03
5.800000000000000711e+00 -3.242553983188107766e-03
5.850000000000000533e+00 -2.897085410520464609e-03
5.900000000000000355e+00 -2.587602122872274465e-03
5.950000000000000178e+00 -2.310044334363800782e-03
