0.000000000000000000e+00 -0.000000000000000000e+00
5.000000000000000278e-02 -2.256680407649733688e-04
1.000000000000000056e-01 -4.449793042090995575e-04
1.500000000000000222e-01 -6.517164725128086035e-04
2.000000000000000111e-01 -8.399379305556660706e-04
2.500000000000000000e-01 -1.004107499318792219e-03
3.000000000000000444e-01 -1.139214919933909153e-03
3.500000000000000333e-01 -1.240884007288003358e-03
4.000000000000000222e-01 -1.305466228560878909e-03
4.500000000000000111e-01 -1.330117598227605709e-03
5.000000000000000000e-01 -1.312857076054367404e-03
5.500000000000000444e-01 -1.252605462202704446e-03
6.000000000000000888e-01 -1.149203912472172590e-03
6.500000000000000222e-01 -1.003411905369009207e-03
7.000000000000000666e-01 -8.168849236158183015e-04
7.500000000000000000e-01 -5.921326092098619072e-04
8.000000000000000444e-01 -3.324586127131699625e-04
8.500000000000000888e-01 -4.188378187443579978e-05
9.000000000000000222e-01 2.749452955675554745e-04
9.500000000000000666e-01 6.128600104949634159e-04
1.000000000000000000e+00 9.662832296385827444e-04
1.050000000000000044e+00 1.329349631855716038e-03
1.100000000000000089e+00 1.696030116977271249e-03
1.150000000000000133e+00 2.060257300973181507e-03
1.200000000000000178e+00 2.416049229004240025e-03
1.250000000000000000e+00 2.757628518511167411e-03
1.300000000000000044e+00 3.079534334609582320e-03
1.350000000000000089e+00 3.376724840591771755e-03
1.400000000000000133e+00 3.644668037620730962e-03
1.450000000000000178e+00 3.879419322059173437e-03
1.500000000000000000e+00 4.077684277355211537e-03
1.550000000000000044e+00 4.236865866081632008e-03
1.600000000000000089e+00 4.355095494079086471e-03
1.650000000000000133e+00 4.431247465972215811e-03
1.700000000000000178e+00 4.464937566906699955e-03
1.750000000000000000e+00 4.456506026247569058e-03
1.800000000000000044e+00 4.406985974679876288e-03
1.850000000000000089e+00 4.318058668689942446e-03
1.900000000000000133e+00 4.191996982866680321e-03
1.950000000000000178e+00 4.031599040039619483e-03
2.000000000000000000e+00 3.840113746296083992e-03
2.050000000000000266e+00 3.621160379519982285e-03
2.100000000000000089e+00 3.378644372957137054e-03
2.149999999999999911e+00 3.116671170191413157e-03
2.200000000000000178e+00 2.839460368299548225e-03
2.250000000000000000e+00 2.551261939678141702e-03
2.300000000000000266e+00 2.256276445259941966e-03
2.350000000000000089e+00 1.958580627398862593e-03
2.400000000000000355e+00 1.662059871135143641e-03
2.450000000000000178e+00 1.370348637639762788e-03
2.500000000000000000e+00 1.086779676377537052e-03
2.550000000000000266e+00 8.143427215422214963e-04
2.600000000000000089e+00 5.556528684509044096e-04
2.650000000000000355e+00 3.129288262162532603e-04
2.700000000000000178e+00 8.798073709369172782e-05
2.750000000000000000e+00 -1.177925832101729041e-04
2.800000000000000266e+00 -3.033978865557653871e-04
2.850000000000000089e+00 -4.682337459406634328e-04
2.900000000000000355e+00 -6.120698621484768750e-04
2.950000000000000178e+00 -7.350202562249728453e-04
3.000000000000000000e+00 -8.375117578123405333e-04
3.050000000000000266e+00 -9.202485059282292448e-04
3.100000000000000089e+00 -9.841738859585535612e-04
3.150000000000000355e+00 -1.030430883140085515e-03
3.200000000000000178e+00 -1.060321946119550246e-03
3.250000000000000000e+00 -1.075269247725556222e-03
3.300000000000000266e+00 -1.076776469353519367e-03
3.350000000000000089e+00 -1.066392403048787262e-03
3.400000000000000355e+00 -1.045677597399871390e-03
3.450000000000000178e+00 -1.016174093104232120e-03
3.500000000000000000e+00 -9.793788725323960935e-04
3.550000000000000266e+00 -9.367212099707768278e-04
3.600000000000000089e+00 -8.895440625366551413e-04
3.650000000000000355e+00 -8.390893978805518587e-04
3.700000000000000178e+00 -7.864875682476420767e-04
3.750000000000000000e+00 -7.327503169990341216e-04
3.800000000000000266e+00 -6.787673165050899741e-04
3.850000000000000089e+00 -6.253058540427495430e-04
3.900000000000000355e+00 -5.730131712006449529e-04
3.950000000000000178e+00 -5.224212514507565021e-04
4.000000000000000000e+00 -4.739534202791076791e-04
4.049999999999999822e+00 -4.279325220053910696e-04
4.100000000000000533e+00 -3.845901271569974176e-04
4.150000000000000355e+00 -3.440764505883072972e-04
4.200000000000000178e+00 -3.064705650312392294e-04
4.250000000000000000e+00 -2.717906639710578748e-04
4.299999999999999822e+00 -2.400040410188988501e-04
4.350000000000000533e+00 -2.110365928960662848e-04
4.400000000000000355e+00 -1.847816136692481399e-04
4.450000000000000178e+00 -1.611078708541665715e-04
4.500000000000000000e+00 -1.398667172123572045e-04
4.549999999999999822e+00 -1.208983124794101521e-04
4.600000000000000533e+00 -1.040369008897668843e-04
4.650000000000000355e+00 -8.911517657403626583e-05
4.700000000000000178e+00 -7.596779308652937799e-05
4.750000000000000000e+00 -6.443403931286595095e-05
4.800000000000000711e+00 -5.435992987213890258e-05
4.850000000000000533e+00 -4.559950395339742665e-05
4.900000000000000355e+00 -3.801575784770275230e-05
4.950000000000000178e+00 -3.148106367851349061e-05
5.000000000000000000e+00 -2.587733913398768018e-05
5.050000000000000711e+00 -2.109590244073723065e-05
5.100000000000000533e+00 -1.703718299704069756e-05
5.150000000000000355e+00 -1.361033141126240622e-05
5.200000000000000178e+00 -1.073276092159845586e-05
5.250000000000000000e+00 -8.329672268518371290e-06
5.300000000000000711e+00 -6.333586751058156989e-06
5.350000000000000533e+00 -4.683904599050814791e-06
5.400000000000000355e+00 -3.326496914644746939e-06
5.450000000000000178e+00 -2.213332200102525259e-06
5.500000000000000000e+00 -1.302133014896672574e-06
5.550000000000000711e+00 -5.560546060225649961e-07
5.600000000000000533e+00 5.662465170193665709e-08
5.650000000000000355e+00 5.628116467641266697e-07
5.700000000000000178e+00 9.849155697431309375e-07
5.750000000000000000e+00 1.341181556764749602e-06
5.800000000000000711e+00 1.646046295634008508e-06
5.850000000000000533e+00 1.910517914628158510e-06
5.900000000000000355e+00 2.142579287444015061e-06
5.950000000000000178e+00 2.347610818546829481e-06
6.000000000000000000e+00 2.528826049979530693e-06
6.050000000000000711e+00 2.687717823059553272e-06
6.100000000000000533e+00 2.824462565294183292e-06
6.150000000000000355e+00 2.938382932072355275e-06
6.200000000000000178e+00 3.028300683013312308e-06
6.250000000000000000e+00 3.092893169615425086e-06
6.300000000000000711e+00 3.130992284443327443e-06
6.350000000000000533e+00 3.141827721293771151e-06
6.400000000000000355e+00 3.125209673131455698e-06
6.450000000000000178e+00 3.081660894158334057e-06
6.500000000000000000e+00 3.012427251697324972e-06
6.550000000000000711e+00 2.919543574659439764e-06
6.600000000000000533e+00 2.805735272059175976e-06
6.650000000000000355e+00 2.674327245482895605e-06
6.700000000000000178e+00 2.529106041095797155e-06
6.750000000000000000e+00 2.374156025988184747e-06
6.800000000000000711e+00 2.213680756570474728e-06
6.850000000000000533e+00 2.051820734984040554e-06
6.900000000000000355e+00 1.892478222125597700e-06
6.950000000000000178e+00 1.739158741637945779e-06
7.000000000000000000e+00 1.594837441997143637e-06
7.050000000000000711e+00 1.461856677340782112e-06
7.100000000000000533e+00 1.341859129637756825e-06
7.150000000000000355e+00 1.235758640395989371e-06
7.200000000000000178e+00 1.143748765627029614e-06
7.250000000000000000e+00 1.065347024400682687e-06
7.300000000000000711e+00 9.994709794699421311e-07
7.350000000000000533e+00 9.445407530035891346e-07
7.400000000000000355e+00 8.985945264840848434e-07
7.450000000000000178e+00 8.594529875315162638e-07
7.500000000000000000e+00 8.248117868273124376e-07
7.550000000000000711e+00 7.924120256654061341e-07
7.600000000000000533e+00 7.601585725338364867e-07
7.650000000000000355e+00 7.262310873636617750e-07
7.700000000000000178e+00 6.891737801984606371e-07
7.750000000000000000e+00 6.479601248759844935e-07
7.800000000000000711e+00 6.020302462497667664e-07
7.850000000000000533e+00 5.512898937937661066e-07
7.900000000000000355e+00 4.961325182842710449e-07
7.950000000000000178e+00 4.373386241085843915e-07
8.000000000000000000e+00 3.760480176785681945e-07
8.050000000000000711e+00 3.136693463263712035e-07
8.099999999999999645e+00 2.517864597889076666e-07
8.150000000000000355e+00 1.920584284064188248e-07
8.200000000000001066e+00 1.361189304127569718e-07
8.250000000000000000e+00 8.548052121528621418e-08
8.300000000000000711e+00 4.144881441316022832e-08
8.349999999999999645e+00 5.050874375836244962e-09
8.400000000000000355e+00 -2.301880818088658004e-08
8.450000000000001066e+00 -4.243245633393803990e-08
8.500000000000000000e+00 -5.324211162994319412e-08
8.550000000000000711e+00 -5.587171865490362207e-08
8.599999999999999645e+00 -5.108932596637638504e-08
8.650000000000000355e+00 -3.996155846365129232e-08
8.700000000000001066e+00 -2.379338288918380418e-08
8.750000000000000000e+00 -4.056863107761308038e-09
8.800000000000000711e+00 1.769227857527524393e-08
8.849999999999999645e+00 3.987221647488457891e-08
8.900000000000000355e+00 6.099081185056650002e-08
8.950000000000001066e+00 7.969201872512970814e-08
9.000000000000000000e+00 9.482599334063385569e-08
9.050000000000000711e+00 1.054995789902131496e-07
9.099999999999999645e+00 1.111118925142402416e-07
9.150000000000000355e+00 1.113736172581036335e-07
9.200000000000001066e+00 1.063095098121690407e-07
9.250000000000000000e+00 9.624452540577978572e-08
9.300000000000000711e+00 8.178503862748814136e-08
9.349999999999999645e+00 6.373684498933730157e-08
9.400000000000000355e+00 4.311061004051442906e-08
9.450000000000001066e+00 2.102433153234418303e-08
9.500000000000000000e+00 -1.351705426532219600e-09
9.550000000000000711e+00 -2.285957722610251979e-08
9.600000000000001421e+00 -4.241553621757652442e-08
9.650000000000000355e+00 -5.906585346251422498e-08
9.700000000000001066e+00 -7.203396497410346363e-08
9.750000000000000000e+00 -8.075673774981979513e-08
9.800000000000000711e+00 -8.490830920473066014e-08
9.850000000000001421e+00 -8.441065093859735597e-08
9.900000000000000355e+00 -7.943072691007643528e-08
9.950000000000001066e+00 -7.036481906448137603e-08
1.000000000000000000e+01 -5.781124427521330541e-08
1.005000000000000071e+01 -4.253325306204896082e-08
1.010000000000000142e+01 -2.541435621300236554e-08
1.015000000000000036e+01 -7.414250040705193688e-09
1.020000000000000107e+01 1.050691843356419489e-08
1.025000000000000000e+01 2.740214739000849544e-08
1.030000000000000071e+01 4.241230219479179616e-08
1.035000000000000142e+01 5.480171842253370968e-08
1.040000000000000036e+01 6.399307574653258412e-08
1.045000000000000107e+01 6.959299481449351280e-08
1.050000000000000000e+01 7.140729423985497465e-08
1.055000000000000071e+01 6.944541470833768509e-08
1.060000000000000142e+01 6.391409546712657334e-08
1.065000000000000036e+01 5.520094497914619916e-08
1.070000000000000107e+01 4.384905412250165207e-08
1.075000000000000000e+01 3.052423230703394903e-08
1.080000000000000071e+01 1.596621244428219795e-08
1.085000000000000142e+01 9.888176646335734061e-10
1.090000000000000036e+01 -1.362416722844401038e-08
1.095000000000000107e+01 -2.712015890992012233e-08
