0.000000000000000000e+00 0.000000000000000000e+00
5.000000000000000278e-02 -1.114352139674476750e-05
1.000000000000000056e-01 -4.432110611700554125e-05
1.500000000000000222e-01 -9.877930162548696769e-05
2.000000000000000111e-01 -1.732804833549097211e-04
2.500000000000000000e-01 -2.661295068931859398e-04
3.000000000000000444e-01 -3.752099569582642504e-04
3.500000000000000333e-01 -4.980289760425151173e-04
4.000000000000000222e-01 -6.317694298430713085e-04
4.500000000000000111e-01 -7.733479856191875779e-04
5.000000000000000000e-01 -9.194775493405002052e-04
5.500000000000000444e-01 -1.066732431688947316e-03
6.000000000000000888e-01 -1.211614593162626619e-03
6.500000000000000222e-01 -1.350619353911496632e-03
7.000000000000000666e-01 -1.480299041491141060e-03
7.500000000000000000e-01 -1.597323184369446895e-03
8.000000000000000444e-01 -1.698534033880020559e-03
8.500000000000000888e-01 -1.780996404041938980e-03
9.000000000000000222e-01 -1.842041047853607786e-03
9.500000000000000666e-01 -1.879301030293954733e-03
1.000000000000000000e+00 -1.890740802143468314e-03
1.050000000000000044e+00 -1.874677914987891384e-03
1.100000000000000089e+00 -1.829797537243026953e-03
1.150000000000000133e+00 -1.755160125724055048e-03
1.200000000000000178e+00 -1.650202770621463696e-03
1.250000000000000000e+00 -1.514734858897843909e-03
1.300000000000000044e+00 -1.348928789128287561e-03
1.350000000000000089e+00 -1.153306518672128026e-03
1.400000000000000133e+00 -9.287227327224562663e-04
1.450000000000000178e+00 -6.763453969933023438e-04
1.500000000000000000e+00 -3.976343959597624907e-04
1.550000000000000044e+00 -9.431887240595765605e-05
1.600000000000000089e+00 2.316262216733066582e-04
1.650000000000000133e+00 5.780039706085266047e-04
1.700000000000000178e+00 9.424194671052212599e-04
1.750000000000000000e+00 1.322303760072248129e-03
1.800000000000000044e+00 1.714937736557875384e-03
1.850000000000000089e+00 2.117475988893809460e-03
1.900000000000000133e+00 2.526970789607878558e-03
1.950000000000000178e+00 2.940396343176348518e-03
2.000000000000000000e+00 3.354673503137961706e-03
2.050000000000000266e+00 3.766695134975794890e-03
2.100000000000000089e+00 4.173352270570635306e-03
2.149999999999999911e+00 4.571561141519271156e-03
2.200000000000000178e+00 4.958291100100838296e-03
2.250000000000000000e+00 5.330593343172981141e-03
2.300000000000000266e+00 5.685630251611988734e-03
2.350000000000000089e+00 6.020705052402593876e-03
2.400000000000000355e+00 6.333291408619814641e-03
2.450000000000000178e+00 6.621062450633838879e-03
2.500000000000000000e+00 6.881918685713350574e-03
2.550000000000000266e+00 7.114014167806916034e-03
2.600000000000000089e+00 7.315780278603569060e-03
2.650000000000000355e+00 7.485946467728673767e-03
2.700000000000000178e+00 7.623557325467404319e-03
2.750000000000000000e+00 7.727985415648078171e-03
2.800000000000000266e+00 7.798939377770337973e-03
2.850000000000000089e+00 7.836466913310640922e-03
2.900000000000000355e+00 7.840952397378442643e-03
2.950000000000000178e+00 7.813108998552633841e-03
3.000000000000000000e+00 7.753965341087487931e-03
3.050000000000000266e+00 7.664846898575611821e-03
3.100000000000000089e+00 7.547352460268138934e-03
3.150000000000000355e+00 7.403326154392647108e-03
3.200000000000000178e+00 7.234825641212479230e-03
3.250000000000000000e+00 7.044087197153089952e-03
3.300000000000000266e+00 6.833488495898125056e-03
3.350000000000000089e+00 6.605509949821145206e-03
3.400000000000000355e+00 6.362695503550602934e-03
3.450000000000000178e+00 6.107613770200586052e-03
3.500000000000000000e+00 5.842820370423642586e-03
3.550000000000000266e+00 5.570822276732624243e-03
3.600000000000000089e+00 5.294044883354017891e-03
3.650000000000000355e+00 5.014802418995048354e-03
3.700000000000000178e+00 4.735272200834904702e-03
3.750000000000000000e+00 4.457473097792869279e-03
3.800000000000000266e+00 4.183248434953105305e-03
3.850000000000000089e+00 3.914253434230264075e-03
3.900000000000000355e+00 3.651947154024747823e-03
3.950000000000000178e+00 3.397588767402070706e-03
4.000000000000000000e+00 3.152237908289168278e-03
4.049999999999999822e+00 2.916758721608844491e-03
4.100000000000000533e+00 2.691827178606644600e-03
4.150000000000000355e+00 2.477941164373885594e-03
4.200000000000000178e+00 2.275432811310310142e-03
4.250000000000000000e+00 2.084482539664944591e-03
4.299999999999999822e+00 1.905134273170477725e-03
4.350000000000000533e+00 1.737311322239548043e-03
4.400000000000000355e+00 1.580832466715514440e-03
4.450000000000000178e+00 1.435427821817388417e-03
4.500000000000000000e+00 1.300754131461685607e-03
4.549999999999999822e+00 1.176409199246346857e-03
4.600000000000000533e+00 1.061945235761501153e-03
4.650000000000000355e+00 9.568809684679026751e-04
4.700000000000000178e+00 8.607124244088173570e-04
4.750000000000000000e+00 7.729223541820810133e-04
4.800000000000000711e+00 6.929883160929515770e-04
4.850000000000000533e+00 6.203894809858350899e-04
4.900000000000000355e+00 5.546122502287628491e-04
4.950000000000000178e+00 4.951548015616421845e-04
5.000000000000000000e+00 4.415306903823585228e-04
5.050000000000000711e+00 3.932716383343054945e-04
5.100000000000000533e+00 3.499296379251659963e-04
5.150000000000000355e+00 3.110784927539051760e-04
5.200000000000000178e+00 2.763148993067151941e-04
5.250000000000000000e+00 2.452591598081888219e-04
5.300000000000000711e+00 2.175555978401415140e-04
5.350000000000000533e+00 1.928727307947932976e-04
5.400000000000000355e+00 1.709032369369491730e-04
5.450000000000000178e+00 1.513637408830710736e-04
5.500000000000000000e+00 1.339944303478365949e-04
5.550000000000000711e+00 1.185585094448435008e-04
5.600000000000000533e+00 1.048414897472457768e-04
5.650000000000000355e+00 9.265031953536746051e-05
5.700000000000000178e+00 8.181235376882717552e-05
5.750000000000000000e+00 7.217417172522529796e-05
5.800000000000000711e+00 6.360025522627686786e-05
5.850000000000000533e+00 5.597154714211131145e-05
5.900000000000000355e+00 4.918391663902266074e-05
5.950000000000000178e+00 4.314656368254344844e-05
6.000000000000000000e+00 3.778039999589281347e-05
6.050000000000000711e+00 3.301644651451417559e-05
6.100000000000000533e+00 2.879428804942800482e-05
6.150000000000000355e+00 2.506062423642959697e-05
6.200000000000000178e+00 2.176795194844483245e-05
6.250000000000000000e+00 1.887340839957133651e-05
6.300000000000000711e+00 1.633779653512453705e-05
6.350000000000000533e+00 1.412480546303616394e-05
6.400000000000000355e+00 1.220042919822915073e-05
6.450000000000000178e+00 1.053257746055009765e-05
6.500000000000000000e+00 9.090863281136227211e-06
6.550000000000000711e+00 7.846544279221236926e-06
6.600000000000000533e+00 6.772588137822533177e-06
6.650000000000000355e+00 5.843828388923129455e-06
6.700000000000000178e+00 5.037174342282693138e-06
6.750000000000000000e+00 4.331838940355054172e-06
6.800000000000000711e+00 3.709550434370859830e-06
6.850000000000000533e+00 3.154717857054388333e-06
6.900000000000000355e+00 2.654525999472444623e-06
6.950000000000000178e+00 2.198942571081330176e-06
7.000000000000000000e+00 1.780627954366736169e-06
7.050000000000000711e+00 1.394745945652415772e-06
7.100000000000000533e+00 1.038681588370306735e-06
7.150000000000000355e+00 7.116791737051354950e-07
7.200000000000000178e+00 4.144192874269239636e-07
7.250000000000000000e+00 1.485580896340931039e-07
7.300000000000000711e+00 -8.374539980880020069e-08
7.350000000000000533e+00 -2.802874818189412037e-07
7.400000000000000355e+00 -4.392379598586500726e-07
7.450000000000000178e+00 -5.594956130188481458e-07
7.500000000000000000e+00 -6.409624646548734462e-07
7.550000000000000711e+00 -6.847237054005199520e-07
7.600000000000000533e+00 -6.931262419604794411e-07
7.650000000000000355e+00 -6.697552937242117488e-07
7.700000000000000178e+00 -6.193148183684835904e-07
7.750000000000000000e+00 -5.474234039263675591e-07
7.800000000000000711e+00 -4.603422507023594161e-07
7.850000000000000533e+00 -3.646556805515315113e-07
7.900000000000000355e+00 -2.669270355595119145e-07
7.950000000000000178e+00 -1.733537402686993003e-07
