0.000000000000000000e+00 -0.000000000000000000e+00
5.000000000000000278e-02 5.836115330891585541e-08
1.000000000000000056e-01 9.311761546653650025e-07
1.500000000000000222e-01 4.692204806381900486e-06
2.000000000000000111e-01 1.473344086271073565e-05
2.500000000000000000e-01 3.567047219081349743e-05
3.000000000000000444e-01 7.321348115563599635e-05
3.500000000000000333e-01 1.340072346182616468e-04
4.000000000000000222e-01 2.254442443067006751e-04
4.500000000000000111e-01 3.554559184763482179e-04
5.000000000000000000e-01 5.322870805233425456e-04
5.500000000000000444e-01 7.642596038404091954e-04
6.000000000000000888e-01 1.059531179356868824e-03
6.500000000000000222e-01 1.425855211068982565e-03
7.000000000000000666e-01 1.870347692858356911e-03
7.500000000000000000e-01 2.399267082324683595e-03
8.000000000000000444e-01 3.017812037657047978e-03
8.500000000000000888e-01 3.729941965370426899e-03
9.000000000000000222e-01 4.538224461014087573e-03
9.500000000000000666e-01 5.443712958456144169e-03
1.000000000000000000e+00 6.445857126468296054e-03
1.050000000000000044e+00 7.542447732804347452e-03
1.100000000000000089e+00 8.729596761678773062e-03
1.150000000000000133e+00 1.000175278160582264e-02
1.200000000000000178e+00 1.135175065991814863e-02
1.250000000000000000e+00 1.277089409031913897e-02
1.300000000000000044e+00 1.424906841377382612e-02
1.350000000000000089e+00 1.577488097817541027e-02
1.400000000000000133e+00 1.733582544757554522e-02
1.450000000000000178e+00 1.891846623925141913e-02
1.500000000000000000e+00 2.050863892372524130e-02
1.550000000000000044e+00 2.209166227435060623e-02
1.600000000000000089e+00 2.365255753467180797e-02
1.650000000000000133e+00 2.517627061195485891e-02
1.700000000000000178e+00 2.664789295188967067e-02
1.750000000000000000e+00 2.805287711649686461e-02
1.800000000000000044e+00 2.937724351565519296e-02
1.850000000000000089e+00 3.060777465509112796e-02
1.900000000000000133e+00 3.173219446132961863e-02
1.950000000000000178e+00 3.273932988196771171e-02
2.000000000000000000e+00 3.361925268117030990e-02
2.050000000000000266e+00 3.436340040609055929e-02
2.100000000000000089e+00 3.496467476668717322e-02
2.149999999999999911e+00 3.541751705906010655e-02
2.200000000000000178e+00 3.571796042217641881e-02
2.250000000000000000e+00 3.586365888536525298e-02
2.300000000000000266e+00 3.585389368960767431e-02
2.350000000000000089e+00 3.568955758764854463e-02
2.400000000000000355e+00 3.537311818857838408e-02
2.450000000000000178e+00 3.490856133686814217e-02
2.500000000000000000e+00 3.430131623167104182e-02
2.550000000000000266e+00 3.355816353051183781e-02
2.600000000000000089e+00 3.268712819788582163e-02
2.650000000000000355e+00 3.169735910875087770e-02
2.700000000000000178e+00 3.059899717918749054e-02
2.750000000000000000e+00 2.940303328177800921e-02
2.800000000000000266e+00 2.812115867209326672e-02
2.850000000000000089e+00 2.676561068476990268e-02
2.900000000000000355e+00 2.534901359380210481e-02
2.950000000000000178e+00 2.388421858841080145e-02
3.000000000000000000e+00 2.238414447823179609e-02
3.050000000000000266e+00 2.086162053747418407e-02
3.100000000000000089e+00 1.932923459794230747e-02
3.150000000000000355e+00 1.779918751194517479e-02
3.200000000000000178e+00 1.628315648475203367e-02
3.250000000000000000e+00 1.479216863306036765e-02
3.300000000000000266e+00 1.333648696844120726e-02
3.350000000000000089e+00 1.192550985215754325e-02
3.400000000000000355e+00 1.056768568165518049e-02
3.450000000000000178e+00 9.270443677733225182e-03
3.500000000000000000e+00 8.040141719840234943e-03
3.550000000000000266e+00 6.882031772061841801e-03
3.600000000000000089e+00 5.800243350897756230e-03
3.650000000000000355e+00 4.797784410774443356e-03
3.700000000000000178e+00 3.876560505276298915e-03
3.750000000000000000e+00 3.037409735903484446e-03
3.800000000000000266e+00 2.280154182903592827e-03
3.850000000000000089e+00 1.603665007406107406e-03
3.900000000000000355e+00 1.005941196880349910e-03
3.950000000000000178e+00 4.841982909322204006e-04
4.000000000000000000e+00 3.496620681098448589e-05
4.049999999999999822e+00 -3.458060594077837484e-04
4.100000000000000533e+00 -6.626424793946644439e-04
4.150000000000000355e+00 -9.204293249787507845e-04
4.200000000000000178e+00 -1.124305529641501369e-03
4.250000000000000000e+00 -1.279556059305179093e-03
4.299999999999999822e+00 -1.391509831812622880e-03
4.350000000000000533e+00 -1.465445122881171500e-03
4.400000000000000355e+00 -1.506503398664016044e-03
4.450000000000000178e+00 -1.519613308458026653e-03
4.500000000000000000e+00 -1.509425879735694018e-03
4.549999999999999822e+00 -1.480261717434767487e-03
4.600000000000000533e+00 -1.436070506273404721e-03
4.650000000000000355e+00 -1.380402930776617647e-03
4.700000000000000178e+00 -1.316395065202860407e-03
4.750000000000000000e+00 -1.246763562046973323e-03
4.800000000000000711e+00 -1.173812233075066831e-03
4.850000000000000533e+00 -1.099447761434881217e-03
4.900000000000000355e+00 -1.025203358274539081e-03
4.950000000000000178e+00 -9.522696487150042943e-04
5.000000000000000000e+00 -8.815301151494990377e-04
5.050000000000000711e+00 -8.136001520261755462e-04
5.100000000000000533e+00 -7.488681708062699255e-04
5.150000000000000355e+00 -6.875365207706434986e-04
5.200000000000000178e+00 -6.296622453189205763e-04
5.250000000000000000e+00 -5.751944660258172292e-04
5.300000000000000711e+00 -5.240092044164343854e-04
5.350000000000000533e+00 -4.759398163994415240e-04
5.400000000000000355e+00 -4.308024348252863863e-04
5.450000000000000178e+00 -3.884166226594295938e-04
5.500000000000000000e+00 -3.486207961407700694e-04
5.550000000000000711e+00 -3.112822135114666640e-04
5.600000000000000533e+00 -2.763023685770556203e-04
5.650000000000000355e+00 -2.436181842475643872e-04
5.700000000000000178e+00 -2.131991025380979292e-04
5.750000000000000000e+00 -1.850416640964153299e-04
5.800000000000000711e+00 -1.591616067812703331e-04
5.850000000000000533e+00 -1.355844961540946241e-04
5.900000000000000355e+00 -1.143362278606735373e-04
5.950000000000000178e+00 -9.543295428836525188e-05
6.000000000000000000e+00 -7.887250723849252782e-05
6.050000000000000711e+00 -6.462690449229604409e-05
6.100000000000000533e+00 -5.263670305753580925e-05
6.150000000000000355e+00 -4.280752908760411730e-05
6.200000000000000178e+00 -3.500883315674758675e-05
6.250000000000000000e+00 -2.907503254536743451e-05
6.300000000000000711e+00 -2.480884188216432403e-05
6.350000000000000533e+00 -2.198618934467123462e-05
6.400000000000000355e+00 -2.036356586951155529e-05
6.450000000000000178e+00 -1.968575440446464737e-05
6.500000000000000000e+00 -1.969475057853260327e-05
6.550000000000000711e+00 -2.013863559451786316e-05
6.600000000000000533e+00 -2.078088639783104441e-05
6.650000000000000355e+00 -2.140789315716648528e-05
6.700000000000000178e+00 -2.183656991697329676e-05
6.750000000000000000e+00 -2.191947402336078039e-05
6.800000000000000711e+00 -2.154903855932927269e-05
6.850000000000000533e+00 -2.065949844723631554e-05
6.900000000000000355e+00 -1.922682689331439525e-05
6.950000000000000178e+00 -1.726723023460403848e-05
7.000000000000000000e+00 -1.483337523066250542e-05
7.050000000000000711e+00 -1.200932239796275054e-05
7.100000000000000533e+00 -8.904142992765492584e-06
7.150000000000000355e+00 -5.644614449550334594e-06
7.200000000000000178e+00 -2.367373576811487055e-06
7.250000000000000000e+00 7.890765281601501876e-07
7.300000000000000711e+00 3.692113440745224063e-06
7.350000000000000533e+00 6.222127992291207392e-06
7.400000000000000355e+00 8.278692762571894449e-06
7.450000000000000178e+00 9.785678273967711032e-06
7.500000000000000000e+00 1.069437649472852384e-05
7.550000000000000711e+00 1.098609516535621958e-05
7.600000000000000533e+00 1.067202462465296925e-05
7.650000000000000355e+00 9.792517613182793196e-06
7.700000000000000178e+00 8.414089840806837880e-06
7.750000000000000000e+00 6.625653269672537953e-06
7.800000000000000711e+00 4.533682710360481618e-06
7.850000000000000533e+00 2.256296212971361844e-06
7.900000000000000355e+00 -8.291736136400678412e-08
7.950000000000000178e+00 -2.361062600365294396e-06
8.000000000000000000e+00 -4.462070967502909983e-06
8.050000000000000711e+00 -6.282351876638394021e-06
8.099999999999999645e+00 -7.735637090934106844e-06
8.150000000000000355e+00 -8.756783661208922032e-06
8.200000000000001066e+00 -9.304589403368309855e-06
8.250000000000000000e+00 -9.363038488096051668e-06
8.300000000000000711e+00 -8.941574420145267032e-06
8.349999999999999645e+00 -8.073792597288635616e-06
8.400000000000000355e+00 -6.815226457666251692e-06
8.450000000000001066e+00 -5.239888931535039569e-06
8.500000000000000000e+00 -3.436035442340028074e-06
8.550000000000000711e+00 -1.501422529391569801e-06
8.599999999999999645e+00 4.621041806527939038e-07
8.650000000000000355e+00 2.353644172577794993e-06
8.700000000000001066e+00 4.078468773188026188e-06
8.750000000000000000e+00 5.552643870272338985e-06
8.800000000000000711e+00 6.707023479601148231e-06
8.849999999999999645e+00 7.490355335887182915e-06
8.900000000000000355e+00 7.871657852274124799e-06
8.950000000000001066e+00 7.840897033212453125e-06
9.000000000000000000e+00 7.409396680343500210e-06
9.050000000000000711e+00 6.608581490056907180e-06
9.099999999999999645e+00 5.487928308141685098e-06
9.150000000000000355e+00 4.112019666773845651e-06
9.200000000000001066e+00 2.556955176435961788e-06
9.250000000000000000e+00 9.061612923756428968e-07
9.300000000000000711e+00 -7.538410433463652228e-07
9.349999999999999645e+00 -2.338159804801678778e-06
9.400000000000000355e+00 -3.767620823380865379e-06
9.450000000000001066e+00 -4.972708066428616548e-06
9.500000000000000000e+00 -5.896877801424045522e-06
9.550000000000000711e+00 -6.499211225281529106e-06
9.600000000000001421e+00 -6.755888342121951822e-06
9.650000000000000355e+00 -6.661388756582406886e-06
9.700000000000001066e+00 -6.228101996928510494e-06
9.750000000000000000e+00 -5.485521903733493874e-06
9.800000000000000711e+00 -4.478110392733608414e-06
9.850000000000001421e+00 -3.263021078998699647e-06
9.900000000000000355e+00 -1.906647998371319478e-06
9.950000000000001066e+00 -4.812476565440847500e-07
1.000000000000000000e+01 9.389693683653699715e-07
1.005000000000000071e+01 2.281544762645387486e-06
1.010000000000000142e+01 3.479596071758362936e-06
1.015000000000000036e+01 4.474887720296394250e-06
1.020000000000000107e+01 5.220745613085653687e-06
1.025000000000000000e+01 5.684167726937115496e-06
1.030000000000000071e+01 5.847204720576863183e-06
1.035000000000000142e+01 5.707628179452832325e-06
1.040000000000000036e+01 5.278639920070865025e-06
1.045000000000000107e+01 4.587946346900697492e-06
1.050000000000000000e+01 3.676079141456163963e-06
1.055000000000000071e+01 2.593948313421228299e-06
1.060000000000000142e+01 1.400234518743019224e-06
1.065000000000000036e+01 1.581604057377490689e-07
1.070000000000000107e+01 -1.067926104347564522e-06
1.075000000000000000e+01 -2.215637650124455403e-06
1.080000000000000071e+01 -3.227828148623378845e-06
1.085000000000000142e+01 -4.055372141129135904e-06
1.090000000000000036e+01 -4.659424496484681298e-06
1.095000000000000107e+01 -5.013374906878197368e-06
1.100000000000000000e+01 -5.103897382492115543e-06
1.105000000000000071e+01 -4.931305852426637113e-06
1.110000000000000142e+01 -4.509352257809515639e-06
1.115000000000000036e+01 -3.864259375584646827e-06
1.120000000000000107e+01 -3.033119539385846867e-06
1.125000000000000000e+01 -2.061938734661827724e-06
1.130000000000000071e+01 -1.002919718284274547e-06
1.135000000000000142e+01 8.816934842468942103e-08
1.140000000000000036e+01 1.154939477759481610e-06
1.145000000000000107e+01 2.143235800039627938e-06
1.150000000000000000e+01 3.003977097062380364e-06
1.155000000000000071e+01 3.695396544145326687e-06
1.160000000000000142e+01 4.185149730220692467e-06
1.165000000000000036e+01 4.451741022882623604e-06
1.170000000000000107e+01 4.485510695917866946e-06
1.175000000000000000e+01 4.288849775179996359e-06
1.180000000000000071e+01 3.875803508174617361e-06
1.185000000000000142e+01 3.271316202864950269e-06
1.190000000000000036e+01 2.509648926176656660e-06
1.195000000000000107e+01 1.632542749153606883e-06
