0.000000000000000000e+00 -0.000000000000000000e+00
5.000000000000000278e-02 -9.919312872579678866e-09
1.000000000000000056e-01 -7.864369498768707053e-08
1.500000000000000222e-01 -2.614448016685742116e-07
2.000000000000000111e-01 -6.066231757387836632e-07
2.500000000000000000e-01 -1.152259566189766968e-06
3.000000000000000444e-01 -1.923243802533494314e-06
3.500000000000000333e-01 -2.928662774749307658e-06
4.000000000000000222e-01 -4.159620038218922447e-06
4.500000000000000111e-01 -5.587548726544797417e-06
5.000000000000000000e-01 -7.163067094991289790e-06
5.500000000000000444e-01 -8.815412454243232271e-06
6.000000000000000888e-01 -1.045247483853692473e-05
6.500000000000000222e-01 -1.196143685413181062e-05
7.000000000000000666e-01 -1.321001115340541438e-05
7.500000000000000000e-01 -1.404825225579277535e-05
8.000000000000000444e-01 -1.431090535775933827e-05
8.500000000000000888e-01 -1.382024168779935470e-05
9.000000000000000222e-01 -1.238931818723110799e-05
9.500000000000000666e-01 -9.825589113668066954e-06
1.000000000000000000e+00 -5.934788807103639636e-06
1.050000000000000044e+00 -5.249985138616550208e-07
1.100000000000000089e+00 6.589194037870764928e-06
1.150000000000000133e+00 1.558253560162734073e-05
1.200000000000000178e+00 2.661504195719299114e-05
1.250000000000000000e+00 3.982811663667310372e-05
1.300000000000000044e+00 5.534093989480484384e-05
1.350000000000000089e+00 7.324720749843504513e-05
1.400000000000000133e+00 9.361229066521174573e-05
1.450000000000000178e+00 1.164708787121444036e-04
1.500000000000000000e+00 1.418251549461166112e-04
1.550000000000000044e+00 1.696435443309188826e-04
1.600000000000000089e+00 1.998600588058034350e-04
1.650000000000000133e+00 2.323742531240740098e-04
1.700000000000000178e+00 2.670517910416898627e-04
1.750000000000000000e+00 3.037256089218677048e-04
1.800000000000000044e+00 3.421976516227730777e-04
1.850000000000000089e+00 3.822411441692668719e-04
1.900000000000000133e+00 4.236033524150356741e-04
1.950000000000000178e+00 4.660087768828488110e-04
2.000000000000000000e+00 5.091627163948587607e-04
2.050000000000000266e+00 5.527551320975642671e-04
2.100000000000000089e+00 5.964647381307687469e-04
2.149999999999999911e+00 6.399632425272929652e-04
2.200000000000000178e+00 6.829196609589742234e-04
2.250000000000000000e+00 7.250046266231719837e-04
2.300000000000000266e+00 7.658946218137091750e-04
2.350000000000000089e+00 8.052760604284158038e-04
2.400000000000000355e+00 8.428491556903473401e-04
2.450000000000000178e+00 8.783315135350490020e-04
2.500000000000000000e+00 9.114613992567332720e-04
2.550000000000000266e+00 9.420006329129065664e-04
2.600000000000000089e+00 9.697370774531959047e-04
2.650000000000000355e+00 9.944866923544788077e-04
2.700000000000000178e+00 1.016095134504546235e-03
2.750000000000000000e+00 1.034438896981554942e-03
2.800000000000000266e+00 1.049425985039800259e-03
2.850000000000000089e+00 1.060996136862943535e-03
2.900000000000000355e+00 1.069120604332127753e-03
2.950000000000000178e+00 1.073801516048128587e-03
3.000000000000000000e+00 1.075070851037135313e-03
3.050000000000000266e+00 1.072989056876561941e-03
3.100000000000000089e+00 1.067643350343022669e-03
3.150000000000000355e+00 1.059145742076344219e-03
3.200000000000000178e+00 1.047630829162216884e-03
3.250000000000000000e+00 1.033253400974806129e-03
3.300000000000000266e+00 1.016185904123239562e-03
3.350000000000000089e+00 9.966158119640575793e-04
3.400000000000000355e+00 9.747429429431573797e-04
3.450000000000000178e+00 9.507767700960516712e-04
3.500000000000000000e+00 9.249337614550216108e-04
3.550000000000000266e+00 8.974347879839682371e-04
3.600000000000000089e+00 8.685026320888547275e-04
3.650000000000000355e+00 8.383596258375592943e-04
3.700000000000000178e+00 8.072254438711422720e-04
3.750000000000000000e+00 7.753150716989529265e-04
3.800000000000000266e+00 7.428369657377650133e-04
3.850000000000000089e+00 7.099914171682882892e-04
3.900000000000000355e+00 6.769691275206691844e-04
3.950000000000000178e+00 6.439499999344847113e-04
4.000000000000000000e+00 6.111021463283069794e-04
4.049999999999999822e+00 5.785811073088593850e-04
4.100000000000000533e+00 5.465292785888513404e-04
4.150000000000000355e+00 5.150755349939407880e-04
4.200000000000000178e+00 4.843350408407265969e-04
4.250000000000000000e+00 4.544092335674403105e-04
4.299999999999999822e+00 4.253859659960688012e-04
4.350000000000000533e+00 3.973397914902341102e-04
4.400000000000000355e+00 3.703323755310794496e-04
4.450000000000000178e+00 3.444130168417128225e-04
4.500000000000000000e+00 3.196192611223547405e-04
4.549999999999999822e+00 2.959775906823793132e-04
4.600000000000000533e+00 2.735041737383539333e-04
4.650000000000000355e+00 2.522056578535305225e-04
4.700000000000000178e+00 2.320799928879172544e-04
4.750000000000000000e+00 2.131172698729945835e-04
4.800000000000000711e+00 1.953005633860457728e-04
4.850000000000000533e+00 1.786067662423533576e-04
4.900000000000000355e+00 1.630074066174439862e-04
4.950000000000000178e+00 1.484694390271279430e-04
5.000000000000000000e+00 1.349560019039892412e-04
5.050000000000000711e+00 1.224271357920982811e-04
5.100000000000000533e+00 1.108404574171458298e-04
5.150000000000000355e+00 1.001517860602264284e-04
5.200000000000000178e+00 9.031571975675821396e-05
5.250000000000000000e+00 8.128615984718376886e-05
5.300000000000000711e+00 7.301678331581231308e-05
5.350000000000000533e+00 6.546146316388458050e-05
5.400000000000000355e+00 5.857463777054997288e-05
5.450000000000000178e+00 5.231163080111276138e-05
5.500000000000000000e+00 4.662892372774609653e-05
5.550000000000000711e+00 4.148438343759884252e-05
5.600000000000000533e+00 3.683744772199786969e-05
5.650000000000000355e+00 3.264927167442340092e-05
5.700000000000000178e+00 2.888283818112192039e-05
5.750000000000000000e+00 2.550303577416164098e-05
5.800000000000000711e+00 2.247670714029968486e-05
5.850000000000000533e+00 1.977267154819594428e-05
5.900000000000000355e+00 1.736172437920847065e-05
5.950000000000000178e+00 1.521661683093755746e-05
6.000000000000000000e+00 1.331201871520509632e-05
6.050000000000000711e+00 1.162446710018791926e-05
6.100000000000000533e+00 1.013230335635217116e-05
6.150000000000000355e+00 8.815600963474255579e-06
6.200000000000000178e+00 7.656086226588221252e-06
6.250000000000000000e+00 6.637053836741326824e-06
6.300000000000000711e+00 5.743279001918642896e-06
6.350000000000000533e+00 4.960927667753101971e-06
6.400000000000000355e+00 4.277466149405179951e-06
6.450000000000000178e+00 3.681571307490843133e-06
6.500000000000000000e+00 3.163042223815942600e-06
6.550000000000000711e+00 2.712714168171872330e-06
6.600000000000000533e+00 2.322375496345618706e-06
6.650000000000000355e+00 1.984687982228767986e-06
6.700000000000000178e+00 1.693110963576198607e-06
6.750000000000000000e+00 1.441829571407668613e-06
6.800000000000000711e+00 1.225687216873569826e-06
6.850000000000000533e+00 1.040122426051848195e-06
6.900000000000000355e+00 8.811100419016346198e-07
6.950000000000000178e+00 7.451067526598891735e-07
7.000000000000000000e+00 6.290008564499175004e-07
7.050000000000000711e+00 5.300661318574227347e-07
7.100000000000000533e+00 4.459196527810545535e-07
7.150000000000000355e+00 3.744833620524574074e-07
7.200000000000000178e+00 3.139492012326977802e-07
7.250000000000000000e+00 2.627475827589924590e-07
7.300000000000000711e+00 2.195189844062626673e-07
7.350000000000000533e+00 1.830884440745164271e-07
7.400000000000000355e+00 1.524427345027718627e-07
7.450000000000000178e+00 1.267100019907934484e-07
7.500000000000000000e+00 1.051416600020729413e-07
7.550000000000000711e+00 8.709633710077535387e-08
7.600000000000000533e+00 7.202568858347084278e-08
7.650000000000000355e+00 5.946189200740956496e-08
7.700000000000000178e+00 4.900665824849533972e-08
7.750000000000000000e+00 4.032160144859233863e-08
7.800000000000000711e+00 3.311982300558959153e-08
7.850000000000000533e+00 2.715857640658052535e-08
7.900000000000000355e+00 2.223289106241926041e-08
7.950000000000000178e+00 1.817004423731611336e-08
8.000000000000000000e+00 1.482478059336254058e-08
8.050000000000000711e+00 1.207518871878780738e-08
8.099999999999999645e+00 9.819153238476333632e-09
8.150000000000000355e+00 7.971309690098443091e-09
8.200000000000001066e+00 6.460437282884985489e-09
8.250000000000000000e+00 5.227231941050527556e-09
8.300000000000000711e+00 4.222408685797177465e-09
8.349999999999999645e+00 3.405088451917123622e-09
8.400000000000000355e+00 2.741429893833757394e-09
8.450000000000001066e+00 2.203471645086594466e-09
8.500000000000000000e+00 1.768154893281800417e-09
8.550000000000000711e+00 1.416500047782673334e-09
8.599999999999999645e+00 1.132914759298500669e-09
8.650000000000000355e+00 9.046136242899452251e-10
8.700000000000001066e+00 7.211326181893922757e-10
8.750000000000000000e+00 5.739236797321581668e-10
8.800000000000000711e+00 4.560169474210217173e-10
8.849999999999999645e+00 3.617399630805797937e-10
8.900000000000000355e+00 2.864847325545110124e-10
8.950000000000001066e+00 2.265148944342216087e-10
9.000000000000000000e+00 1.788064273129731032e-10
9.050000000000000711e+00 1.409163363817002393e-10
9.099999999999999645e+00 1.108746293849256456e-10
9.150000000000000355e+00 8.709563492781850944e-11
9.200000000000001066e+00 6.830534771512970920e-11
9.250000000000000000e+00 5.348202697133307960e-11
9.300000000000000711e+00 4.180772721698580048e-11
9.349999999999999645e+00 3.262883064049742989e-11
9.400000000000000355e+00 2.542397210349428552e-11
9.450000000000001066e+00 1.977802481979740364e-11
9.500000000000000000e+00 1.536104354096371316e-11
9.550000000000000711e+00 1.191125363060357333e-11
9.600000000000001421e+00 9.221335403038009959e-12
9.650000000000000355e+00 7.127387866811060541e-12
9.700000000000001066e+00 5.500065117794768980e-12
9.750000000000000000e+00 4.237471078272057035e-12
9.800000000000000711e+00 3.259475612972996710e-12
9.850000000000001421e+00 2.503176156871716547e-12
9.900000000000000355e+00 1.919280087455858451e-12
9.950000000000001066e+00 1.469227832788554072e-12
1.000000000000000000e+01 1.122908501057573487e-12
1.005000000000000071e+01 8.568495761909579107e-13
1.010000000000000142e+01 6.527851932567112058e-13
1.015000000000000036e+01 4.965261458011437717e-13
1.020000000000000107e+01 3.770687605043282924e-13
1.025000000000000000e+01 2.858947254169229675e-13
1.030000000000000071e+01 2.164209620355837274e-13
1.035000000000000142e+01 1.635689300670262744e-13
1.040000000000000036e+01 1.234272428206785200e-13
1.045000000000000107e+01 9.298871818021040853e-14
1.050000000000000000e+01 6.994541550093637449e-14
1.055000000000000071e+01 5.252891000629523491e-14
1.060000000000000142e+01 3.938657476499019652e-14
1.065000000000000036e+01 2.948553582401894481e-14
1.070000000000000107e+01 2.203849542301631331e-14
1.075000000000000000e+01 1.644624238845934987e-14
1.080000000000000071e+01 1.225359967947360754e-14
1.085000000000000142e+01 9.115328613959333910e-15
1.090000000000000036e+01 6.770110052181313869e-15
1.095000000000000107e+01 5.020348652084141980e-15
1.100000000000000000e+01 3.716914256394558472e-15
1.105000000000000071e+01 2.747596283042683248e-15
1.110000000000000142e+01 2.027830796173976403e-15
1.115000000000000036e+01 1.494277449131136728e-15
1.120000000000000107e+01 1.099357550068435486e-15
1.125000000000000000e+01 8.075726177811705842e-16
1.130000000000000071e+01 5.922740508439340642e-16
1.135000000000000142e+01 4.337139840580430085e-16
1.140000000000000036e+01 3.170939760398315448e-16
1.145000000000000107e+01 2.314478436172824729e-16
1.150000000000000000e+01 1.687024767106643066e-16
1.155000000000000071e+01 1.227593932213324966e-16
1.160000000000000142e+01 8.915416180998110472e-17
1.165000000000000036e+01 6.463924036073151278e-17
1.170000000000000107e+01 4.688243996894273255e-17
1.175000000000000000e+01 3.386009595293398172e-17
1.180000000000000071e+01 2.444454341692788298e-17
1.185000000000000142e+01 1.763436506242269524e-17
1.190000000000000036e+01 1.269074881669574619e-17
1.195000000000000107e+01 9.145045976469315489e-18
