0.000000000000000000e+00 2.230005417305913618e-02
5.000000000000000278e-02 2.588348171765613576e-02
1.000000000000000056e-01 2.531920601670979362e-02
1.500000000000000222e-01 2.431092873611864769e-02
2.000000000000000111e-01 2.294413179939360989e-02
2.500000000000000000e-01 2.122003756582086301e-02
3.000000000000000444e-01 1.917795023538187288e-02
3.500000000000000333e-01 1.685603319154932792e-02
4.000000000000000222e-01 1.427831623125361792e-02
4.500000000000000111e-01 1.149255952077377421e-02
5.000000000000000000e-01 8.540011070419054398e-03
5.500000000000000444e-01 5.472522154539766030e-03
6.000000000000000888e-01 2.334234776188694616e-03
6.500000000000000222e-01 -8.274583629332670897e-04
7.000000000000000666e-01 -3.972226299491595294e-03
7.500000000000000000e-01 -7.047428927358241092e-03
8.000000000000000444e-01 -1.001903204351900153e-02
8.500000000000000888e-01 -1.284919064425813114e-02
9.000000000000000222e-01 -1.549882793728518150e-02
9.500000000000000666e-01 -1.794501036213629400e-02
1.000000000000000000e+00 -2.015938207035675167e-02
1.050000000000000044e+00 -2.212560660591088649e-02
1.100000000000000089e+00 -2.382440052268460645e-02
1.150000000000000133e+00 -2.524658008015363483e-02
1.200000000000000178e+00 -2.638754551499552375e-02
1.250000000000000000e+00 -2.724583105153913568e-02
1.300000000000000044e+00 -2.783046932138947410e-02
1.350000000000000089e+00 -2.814321094623497416e-02
1.400000000000000133e+00 -2.819330010291903540e-02
1.450000000000000178e+00 -2.799777129986754168e-02
1.500000000000000000e+00 -2.757380186710653783e-02
1.550000000000000044e+00 -2.693807319155042471e-02
1.600000000000000089e+00 -2.611450613004762111e-02
1.650000000000000133e+00 -2.511844245045957019e-02
1.700000000000000178e+00 -2.397621311746817377e-02
1.750000000000000000e+00 -2.270701204307307153e-02
1.800000000000000044e+00 -2.133588824489253757e-02
1.850000000000000089e+00 -1.988325753863550566e-02
1.900000000000000133e+00 -1.836839668146582685e-02
1.950000000000000178e+00 -1.681149650129086168e-02
2.000000000000000000e+00 -1.523493543068484349e-02
2.050000000000000266e+00 -1.364988686981837354e-02
2.100000000000000089e+00 -1.208005820726751160e-02
2.149999999999999911e+00 -1.053496494320313101e-02
2.200000000000000178e+00 -9.023357042547950485e-03
2.250000000000000000e+00 -7.570078471429633228e-03
2.300000000000000266e+00 -6.172104526755817222e-03
2.350000000000000089e+00 -4.842891272194602137e-03
2.400000000000000355e+00 -3.591344028258768376e-03
2.450000000000000178e+00 -2.420156700165348139e-03
2.500000000000000000e+00 -1.334702244599433266e-03
2.550000000000000266e+00 -3.375303465044291558e-04
2.600000000000000089e+00 5.666388986476653469e-04
2.650000000000000355e+00 1.382272314537386733e-03
2.700000000000000178e+00 2.105797111880898173e-03
2.750000000000000000e+00 2.739279021427629916e-03
2.800000000000000266e+00 3.285530160382917498e-03
2.850000000000000089e+00 3.747964127885689781e-03
2.900000000000000355e+00 4.127709887493825197e-03
2.950000000000000178e+00 4.431238259578806037e-03
3.000000000000000000e+00 4.662785249730392635e-03
3.050000000000000266e+00 4.827479041719751757e-03
3.100000000000000089e+00 4.929538587047068744e-03
3.150000000000000355e+00 4.976165016925578402e-03
3.200000000000000178e+00 4.971743479284746262e-03
3.250000000000000000e+00 4.922967827722191450e-03
3.300000000000000266e+00 4.835697761719672493e-03
3.350000000000000089e+00 4.713448253097166779e-03
3.400000000000000355e+00 4.565032956538063284e-03
3.450000000000000178e+00 4.392234566578995594e-03
3.500000000000000000e+00 4.201439964013166557e-03
3.550000000000000266e+00 3.999606001818308693e-03
3.600000000000000089e+00 3.784375445650485243e-03
3.650000000000000355e+00 3.563699185839997070e-03
3.700000000000000178e+00 3.345727519662853710e-03
3.750000000000000000e+00 3.120464724562007925e-03
3.800000000000000266e+00 2.903004124033008952e-03
3.850000000000000089e+00 2.688335437229557277e-03
3.900000000000000355e+00 2.480817354878237218e-03
3.950000000000000178e+00 2.280635457401667798e-03
4.000000000000000000e+00 2.089964575534286606e-03
4.049999999999999822e+00 1.908936626082884070e-03
4.100000000000000533e+00 1.736680433351407270e-03
4.150000000000000355e+00 1.576558018217789729e-03
4.200000000000000178e+00 1.426330099123347076e-03
4.250000000000000000e+00 1.286568106477046450e-03
4.299999999999999822e+00 1.157383564122291091e-03
4.350000000000000533e+00 1.038185907936809999e-03
4.400000000000000355e+00 9.290305397931273657e-04
4.450000000000000178e+00 8.284122857708389005e-04
4.500000000000000000e+00 7.382905917199751632e-04
4.549999999999999822e+00 6.563262562033461266e-04
4.600000000000000533e+00 5.800004150466901622e-04
4.650000000000000355e+00 5.144598727307020392e-04
4.700000000000000178e+00 4.539046138990525067e-04
4.750000000000000000e+00 4.005694369013712347e-04
4.800000000000000711e+00 3.527040105268763165e-04
4.850000000000000533e+00 3.110391862718597409e-04
4.900000000000000355e+00 2.730961875814757046e-04
4.950000000000000178e+00 2.406727906332462529e-04
5.000000000000000000e+00 2.116890292427666678e-04
5.050000000000000711e+00 1.864539708275058955e-04
5.100000000000000533e+00 1.639398329143188589e-04
5.150000000000000355e+00 1.448526625586147177e-04
5.200000000000000178e+00 1.275040649326718875e-04
5.250000000000000000e+00 1.121641806355350320e-04
5.300000000000000711e+00 9.900171357369349752e-05
5.350000000000000533e+00 8.671650813149472709e-05
5.400000000000000355e+00 7.662661886247882183e-05
5.450000000000000178e+00 6.684688202649732109e-05
5.500000000000000000e+00 5.812087052046175165e-05
5.550000000000000711e+00 5.056514421109434775e-05
5.600000000000000533e+00 4.359480718278767433e-05
5.650000000000000355e+00 3.729679517670412870e-05
5.700000000000000178e+00 3.196000089584251504e-05
5.750000000000000000e+00 2.659810803318865896e-05
5.800000000000000711e+00 2.247706392955861932e-05
5.850000000000000533e+00 1.858321955174773834e-05
5.900000000000000355e+00 1.568733554710334142e-05
5.950000000000000178e+00 1.273161067377267559e-05
6.000000000000000000e+00 3.617568389110089352e-05
6.050000000000000711e+00 2.001955459987838067e-05
6.100000000000000533e+00 1.107877502563326307e-05
6.150000000000000355e+00 6.130925467801114639e-06
6.200000000000000178e+00 3.392803238503255771e-06
6.250000000000000000e+00 1.877547808282677146e-06
6.300000000000000711e+00 1.039011759628440543e-06
6.350000000000000533e+00 5.749743164928470788e-07
6.400000000000000355e+00 3.181823947784024301e-07
6.450000000000000178e+00 1.760763948901585654e-07
6.500000000000000000e+00 9.743721003300262215e-08
6.550000000000000711e+00 5.391979845790129723e-08
