0.000000000000000000e+00 -0.000000000000000000e+00
5.000000000000000278e-02 -3.416494501524011358e-10
1.000000000000000056e-01 -1.091374126985446922e-08
1.500000000000000222e-01 -8.263555218439703682e-08
2.000000000000000111e-01 -3.468085103568704007e-07
2.500000000000000000e-01 -1.052830492746182210e-06
3.000000000000000444e-01 -2.602971925074616842e-06
3.500000000000000333e-01 -5.583291698993901401e-06
4.000000000000000222e-01 -1.078982173703763366e-05
4.500000000000000111e-01 -1.924921433999777506e-05
5.000000000000000000e-01 -3.223312710333358988e-05
5.500000000000000444e-01 -5.126571691705741500e-05
6.000000000000000888e-01 -7.812372782850568649e-05
6.500000000000000222e-01 -1.148287874104485630e-04
7.000000000000000666e-01 -1.636316722748235844e-04
7.500000000000000000e-01 -2.269884644115723927e-04
8.000000000000000444e-01 -3.075286943088966179e-04
8.500000000000000888e-01 -4.080157517637725056e-04
9.000000000000000222e-01 -5.313000375891631854e-04
9.500000000000000666e-01 -6.802655249979507046e-04
1.000000000000000000e+00 -8.577705935581129201e-04
1.050000000000000044e+00 -1.066584185981979795e-03
1.100000000000000089e+00 -1.309318512947838789e-03
1.150000000000000133e+00 -1.588359687754951205e-03
1.200000000000000178e+00 -1.905797804983561236e-03
1.250000000000000000e+00 -2.263358079802527470e-03
1.300000000000000044e+00 -2.662334731944665175e-03
1.350000000000000089e+00 -3.103529326172904928e-03
1.400000000000000133e+00 -3.587195265748189133e-03
1.450000000000000178e+00 -4.112990074586071222e-03
1.500000000000000000e+00 -4.679936996372447214e-03
1.550000000000000044e+00 -5.286397285261922561e-03
1.600000000000000089e+00 -5.930054364789789229e-03
1.650000000000000133e+00 -6.607910792720018793e-03
1.700000000000000178e+00 -7.316298694664596404e-03
1.750000000000000000e+00 -8.050904024794382913e-03
1.800000000000000044e+00 -8.806804685424534512e-03
1.850000000000000089e+00 -9.578522197351821421e-03
1.900000000000000133e+00 -1.036008626898956078e-02
1.950000000000000178e+00 -1.114511127452063460e-02
2.000000000000000000e+00 -1.192688332956909347e-02
2.050000000000000266e+00 -1.269845635719452255e-02
2.100000000000000089e+00 -1.345275527673314882e-02
2.149999999999999911e+00 -1.418268423167415478e-02
2.200000000000000178e+00 -1.488123760771656312e-02
2.250000000000000000e+00 -1.554161148429168519e-02
2.300000000000000266e+00 -1.615731311635581688e-02
2.350000000000000089e+00 -1.672226606048855119e-02
2.400000000000000355e+00 -1.723090864062715166e-02
2.450000000000000178e+00 -1.767828359246051764e-02
2.500000000000000000e+00 -1.806011692794313311e-02
2.550000000000000266e+00 -1.837288431703257979e-02
2.600000000000000089e+00 -1.861386358535023836e-02
2.650000000000000355e+00 -1.878117226528697864e-02
2.700000000000000178e+00 -1.887378950420160253e-02
2.750000000000000000e+00 -1.889156201601839211e-02
2.800000000000000266e+00 -1.883519415044986045e-02
2.850000000000000089e+00 -1.870622253587534214e-02
2.900000000000000355e+00 -1.850697611648845567e-02
2.950000000000000178e+00 -1.824052274122937509e-02
3.000000000000000000e+00 -1.791060376177584096e-02
3.050000000000000266e+00 -1.752155835132355663e-02
3.100000000000000089e+00 -1.707823945844442678e-02
3.150000000000000355e+00 -1.658592345614520736e-02
3.200000000000000178e+00 -1.605021563242820665e-02
3.250000000000000000e+00 -1.547695369422073808e-02
3.300000000000000266e+00 -1.487211142248458240e-02
3.350000000000000089e+00 -1.424170452551874050e-02
3.400000000000000355e+00 -1.359170059454173352e-02
3.450000000000000178e+00 -1.292793487672866046e-02
3.500000000000000000e+00 -1.225603335340931868e-02
3.550000000000000266e+00 -1.158134435351405346e-02
3.600000000000000089e+00 -1.090887965365531370e-02
3.650000000000000355e+00 -1.024326572584845219e-02
3.700000000000000178e+00 -9.588705501187141586e-03
3.750000000000000000e+00 -8.948950731835332573e-03
3.800000000000000266e+00 -8.327284762874751986e-03
3.850000000000000089e+00 -7.726515277337037656e-03
3.900000000000000355e+00 -7.148976358497519459e-03
3.950000000000000178e+00 -6.596539028251174192e-03
4.000000000000000000e+00 -6.070629272737877551e-03
4.049999999999999822e+00 -5.572252458461861985e-03
4.100000000000000533e+00 -5.102022974601554302e-03
4.150000000000000355e+00 -4.660197909248836416e-03
4.200000000000000178e+00 -4.246713576854387225e-03
4.250000000000000000e+00 -3.861223757929045045e-03
4.299999999999999822e+00 -3.503138585830220531e-03
4.350000000000000533e+00 -3.171663114269534720e-03
4.400000000000000355e+00 -2.865834717515485658e-03
4.450000000000000178e+00 -2.584558607368456565e-03
4.500000000000000000e+00 -2.326640891053277649e-03
4.549999999999999822e+00 -2.090818736600588180e-03
4.600000000000000533e+00 -1.875787351863166712e-03
4.650000000000000355e+00 -1.680223615398445097e-03
4.700000000000000178e+00 -1.502806318117538148e-03
4.750000000000000000e+00 -1.342233080739292173e-03
4.800000000000000711e+00 -1.197234101451049963e-03
4.850000000000000533e+00 -1.066582959413631604e-03
4.900000000000000355e+00 -9.491047523708575490e-04
4.950000000000000178e+00 -8.436818809630962975e-04
5.000000000000000000e+00 -7.492578094518880308e-04
5.050000000000000711e+00 -6.648391341038879018e-04
5.100000000000000533e+00 -5.894962786029061619e-04
5.150000000000000355e+00 -5.223631130420019466e-04
5.200000000000000178e+00 -4.626357619708251182e-04
5.250000000000000000e+00 -4.095708303618861268e-04
5.300000000000000711e+00 -3.624832368566257082e-04
5.350000000000000533e+00 -3.207438036996539902e-04
5.400000000000000355e+00 -2.837767145104892557e-04
5.450000000000000178e+00 -2.510569162465004270e-04
5.500000000000000000e+00 -2.221075117255214742e-04
5.550000000000000711e+00 -1.964971648020807406e-04
5.600000000000000533e+00 -1.738375221822937796e-04
5.650000000000000355e+00 -1.537806439522618022e-04
5.700000000000000178e+00 -1.360164288391967720e-04
5.750000000000000000e+00 -1.202700193621011410e-04
5.800000000000000711e+00 -1.062991754530809985e-04
5.850000000000000533e+00 -9.389161176900120672e-05
5.900000000000000355e+00 -8.286230260927054817e-05
5.950000000000000178e+00 -7.305076794728974389e-05
6.000000000000000000e+00 -6.431836347572030964e-05
6.050000000000000711e+00 -5.654560579539460330e-05
6.100000000000000533e+00 -4.962957016002803186e-05
6.150000000000000355e+00 -4.348140195559464902e-05
6.200000000000000178e+00 -3.802398401032223155e-05
6.250000000000000000e+00 -3.318979980398525822e-05
6.300000000000000711e+00 -2.891902780586288302e-05
6.350000000000000533e+00 -2.515789485537560724e-05
6.400000000000000355e+00 -2.185730721144665481e-05
6.450000000000000178e+00 -1.897176726411402083e-05
6.500000000000000000e+00 -1.645857262810538157e-05
6.550000000000000711e+00 -1.427728315177410601e-05
6.600000000000000533e+00 -1.238943097978126608e-05
6.650000000000000355e+00 -1.075843983936369432e-05
6.700000000000000178e+00 -9.349712704245024560e-06
6.750000000000000000e+00 -8.130842316414095685e-06
6.800000000000000711e+00 -7.071896945280673087e-06
6.850000000000000533e+00 -6.145734300585747631e-06
6.900000000000000355e+00 -5.328299589511445665e-06
6.950000000000000178e+00 -4.598869066126021078e-06
7.000000000000000000e+00 -3.940207677158776101e-06
7.050000000000000711e+00 -3.338618072420464205e-06
7.100000000000000533e+00 -2.783867761887749805e-06
7.150000000000000355e+00 -2.268990971202379642e-06
7.200000000000000178e+00 -1.789971184415977126e-06
7.250000000000000000e+00 -1.345318918036553784e-06
7.300000000000000711e+00 -9.355664666205728631e-07
7.350000000000000533e+00 -5.627068188337863966e-07
7.400000000000000355e+00 -2.296074035521986507e-07
7.450000000000000178e+00 6.056934182039645844e-08
7.500000000000000000e+00 3.049073810218282219e-07
7.550000000000000711e+00 5.012120517825610889e-07
7.600000000000000533e+00 6.483947160726900438e-07
7.650000000000000355e+00 7.467491289246244473e-07
7.700000000000000178e+00 7.981084724474113331e-07
7.750000000000000000e+00 8.058794212039620178e-07
7.800000000000000711e+00 7.749570585929439949e-07
7.850000000000000533e+00 7.115314854814933970e-07
7.900000000000000355e+00 6.228031283157753745e-07
7.950000000000000178e+00 5.166287071024492795e-07
8.000000000000000000e+00 4.011232929867507789e-07
8.050000000000000711e+00 2.842456994611784003e-07
8.099999999999999645e+00 1.733945467340105810e-07
8.150000000000000355e+00 7.504075912963877906e-08
8.200000000000001066e+00 -5.580853764894958750e-09
8.250000000000000000e+00 -6.470268503921127529e-08
8.300000000000000711e+00 -1.001652304304658474e-07
8.349999999999999645e+00 -1.114609606651169601e-07
8.400000000000000355e+00 -9.968058372730076426e-08
8.450000000000001066e+00 -6.736722072486530683e-08
8.500000000000000000e+00 -1.828960367015370692e-08
8.550000000000000711e+00 4.284986138356498205e-08
8.599999999999999645e+00 1.107527031665222508e-07
8.650000000000000355e+00 1.798858905501696027e-07
8.700000000000001066e+00 2.448445579023870541e-07
8.750000000000000000e+00 3.006937999200914361e-07
8.800000000000000711e+00 3.432692662331906191e-07
8.849999999999999645e+00 3.694193681952331193e-07
8.900000000000000355e+00 3.771759706615950804e-07
8.950000000000001066e+00 3.658452032761890948e-07
9.000000000000000000e+00 3.360151764429771993e-07
9.050000000000000711e+00 2.894825986001814701e-07
9.099999999999999645e+00 2.291052410809175999e-07
9.150000000000000355e+00 1.585915862619538083e-07
9.200000000000001066e+00 8.224256822771351711e-08
9.250000000000000000e+00 4.662873776224240554e-09
9.300000000000000711e+00 -6.953931606951915017e-08
9.349999999999999645e+00 -1.360450551312958897e-07
9.400000000000000355e+00 -1.910917196273752162e-07
9.450000000000001066e+00 -2.316984137507603245e-07
9.500000000000000000e+00 -2.558366634962724331e-07
9.550000000000000711e+00 -2.625371092129307044e-07
9.600000000000001421e+00 -2.519271275528378781e-07
9.650000000000000355e+00 -2.251987412543599083e-07
9.700000000000001066e+00 -1.845105315376109610e-07
9.750000000000000000e+00 -1.328312855083734336e-07
9.800000000000000711e+00 -7.373654970454563293e-08
9.850000000000001421e+00 -1.117192229071447156e-08
9.900000000000000355e+00 5.080134530477257932e-08
9.950000000000001066e+00 1.082621367868096564e-07
1.000000000000000000e+01 1.576706486095735369e-07
1.005000000000000071e+01 1.960802422153604005e-07
1.010000000000000142e+01 2.213074261496140710e-07
1.015000000000000036e+01 2.320503216018544065e-07
1.020000000000000107e+01 2.279493952548944770e-07
1.025000000000000000e+01 2.095879808657613394e-07
1.030000000000000071e+01 1.784339169457920998e-07
1.035000000000000142e+01 1.367272650276906841e-07
1.040000000000000036e+01 8.732231935878818626e-08
1.045000000000000107e+01 3.349478222594979721e-08
1.050000000000000000e+01 -2.127309288560921741e-08
1.055000000000000071e+01 -7.351549856888372552e-08
1.060000000000000142e+01 -1.200001175522137234e-07
1.065000000000000036e+01 -1.579257986772123333e-07
1.070000000000000107e+01 -1.850889480924903008e-07
1.075000000000000000e+01 -2.000089257445666507e-07
1.080000000000000071e+01 -2.020055005491647076e-07
1.085000000000000142e+01 -1.912245538082277340e-07
1.090000000000000036e+01 -1.686115270879080764e-07
1.095000000000000107e+01 -1.358353787260298634e-07
1.100000000000000000e+01 -9.516884045732691737e-08
1.105000000000000071e+01 -4.933336918283879585e-08
1.110000000000000142e+01 -1.319215835268723349e-09
1.115000000000000036e+01 4.580763051844021693e-08
1.120000000000000107e+01 8.909928839984770803e-08
1.125000000000000000e+01 1.259084876437256488e-07
1.130000000000000071e+01 1.540485537579065242e-07
1.135000000000000142e+01 1.719213267384443684e-07
1.140000000000000036e+01 1.786056612513809483e-07
1.145000000000000107e+01 1.739017622840527648e-07
1.150000000000000000e+01 1.583294613891478397e-07
1.155000000000000071e+01 1.330814512892857799e-07
1.160000000000000142e+01 9.993528847216248934e-08
1.165000000000000036e+01 6.113047317300820070e-08
1.170000000000000107e+01 1.921897386999634090e-08
1.175000000000000000e+01 -2.310094027835365153e-08
1.180000000000000071e+01 -6.315684320717581563e-08
1.185000000000000142e+01 -9.846938814844949658e-08
1.190000000000000036e+01 -1.269042665400211387e-07
1.195000000000000107e+01 -1.467996709603312918e-07
1.200000000000000000e+01 -1.570617477643972493e-07
1.205000000000000071e+01 -1.572226662224111953e-07
1.210000000000000142e+01 -1.474583673064020228e-07
1.215000000000000036e+01 -1.285656296091085579e-07
1.220000000000000107e+01 -1.019006391714786251e-07
1.225000000000000000e+01 -6.928361594232074575e-08
1.230000000000000071e+01 -3.287608803898989698e-08
1.235000000000000142e+01 4.961005185414852553e-09
1.240000000000000036e+01 4.181914997508895983e-08
1.245000000000000107e+01 7.539434859334129727e-08
1.250000000000000000e+01 1.036299351208811155e-07
1.255000000000000071e+01 1.248413385451406189e-07
1.260000000000000142e+01 1.378153002122927112e-07
1.265000000000000036e+01 1.418777830511846147e-07
1.270000000000000107e+01 1.369268697954646488e-07
1.275000000000000000e+01 1.234292024974539576e-07
1.280000000000000071e+01 1.023808217118743694e-07
1.285000000000000142e+01 7.523547618712457771e-08
1.290000000000000036e+01 4.380545612899477387e-08
1.295000000000000107e+01 1.014163550846664888e-08
1.300000000000000000e+01 -2.359940462738489450e-08
1.305000000000000071e+01 -5.529262558590473380e-08
1.310000000000000142e+01 -8.297747840118005862e-08
1.315000000000000036e+01 -1.049782902540554973e-07
1.320000000000000107e+01 -1.200047563468346966e-07
1.325000000000000000e+01 -1.272265719409279628e-07
1.330000000000000071e+01 -1.263179577838215612e-07
1.335000000000000142e+01 -1.174697877045685177e-07
1.340000000000000036e+01 -1.013690936163976473e-07
1.345000000000000107e+01 -7.914776965417712173e-08
1.350000000000000000e+01 -5.230419616605783740e-08
1.355000000000000071e+01 -2.260313941635682369e-08
1.360000000000000142e+01 8.039443636368712043e-09
1.365000000000000036e+01 3.767922807360238796e-08
1.370000000000000107e+01 6.446614654811498368e-08
1.375000000000000000e+01 8.675913106109621014e-08
1.380000000000000071e+01 1.032259013575951937e-07
1.385000000000000142e+01 1.129217799213188114e-07
1.390000000000000036e+01 1.153429233283155434e-07
1.395000000000000107e+01 1.104510356859360376e-07
1.400000000000000000e+01 9.866846326615983363e-08
1.405000000000000071e+01 8.084444287441913158e-08
1.410000000000000142e+01 5.819507227038333504e-08
1.415000000000000036e+01 3.222117803801464508e-08
1.420000000000000107e+01 4.609576803263929310e-09
1.425000000000000000e+01 -2.287581825500887471e-08
1.430000000000000071e+01 -4.850605650699455739e-08
1.435000000000000142e+01 -7.069529434073122528e-08
1.440000000000000036e+01 -8.809829853225702303e-08
1.445000000000000107e+01 -9.969135176275361089e-08
1.450000000000000000e+01 -1.048317348222263796e-07
1.455000000000000071e+01 -1.032923765374048942e-07
1.460000000000000142e+01 -9.526987117541283458e-08
1.465000000000000036e+01 -8.136576051735531489e-08
1.470000000000000107e+01 -6.254265618344350279e-08
1.475000000000000000e+01 -4.005833249045689226e-08
1.480000000000000071e+01 -1.538225543888538709e-08
1.485000000000000142e+01 9.899950956482263130e-09
1.490000000000000036e+01 3.418792421434306744e-08
1.495000000000000107e+01 5.596741383401243300e-08
