0.000000000000000000e+00 -1.376408913483062602e-01
5.000000000000000278e-02 -1.460600101327047540e-01
1.000000000000000056e-01 -1.447350855788279989e-01
1.500000000000000222e-01 -1.423273674255822185e-01
2.000000000000000111e-01 -1.388430107398687940e-01
2.500000000000000000e-01 -1.341078170485898724e-01
3.000000000000000444e-01 -1.280910201476144761e-01
3.500000000000000333e-01 -1.206864036853030897e-01
4.000000000000000222e-01 -1.115680824945472910e-01
4.500000000000000111e-01 -1.007182045787564512e-01
5.000000000000000000e-01 -8.795281236650964729e-02
5.500000000000000444e-01 -7.335885902484610976e-02
6.000000000000000888e-01 -5.677303574451683654e-02
6.500000000000000222e-01 -3.829664558996341561e-02
7.000000000000000666e-01 -1.803322270130583785e-02
7.500000000000000000e-01 3.928305049856231114e-03
8.000000000000000444e-01 2.733643248077573251e-02
8.500000000000000888e-01 5.189961798554117850e-02
9.000000000000000222e-01 7.730500515171158382e-02
9.500000000000000666e-01 1.032033489849068508e-01
1.000000000000000000e+00 1.291367477083971149e-01
1.050000000000000044e+00 1.547195372936459312e-01
1.100000000000000089e+00 1.794494897850166804e-01
1.150000000000000133e+00 2.028826797583620500e-01
1.200000000000000178e+00 2.246201766144381162e-01
1.250000000000000000e+00 2.442156593968687339e-01
1.300000000000000044e+00 2.613165825031585343e-01
1.350000000000000089e+00 2.756250008895647086e-01
1.400000000000000133e+00 2.868383148691414641e-01
1.450000000000000178e+00 2.947658249776018424e-01
1.500000000000000000e+00 2.993379232584124638e-01
1.550000000000000044e+00 3.004625880968799234e-01
1.600000000000000089e+00 2.982131148925251107e-01
1.650000000000000133e+00 2.926182487212362626e-01
1.700000000000000178e+00 2.839155459638667001e-01
1.750000000000000000e+00 2.723024999877330377e-01
1.800000000000000044e+00 2.580852810208713044e-01
1.850000000000000089e+00 2.415642189203624779e-01
1.900000000000000133e+00 2.231098745114164505e-01
1.950000000000000178e+00 2.030959844225828093e-01
2.000000000000000000e+00 1.819281236122479439e-01
2.050000000000000266e+00 1.600127871013742598e-01
2.100000000000000089e+00 1.377232526122774137e-01
2.149999999999999911e+00 1.154304085495981153e-01
2.200000000000000178e+00 9.349536930356559805e-02
2.250000000000000000e+00 7.222913559775508141e-02
2.300000000000000266e+00 5.189515068713145690e-02
2.350000000000000089e+00 3.275244519485031452e-02
2.400000000000000355e+00 1.499542470043407558e-02
2.450000000000000178e+00 -1.234160844540767819e-03
2.500000000000000000e+00 -1.582103878255176552e-02
2.550000000000000266e+00 -2.869724747129577189e-02
2.600000000000000089e+00 -3.982720865153097783e-02
2.650000000000000355e+00 -4.923502286048869747e-02
2.700000000000000178e+00 -5.694856292482079752e-02
2.750000000000000000e+00 -6.303643731271046935e-02
2.800000000000000266e+00 -6.759869161478489208e-02
2.850000000000000089e+00 -7.073619166395544999e-02
2.900000000000000355e+00 -7.257508990557269557e-02
2.950000000000000178e+00 -7.324838102800278195e-02
3.000000000000000000e+00 -7.289736369789047432e-02
3.050000000000000266e+00 -7.165882969018326498e-02
3.100000000000000089e+00 -6.967362889745383481e-02
3.150000000000000355e+00 -6.707282150410065480e-02
3.200000000000000178e+00 -6.398550482729351008e-02
3.250000000000000000e+00 -6.053075970983173154e-02
3.300000000000000266e+00 -5.681445042219492730e-02
3.350000000000000089e+00 -5.293583701751519710e-02
3.400000000000000355e+00 -4.897872667344752018e-02
3.450000000000000178e+00 -4.501841766756858182e-02
3.500000000000000000e+00 -4.111668683832936377e-02
3.550000000000000266e+00 -3.732551407487702533e-02
3.600000000000000089e+00 -3.368640341343660111e-02
3.650000000000000355e+00 -3.023011641076128048e-02
3.700000000000000178e+00 -2.698017784039849487e-02
3.750000000000000000e+00 -2.395181854127014301e-02
3.800000000000000266e+00 -2.115330780556510040e-02
3.850000000000000089e+00 -1.858717075295027513e-02
3.900000000000000355e+00 -1.625198742934324050e-02
3.950000000000000178e+00 -1.414147362370907907e-02
4.000000000000000000e+00 -1.224658274928680686e-02
4.049999999999999822e+00 -1.055652909087468477e-02
4.100000000000000533e+00 -9.057865691975339889e-03
4.150000000000000355e+00 -7.737005208446660030e-03
4.200000000000000178e+00 -6.579598328486608444e-03
4.250000000000000000e+00 -5.570767549641893537e-03
4.299999999999999822e+00 -4.696287894157628526e-03
4.350000000000000533e+00 -3.942290246208100118e-03
4.400000000000000355e+00 -3.295374872597792854e-03
4.450000000000000178e+00 -2.743178867573944739e-03
4.500000000000000000e+00 -2.274113250716276648e-03
4.549999999999999822e+00 -1.877560812281457063e-03
4.600000000000000533e+00 -1.543914299661810954e-03
4.650000000000000355e+00 -1.264482149426161047e-03
4.700000000000000178e+00 -1.031512419558398494e-03
4.750000000000000000e+00 -8.381628858321669940e-04
4.800000000000000711e+00 -6.784003921401838329e-04
4.850000000000000533e+00 -5.469612398832238501e-04
4.900000000000000355e+00 -4.392965476322851582e-04
4.950000000000000178e+00 -3.514786910023702982e-04
5.000000000000000000e+00 -2.801499718680401912e-04
5.050000000000000711e+00 -2.224544624125086693e-04
5.100000000000000533e+00 -1.759805955014156001e-04
5.150000000000000355e+00 -1.386977463177329728e-04
5.200000000000000178e+00 -1.089083742743834530e-04
5.250000000000000000e+00 -8.520271555372438844e-05
5.300000000000000711e+00 -6.641291008776522707e-05
5.350000000000000533e+00 -5.157797128146933348e-05
5.400000000000000355e+00 -3.991168340302844703e-05
5.450000000000000178e+00 -3.077268080707478760e-05
5.500000000000000000e+00 -2.364098638726445063e-05
5.550000000000000711e+00 -1.809725103232284806e-05
5.600000000000000533e+00 -1.380403204430481167e-05
5.650000000000000355e+00 -1.049196492814717571e-05
5.700000000000000178e+00 -7.946387739049494197e-06
5.750000000000000000e+00 -5.997203504254572311e-06
5.800000000000000711e+00 -4.510274587881763068e-06
5.850000000000000533e+00 -3.380146810588256565e-06
5.900000000000000355e+00 -2.524358166778614706e-06
5.950000000000000178e+00 -1.878694937397901415e-06
6.000000000000000000e+00 -1.393334745349701579e-06
6.050000000000000711e+00 -1.029797024926060354e-06
6.100000000000000533e+00 -7.584960931755866852e-07
6.150000000000000355e+00 -5.567494244361665211e-07
6.200000000000000178e+00 -4.072655780107086338e-07
6.250000000000000000e+00 -2.969022898412568808e-07
6.300000000000000711e+00 -2.157081806739612259e-07
6.350000000000000533e+00 -1.561862925181250446e-07
6.400000000000000355e+00 -1.127064245621333953e-07
6.450000000000000178e+00 -8.105554997072134350e-08
6.500000000000000000e+00 -5.809665390746429377e-08
6.550000000000000711e+00 -4.150105011379164185e-08
6.600000000000000533e+00 -2.954649216008280811e-08
6.650000000000000355e+00 -2.096515092692556564e-08
6.700000000000000178e+00 -1.482643270099225328e-08
6.750000000000000000e+00 -1.045022175342819180e-08
6.800000000000000711e+00 -7.341200785696167533e-09
6.850000000000000533e+00 -5.140046884947366010e-09
6.900000000000000355e+00 -3.586918222680028983e-09
6.950000000000000178e+00 -2.494828278450392045e-09
7.000000000000000000e+00 -1.729518277764304543e-09
7.050000000000000711e+00 -1.195002265717492087e-09
7.100000000000000533e+00 -8.229974776760174517e-10
7.150000000000000355e+00 -5.649019712493998299e-10
7.200000000000000178e+00 -3.865023767793555480e-10
7.250000000000000000e+00 -2.635635718080790918e-10
7.300000000000000711e+00 -1.791394003069411900e-10
7.350000000000000533e+00 -1.213758653107209712e-10
7.400000000000000355e+00 -8.194920655810586065e-11
7.450000000000000178e+00 -5.517243872796544249e-11
7.500000000000000000e+00 -3.699954207563278960e-11
7.550000000000000711e+00 -2.476094190013497382e-11
7.600000000000000533e+00 -1.648621193957851807e-11
7.650000000000000355e+00 -1.096389047414363817e-11
7.700000000000000178e+00 -7.256029849531513704e-12
7.750000000000000000e+00 -4.795482308629451269e-12
7.800000000000000711e+00 -3.152562710205127138e-12
7.850000000000000533e+00 -2.056271922412109294e-12
7.900000000000000355e+00 -1.395410158075427162e-12
7.950000000000000178e+00 -7.256577835982111588e-13
8.000000000000000000e+00 -1.035691037312702152e-12
8.050000000000000711e+00 -5.639080792493748014e-13
8.099999999999999645e+00 -3.070340256254532598e-13
8.150000000000000355e+00 -1.671721756958629660e-13
8.200000000000001066e+00 -9.102066855356913592e-14
8.250000000000000000e+00 -4.955836288066569487e-14
8.300000000000000711e+00 -2.698313669113996464e-14
8.349999999999999645e+00 -1.469151210500174495e-14
8.400000000000000355e+00 -7.999092709521893382e-15
8.450000000000001066e+00 -4.355261850152927940e-15
8.500000000000000000e+00 -2.371304334908376670e-15
8.550000000000000711e+00 -1.291099261754134332e-15
8.599999999999999645e+00 -7.029613501610949041e-16
8.650000000000000355e+00 -3.827388842874055130e-16
8.700000000000001066e+00 -2.083879482089100445e-16
8.750000000000000000e+00 -1.134599497926974691e-16
