0.000000000000000000e+00 0.000000000000000000e+00
5.000000000000000278e-02 4.630022937917788889e-14
1.000000000000000056e-01 1.478838856364661787e-12
1.500000000000000222e-01 1.119498331364197889e-11
2.000000000000000111e-01 4.697016965089494458e-11
2.500000000000000000e-01 1.425397702064468481e-10
3.000000000000000444e-01 3.522615423126802220e-10
3.500000000000000333e-01 7.552339196170427511e-10
4.000000000000000222e-01 1.458757861698994047e-09
4.500000000000000111e-01 2.601044982656507288e-09
5.000000000000000000e-01 4.353091881369343746e-09
5.500000000000000444e-01 6.919659591056479319e-09
6.000000000000000888e-01 1.053931740926702306e-08
6.500000000000000222e-01 1.548353158836945789e-08
7.000000000000000666e-01 2.205480097058380377e-08
7.500000000000000000e-01 3.058386314527122978e-08
8.000000000000000444e-01 4.142601560130791964e-08
8.500000000000000888e-01 5.495661617459452436e-08
9.000000000000000222e-01 7.156584541085806978e-08
9.500000000000000666e-01 9.165282987802016065e-08
1.000000000000000000e+00 1.156192396210989569e-07
1.050000000000000044e+00 1.438624845636063563e-07
1.100000000000000089e+00 1.767686434936604779e-07
1.150000000000000133e+00 2.147052651692194193e-07
1.200000000000000178e+00 2.580141839439204392e-07
1.250000000000000000e+00 3.070044921330848360e-07
1.300000000000000044e+00 3.619458081587699424e-07
1.350000000000000089e+00 4.230619734509898166e-07
1.400000000000000133e+00 4.905253023202344546e-07
1.450000000000000178e+00 5.644514977922244952e-07
1.500000000000000000e+00 6.448953329979190210e-07
1.550000000000000044e+00 7.318471824706168793e-07
1.600000000000000089e+00 8.252304709812811539e-07
1.650000000000000133e+00 9.249000897305419177e-07
1.700000000000000178e+00 1.030641811212521282e-06
1.750000000000000000e+00 1.142172715277383456e-06
1.800000000000000044e+00 1.259142620246490994e-06
1.850000000000000089e+00 1.381136494761846664e-06
1.900000000000000133e+00 1.507677808742874524e-06
1.950000000000000178e+00 1.638232765710523209e-06
2.000000000000000000e+00 1.772215344116234859e-06
2.050000000000000266e+00 1.908993062433945871e-06
2.100000000000000089e+00 2.047893371842828807e-06
2.149999999999999911e+00 2.188210571503276892e-06
2.200000000000000178e+00 2.329213134813890741e-06
2.250000000000000000e+00 2.470151330687061386e-06
2.300000000000000266e+00 2.610265021798682485e-06
2.350000000000000089e+00 2.748791521909087320e-06
2.400000000000000355e+00 2.884973396628143079e-06
2.450000000000000178e+00 3.018066096276872411e-06
2.500000000000000000e+00 3.147345315614975647e-06
2.550000000000000266e+00 3.272113982960848428e-06
2.600000000000000089e+00 3.391708790406810846e-06
2.650000000000000355e+00 3.505506187187013692e-06
2.700000000000000178e+00 3.612927769536397590e-06
2.750000000000000000e+00 3.713445012328092820e-06
2.800000000000000266e+00 3.806583300134803695e-06
2.850000000000000089e+00 3.891925227874604810e-06
2.900000000000000355e+00 3.969113153630714708e-06
2.950000000000000178e+00 4.037850998351584989e-06
3.000000000000000000e+00 4.097905298734506872e-06
3.050000000000000266e+00 4.149105530488163039e-06
3.100000000000000089e+00 4.191343729197229633e-06
3.150000000000000355e+00 4.224573445042799184e-06
3.200000000000000178e+00 4.248808075561013266e-06
3.250000000000000000e+00 4.264118627372849807e-06
3.300000000000000266e+00 4.270630963342058174e-06
3.350000000000000089e+00 4.268522595894696119e-06
3.400000000000000355e+00 4.258019090267532116e-06
3.450000000000000178e+00 4.239390143271577340e-06
3.500000000000000000e+00 4.212945403811838294e-06
3.550000000000000266e+00 4.179030100962863491e-06
3.600000000000000089e+00 4.138020543947244254e-06
3.650000000000000355e+00 4.090319555998232916e-06
3.700000000000000178e+00 4.036351900915642211e-06
3.750000000000000000e+00 3.976559757261369585e-06
3.800000000000000266e+00 3.911398290705456349e-06
3.850000000000000089e+00 3.841331370146045467e-06
3.900000000000000355e+00 3.766827468005646945e-06
3.950000000000000178e+00 3.688355779667154399e-06
4.000000000000000000e+00 3.606382591465884591e-06
4.049999999999999822e+00 3.521367921100865386e-06
4.100000000000000533e+00 3.433762448863978050e-06
4.150000000000000355e+00 3.344004752792591558e-06
4.200000000000000178e+00 3.252518855804077034e-06
4.250000000000000000e+00 3.159712088131271279e-06
4.299999999999999822e+00 3.065973263997013315e-06
4.350000000000000533e+00 2.971671167484257608e-06
4.400000000000000355e+00 2.877153339003515181e-06
4.450000000000000178e+00 2.782745150651116069e-06
4.500000000000000000e+00 2.688749156097843523e-06
4.549999999999999822e+00 2.595444698447912612e-06
4.600000000000000533e+00 2.503087757754641736e-06
4.650000000000000355e+00 2.411911018555879867e-06
4.700000000000000178e+00 2.322124136877870517e-06
4.750000000000000000e+00 2.233914185624260752e-06
4.800000000000000711e+00 2.147446257086773817e-06
4.850000000000000533e+00 2.062864201452346752e-06
4.900000000000000355e+00 1.980291480602703251e-06
4.950000000000000178e+00 1.899832117170019354e-06
5.000000000000000000e+00 1.821571719689455240e-06
5.050000000000000711e+00 1.745578565739688806e-06
5.100000000000000533e+00 1.671904726150840289e-06
5.150000000000000355e+00 1.600587214651415737e-06
5.200000000000000178e+00 1.531649148690860467e-06
5.250000000000000000e+00 1.465100908582462492e-06
5.300000000000000711e+00 1.400941283536179418e-06
5.350000000000000533e+00 1.339158594569022722e-06
5.400000000000000355e+00 1.279731785670856449e-06
5.450000000000000178e+00 1.222631475948187832e-06
5.500000000000000000e+00 1.167820966753030390e-06
5.550000000000000711e+00 1.115257199015844174e-06
5.600000000000000533e+00 1.064891657131937959e-06
5.650000000000000355e+00 1.016671216792519099e-06
5.700000000000000178e+00 9.705389351004055471e-07
5.750000000000000000e+00 9.264347821639070167e-07
5.800000000000000711e+00 8.842963141200964807e-07
5.850000000000000533e+00 8.440592882016146073e-07
5.900000000000000355e+00 8.056582210320584315e-07
5.950000000000000178e+00 7.690268918173790613e-07
6.000000000000000000e+00 7.340987924993618695e-07
6.050000000000000711e+00 7.008075272574706090e-07
6.100000000000000533e+00 6.690871639930451188e-07
6.150000000000000355e+00 6.388725406112935715e-07
6.200000000000000178e+00 6.100995290382157733e-07
6.250000000000000000e+00 5.827052599779442869e-07
6.300000000000000711e+00 5.566283114375278706e-07
6.350000000000000533e+00 5.318088640271337515e-07
6.400000000000000355e+00 5.081888259899451658e-07
6.450000000000000178e+00 4.857119308335383751e-07
6.500000000000000000e+00 4.643238103283194150e-07
6.550000000000000711e+00 4.439720455137763354e-07
6.600000000000000533e+00 4.246061982141972822e-07
6.650000000000000355e+00 4.061778254162039850e-07
6.700000000000000178e+00 3.886404787044842421e-07
6.750000000000000000e+00 3.719496907926272592e-07
6.800000000000000711e+00 3.560629510256842469e-07
6.850000000000000533e+00 3.409396715722985043e-07
6.900000000000000355e+00 3.265411458688531864e-07
6.950000000000000178e+00 3.128305007277405228e-07
7.000000000000000000e+00 2.997726433777050100e-07
7.050000000000000711e+00 2.873342045672722811e-07
7.100000000000000533e+00 2.754834787332484631e-07
7.150000000000000355e+00 2.641903621155844499e-07
7.200000000000000178e+00 2.534262895878420815e-07
7.250000000000000000e+00 2.431641708691819596e-07
7.300000000000000711e+00 2.333783266891146707e-07
7.350000000000000533e+00 2.240444253901069506e-07
7.400000000000000355e+00 2.151394203752059163e-07
7.450000000000000178e+00 2.066414887378146933e-07
7.500000000000000000e+00 1.985299713481970258e-07
7.550000000000000711e+00 1.907853146158180443e-07
7.600000000000000533e+00 1.833890140976948211e-07
7.650000000000000355e+00 1.763235600801243172e-07
7.700000000000000178e+00 1.695723852239601418e-07
7.750000000000000000e+00 1.631198143315216623e-07
7.800000000000000711e+00 1.569510162658026633e-07
7.850000000000000533e+00 1.510519580294217173e-07
7.900000000000000355e+00 1.454093609912960627e-07
7.950000000000000178e+00 1.400106592329208283e-07
8.000000000000000000e+00 1.348439599729839902e-07
8.050000000000000711e+00 1.298980060185451890e-07
8.099999999999999645e+00 1.251621401827282978e-07
8.150000000000000355e+00 1.206262716026541362e-07
8.200000000000001066e+00 1.162808438867479071e-07
8.250000000000000000e+00 1.121168050174856764e-07
8.300000000000000711e+00 1.081255789337614475e-07
8.349999999999999645e+00 1.042990387162576829e-07
8.400000000000000355e+00 1.006294812992301432e-07
8.450000000000001066e+00 9.710960363287667071e-08
8.500000000000000000e+00 9.373248022178935947e-08
8.550000000000000711e+00 9.049154196676599414e-08
8.599999999999999645e+00 8.738055623940703084e-08
8.650000000000000355e+00 8.439360812131857223e-08
8.700000000000001066e+00 8.152508274235161626e-08
8.750000000000000000e+00 7.876964865503215450e-08
8.800000000000000711e+00 7.612224218514978470e-08
8.849999999999999645e+00 7.357805270131678625e-08
8.900000000000000355e+00 7.113250874914250868e-08
8.950000000000001066e+00 6.878126499849865466e-08
9.000000000000000000e+00 6.652018995508504939e-08
9.050000000000000711e+00 6.434535439021538503e-08
9.099999999999999645e+00 6.225302044533229828e-08
9.150000000000000355e+00 6.023963137026780060e-08
9.200000000000001066e+00 5.830180185667618671e-08
9.250000000000000000e+00 5.643630893035790314e-08
9.300000000000000711e+00 5.464008336838697185e-08
9.349999999999999645e+00 5.291020160902670443e-08
9.400000000000000355e+00 5.124387812439070546e-08
9.450000000000001066e+00 4.963845822767387135e-08
9.500000000000000000e+00 4.809141128851787023e-08
9.550000000000000711e+00 4.660032433175021892e-08
9.600000000000001421e+00 4.516289599627984329e-08
9.650000000000000355e+00 4.377693083239523163e-08
9.700000000000001066e+00 4.244033391709121285e-08
9.750000000000000000e+00 4.115110576833090685e-08
9.800000000000000711e+00 3.990733754036097567e-08
9.850000000000001421e+00 3.870720648331888892e-08
9.900000000000000355e+00 3.754897165144380339e-08
9.950000000000001066e+00 3.643096984517657909e-08
1.000000000000000000e+01 3.535161177336756676e-08
1.005000000000000071e+01 3.430937842267812386e-08
1.010000000000000142e+01 3.330281762206267239e-08
1.015000000000000036e+01 3.233054079098199688e-08
1.020000000000000107e+01 3.139121986070384062e-08
1.025000000000000000e+01 3.048358435870047681e-08
1.030000000000000071e+01 2.960641864678476467e-08
1.035000000000000142e+01 2.875855930418457746e-08
1.040000000000000036e+01 2.793889264731703565e-08
1.045000000000000107e+01 2.714635237850473590e-08
1.050000000000000000e+01 2.637991735636951697e-08
1.055000000000000071e+01 2.563860948106848450e-08
1.060000000000000142e+01 2.492149168795036557e-08
1.065000000000000036e+01 2.422766604360193056e-08
1.070000000000000107e+01 2.355627193861192902e-08
1.075000000000000000e+01 2.290648437171658621e-08
1.080000000000000071e+01 2.227751232031520620e-08
1.085000000000000142e+01 2.166859719263005995e-08
1.090000000000000036e+01 2.107901135707303199e-08
1.095000000000000107e+01 2.050805674463594363e-08
1.100000000000000000e+01 1.995506352036725901e-08
1.105000000000000071e+01 1.941938882022357492e-08
1.110000000000000142e+01 1.890041554981198825e-08
1.115000000000000036e+01 1.839755124171667332e-08
1.120000000000000107e+01 1.791022696831687071e-08
1.125000000000000000e+01 1.743789630716648974e-08
1.130000000000000071e+01 1.698003435617354078e-08
1.135000000000000142e+01 1.653613679597922119e-08
1.140000000000000036e+01 1.610571899707549486e-08
1.145000000000000107e+01 1.568831516934820944e-08
1.150000000000000000e+01 1.528347755184934867e-08
1.155000000000000071e+01 1.489077564073778861e-08
1.160000000000000142e+01 1.450979545343124018e-08
1.165000000000000036e+01 1.414013882712524162e-08
1.170000000000000107e+01 1.378142274993729413e-08
1.175000000000000000e+01 1.343327872302739940e-08
1.180000000000000071e+01 1.309535215213287666e-08
1.185000000000000142e+01 1.276730176704999122e-08
1.190000000000000036e+01 1.244879906766433028e-08
1.195000000000000107e+01 1.213952779520965302e-08
1.200000000000000000e+01 1.183918342751214619e-08
1.205000000000000071e+01 1.154747269703118681e-08
1.210000000000000142e+01 1.126411313058363877e-08
1.215000000000000036e+01 1.098883260968971239e-08
1.220000000000000107e+01 1.072136895053698729e-08
1.225000000000000000e+01 1.046146950260764812e-08
1.230000000000000071e+01 1.020889076507689335e-08
1.235000000000000142e+01 9.963398020117400518e-09
1.240000000000000036e+01 9.724764982307508915e-09
1.245000000000000107e+01 9.492773463372197596e-09
1.250000000000000000e+01 9.267213051526491131e-09
1.255000000000000071e+01 9.047880804732716597e-09
1.260000000000000142e+01 8.834580957216329249e-09
1.265000000000000036e+01 8.627124638612762975e-09
1.270000000000000107e+01 8.425329605161117514e-09
1.275000000000000000e+01 8.229019982378025661e-09
1.280000000000000071e+01 8.038026018680949937e-09
1.285000000000000142e+01 7.852183849454718876e-09
1.290000000000000036e+01 7.671335271080519071e-09
1.295000000000000107e+01 7.495327524467215494e-09
1.300000000000000000e+01 7.324013087657481720e-09
1.305000000000000071e+01 7.157249477085549499e-09
1.310000000000000142e+01 6.994899057105153915e-09
1.315000000000000036e+01 6.836828857403925229e-09
1.320000000000000107e+01 6.682910397956433502e-09
1.325000000000000000e+01 6.533019521173788913e-09
1.330000000000000071e+01 6.387036230929201614e-09
1.335000000000000142e+01 6.244844538153345003e-09
1.340000000000000036e+01 6.106332312710749550e-09
1.345000000000000107e+01 5.971391141271648026e-09
1.350000000000000000e+01 5.839916190926699971e-09
1.355000000000000071e+01 5.711806078282585132e-09
1.360000000000000142e+01 5.586962743805234008e-09
1.365000000000000036e+01 5.465291331178062547e-09
1.370000000000000107e+01 5.346700071461125066e-09
1.375000000000000000e+01 5.231100171840908643e-09
1.380000000000000071e+01 5.118405708773168756e-09
1.385000000000000142e+01 5.008533525333395310e-09
1.390000000000000036e+01 4.901403132589523789e-09
1.395000000000000107e+01 4.796936614830338740e-09
1.400000000000000000e+01 4.695058538484274067e-09
1.405000000000000071e+01 4.595695864568559805e-09
1.410000000000000142e+01 4.498777864529169985e-09
1.415000000000000036e+01 4.404236039316668807e-09
1.420000000000000107e+01 4.312004041573705123e-09
1.425000000000000000e+01 4.222017600797473585e-09
1.430000000000000071e+01 4.134214451355229252e-09
1.435000000000000142e+01 4.048534263235967605e-09
1.440000000000000036e+01 3.964918575422292613e-09
1.445000000000000107e+01 3.883310731779760202e-09
1.450000000000000000e+01 3.803655819351748962e-09
1.455000000000000071e+01 3.725900608972902401e-09
1.460000000000000142e+01 3.649993498095064680e-09
1.465000000000000036e+01 3.575884455746133823e-09
1.470000000000000107e+01 3.503524969526822422e-09
1.475000000000000000e+01 3.432867994570455673e-09
1.480000000000000071e+01 3.363867904380979761e-09
1.485000000000000142e+01 3.296480443477093896e-09
1.490000000000000036e+01 3.230662681771366786e-09
1.495000000000000107e+01 3.166372970611778120e-09
1.500000000000000000e+01 3.103570900422100075e-09
1.505000000000000071e+01 3.042217259879081147e-09
1.510000000000000142e+01 2.982273996561086677e-09
1.515000000000000036e+01 2.923704179016354612e-09
1.520000000000000107e+01 2.866471960191945578e-09
1.525000000000000000e+01 2.810542542169682586e-09
1.530000000000000071e+01 2.755882142160592678e-09
1.535000000000000142e+01 2.702457959708030683e-09
1.540000000000000036e+01 2.650238145050504804e-09
1.545000000000000107e+01 2.599191768605270319e-09
1.550000000000000000e+01 2.549288791521983148e-09
1.555000000000000071e+01 2.500500037273441445e-09
1.560000000000000142e+01 2.452797164237161357e-09
1.565000000000000036e+01 2.406152639232701249e-09
1.570000000000000107e+01 2.360539711981329952e-09
1.575000000000000000e+01 2.315932390448264457e-09
1.580000000000000071e+01 2.272305417037083147e-09
1.585000000000000142e+01 2.229634245601998549e-09
1.590000000000000036e+01 2.187895019254453850e-09
1.595000000000000107e+01 2.147064548921245257e-09
1.600000000000000000e+01 2.107120292641066419e-09
1.605000000000000071e+01 2.068040335559663959e-09
1.610000000000000142e+01 2.029803370606793724e-09
1.615000000000000213e+01 1.992388679824748031e-09
1.619999999999999929e+01 1.955776116324314718e-09
1.625000000000000000e+01 1.919946086850853436e-09
1.630000000000000071e+01 1.884879534929037318e-09
1.635000000000000142e+01 1.850557924574825472e-09
1.640000000000000213e+01 1.816963224546214397e-09
1.644999999999999929e+01 1.784077893118496981e-09
1.650000000000000000e+01 1.751884863361900539e-09
1.655000000000000071e+01 1.720367528907012843e-09
1.660000000000000142e+01 1.689509730175607267e-09
1.665000000000000213e+01 1.659295741062560331e-09
1.669999999999999929e+01 1.629710256058109327e-09
1.675000000000000000e+01 1.600738377783104897e-09
1.680000000000000071e+01 1.572365604934274074e-09
1.685000000000000142e+01 1.544577820616912194e-09
1.690000000000000213e+01 1.517361281057082782e-09
1.694999999999999929e+01 1.490702604675265181e-09
1.700000000000000000e+01 1.464588761512218988e-09
1.705000000000000071e+01 1.439007062992577236e-09
1.710000000000000142e+01 1.413945152016052739e-09
1.715000000000000213e+01 1.389390993363915003e-09
1.719999999999999929e+01 1.365332864408531454e-09
1.725000000000000000e+01 1.341759346120737298e-09
1.730000000000000071e+01 1.318659314355606267e-09
1.735000000000000142e+01 1.296021931418533017e-09
1.740000000000000213e+01 1.273836637889621074e-09
1.744999999999999929e+01 1.252093144710455575e-09
1.750000000000000000e+01 1.230781425512769058e-09
1.755000000000000071e+01 1.209891709186422180e-09
1.760000000000000142e+01 1.189414472683320542e-09
1.765000000000000213e+01 1.169340434034884529e-09
1.769999999999999929e+01 1.149660545592673240e-09
1.775000000000000000e+01 1.130365987474376901e-09
1.780000000000000071e+01 1.111448161209556427e-09
1.785000000000000142e+01 1.092898683581365867e-09
1.790000000000000213e+01 1.074709380656274378e-09
1.794999999999999929e+01 1.056872281994216563e-09
1.800000000000000000e+01 1.039379615035671568e-09
1.805000000000000071e+01 1.022223799658231081e-09
1.810000000000000142e+01 1.005397442896829759e-09
1.815000000000000213e+01 9.888933338236223544e-10
1.819999999999999929e+01 9.727044385813617681e-10
1.825000000000000000e+01 9.568238955646135214e-10
1.830000000000000071e+01 9.412450107468100206e-10
1.835000000000000142e+01 9.259612531438252988e-10
1.840000000000000213e+01 9.109662504141979247e-10
1.844999999999999929e+01 8.962537845883843689e-10
1.850000000000000000e+01 8.818177879262505938e-10
1.855000000000000071e+01 8.676523388922818878e-10
1.860000000000000142e+01 8.537516582550146511e-10
1.865000000000000213e+01 8.401101052934999764e-10
1.869999999999999929e+01 8.267221741233153011e-10
1.875000000000000000e+01 8.135824901201857494e-10
1.880000000000000071e+01 8.006858064556058328e-10
1.885000000000000142e+01 7.880270007270147193e-10
1.890000000000000213e+01 7.756010716897269181e-10
1.894999999999999929e+01 7.634031360806490977e-10
1.900000000000000000e+01 7.514284255326142281e-10
1.905000000000000071e+01 7.396722835807574557e-10
1.910000000000000142e+01 7.281301627502842745e-10
1.915000000000000213e+01 7.167976217306930305e-10
1.920000000000000284e+01 7.056703226277702917e-10
1.925000000000000000e+01 6.947440282962703448e-10
1.930000000000000071e+01 6.840145997453763506e-10
1.935000000000000142e+01 6.734779936200442557e-10
1.940000000000000213e+01 6.631302597512618107e-10
1.945000000000000284e+01 6.529675387753623827e-10
1.950000000000000000e+01 6.429860598217350247e-10
1.955000000000000071e+01 6.331821382636369477e-10
1.960000000000000142e+01 6.235521735315264759e-10
1.965000000000000213e+01 6.140926469887761725e-10
1.970000000000000284e+01 6.048001198639061835e-10
1.975000000000000000e+01 5.956712312437013828e-10
1.980000000000000071e+01 5.867026961169776134e-10
1.985000000000000142e+01 5.778913034760684891e-10
1.990000000000000213e+01 5.692339144691960036e-10
1.995000000000000284e+01 5.607274606028664391e-10
2.000000000000000000e+01 5.523689419938517196e-10
2.005000000000000071e+01 5.441554256702039630e-10
2.010000000000000142e+01 5.360840439142633048e-10
2.015000000000000213e+01 5.281519926561204304e-10
2.020000000000000284e+01 5.203565299078772057e-10
2.025000000000000000e+01 5.126949742379551546e-10
2.030000000000000071e+01 5.051647032900173012e-10
2.035000000000000142e+01 4.977631523420797207e-10
2.040000000000000213e+01 4.904878128992123092e-10
2.045000000000000284e+01 4.833362313304526678e-10
2.050000000000000000e+01 4.763060075352799059e-10
2.055000000000000071e+01 4.693947936537395934e-10
2.060000000000000142e+01 4.626002928009816033e-10
2.065000000000000213e+01 4.559202578445986587e-10
2.070000000000000284e+01 4.493524902077901293e-10
2.075000000000000000e+01 4.428948387069241866e-10
2.080000000000000071e+01 4.365451984199827979e-10
2.085000000000000142e+01 4.303015095823766800e-10
2.090000000000000213e+01 4.241617565143777835e-10
2.095000000000000284e+01 4.181239665740507578e-10
2.100000000000000000e+01 4.121862091394876504e-10
2.105000000000000071e+01 4.063465946171842537e-10
2.110000000000000142e+01 4.006032734730180253e-10
2.115000000000000213e+01 3.949544352947213744e-10
2.120000000000000284e+01 3.893983078701367796e-10
2.125000000000000000e+01 3.839331562977408943e-10
2.130000000000000071e+01 3.785572821134710893e-10
2.135000000000000142e+01 3.732690224428403545e-10
2.140000000000000213e+01 3.680667491753803384e-10
2.145000000000000284e+01 3.629488681573224277e-10
2.150000000000000000e+01 3.579138184074602018e-10
2.155000000000000071e+01 3.529600713518417234e-10
2.160000000000000142e+01 3.480861300780194286e-10
2.165000000000000213e+01 3.432905286079339151e-10
2.170000000000000284e+01 3.385718311885974162e-10
2.175000000000000000e+01 3.339286316028503633e-10
2.180000000000000071e+01 3.293595524938597453e-10
2.185000000000000142e+01 3.248632447099929417e-10
2.190000000000000213e+01 3.204383866639774312e-10
2.195000000000000284e+01 3.160836837085666824e-10
2.200000000000000000e+01 3.117978675268982191e-10
2.205000000000000071e+01 3.075796955415290626e-10
2.210000000000000142e+01 3.034279503315795089e-10
2.215000000000000213e+01 2.993414390711472850e-10
2.220000000000000284e+01 2.953189929772020247e-10
2.225000000000000000e+01 2.913594667722699898e-10
2.230000000000000071e+01 2.874617381603304699e-10
2.235000000000000142e+01 2.836247073161467323e-10
2.240000000000000213e+01 2.798472963861399152e-10
2.245000000000000284e+01 2.761284490017422850e-10
2.250000000000000000e+01 2.724671298041267083e-10
2.255000000000000071e+01 2.688623239821798542e-10
2.260000000000000142e+01 2.653130368185811984e-10
2.265000000000000213e+01 2.618182932512842841e-10
2.270000000000000284e+01 2.583771374399563641e-10
2.275000000000000000e+01 2.549886323478942279e-10
2.280000000000000071e+01 2.516518593312608376e-10
2.285000000000000142e+01 2.483659177392295283e-10
2.290000000000000213e+01 2.451299245225224893e-10
2.295000000000000284e+01 2.419430138528708208e-10
2.300000000000000000e+01 2.388043367489532251e-10
2.305000000000000071e+01 2.357130607157762267e-10
2.310000000000000142e+01 2.326683693875254751e-10
2.315000000000000213e+01 2.296694621814435471e-10
2.320000000000000284e+01 2.267155539607671587e-10
2.325000000000000000e+01 2.238058747015058828e-10
2.330000000000000071e+01 2.209396691744181387e-10
2.335000000000000142e+01 2.181161966247561461e-10
2.340000000000000213e+01 2.153347304683447495e-10
2.345000000000000284e+01 2.125945579894002432e-10
2.350000000000000000e+01 2.098949800475067572e-10
2.355000000000000071e+01 2.072353107911900812e-10
2.360000000000000142e+01 2.046148773774519963e-10
2.365000000000000213e+01 2.020330196972307100e-10
2.370000000000000284e+01 1.994890901102044512e-10
2.375000000000000000e+01 1.969824531827073584e-10
2.380000000000000071e+01 1.945124854324476094e-10
2.385000000000000142e+01 1.920785750784825689e-10
2.390000000000000213e+01 1.896801217999936899e-10
2.395000000000000284e+01 1.873165364962418792e-10
2.400000000000000000e+01 1.849872410547032402e-10
2.405000000000000071e+01 1.826916681238299697e-10
2.410000000000000142e+01 1.804292608904830421e-10
2.415000000000000213e+01 1.781994728650176840e-10
2.420000000000000284e+01 1.760017676651528412e-10
2.425000000000000000e+01 1.738356188117931997e-10
2.430000000000000071e+01 1.717005095260104479e-10
2.435000000000000142e+01 1.695959325293660125e-10
2.440000000000000213e+01 1.675213898516077480e-10
2.445000000000000284e+01 1.654763926408424549e-10
2.450000000000000000e+01 1.634604609777564135e-10
2.455000000000000071e+01 1.614731236960585904e-10
2.460000000000000142e+01 1.595139182037318192e-10
2.465000000000000213e+01 1.575823903117118568e-10
2.470000000000000284e+01 1.556780940638917381e-10
2.475000000000000000e+01 1.538005915704627443e-10
2.480000000000000071e+01 1.519494528480298256e-10
2.485000000000000142e+01 1.501242556607791201e-10
2.490000000000000213e+01 1.483245853647192237e-10
2.495000000000000284e+01 1.465500347575054649e-10
