0.000000000000000000e+00 -0.000000000000000000e+00
5.000000000000000278e-02 -1.742955516327712720e-05
1.000000000000000056e-01 -3.417724922558770584e-05
1.500000000000000222e-01 -4.957364576713837269e-05
2.000000000000000111e-01 -6.297392315480915552e-05
2.500000000000000000e-01 -7.376960041232085894e-05
3.000000000000000444e-01 -8.139957891220368140e-05
3.500000000000000333e-01 -8.536029423685009051e-05
4.000000000000000222e-01 -8.521479108568337090e-05
4.500000000000000111e-01 -8.060055644348775722e-05
5.000000000000000000e-01 -7.123597185341669000e-05
5.500000000000000444e-01 -5.692527396624762507e-05
6.000000000000000888e-01 -3.756194291625398931e-05
6.500000000000000222e-01 -1.313046981338710378e-05
7.000000000000000666e-01 1.629351297290108634e-05
7.500000000000000000e-01 5.054472275127573459e-05
8.000000000000000444e-01 8.937129115180044521e-05
8.500000000000000888e-01 1.324393248928237550e-04
9.000000000000000222e-01 1.793388571204571254e-04
9.500000000000000666e-01 2.295910584729184470e-04
1.000000000000000000e+00 2.826565548996820294e-04
1.050000000000000044e+00 3.379446807359335128e-04
1.100000000000000089e+00 3.948234809227592823e-04
1.150000000000000133e+00 4.526302658013716708e-04
1.200000000000000178e+00 5.106825157228928177e-04
1.250000000000000000e+00 5.682889308295844362e-04
1.300000000000000044e+00 6.247604237050215096e-04
1.350000000000000089e+00 6.794208589907956182e-04
1.400000000000000133e+00 7.316173542689086411e-04
1.450000000000000178e+00 7.807299701759052961e-04
1.500000000000000000e+00 8.261806344424083666e-04
1.550000000000000044e+00 8.674411638788546508e-04
1.600000000000000089e+00 9.040402697504656146e-04
1.650000000000000133e+00 9.355694549677151138e-04
1.700000000000000178e+00 9.616877355129833330e-04
1.750000000000000000e+00 9.821251429781893260e-04
1.800000000000000044e+00 9.966849894618729638e-04
1.850000000000000089e+00 1.005244899851375894e-03
1.900000000000000133e+00 1.007756639215847631e-03
1.950000000000000178e+00 1.004244784223257136e-03
2.000000000000000000e+00 9.948043067878823819e-04
2.050000000000000266e+00 9.795971552323699469e-04
2.100000000000000089e+00 9.588479328542750309e-04
2.149999999999999911e+00 9.328387857325345532e-04
2.200000000000000178e+00 9.019036207756590817e-04
2.250000000000000000e+00 8.664217813493569915e-04
2.300000000000000266e+00 8.268113113421273136e-04
2.350000000000000089e+00 7.835219393098935602e-04
2.400000000000000355e+00 7.370279125187925327e-04
2.450000000000000178e+00 6.878208064628036668e-04
2.500000000000000000e+00 6.364024289970526133e-04
2.550000000000000266e+00 5.832779298606259903e-04
2.600000000000000089e+00 5.289492163536043236e-04
2.650000000000000355e+00 4.739087645892232502e-04
2.700000000000000178e+00 4.186339033810738464e-04
2.750000000000000000e+00 3.635816347663498082e-04
2.800000000000000266e+00 3.091840417231559628e-04
2.850000000000000089e+00 2.558443201137832715e-04
2.900000000000000355e+00 2.039334585590580489e-04
2.950000000000000178e+00 1.537875770796405940e-04
3.000000000000000000e+00 1.057059231584929731e-04
3.050000000000000266e+00 5.994951258310869430e-05
3.100000000000000089e+00 1.674039218098073356e-05
3.150000000000000355e+00 -2.373850750330308663e-05
3.200000000000000178e+00 -6.134296933202245533e-05
3.250000000000000000e+00 -9.596658269989288999e-05
3.300000000000000266e+00 -1.275393839606623638e-04
3.350000000000000089e+00 -1.560260991996621565e-04
3.400000000000000355e+00 -1.814240468235674196e-04
3.450000000000000178e+00 -2.037607586055504888e-04
3.500000000000000000e+00 -2.230913778132119995e-04
3.550000000000000266e+00 -2.394958919580902294e-04
3.600000000000000089e+00 -2.530762556534976943e-04
3.650000000000000355e+00 -2.639534561766657627e-04
3.700000000000000178e+00 -2.722645707332615756e-04
3.750000000000000000e+00 -2.781598602518688622e-04
3.800000000000000266e+00 -2.817999399274524969e-04
3.850000000000000089e+00 -2.833530618173174553e-04
3.900000000000000355e+00 -2.829925396959474685e-04
3.950000000000000178e+00 -2.808943412134835859e-04
4.000000000000000000e+00 -2.772348672836449208e-04
4.049999999999999822e+00 -2.721889336462951265e-04
4.100000000000000533e+00 -2.659279647909517231e-04
4.150000000000000355e+00 -2.586184059605178701e-04
4.200000000000000178e+00 -2.504203548364143791e-04
4.250000000000000000e+00 -2.414864107808773158e-04
4.299999999999999822e+00 -2.319607362104974266e-04
4.350000000000000533e+00 -2.219783218160754240e-04
4.400000000000000355e+00 -2.116644449352310452e-04
4.450000000000000178e+00 -2.011343084235201514e-04
4.500000000000000000e+00 -1.904928458456032808e-04
4.549999999999999822e+00 -1.798346777010985810e-04
4.600000000000000533e+00 -1.692442026845199731e-04
4.650000000000000355e+00 -1.587958076243513881e-04
4.700000000000000178e+00 -1.485541797182177799e-04
4.750000000000000000e+00 -1.385747049419730188e-04
4.800000000000000711e+00 -1.289039370214787553e-04
4.850000000000000533e+00 -1.195801220776255999e-04
4.900000000000000355e+00 -1.106337649487787678e-04
4.950000000000000178e+00 -1.020882242227172051e-04
5.000000000000000000e+00 -9.396032413643451865e-05
5.050000000000000711e+00 -8.626097269358902204e-05
5.100000000000000533e+00 -7.899577657544054816e-05
5.150000000000000355e+00 -7.216564465444944866e-05
5.200000000000000178e+00 -6.576737313641588538e-05
5.250000000000000000e+00 -5.979420653650791148e-05
5.300000000000000711e+00 -5.423636981970068806e-05
5.350000000000000533e+00 -4.908156809323221205e-05
5.400000000000000355e+00 -4.431545121711938492e-05
5.450000000000000178e+00 -3.992204159098978875e-05
5.500000000000000000e+00 -3.588412417665757419e-05
5.550000000000000711e+00 -3.218359852364678875e-05
5.600000000000000533e+00 -2.880179317910166431e-05
5.650000000000000355e+00 -2.571974338593295908e-05
5.700000000000000178e+00 -2.291843340694608760e-05
5.750000000000000000e+00 -2.037900516267625154e-05
5.800000000000000711e+00 -1.808293514231616004e-05
5.850000000000000533e+00 -1.601218174680394548e-05
5.900000000000000355e+00 -1.414930535768102979e-05
5.950000000000000178e+00 -1.247756350185082197e-05
6.000000000000000000e+00 -1.098098350807161947e-05
6.050000000000000711e+00 -9.644415033031413217e-06
6.100000000000000533e+00 -8.453564780088201094e-06
6.150000000000000355e+00 -7.395015648793991257e-06
6.200000000000000178e+00 -6.456232444325471213e-06
6.250000000000000000e+00 -5.625556148590962750e-06
6.300000000000000711e+00 -4.892188614229922782e-06
6.350000000000000533e+00 -4.246169393574416597e-06
6.400000000000000355e+00 -3.678346260928911485e-06
6.450000000000000178e+00 -3.180340831747353533e-06
6.500000000000000000e+00 -2.744510529374218008e-06
6.550000000000000711e+00 -2.363908001411239205e-06
6.600000000000000533e+00 -2.032238945419042793e-06
6.650000000000000355e+00 -1.743819169076925531e-06
6.700000000000000178e+00 -1.493531584207947207e-06
6.750000000000000000e+00 -1.276783717989862090e-06
6.800000000000000711e+00 -1.089466218651574979e-06
6.850000000000000533e+00 -9.279127371756551294e-07
6.900000000000000355e+00 -7.888614809329891159e-07
6.950000000000000178e+00 -6.694186595323130126e-07
7.000000000000000000e+00 -5.670239770816027091e-07
7.050000000000000711e+00 -4.794182680292207355e-07
7.100000000000000533e+00 -4.046133251941423462e-07
7.150000000000000355e+00 -3.408639278570702355e-07
7.200000000000000178e+00 -2.866420441934610886e-07
7.250000000000000000e+00 -2.406131551892055000e-07
7.300000000000000711e+00 -2.016146258003541646e-07
7.350000000000000533e+00 -1.686360328237327507e-07
7.400000000000000355e+00 -1.408013470944405004e-07
7.450000000000000178e+00 -1.173528595974565258e-07
7.500000000000000000e+00 -9.763673631205442667e-08
7.550000000000000711e+00 -8.109008457025567443e-08
7.600000000000000533e+00 -6.722941392268768213e-08
7.650000000000000355e+00 -5.564037654453937780e-08
7.700000000000000178e+00 -4.596867568863736113e-08
7.750000000000000000e+00 -3.791203527403714508e-08
7.800000000000000711e+00 -3.121312908952601022e-08
7.850000000000000533e+00 -2.565337404231068696e-08
7.900000000000000355e+00 -2.104749818247986774e-08
7.950000000000000178e+00 -1.723880070439142317e-08
8.000000000000000000e+00 -1.409502762209085122e-08
8.050000000000000711e+00 -1.150479322150876855e-08
8.099999999999999645e+00 -9.374483613421563357e-09
8.150000000000000355e+00 -7.625584680704112897e-09
8.200000000000001066e+00 -6.192382377960086507e-09
8.250000000000000000e+00 -5.019988667130698868e-09
8.300000000000000711e+00 -4.062651337515646162e-09
8.349999999999999645e+00 -3.282310552224349651e-09
8.400000000000000355e+00 -2.647369184131828988e-09
8.450000000000001066e+00 -2.131647857974820899e-09
8.500000000000000000e+00 -1.713499114081598545e-09
8.550000000000000711e+00 -1.375058266873300042e-09
8.599999999999999645e+00 -1.101611368775767096e-09
8.650000000000000355e+00 -8.810632245961439032e-10
8.700000000000001066e+00 -7.034906580598537266e-10
8.750000000000000000e+00 -5.607682304530688374e-10
8.800000000000000711e+00 -4.462553734958814422e-10
8.849999999999999645e+00 -3.545354487093504471e-10
8.900000000000000355e+00 -2.811986004364547564e-10
8.950000000000001066e+00 -2.226614520535491603e-10
9.000000000000000000e+00 -1.760177226210466030e-10
9.050000000000000711e+00 -1.389147303753092326e-10
9.099999999999999645e+00 -1.094515171712675625e-10
9.150000000000000355e+00 -8.609498891922226000e-11
9.200000000000001066e+00 -6.761103193403577208e-11
9.250000000000000000e+00 -5.300805080613477103e-11
9.300000000000000711e+00 -4.149078425575220981e-11
9.349999999999999645e+00 -3.242260696734574841e-11
9.400000000000000355e+00 -2.529482154387861824e-11
9.450000000000001066e+00 -1.970169585472022415e-11
9.500000000000000000e+00 -1.532021248161611610e-11
9.550000000000000711e+00 -1.189367380868294066e-11
9.600000000000001421e+00 -9.218455586889043671e-12
9.650000000000000355e+00 -7.133325685243076264e-12
9.700000000000001066e+00 -5.510848897655549072e-12
9.750000000000000000e+00 -4.250483358679186311e-12
9.800000000000000711e+00 -3.273047366734950434e-12
9.850000000000001421e+00 -2.516292909139532757e-12
9.900000000000000355e+00 -1.931371344391160948e-12
9.950000000000001066e+00 -1.480017390997284385e-12
1.000000000000000000e+01 -1.132309171495208257e-12
1.005000000000000071e+01 -8.648904805989213520e-13
1.010000000000000142e+01 -6.595622605107311589e-13
1.015000000000000036e+01 -5.021688594383653648e-13
1.020000000000000107e+01 -3.817189613663716089e-13
1.025000000000000000e+01 -2.896932384635499510e-13
1.030000000000000071e+01 -2.194998464933778578e-13
1.035000000000000142e+01 -1.660474089722316569e-13
1.040000000000000036e+01 -1.254101114243412604e-13
1.045000000000000107e+01 -9.456624111853991580e-14
1.050000000000000000e+01 -7.119404444552929163e-14
1.055000000000000071e+01 -5.351252583394497211e-14
1.060000000000000142e+01 -4.015803705148968591e-14
1.065000000000000036e+01 -3.008812468457357359e-14
1.070000000000000107e+01 -2.250732424861995479e-14
1.075000000000000000e+01 -1.680969278341784548e-14
1.080000000000000071e+01 -1.253436886425335222e-14
1.085000000000000142e+01 -9.331528260098400056e-15
1.090000000000000036e+01 -6.936049120915520933e-15
1.095000000000000107e+01 -5.147313164877119766e-15
1.100000000000000000e+01 -3.813793740467244000e-15
1.105000000000000071e+01 -2.821278443640874551e-15
1.110000000000000142e+01 -2.083729049787486210e-15
1.115000000000000036e+01 -1.536574710049836070e-15
1.120000000000000107e+01 -1.131272868965921304e-15
1.125000000000000000e+01 -8.315951583985905972e-16
1.130000000000000071e+01 -6.103223466895836645e-16
1.135000000000000142e+01 -4.472171104662630669e-16
1.140000000000000036e+01 -3.271731266360960667e-16
1.145000000000000107e+01 -2.389758545674151034e-16
1.150000000000000000e+01 -1.742868377093381158e-16
1.155000000000000071e+01 -1.269059155399565504e-16
1.160000000000000142e+01 -9.225354024147858032e-17
1.165000000000000036e+01 -6.694894115793743174e-17
1.170000000000000107e+01 -4.854706186266190754e-17
1.175000000000000000e+01 -3.510354288978516787e-17
1.180000000000000071e+01 -2.537255085879899874e-17
1.185000000000000142e+01 -1.830892654852736701e-17
1.190000000000000036e+01 -1.317645309063540543e-17
1.195000000000000107e+01 -9.489301141091409372e-18
1.200000000000000000e+01 -6.780756890182226918e-18
1.205000000000000071e+01 -4.865401720121235937e-18
1.210000000000000142e+01 -3.481035240170115516e-18
1.215000000000000036e+01 -2.516176255285649429e-18
1.220000000000000107e+01 -1.769738537768142558e-18
1.225000000000000000e+01 -1.267741002765255624e-18
1.230000000000000071e+01 -8.796711425504819565e-19
1.235000000000000142e+01 -6.608518038487178880e-19
1.240000000000000036e+01 -4.640181750014162537e-19
1.245000000000000107e+01 -3.248869120449142766e-19
1.250000000000000000e+01 -2.049069032573599198e-19
1.255000000000000071e+01 -1.490768044086587703e-19
1.260000000000000142e+01 -1.030253880934748576e-19
1.265000000000000036e+01 -4.856261700158546472e-20
1.270000000000000107e+01 -3.961115294412764554e-20
1.275000000000000000e+01 -3.280491619262270245e-20
1.280000000000000071e+01 -5.759672977237482316e-21
1.285000000000000142e+01 -6.680414794170897214e-21
1.290000000000000036e+01 2.713422529714926811e-21
1.295000000000000107e+01 -1.320780595556135647e-21
1.300000000000000000e+01 9.626479557657037907e-21
1.305000000000000071e+01 -8.131330456225923572e-21
1.310000000000000142e+01 -1.169022327213552721e-20
1.315000000000000036e+01 -2.153824078675743278e-20
1.320000000000000107e+01 3.170853068723451838e-20
1.325000000000000000e+01 4.013206263920792386e-21
1.330000000000000071e+01 2.767498416661895362e-20
1.335000000000000142e+01 -1.483897873667772853e-20
1.340000000000000036e+01 -9.051911217203019566e-21
1.345000000000000107e+01 1.336300257160183658e-20
1.350000000000000000e+01 1.222305349971776760e-20
1.355000000000000071e+01 -1.129927650116678330e-21
1.360000000000000142e+01 -7.839883171751152636e-21
1.365000000000000036e+01 2.920888581690550528e-21
1.370000000000000107e+01 7.094404597586927307e-21
1.375000000000000000e+01 3.138618596563384858e-21
1.380000000000000071e+01 2.756039100314194303e-20
1.385000000000000142e+01 2.233817358734565396e-20
1.390000000000000036e+01 2.569161450082262522e-20
1.395000000000000107e+01 2.068776716671369171e-20
1.400000000000000000e+01 5.025798920780798521e-21
1.405000000000000071e+01 -1.186929161865012677e-20
1.410000000000000142e+01 2.827164338965361495e-21
1.415000000000000036e+01 -3.351826646746561008e-21
1.420000000000000107e+01 -1.282185342478239764e-20
1.425000000000000000e+01 3.054423724862651825e-20
1.430000000000000071e+01 -3.831386368155912203e-21
1.435000000000000142e+01 3.975140747442095312e-20
1.440000000000000036e+01 1.418350676475798451e-20
1.445000000000000107e+01 1.246013157188508880e-20
1.450000000000000000e+01 1.946909509139902537e-21
1.455000000000000071e+01 -3.644291618569295678e-21
1.460000000000000142e+01 9.401597284249222468e-21
1.465000000000000036e+01 9.158013187800822751e-21
1.470000000000000107e+01 -1.690815481249635651e-20
1.475000000000000000e+01 2.061851396551335884e-20
1.480000000000000071e+01 1.053602943368833671e-21
1.485000000000000142e+01 1.386269238177169802e-20
1.490000000000000036e+01 -7.081174387270389851e-21
1.495000000000000107e+01 -8.446786216461679829e-22
1.500000000000000000e+01 -2.041745861394394770e-21
1.505000000000000071e+01 7.499665775789884933e-22
1.510000000000000142e+01 5.061091557294643725e-21
1.515000000000000036e+01 -8.604284960910855748e-21
1.520000000000000107e+01 2.893902714443291442e-20
1.525000000000000000e+01 -5.085117915145150274e-21
1.530000000000000071e+01 -3.293266780774089572e-21
1.535000000000000142e+01 -8.721547719475018098e-21
1.540000000000000036e+01 -2.326408115478917026e-20
1.545000000000000107e+01 2.909112435087448691e-20
1.550000000000000000e+01 -9.470440971887565878e-21
1.555000000000000071e+01 -1.495149528449131861e-20
1.560000000000000142e+01 -4.973475989320416587e-21
1.565000000000000036e+01 -7.306079870259159860e-22
1.570000000000000107e+01 -9.934323130859331689e-21
1.575000000000000000e+01 -3.174804763679242061e-20
1.580000000000000071e+01 -5.718217653114879814e-21
1.585000000000000142e+01 -1.517626112589510105e-20
1.590000000000000036e+01 -9.796402354540324209e-21
1.595000000000000107e+01 -3.837747020151245195e-20
1.600000000000000000e+01 -2.284321813976090648e-20
1.605000000000000071e+01 -2.102146931668697443e-20
1.610000000000000142e+01 1.809923346649633298e-20
1.615000000000000213e+01 -2.634387665950301705e-20
1.619999999999999929e+01 -2.246428830379073346e-20
1.625000000000000000e+01 -2.043856062796527645e-20
1.630000000000000071e+01 -2.970311422158145727e-20
1.635000000000000142e+01 1.379040465586441210e-21
1.640000000000000213e+01 -1.549399805990867879e-20
1.644999999999999929e+01 1.761742003351563129e-20
1.650000000000000000e+01 -7.789785697987719224e-21
1.655000000000000071e+01 -1.195012266725619711e-20
1.660000000000000142e+01 8.597376469362838498e-21
1.665000000000000213e+01 -2.053279276053768116e-20
1.669999999999999929e+01 -1.101572815736081312e-20
1.675000000000000000e+01 -5.081187415840889918e-21
1.680000000000000071e+01 1.426081795392694662e-20
1.685000000000000142e+01 -8.766575752644929466e-21
1.690000000000000213e+01 3.975819596547796220e-21
1.694999999999999929e+01 3.368521950908456568e-21
1.700000000000000000e+01 1.710832771896969715e-20
1.705000000000000071e+01 9.191636528194282119e-21
1.710000000000000142e+01 9.688675926991577150e-21
1.715000000000000213e+01 9.653162979865263185e-21
1.719999999999999929e+01 -8.554525187397959817e-21
1.725000000000000000e+01 -3.124222099399493902e-21
1.730000000000000071e+01 -7.785997085513545252e-21
1.735000000000000142e+01 2.462216247963077684e-20
1.740000000000000213e+01 -1.591787936449414897e-20
1.744999999999999929e+01 -1.620495548074761676e-21
1.750000000000000000e+01 2.126516287428906891e-20
1.755000000000000071e+01 4.547730713249811201e-22
1.760000000000000142e+01 1.186951774769206476e-20
1.765000000000000213e+01 1.301797866700199307e-20
1.769999999999999929e+01 8.783783801952351048e-21
1.775000000000000000e+01 2.811595717471115268e-22
1.780000000000000071e+01 2.250337945145892016e-20
1.785000000000000142e+01 1.957930902967559419e-20
1.790000000000000213e+01 8.939270844452848303e-21
1.794999999999999929e+01 2.739921596711693127e-20
1.800000000000000000e+01 3.371542649430988066e-22
1.805000000000000071e+01 2.572820649669789895e-20
1.810000000000000142e+01 4.385931521521499953e-21
1.815000000000000213e+01 -2.745701584063559950e-21
1.819999999999999929e+01 1.396994454187603594e-20
1.825000000000000000e+01 1.527771963354577057e-20
1.830000000000000071e+01 5.510870655818553648e-21
1.835000000000000142e+01 2.036796824672732417e-20
1.840000000000000213e+01 7.561479893948700959e-21
1.844999999999999929e+01 1.212691582045886664e-20
1.850000000000000000e+01 1.202308007191694124e-20
1.855000000000000071e+01 5.673440128651196358e-21
1.860000000000000142e+01 2.654683601348645914e-20
1.865000000000000213e+01 -1.737722417831422887e-20
1.869999999999999929e+01 1.130624218084490844e-20
1.875000000000000000e+01 -1.302594116273064541e-21
1.880000000000000071e+01 2.240893888986558711e-20
1.885000000000000142e+01 3.461229194834929176e-21
1.890000000000000213e+01 3.424888424751393167e-20
1.894999999999999929e+01 2.028525355925050502e-20
1.900000000000000000e+01 2.323122124004791345e-20
1.905000000000000071e+01 2.581744923787260612e-20
1.910000000000000142e+01 9.993534242215463079e-21
1.915000000000000213e+01 2.439915809917101356e-20
1.920000000000000284e+01 1.670641651118192444e-20
1.925000000000000000e+01 1.522257125763221545e-20
1.930000000000000071e+01 1.170495662851275845e-20
1.935000000000000142e+01 3.431993945668468618e-21
1.940000000000000213e+01 1.072227419085195448e-20
1.945000000000000284e+01 -2.259704074603000596e-21
1.950000000000000000e+01 6.050078978263458089e-21
1.955000000000000071e+01 3.152849499702142056e-21
1.960000000000000142e+01 -6.055633682267957351e-21
1.965000000000000213e+01 -8.659487843504877837e-21
1.970000000000000284e+01 -2.334668934134602165e-21
1.975000000000000000e+01 -7.279184836875461895e-21
1.980000000000000071e+01 -5.329290481074141318e-21
1.985000000000000142e+01 2.579470794827314354e-21
1.990000000000000213e+01 8.186545966242217255e-21
1.995000000000000284e+01 -1.479815148466870201e-20
2.000000000000000000e+01 -4.080884930723500630e-20
2.005000000000000071e+01 -8.937655302073062708e-21
2.010000000000000142e+01 -1.966838383934495250e-20
2.015000000000000213e+01 -3.317907911843424435e-20
2.020000000000000284e+01 -1.073969652049088819e-20
2.025000000000000000e+01 2.604197444294195812e-21
2.030000000000000071e+01 -2.323091270704333298e-20
2.035000000000000142e+01 -4.194426079266694494e-21
2.040000000000000213e+01 -1.714507028143252294e-20
2.045000000000000284e+01 -1.641639965592192883e-20
2.050000000000000000e+01 -2.014431782433821610e-20
2.055000000000000071e+01 -2.826349211313656723e-20
2.060000000000000142e+01 -3.283339221246937196e-20
2.065000000000000213e+01 -1.819555597358538277e-20
2.070000000000000284e+01 -2.391931544311306025e-20
2.075000000000000000e+01 -3.830320201762755136e-20
2.080000000000000071e+01 -3.776800743762938537e-20
2.085000000000000142e+01 -6.044786017181018751e-20
2.090000000000000213e+01 -2.207130059901431870e-20
2.095000000000000284e+01 -4.901679588732768066e-20
2.100000000000000000e+01 -3.433381236552548963e-20
2.105000000000000071e+01 -2.167465735824661848e-20
2.110000000000000142e+01 -3.218718790088243764e-20
2.115000000000000213e+01 -2.003506894287923598e-20
2.120000000000000284e+01 -1.838393962459683373e-20
2.125000000000000000e+01 -1.514911965510281291e-20
2.130000000000000071e+01 -1.037760610735140907e-20
2.135000000000000142e+01 -2.885170878839630504e-20
2.140000000000000213e+01 -2.039990619294102501e-20
2.145000000000000284e+01 5.931044733131930347e-21
2.150000000000000000e+01 1.002003537094748986e-20
2.155000000000000071e+01 3.455195174152239747e-21
2.160000000000000142e+01 -4.304580787569602921e-21
2.165000000000000213e+01 1.009285936555963259e-20
2.170000000000000284e+01 2.801921161757316965e-21
2.175000000000000000e+01 8.682957880211987663e-21
2.180000000000000071e+01 4.434550288473516606e-21
2.185000000000000142e+01 2.991453222530217988e-20
2.190000000000000213e+01 2.218066991358872795e-20
2.195000000000000284e+01 4.402517601295477119e-20
2.200000000000000000e+01 2.034051851178662857e-20
2.205000000000000071e+01 3.957129797386796996e-20
2.210000000000000142e+01 3.795850601998182420e-20
2.215000000000000213e+01 3.688782874653077402e-22
2.220000000000000284e+01 1.631187825064807174e-20
2.225000000000000000e+01 2.784981294472591345e-20
2.230000000000000071e+01 3.500386392718568013e-20
2.235000000000000142e+01 3.434280627672929672e-20
2.240000000000000213e+01 2.825213567041471337e-20
2.245000000000000284e+01 3.627994112123761157e-20
2.250000000000000000e+01 4.032151576470450899e-20
2.255000000000000071e+01 5.051468000329098234e-20
2.260000000000000142e+01 3.132201393035904431e-20
2.265000000000000213e+01 4.742376157185942566e-20
2.270000000000000284e+01 4.619604144796679655e-20
2.275000000000000000e+01 4.073315913256403003e-20
2.280000000000000071e+01 1.321635081731950166e-20
2.285000000000000142e+01 4.822902257979332631e-20
2.290000000000000213e+01 1.930283493217986164e-20
2.295000000000000284e+01 3.905824933739132701e-20
2.300000000000000000e+01 2.479046563024055330e-20
2.305000000000000071e+01 3.272218102772281193e-20
2.310000000000000142e+01 3.836099828272705282e-20
2.315000000000000213e+01 1.520168106161902138e-20
2.320000000000000284e+01 3.194696153626427556e-20
2.325000000000000000e+01 1.420515448980863269e-20
2.330000000000000071e+01 5.575697645203791706e-21
2.335000000000000142e+01 2.821944631632398674e-20
2.340000000000000213e+01 1.796752550698996377e-20
2.345000000000000284e+01 4.341944081860552577e-21
2.350000000000000000e+01 -9.830922674793996306e-21
2.355000000000000071e+01 6.788884427575443033e-21
2.360000000000000142e+01 8.853865617622914149e-22
2.365000000000000213e+01 1.392734302423469752e-20
2.370000000000000284e+01 -5.086930001610513701e-21
2.375000000000000000e+01 -1.340618525416304101e-20
2.380000000000000071e+01 -1.278485198786666146e-20
2.385000000000000142e+01 -1.216581457229608795e-21
2.390000000000000213e+01 -7.183841343368857426e-21
2.395000000000000284e+01 -1.440491187761066680e-20
2.400000000000000000e+01 -2.320283611001896604e-20
2.405000000000000071e+01 -8.184291500661368250e-21
2.410000000000000142e+01 -4.676266091112620389e-20
2.415000000000000213e+01 -2.698269774431505879e-20
2.420000000000000284e+01 -3.245715909678858790e-21
2.425000000000000000e+01 -4.677873291294519720e-20
2.430000000000000071e+01 -2.130364379911721302e-20
2.435000000000000142e+01 -9.397831530982193059e-21
2.440000000000000213e+01 -3.845717622624062771e-20
2.445000000000000284e+01 -8.236080189080832539e-21
2.450000000000000000e+01 -1.590246619531441170e-20
2.455000000000000071e+01 -3.061716767481923754e-20
2.460000000000000142e+01 -3.414226063632472147e-20
2.465000000000000213e+01 -3.027552588270007597e-20
2.470000000000000284e+01 -3.022874548729920923e-20
2.475000000000000000e+01 -4.163186265785876574e-20
2.480000000000000071e+01 -4.898162528382350601e-20
2.485000000000000142e+01 -3.121242517948787563e-20
2.490000000000000213e+01 -1.127881307125062213e-20
2.495000000000000284e+01 -4.076336328352684531e-20
