0.000000000000000000e+00 2.330235499471906488e-02
5.000000000000000278e-02 2.549743049102081924e-02
1.000000000000000056e-01 2.514611768181715390e-02
1.500000000000000222e-01 2.452584163919871788e-02
2.000000000000000111e-01 2.368037518568706645e-02
2.500000000000000000e-01 2.260590620424552180e-02
3.000000000000000444e-01 2.133245802264245594e-02
3.500000000000000333e-01 1.986552943939671328e-02
4.000000000000000222e-01 1.822435408013961533e-02
4.500000000000000111e-01 1.643415955661621866e-02
5.000000000000000000e-01 1.451231301854520074e-02
5.500000000000000444e-01 1.248699628314929241e-02
6.000000000000000888e-01 1.038216483707318782e-02
6.500000000000000222e-01 8.223351246807085457e-03
7.000000000000000666e-01 6.038211938141514919e-03
7.500000000000000000e-01 3.841572350570835945e-03
8.000000000000000444e-01 1.682768889036127770e-03
8.500000000000000888e-01 -4.581448276606966074e-04
9.000000000000000222e-01 -2.506983567415397175e-03
9.500000000000000666e-01 -4.481849169891930808e-03
1.000000000000000000e+00 -6.348289690693946496e-03
1.050000000000000044e+00 -8.091588325296493120e-03
1.100000000000000089e+00 -9.701734413969089962e-03
1.150000000000000133e+00 -1.116068117990577820e-02
1.200000000000000178e+00 -1.246391703528266538e-02
1.250000000000000000e+00 -1.359806447270233906e-02
1.300000000000000044e+00 -1.456581228769394942e-02
1.350000000000000089e+00 -1.536088097124918735e-02
1.400000000000000133e+00 -1.598365370350152484e-02
1.450000000000000178e+00 -1.643478883405584748e-02
1.500000000000000000e+00 -1.672215554021021927e-02
1.550000000000000044e+00 -1.684637109186346710e-02
1.600000000000000089e+00 -1.682541312237492703e-02
1.650000000000000133e+00 -1.664756940172778046e-02
1.700000000000000178e+00 -1.635176081543419577e-02
1.750000000000000000e+00 -1.592404762658725104e-02
1.800000000000000044e+00 -1.538966455626912706e-02
1.850000000000000089e+00 -1.475745161415978508e-02
1.900000000000000133e+00 -1.404120768887685139e-02
1.950000000000000178e+00 -1.325170574826096959e-02
2.000000000000000000e+00 -1.240561926738511025e-02
2.050000000000000266e+00 -1.151329095071566139e-02
2.100000000000000089e+00 -1.058723978850481182e-02
2.149999999999999911e+00 -9.640199483290546809e-03
2.200000000000000178e+00 -8.682453773643471900e-03
2.250000000000000000e+00 -7.726436437784535774e-03
2.300000000000000266e+00 -6.776883756036205901e-03
2.350000000000000089e+00 -5.851173573390492516e-03
2.400000000000000355e+00 -4.949166565207121192e-03
2.450000000000000178e+00 -4.081754402007069932e-03
2.500000000000000000e+00 -3.253735966371859491e-03
2.550000000000000266e+00 -2.470175508239822425e-03
2.600000000000000089e+00 -1.738324636456272960e-03
2.650000000000000355e+00 -1.054606550095887061e-03
2.700000000000000178e+00 -4.272085466971280989e-04
2.750000000000000000e+00 1.448763173707278968e-04
2.800000000000000266e+00 6.605720027339925067e-04
2.850000000000000089e+00 1.121208058894085846e-03
2.900000000000000355e+00 1.524386933016988726e-03
2.950000000000000178e+00 1.875485997161807855e-03
3.000000000000000000e+00 2.173597982543487312e-03
3.050000000000000266e+00 2.421534940329107474e-03
3.100000000000000089e+00 2.623025932301889084e-03
3.150000000000000355e+00 2.779489389374199988e-03
3.200000000000000178e+00 2.895188559153326867e-03
3.250000000000000000e+00 2.973233930242887534e-03
3.300000000000000266e+00 3.016942316124742157e-03
3.350000000000000089e+00 3.029971898050406402e-03
3.400000000000000355e+00 3.014717506534723111e-03
3.450000000000000178e+00 2.977713106560440047e-03
3.500000000000000000e+00 2.917399212736174370e-03
3.550000000000000266e+00 2.841213600488445411e-03
3.600000000000000089e+00 2.749822325637672499e-03
3.650000000000000355e+00 2.647074848503822454e-03
3.700000000000000178e+00 2.535162797255188175e-03
3.750000000000000000e+00 2.415165946636475304e-03
3.800000000000000266e+00 2.294636806686000188e-03
3.850000000000000089e+00 2.164558074284769762e-03
3.900000000000000355e+00 2.039603778042008066e-03
3.950000000000000178e+00 1.910918563114665739e-03
4.000000000000000000e+00 1.787935912387142662e-03
4.049999999999999822e+00 1.663191499114353208e-03
4.100000000000000533e+00 1.544969816859769049e-03
4.150000000000000355e+00 1.430782350104132334e-03
4.200000000000000178e+00 1.319050728438471215e-03
4.250000000000000000e+00 1.215174349036278467e-03
4.299999999999999822e+00 1.115259594109934598e-03
4.350000000000000533e+00 1.021522835745816270e-03
4.400000000000000355e+00 9.332491948881080747e-04
4.450000000000000178e+00 8.506390287387626025e-04
4.500000000000000000e+00 7.738598831295243757e-04
4.549999999999999822e+00 7.016206971749128739e-04
4.600000000000000533e+00 6.367310787261379942e-04
4.650000000000000355e+00 5.747480561290033889e-04
4.700000000000000178e+00 5.186961246232372081e-04
4.750000000000000000e+00 4.672134571982089935e-04
4.800000000000000711e+00 4.199950151136068108e-04
4.850000000000000533e+00 3.770456654284030321e-04
4.900000000000000355e+00 3.379945258879153984e-04
4.950000000000000178e+00 3.024387372816078156e-04
5.000000000000000000e+00 2.703180007872924549e-04
5.050000000000000711e+00 2.413442417814628236e-04
5.100000000000000533e+00 2.150584802549669659e-04
5.150000000000000355e+00 1.921499687852634838e-04
5.200000000000000178e+00 1.700580948608021599e-04
5.250000000000000000e+00 1.518347019718252011e-04
5.300000000000000711e+00 1.351129958741321318e-04
5.350000000000000533e+00 1.197240185215637663e-04
5.400000000000000355e+00 1.067190105967331731e-04
5.450000000000000178e+00 9.443566177999751412e-05
5.500000000000000000e+00 8.398088118980167466e-05
5.550000000000000711e+00 7.460353612505681508e-05
5.600000000000000533e+00 6.620733840412091275e-05
5.650000000000000355e+00 5.900446147764356009e-05
5.700000000000000178e+00 5.171404269872181646e-05
5.750000000000000000e+00 4.715235237432462330e-05
5.800000000000000711e+00 4.115348095139291908e-05
5.850000000000000533e+00 3.667121762182037339e-05
5.900000000000000355e+00 3.277437513673610932e-05
5.950000000000000178e+00 2.878758741501945558e-05
6.000000000000000000e+00 2.784795865143428317e-05
6.050000000000000711e+00 2.456394607734443467e-05
6.100000000000000533e+00 2.166712673666993703e-05
6.150000000000000355e+00 1.911118948881275359e-05
6.200000000000000178e+00 1.685642214839437893e-05
6.250000000000000000e+00 1.486758927197682921e-05
6.300000000000000711e+00 1.311296300320939947e-05
6.350000000000000533e+00 1.156519400299643589e-05
6.400000000000000355e+00 1.020006165574997938e-05
6.450000000000000178e+00 8.995777035685701269e-06
6.500000000000000000e+00 7.933527785947306225e-06
6.550000000000000711e+00 6.996688768516252378e-06
