0.000000000000000000e+00 0.000000000000000000e+00
5.000000000000000278e-02 -7.968599836901357064e-03
1.000000000000000056e-01 -1.585406392231118039e-02
1.500000000000000222e-01 -2.357487211721224357e-02
2.000000000000000111e-01 -3.105268034033465546e-02
2.500000000000000000e-01 -3.821377252178462247e-02
3.000000000000000444e-01 -4.499035662294235266e-02
3.500000000000000333e-01 -5.132166347635493120e-02
4.000000000000000222e-01 -5.715481649678257753e-02
4.500000000000000111e-01 -6.244545038522268665e-02
5.000000000000000000e-01 -6.715806792872364150e-02
5.500000000000000444e-01 -7.126613536674428206e-02
6.000000000000000888e-01 -7.475192799728125337e-02
6.500000000000000222e-01 -7.760614733778560537e-02
7.000000000000000666e-01 -7.982734187740114784e-02
7.500000000000000000e-01 -8.142116781860504748e-02
8.000000000000000444e-01 -8.239953479344730436e-02
8.500000000000000888e-01 -8.277968171634807193e-02
9.000000000000000222e-01 -8.258323061423611389e-02
9.500000000000000666e-01 -8.183526256283329969e-02
1.000000000000000000e+00 -8.056345860586805463e-02
1.050000000000000044e+00 -7.879733858842659366e-02
1.100000000000000089e+00 -7.656762774632119850e-02
1.150000000000000133e+00 -7.390576912229963880e-02
1.200000000000000178e+00 -7.084359064537691653e-02
1.250000000000000000e+00 -6.741312748763245155e-02
1.300000000000000044e+00 -6.364658925841273907e-02
1.350000000000000089e+00 -5.957645444586260469e-02
1.400000000000000133e+00 -5.523566536152842155e-02
1.450000000000000178e+00 -5.065789478375633953e-02
1.500000000000000000e+00 -4.587784041929631601e-02
1.550000000000000044e+00 -4.093152899651922999e-02
1.600000000000000089e+00 -3.585656758618478018e-02
1.650000000000000133e+00 -3.069232867897048883e-02
1.700000000000000178e+00 -2.548002980954287150e-02
1.750000000000000000e+00 -2.026268269335611619e-02
1.800000000000000044e+00 -1.508491407498159867e-02
1.850000000000000089e+00 -9.992595030008705539e-03
1.900000000000000133e+00 -5.032371248373926353e-03
1.950000000000000178e+00 -2.510122214077541115e-04
2.000000000000000000e+00 4.305347731214934255e-03
2.050000000000000266e+00 8.592069479174874180e-03
2.100000000000000089e+00 1.256693491390693286e-02
2.149999999999999911e+00 1.619110179744872452e-02
2.200000000000000178e+00 1.943005188008002995e-02
2.250000000000000000e+00 2.225448437131323856e-02
2.300000000000000266e+00 2.464112221911393327e-02
2.350000000000000089e+00 2.657339198249493786e-02
2.400000000000000355e+00 2.804194418188270949e-02
2.450000000000000178e+00 2.904499083513250798e-02
2.500000000000000000e+00 2.958844070064919896e-02
2.550000000000000266e+00 2.968581955432461617e-02
2.600000000000000089e+00 2.935798407488719036e-02
2.650000000000000355e+00 2.863262027463558609e-02
2.700000000000000178e+00 2.754355747392333090e-02
2.750000000000000000e+00 2.612991234874988133e-02
2.800000000000000266e+00 2.443509532957786889e-02
2.850000000000000089e+00 2.250571220064122649e-02
2.900000000000000355e+00 2.039040216830328295e-02
2.950000000000000178e+00 1.813864801944988642e-02
3.000000000000000000e+00 1.579960046171549962e-02
3.050000000000000266e+00 1.342095523632379390e-02
3.100000000000000089e+00 1.104791619456896128e-02
3.150000000000000355e+00 8.722277559599457553e-03
3.200000000000000178e+00 6.481648595633729415e-03
3.250000000000000000e+00 4.358826627411513908e-03
3.300000000000000266e+00 2.381379948923230665e-03
3.350000000000000089e+00 5.713570496180877265e-04
3.400000000000000355e+00 -1.054790356334874479e-03
3.450000000000000178e+00 -2.486133224970185455e-03
3.500000000000000000e+00 -3.717034976749829158e-03
3.550000000000000266e+00 -4.746790094203090504e-03
3.600000000000000089e+00 -5.579150007253246349e-03
3.650000000000000355e+00 -6.221762863465572085e-03
3.700000000000000178e+00 -6.685557764788165915e-03
3.750000000000000000e+00 -6.984088977963483040e-03
3.800000000000000266e+00 -7.132880187987145244e-03
3.850000000000000089e+00 -7.148779590309547842e-03
3.900000000000000355e+00 -7.049352901296729139e-03
3.950000000000000178e+00 -6.852329446823094902e-03
4.000000000000000000e+00 -6.575114409571776626e-03
4.049999999999999822e+00 -6.234376635712786906e-03
4.100000000000000533e+00 -5.845717571255641155e-03
4.150000000000000355e+00 -5.423419977776755031e-03
4.200000000000000178e+00 -4.980278884041801878e-03
4.250000000000000000e+00 -4.527503964456678145e-03
4.299999999999999822e+00 -4.074690333072853755e-03
4.350000000000000533e+00 -3.629844931649185008e-03
4.400000000000000355e+00 -3.199460139027960909e-03
4.450000000000000178e+00 -2.788623361053194777e-03
4.500000000000000000e+00 -2.401149574291374864e-03
4.549999999999999822e+00 -2.039731207682513904e-03
4.600000000000000533e+00 -1.706097114922225551e-03
4.650000000000000355e+00 -1.401133054835667843e-03
4.700000000000000178e+00 -1.125091361432077131e-03
4.750000000000000000e+00 -8.776532955466154412e-04
4.800000000000000711e+00 -6.580811270388527753e-04
4.850000000000000533e+00 -4.653085742031791970e-04
4.900000000000000355e+00 -2.980234770878288403e-04
4.950000000000000178e+00 -1.547336912456895102e-04
5.000000000000000000e+00 -3.382030996542493445e-05
5.050000000000000711e+00 6.642167304891017688e-05
5.100000000000000533e+00 1.477510124146719944e-04
5.150000000000000355e+00 2.119547113211670724e-04
5.200000000000000178e+00 2.608262102402325307e-04
5.250000000000000000e+00 2.961461065847972017e-04
5.300000000000000711e+00 3.196635975521962335e-04
5.350000000000000533e+00 3.330779213680590332e-04
5.400000000000000355e+00 3.380194597236111254e-04
5.450000000000000178e+00 3.360396438966924745e-04
5.500000000000000000e+00 3.285480397773698873e-04
5.550000000000000711e+00 3.168837302109706912e-04
5.600000000000000533e+00 3.022118386019474160e-04
5.650000000000000355e+00 2.855558010997340745e-04
5.700000000000000178e+00 2.677815019165549521e-04
5.750000000000000000e+00 2.496047313406820289e-04
5.800000000000000711e+00 2.315542040528804945e-04
5.850000000000000533e+00 2.140303384581614089e-04
5.900000000000000355e+00 1.973130442830634760e-04
5.950000000000000178e+00 1.815372061860087303e-04
