0.000000000000000000e+00 -1.269356121451202357e+00
5.000000000000000278e-02 -2.518903259990755775e-02
1.000000000000000056e-01 -1.231851411111598710e-02
1.500000000000000222e-01 -7.910591553938384549e-03
2.000000000000000111e-01 -5.623455039402760862e-03
2.500000000000000000e-01 -4.190501227876314294e-03
3.000000000000000444e-01 -3.190615534814950516e-03
3.500000000000000333e-01 -2.444313210483734216e-03
4.000000000000000222e-01 -1.862424117693893587e-03
4.500000000000000111e-01 -1.396006897780886942e-03
5.000000000000000000e-01 -1.015968684362223264e-03
5.500000000000000444e-01 -7.040996264094949355e-04
6.000000000000000888e-01 -4.481032211541842556e-04
6.500000000000000222e-01 -2.397475739022222473e-04
7.000000000000000666e-01 -7.268895040925402921e-05
7.500000000000000000e-01 5.766399328931996266e-05
8.000000000000000444e-01 1.551246709301379453e-04
8.500000000000000888e-01 2.228685786826884189e-04
9.000000000000000222e-01 2.638597154077162717e-04
9.500000000000000666e-01 2.805992664029654171e-04
1.000000000000000000e+00 2.756725603746275864e-04
1.050000000000000044e+00 2.514675233371090101e-04
1.100000000000000089e+00 2.104083353194492994e-04
1.150000000000000133e+00 1.547956032295604034e-04
1.200000000000000178e+00 8.694375494400985113e-05
1.250000000000000000e+00 9.271011292771242696e-06
1.300000000000000044e+00 -7.598438780352134746e-05
1.350000000000000089e+00 -1.665179586258586845e-04
1.400000000000000133e+00 -2.602527447850226509e-04
1.450000000000000178e+00 -3.550492083142816452e-04
1.500000000000000000e+00 -4.488554423349459723e-04
1.550000000000000044e+00 -5.399075185986580011e-04
1.600000000000000089e+00 -6.263787948347049155e-04
1.650000000000000133e+00 -7.068312631820229371e-04
1.700000000000000178e+00 -7.797955301790311135e-04
1.750000000000000000e+00 -8.441050228921036279e-04
1.800000000000000044e+00 -8.987105902953881377e-04
1.850000000000000089e+00 -9.429118324158572168e-04
1.900000000000000133e+00 -9.760825849363130059e-04
1.950000000000000178e+00 -9.978289541648841226e-04
2.000000000000000000e+00 -1.008049248747121653e-03
2.050000000000000266e+00 -1.006677340436037526e-03
2.100000000000000089e+00 -9.940032135785177494e-04
2.149999999999999911e+00 -9.703698126898103104e-04
2.200000000000000178e+00 -9.363787568448025131e-04
2.250000000000000000e+00 -8.926984703839786588e-04
2.300000000000000266e+00 -8.401836116669838704e-04
2.350000000000000089e+00 -7.797502763090447160e-04
2.400000000000000355e+00 -7.123934061105882676e-04
2.450000000000000178e+00 -6.392459595717855112e-04
2.500000000000000000e+00 -5.613704614651891410e-04
2.550000000000000266e+00 -4.799284397277863725e-04
2.600000000000000089e+00 -3.961377924017286706e-04
2.650000000000000355e+00 -3.110164580777469634e-04
2.700000000000000178e+00 -2.256894151329827858e-04
2.750000000000000000e+00 -1.411696258819331300e-04
2.800000000000000266e+00 -5.846532667542270526e-05
2.850000000000000089e+00 2.162155559988620588e-05
2.900000000000000355e+00 9.822440683348507273e-05
2.950000000000000178e+00 1.706396333769863471e-04
3.000000000000000000e+00 2.383446750872884325e-04
3.050000000000000266e+00 3.007549158993364901e-04
3.100000000000000089e+00 3.576279205221030515e-04
3.150000000000000355e+00 4.085600012747859187e-04
3.200000000000000178e+00 4.534009891429416155e-04
3.250000000000000000e+00 4.920831957384806925e-04
3.300000000000000266e+00 5.246489151881652234e-04
3.350000000000000089e+00 5.511591422383752253e-04
3.400000000000000355e+00 5.717485393137902022e-04
3.450000000000000178e+00 5.867166447269324707e-04
3.500000000000000000e+00 5.962853420863841770e-04
3.550000000000000266e+00 6.008377953236746557e-04
3.600000000000000089e+00 6.007268719013324860e-04
3.650000000000000355e+00 5.963381190654340209e-04
3.700000000000000178e+00 5.881054570003754842e-04
3.750000000000000000e+00 5.764670107015731947e-04
3.800000000000000266e+00 5.617979344392810001e-04
3.850000000000000089e+00 5.445357619799296367e-04
3.900000000000000355e+00 5.251370653091901953e-04
3.950000000000000178e+00 5.039594277475526601e-04
4.000000000000000000e+00 4.813568837090925604e-04
4.049999999999999822e+00 4.577218023436715002e-04
4.100000000000000533e+00 4.333801129986051301e-04
4.150000000000000355e+00 4.085884743169471947e-04
4.200000000000000178e+00 3.836201453630571929e-04
4.250000000000000000e+00 3.587389938942859300e-04
4.299999999999999822e+00 3.341532276337294224e-04
4.350000000000000533e+00 3.100046220397066447e-04
4.400000000000000355e+00 2.864780712785727291e-04
4.450000000000000178e+00 2.636803023427638040e-04
4.500000000000000000e+00 2.417252132651993173e-04
4.549999999999999822e+00 2.207257594232847945e-04
4.600000000000000533e+00 2.006899046620931105e-04
4.650000000000000355e+00 1.816857189948987267e-04
4.700000000000000178e+00 1.637224741942299594e-04
4.750000000000000000e+00 1.468276153369391535e-04
4.800000000000000711e+00 1.310031511704307799e-04
4.850000000000000533e+00 1.162244941339505444e-04
4.900000000000000355e+00 1.024830950416421194e-04
4.950000000000000178e+00 8.974524349802430402e-05
5.000000000000000000e+00 7.798723247627131717e-05
5.050000000000000711e+00 6.715602413947961886e-05
5.100000000000000533e+00 5.721825849575249280e-05
5.150000000000000355e+00 4.811283874788812887e-05
5.200000000000000178e+00 3.984062111566459541e-05
5.250000000000000000e+00 3.232076925572641520e-05
5.300000000000000711e+00 2.549554880271811272e-05
5.350000000000000533e+00 1.934744055998619696e-05
5.400000000000000355e+00 1.381667949075359857e-05
5.450000000000000178e+00 8.859277174912138047e-06
5.500000000000000000e+00 4.445897753923176837e-06
5.550000000000000711e+00 5.127955750412172866e-07
5.600000000000000533e+00 -2.973311897472722139e-06
5.650000000000000355e+00 -6.037048644409161623e-06
5.700000000000000178e+00 -8.721535299736193276e-06
5.750000000000000000e+00 -1.104652454365096411e-05
5.800000000000000711e+00 -1.307335500441418629e-05
5.850000000000000533e+00 -1.479559833805094984e-05
5.900000000000000355e+00 -1.627367347623114138e-05
5.950000000000000178e+00 -1.750210146905626399e-05
6.000000000000000000e+00 -1.852032557090449710e-05
6.050000000000000711e+00 -1.935281088945598201e-05
6.100000000000000533e+00 -2.002079619370711653e-05
6.150000000000000355e+00 -2.052975707750010306e-05
6.200000000000000178e+00 -2.089137879127561545e-05
6.250000000000000000e+00 -2.114374021460733202e-05
6.300000000000000711e+00 -2.129048975940641862e-05
6.350000000000000533e+00 -2.133926007956294117e-05
6.400000000000000355e+00 -2.130930756059134308e-05
6.450000000000000178e+00 -2.120923224539590502e-05
6.500000000000000000e+00 -2.103958878146904786e-05
6.550000000000000711e+00 -2.083524753484441801e-05
6.600000000000000533e+00 -2.058054571161576759e-05
6.650000000000000355e+00 -2.028479572157117824e-05
6.700000000000000178e+00 -1.997519002443042658e-05
6.750000000000000000e+00 -1.963245859375940708e-05
6.800000000000000711e+00 -1.927578451436924676e-05
6.850000000000000533e+00 -1.890934983163457546e-05
6.900000000000000355e+00 -1.853368521047010035e-05
6.950000000000000178e+00 -1.814932203339865416e-05
7.000000000000000000e+00 -1.776864639648741893e-05
7.050000000000000711e+00 -1.737751654123766964e-05
7.100000000000000533e+00 -1.699885127191048498e-05
7.150000000000000355e+00 -1.661936676076313199e-05
7.200000000000000178e+00 -1.624658078647828391e-05
7.250000000000000000e+00 -1.587729746297763771e-05
7.300000000000000711e+00 -1.551240800445688676e-05
7.350000000000000533e+00 -1.515820277437932008e-05
7.400000000000000355e+00 -1.480684219752327569e-05
7.450000000000000178e+00 -1.446679485226497021e-05
7.500000000000000000e+00 -1.413412438106034956e-05
7.550000000000000711e+00 -1.380729643602070584e-05
7.600000000000000533e+00 -1.348630903169289941e-05
7.650000000000000355e+00 -1.317622773812773572e-05
