0.000000000000000000e+00 -0.000000000000000000e+00
5.000000000000000278e-02 -3.681818356326455376e-11
1.000000000000000056e-01 -1.174873573220813291e-09
1.500000000000000222e-01 -8.879979185351143304e-09
2.000000000000000111e-01 -3.717540002065689902e-08
2.500000000000000000e-01 -1.124969994835384999e-07
3.000000000000000444e-01 -2.770557853418372226e-07
3.500000000000000333e-01 -5.915692798042885159e-07
4.000000000000000222e-01 -1.137244051342797320e-06
4.500000000000000111e-01 -2.016916609757814668e-06
5.000000000000000000e-01 -3.355287884692840735e-06
5.500000000000000444e-01 -5.298216780267277684e-06
6.000000000000000888e-01 -8.011069846056349223e-06
6.500000000000000222e-01 -1.167615590148046602e-05
7.000000000000000666e-01 -1.648930545629510557e-05
7.500000000000000000e-01 -2.265568396285059540e-05
8.000000000000000444e-01 -3.038495434756366160e-05
8.500000000000000888e-01 -3.988592701688517246e-05
9.000000000000000222e-01 -5.136085385095974753e-05
9.500000000000000666e-01 -6.499953596457264213e-05
1.000000000000000000e+00 -8.097342161704285861e-05
1.050000000000000044e+00 -9.942988060720830100e-05
1.100000000000000089e+00 -1.204868141870748817e-04
1.150000000000000133e+00 -1.442277882753942861e-04
1.200000000000000178e+00 -1.706978252668248574e-04
1.250000000000000000e+00 -1.998999919983071930e-04
1.300000000000000044e+00 -2.317928902777236183e-04
1.350000000000000089e+00 -2.662891301193166999e-04
1.400000000000000133e+00 -3.032548362124186793e-04
1.450000000000000178e+00 -3.425102072266377850e-04
1.500000000000000000e+00 -3.838311164146362910e-04
1.550000000000000044e+00 -4.269517116999526187e-04
1.600000000000000089e+00 -4.715679450765562861e-04
1.650000000000000133e+00 -5.173419356599128762e-04
1.700000000000000178e+00 -5.639070495636033234e-04
1.750000000000000000e+00 -6.108735578827884181e-04
1.800000000000000044e+00 -6.578347359093759082e-04
1.850000000000000089e+00 -7.043732342768356698e-04
1.900000000000000133e+00 -7.500675771563039638e-04
1.950000000000000178e+00 -7.944986292218025187e-04
2.000000000000000000e+00 -8.372558868936201418e-04
2.050000000000000266e+00 -8.779434608663584834e-04
2.100000000000000089e+00 -9.161856329402062390e-04
2.149999999999999911e+00 -9.516318900105079836e-04
2.200000000000000178e+00 -9.839613521264865999e-04
2.250000000000000000e+00 -1.012886553782707793e-03
2.300000000000000266e+00 -1.038156525668887040e-03
2.350000000000000089e+00 -1.059559178447453277e-03
2.400000000000000355e+00 -1.076922994096745799e-03
2.450000000000000178e+00 -1.090118040181897036e-03
2.500000000000000000e+00 -1.099056360187679326e-03
2.550000000000000266e+00 -1.103691779228441715e-03
2.600000000000000089e+00 -1.104019187646932418e-03
2.650000000000000355e+00 -1.100073364101901430e-03
2.700000000000000178e+00 -1.091927401597745859e-03
2.750000000000000000e+00 -1.079690798061826379e-03
2.800000000000000266e+00 -1.063507268760443799e-03
2.850000000000000089e+00 -1.043552331636139014e-03
2.900000000000000355e+00 -1.020030709190428934e-03
2.950000000000000178e+00 -9.931735825016430302e-04
3.000000000000000000e+00 -9.632357250222794119e-04
3.050000000000000266e+00 -9.304925365612253495e-04
3.100000000000000089e+00 -8.952369918570504768e-04
3.150000000000000355e+00 -8.577765138099671021e-04
3.200000000000000178e+00 -8.184297790469508308e-04
3.250000000000000000e+00 -7.775234631816254488e-04
3.300000000000000266e+00 -7.353889348773176094e-04
3.350000000000000089e+00 -6.923589114559455630e-04
3.400000000000000355e+00 -6.487640940065206915e-04
3.450000000000000178e+00 -6.049298063066808548e-04
3.500000000000000000e+00 -5.611726688609598637e-04
3.550000000000000266e+00 -5.177973464059056584e-04
3.600000000000000089e+00 -4.750934137399118510e-04
3.650000000000000355e+00 -4.333323901270393747e-04
3.700000000000000178e+00 -3.927649962749065219e-04
3.750000000000000000e+00 -3.536186895591444186e-04
3.800000000000000266e+00 -3.160955324376646110e-04
3.850000000000000089e+00 -2.803704456794600805e-04
3.900000000000000355e+00 -2.465898920862186097e-04
3.950000000000000178e+00 -2.148710279256595840e-04
4.000000000000000000e+00 -1.853013485872717257e-04
4.049999999999999822e+00 -1.579388424143869370e-04
4.100000000000000533e+00 -1.328126527768086831e-04
4.150000000000000355e+00 -1.099242338287394791e-04
4.200000000000000178e+00 -8.924897070581529928e-05
4.250000000000000000e+00 -7.073822083019562750e-05
4.299999999999999822e+00 -5.432172017363848129e-05
4.350000000000000533e+00 -3.991028738167254542e-05
4.400000000000000355e+00 -2.739875010701020135e-05
4.450000000000000178e+00 -1.666901214255190315e-05
4.500000000000000000e+00 -7.593177252813340154e-06
4.549999999999999822e+00 -3.664609639667298066e-08
4.600000000000000533e+00 6.138893725500881711e-06
4.650000000000000355e+00 1.107265785833782565e-05
4.700000000000000178e+00 1.490219975637055890e-05
4.750000000000000000e+00 1.776114235118027664e-05
4.800000000000000711e+00 1.977724653769388926e-05
4.850000000000000533e+00 2.107084216559078376e-05
4.900000000000000355e+00 2.175363285423386107e-05
4.950000000000000178e+00 2.192787188701724043e-05
