0.000000000000000000e+00 0.000000000000000000e+00
5.000000000000000278e-02 3.700703568027328391e-05
1.000000000000000056e-01 7.400527205121268718e-05
1.500000000000000222e-01 1.109859996985990035e-04
2.000000000000000111e-01 1.479406872340103911e-04
2.500000000000000000e-01 1.848610659270929720e-04
3.000000000000000444e-01 2.217392091658818389e-04
3.500000000000000333e-01 2.585676051611444145e-04
4.000000000000000222e-01 2.953392214279252975e-04
4.500000000000000111e-01 3.320475672912829332e-04
5.000000000000000000e-01 3.686867086530053227e-04
5.500000000000000444e-01 4.052513435133250712e-04
6.000000000000000888e-01 4.417367942788457389e-04
6.500000000000000222e-01 4.781390216526481911e-04
7.000000000000000666e-01 5.144546184883290376e-04
7.500000000000000000e-01 5.506807902818497327e-04
8.000000000000000444e-01 5.868153224710716265e-04
8.500000000000000888e-01 6.228565349539597930e-04
9.000000000000000222e-01 6.588032244723461073e-04
9.500000000000000666e-01 6.946545957345775070e-04
1.000000000000000000e+00 7.304101823632132024e-04
1.050000000000000044e+00 7.660697589491894917e-04
1.100000000000000089e+00 8.016332456677834799e-04
1.150000000000000133e+00 8.371006070608751114e-04
1.200000000000000178e+00 8.724717467113847708e-04
1.250000000000000000e+00 9.077464082782088408e-04
1.300000000000000044e+00 9.429240331938128650e-04
1.350000000000000089e+00 9.780037050203709351e-04
1.400000000000000133e+00 1.012984012681154063e-03
1.450000000000000178e+00 1.047862960828593436e-03
1.500000000000000000e+00 1.082637878888184895e-03
1.550000000000000044e+00 1.117305338750558931e-03
1.600000000000000089e+00 1.151861082626668862e-03
1.650000000000000133e+00 1.186299962410753339e-03
1.700000000000000178e+00 1.220615891700369991e-03
1.750000000000000000e+00 1.254801811406206814e-03
1.800000000000000044e+00 1.288849669650780037e-03
1.850000000000000089e+00 1.322750416409088125e-03
1.900000000000000133e+00 1.356494013090808141e-03
1.950000000000000178e+00 1.390069457007665722e-03
2.000000000000000000e+00 1.423464820416335064e-03
2.050000000000000266e+00 1.456667303581740723e-03
2.100000000000000089e+00 1.489663301072664207e-03
2.149999999999999911e+00 1.522438480285877782e-03
2.200000000000000178e+00 1.554977871000574755e-03
2.250000000000000000e+00 1.587265964595497908e-03
2.300000000000000266e+00 1.619286821419800831e-03
2.350000000000000089e+00 1.651024184697820908e-03
2.400000000000000355e+00 1.682461599269228104e-03
2.450000000000000178e+00 1.713582533420427790e-03
2.500000000000000000e+00 1.744370502050828506e-03
2.550000000000000266e+00 1.774809189438038412e-03
2.600000000000000089e+00 1.804882569918031011e-03
2.650000000000000355e+00 1.834575024877720508e-03
2.700000000000000178e+00 1.863871454565780433e-03
2.750000000000000000e+00 1.892757383359679841e-03
2.800000000000000266e+00 1.921219057279301362e-03
2.850000000000000089e+00 1.949243532706212067e-03
2.900000000000000355e+00 1.976818755448504512e-03
2.950000000000000178e+00 2.003933629479897303e-03
3.000000000000000000e+00 2.030578074874101174e-03
3.050000000000000266e+00 2.056743074647210488e-03
3.100000000000000089e+00 2.082420710408026433e-03
3.150000000000000355e+00 2.107604186895077874e-03
3.200000000000000178e+00 2.132287845646352493e-03
3.250000000000000000e+00 2.156467168200476136e-03
3.300000000000000266e+00 2.180138769364021144e-03
3.350000000000000089e+00 2.203300381196756936e-03
3.400000000000000355e+00 2.225950828463888181e-03
3.450000000000000178e+00 2.248089996380790798e-03
3.500000000000000000e+00 2.269718791531418096e-03
3.550000000000000266e+00 2.290839096876574714e-03
3.600000000000000089e+00 2.311453721783691614e-03
3.650000000000000355e+00 2.331566348006634121e-03
3.700000000000000178e+00 2.351181472524181172e-03
3.750000000000000000e+00 2.370304348110960791e-03
3.800000000000000266e+00 2.388940922467013787e-03
3.850000000000000089e+00 2.407097776673910051e-03
3.900000000000000355e+00 2.424782063679041099e-03
3.950000000000000178e+00 2.442001447437342019e-03
4.000000000000000000e+00 2.458764043263925430e-03
4.049999999999999822e+00 2.475078359873627339e-03
4.100000000000000533e+00 2.490953243506647749e-03
4.150000000000000355e+00 2.506397824464662392e-03
4.200000000000000178e+00 2.521421466310722493e-03
4.250000000000000000e+00 2.536033717920012105e-03
4.299999999999999822e+00 2.550244268508031903e-03
4.350000000000000533e+00 2.564062905708703547e-03
4.400000000000000355e+00 2.577499476727540713e-03
4.450000000000000178e+00 2.590563852554560089e-03
4.500000000000000000e+00 2.603265895187958489e-03
4.549999999999999822e+00 2.615615427792264240e-03
4.600000000000000533e+00 2.627622207693523435e-03
4.650000000000000355e+00 2.639295902098187652e-03
4.700000000000000178e+00 2.650646066411374221e-03
4.750000000000000000e+00 2.661682125023101964e-03
4.800000000000000711e+00 2.672413354427452883e-03
4.850000000000000533e+00 2.682848855562013860e-03
4.900000000000000355e+00 2.692997593721557087e-03
4.950000000000000178e+00 2.702868308117158721e-03
5.000000000000000000e+00 2.712469556772002105e-03
5.050000000000000711e+00 2.721809695695312070e-03
5.100000000000000533e+00 2.730896873209934499e-03
5.150000000000000355e+00 2.739739025711206751e-03
5.200000000000000178e+00 2.748343874741739426e-03
5.250000000000000000e+00 2.756718925269909318e-03
5.300000000000000711e+00 2.764871465062841878e-03
5.350000000000000533e+00 2.772808565047412376e-03
5.400000000000000355e+00 2.780537080555551838e-03
5.450000000000000178e+00 2.788063653352977102e-03
5.500000000000000000e+00 2.795394714353505693e-03
5.550000000000000711e+00 2.802536486924561438e-03
5.600000000000000533e+00 2.809494990693399766e-03
5.650000000000000355e+00 2.816276045768038166e-03
5.700000000000000178e+00 2.822885277292016409e-03
5.750000000000000000e+00 2.829328120257804894e-03
5.800000000000000711e+00 2.835609824510017338e-03
5.850000000000000533e+00 2.841735459876394525e-03
5.900000000000000355e+00 2.847709921371741840e-03
5.950000000000000178e+00 2.853537934427498660e-03
6.000000000000000000e+00 2.859224060107101208e-03
6.050000000000000711e+00 2.864772700274853100e-03
6.100000000000000533e+00 2.870188102693086753e-03
6.150000000000000355e+00 2.875474366029184218e-03
6.200000000000000178e+00 2.880635444760091916e-03
6.250000000000000000e+00 2.885675153967310128e-03
6.300000000000000711e+00 2.890597174019829321e-03
6.350000000000000533e+00 2.895405055146023365e-03
6.400000000000000355e+00 2.900102221898133870e-03
6.450000000000000178e+00 2.904691977514602293e-03
6.500000000000000000e+00 2.909177508186272347e-03
6.550000000000000711e+00 2.913561887232399804e-03
6.600000000000000533e+00 2.917848079191678618e-03
6.650000000000000355e+00 2.922038943832094577e-03
6.700000000000000178e+00 2.926137240081741909e-03
6.750000000000000000e+00 2.930145629880716914e-03
6.800000000000000711e+00 2.934066681952158303e-03
6.850000000000000533e+00 2.937902875488511163e-03
6.900000000000000355e+00 2.941656603747345045e-03
6.950000000000000178e+00 2.945330177549640265e-03
7.000000000000000000e+00 2.948925828672457287e-03
7.050000000000000711e+00 2.952445713127491676e-03
7.100000000000000533e+00 2.955891914317026591e-03
7.150000000000000355e+00 2.959266446059431906e-03
7.200000000000000178e+00 2.962571255477475327e-03
7.250000000000000000e+00 2.965808225744293817e-03
7.300000000000000711e+00 2.968979168209555722e-03
7.350000000000000533e+00 2.972085866595008605e-03
7.400000000000000355e+00 2.975130016939385100e-03
7.450000000000000178e+00 2.978113271164133363e-03
7.500000000000000000e+00 2.981037228802133239e-03
7.550000000000000711e+00 2.983903438901728752e-03
7.600000000000000533e+00 2.986713401813259530e-03
7.650000000000000355e+00 2.989468570869414574e-03
7.700000000000000178e+00 2.992170353971673746e-03
7.750000000000000000e+00 2.994820115095567659e-03
7.800000000000000711e+00 2.997419175727457624e-03
7.850000000000000533e+00 2.999968816245002137e-03
7.900000000000000355e+00 3.002470277252494539e-03
7.950000000000000178e+00 3.004924760880887339e-03
8.000000000000000000e+00 3.007333432060630383e-03
8.050000000000000711e+00 3.009697419773509335e-03
8.099999999999999645e+00 3.012017818287667740e-03
8.150000000000000355e+00 3.014295688377900857e-03
8.200000000000001066e+00 3.016532058531322304e-03
8.250000000000000000e+00 3.018727926136701746e-03
8.300000000000000711e+00 3.020884258654225364e-03
8.349999999999999645e+00 3.023001994761167089e-03
8.400000000000000355e+00 3.025082045468148895e-03
8.450000000000001066e+00 3.027125295200167564e-03
8.500000000000000000e+00 3.029132602836575715e-03
8.550000000000000711e+00 3.031104802704503304e-03
8.599999999999999645e+00 3.033042715069946948e-03
8.650000000000000355e+00 3.034947108615214991e-03
8.700000000000001066e+00 3.036818759193600070e-03
8.750000000000000000e+00 3.038658411783890477e-03
8.800000000000000711e+00 3.040466790955801205e-03
8.849999999999999645e+00 3.042244601527268905e-03
8.900000000000000355e+00 3.043992529169422395e-03
8.950000000000001066e+00 3.045711240964003950e-03
9.000000000000000000e+00 3.047401385919182824e-03
9.050000000000000711e+00 3.049063595450411061e-03
9.099999999999999645e+00 3.050698483833497263e-03
9.150000000000000355e+00 3.052306648637201966e-03
9.200000000000001066e+00 3.053888671142459144e-03
9.250000000000000000e+00 3.055445116754811063e-03
9.300000000000000711e+00 3.056976535415853458e-03
9.349999999999999645e+00 3.058483462018398661e-03
9.400000000000000355e+00 3.059966416828889448e-03
9.450000000000001066e+00 3.061425905919183850e-03
9.500000000000000000e+00 3.062862421608479862e-03
9.550000000000000711e+00 3.064276442914736463e-03
9.600000000000001421e+00 3.065668436013697495e-03
9.650000000000000355e+00 3.067038854702478293e-03
9.700000000000001066e+00 3.068388140863770753e-03
9.750000000000000000e+00 3.069716724926055493e-03
9.800000000000000711e+00 3.071025026314841162e-03
9.850000000000001421e+00 3.072313453889831229e-03
9.900000000000000355e+00 3.073582406363159318e-03
9.950000000000001066e+00 3.074832272694263870e-03
1.000000000000000000e+01 3.076063432457715012e-03
1.005000000000000071e+01 3.077276256181217615e-03
1.010000000000000142e+01 3.078471105652043696e-03
1.015000000000000036e+01 3.079648334191343369e-03
1.020000000000000107e+01 3.080808286896907257e-03
1.025000000000000000e+01 3.081951300856122442e-03
1.030000000000000071e+01 3.083077705331900564e-03
1.035000000000000142e+01 3.084187821925250036e-03
1.040000000000000036e+01 3.085281964718853027e-03
1.045000000000000107e+01 3.086360440406550436e-03
1.050000000000000000e+01 3.087423548413768988e-03
1.055000000000000071e+01 3.088471581014035679e-03
1.060000000000000142e+01 3.089504823446348730e-03
1.065000000000000036e+01 3.090523554037734929e-03
1.070000000000000107e+01 3.091528044334644534e-03
1.075000000000000000e+01 3.092518559245918067e-03
1.080000000000000071e+01 3.093495357199158198e-03
1.085000000000000142e+01 3.094458690311248285e-03
1.090000000000000036e+01 3.095408804572754788e-03
1.095000000000000107e+01 3.096345940044949781e-03
1.100000000000000000e+01 3.097270331067267842e-03
1.105000000000000071e+01 3.098182206472266040e-03
1.110000000000000142e+01 3.099081789804561220e-03
1.115000000000000036e+01 3.099969299539850551e-03
1.120000000000000107e+01 3.100844949299909684e-03
1.125000000000000000e+01 3.101708948059586895e-03
1.130000000000000071e+01 3.102561500342004581e-03
1.135000000000000142e+01 3.103402806398704219e-03
1.140000000000000036e+01 3.104233062372078068e-03
1.145000000000000107e+01 3.105052460438205431e-03
1.150000000000000000e+01 3.105861188929056986e-03
1.155000000000000071e+01 3.106659432433963967e-03
1.160000000000000142e+01 3.107447371881095523e-03
1.165000000000000036e+01 3.108225184600600481e-03
1.170000000000000107e+01 3.108993044371757570e-03
1.175000000000000000e+01 3.109751121457168550e-03
1.180000000000000071e+01 3.110499582627431186e-03
1.185000000000000142e+01 3.111238591180060745e-03
1.190000000000000036e+01 3.111968306956498526e-03
1.195000000000000107e+01 3.112688886360927536e-03
1.200000000000000000e+01 3.113400482384336577e-03
1.205000000000000071e+01 3.114103244636838141e-03
1.210000000000000142e+01 3.114797319390572028e-03
1.215000000000000036e+01 3.115482849634907282e-03
1.220000000000000107e+01 3.116159975144802870e-03
1.225000000000000000e+01 3.116828832562412548e-03
1.230000000000000071e+01 3.117489555491217892e-03
1.235000000000000142e+01 3.118142274601223667e-03
1.240000000000000036e+01 3.118787117743120410e-03
1.245000000000000107e+01 3.119424210068755775e-03
1.250000000000000000e+01 3.120053674154916155e-03
1.255000000000000071e+01 3.120675630127170766e-03
1.260000000000000142e+01 3.121290195780526428e-03
1.265000000000000036e+01 3.121897486693729368e-03
1.270000000000000107e+01 3.122497616334381221e-03
1.275000000000000000e+01 3.123090696152465776e-03
1.280000000000000071e+01 3.123676835660416443e-03
1.285000000000000142e+01 3.124256142498557393e-03
1.290000000000000036e+01 3.124828722485382786e-03
1.295000000000000107e+01 3.125394679652920837e-03
1.300000000000000000e+01 3.125954116268086971e-03
1.305000000000000071e+01 3.126507132841594219e-03
1.310000000000000142e+01 3.127053828126526852e-03
1.315000000000000036e+01 3.127594299109128558e-03
1.320000000000000107e+01 3.128128640994667486e-03
1.325000000000000000e+01 3.128656947191357958e-03
1.330000000000000071e+01 3.129179309295372462e-03
1.335000000000000142e+01 3.129695817079742887e-03
1.340000000000000036e+01 3.130206558489722745e-03
1.345000000000000107e+01 3.130711619646718916e-03
1.350000000000000000e+01 3.131211084862368065e-03
1.355000000000000071e+01 3.131705036663764725e-03
1.360000000000000142e+01 3.132193555830191899e-03
1.365000000000000036e+01 3.132676721441046697e-03
1.370000000000000107e+01 3.133154610934053754e-03
1.375000000000000000e+01 3.133627300172293646e-03
1.380000000000000071e+01 3.134094863518084324e-03
1.385000000000000142e+01 3.134557373911397559e-03
1.390000000000000036e+01 3.135014902950254700e-03
1.395000000000000107e+01 3.135467520970415967e-03
1.400000000000000000e+01 3.135915297121772902e-03
1.405000000000000071e+01 3.136358299438939037e-03
1.410000000000000142e+01 3.136796594903919818e-03
1.415000000000000036e+01 3.137230249499090625e-03
1.420000000000000107e+01 3.137659328249223483e-03
1.425000000000000000e+01 3.138083895251858168e-03
1.430000000000000071e+01 3.138504013695888033e-03
1.435000000000000142e+01 3.138919745868797712e-03
1.440000000000000036e+01 3.139331153153574003e-03
1.445000000000000107e+01 3.139738296016759706e-03
1.450000000000000000e+01 3.140141233989554668e-03
1.455000000000000071e+01 3.140540025644178012e-03
1.460000000000000142e+01 3.140934728567855959e-03
1.465000000000000036e+01 3.141325399336912863e-03
1.470000000000000107e+01 3.141712093493332063e-03
1.475000000000000000e+01 3.142094865526014798e-03
1.480000000000000071e+01 3.142473768858602880e-03
1.485000000000000142e+01 3.142848855845424214e-03
1.490000000000000036e+01 3.143220177776585942e-03
1.495000000000000107e+01 3.143587784892761233e-03
1.500000000000000000e+01 3.143951726409703520e-03
1.505000000000000071e+01 3.144312050551951749e-03
1.510000000000000142e+01 3.144668804594735658e-03
1.515000000000000036e+01 3.145022034912682042e-03
1.520000000000000107e+01 3.145371787033483194e-03
1.525000000000000000e+01 3.145718105694548204e-03
1.530000000000000071e+01 3.146061034900437051e-03
1.535000000000000142e+01 3.146400617978864847e-03
1.540000000000000036e+01 3.146736897633162916e-03
1.545000000000000107e+01 3.147069915989268111e-03
1.550000000000000000e+01 3.147399714635601940e-03
1.555000000000000071e+01 3.147726334654559702e-03
1.560000000000000142e+01 3.148049816644806886e-03
1.565000000000000036e+01 3.148370200733995126e-03
1.570000000000000107e+01 3.148687526582028690e-03
1.575000000000000000e+01 3.149001833375489941e-03
1.580000000000000071e+01 3.149313159814225160e-03
1.585000000000000142e+01 3.149621544091526192e-03
1.590000000000000036e+01 3.149927023869595819e-03
1.595000000000000107e+01 3.150229636252219363e-03
1.600000000000000000e+01 3.150529417756663900e-03
1.605000000000000071e+01 3.150826404286819534e-03
1.610000000000000142e+01 3.151120631109526494e-03
1.615000000000000213e+01 3.151412132835788513e-03
1.619999999999999929e+01 3.151700943408317513e-03
1.625000000000000000e+01 3.151987096096479490e-03
1.630000000000000071e+01 3.152270623499343720e-03
1.635000000000000142e+01 3.152551557557026554e-03
1.640000000000000213e+01 3.152829929570164554e-03
1.644999999999999929e+01 3.153105770226861688e-03
1.650000000000000000e+01 3.153379109636086225e-03
1.655000000000000071e+01 3.153649977366185936e-03
1.660000000000000142e+01 3.153918402486890083e-03
1.665000000000000213e+01 3.154184413613022719e-03
1.669999999999999929e+01 3.154448038948099321e-03
1.675000000000000000e+01 3.154709306325920691e-03
1.680000000000000071e+01 3.154968243248498783e-03
1.685000000000000142e+01 3.155224876918754067e-03
1.690000000000000213e+01 3.155479234266790091e-03
1.694999999999999929e+01 3.155731341968790685e-03
1.700000000000000000e+01 3.155981226458092707e-03
1.705000000000000071e+01 3.156228913928259532e-03
1.710000000000000142e+01 3.156474430328481875e-03
1.715000000000000213e+01 3.156717801351994600e-03
1.719999999999999929e+01 3.156959052418501811e-03
1.725000000000000000e+01 3.157198208651946364e-03
1.730000000000000071e+01 3.157435294855169897e-03
1.735000000000000142e+01 3.157670335483093137e-03
1.740000000000000213e+01 3.157903354616180269e-03
1.744999999999999929e+01 3.158134375935831017e-03
1.750000000000000000e+01 3.158363422703287706e-03
1.755000000000000071e+01 3.158590517743358785e-03
1.760000000000000142e+01 3.158815683434097223e-03
1.765000000000000213e+01 3.159038941703122896e-03
1.769999999999999929e+01 3.159260314031031320e-03
1.775000000000000000e+01 3.159479821461893059e-03
1.780000000000000071e+01 3.159697484620466960e-03
1.785000000000000142e+01 3.159913323735471027e-03
1.790000000000000213e+01 3.160127358667859290e-03
1.794999999999999929e+01 3.160339608942868642e-03
1.800000000000000000e+01 3.160550093784373314e-03
1.805000000000000071e+01 3.160758832149980924e-03
1.810000000000000142e+01 3.160965842765329700e-03
1.815000000000000213e+01 3.161171144156001318e-03
1.819999999999999929e+01 3.161374754675703221e-03
1.825000000000000000e+01 3.161576692529511744e-03
1.830000000000000071e+01 3.161776975791253611e-03
1.835000000000000142e+01 3.161975622414409971e-03
1.840000000000000213e+01 3.162172650236269762e-03
1.844999999999999929e+01 3.162368076975391809e-03
1.850000000000000000e+01 3.162561920222799802e-03
1.855000000000000071e+01 3.162754197427613580e-03
1.860000000000000142e+01 3.162944925878135444e-03
1.865000000000000213e+01 3.163134122679613167e-03
1.869999999999999929e+01 3.163321804730035835e-03
1.875000000000000000e+01 3.163507988695444823e-03
1.880000000000000071e+01 3.163692690986207989e-03
1.885000000000000142e+01 3.163875927735659583e-03
1.890000000000000213e+01 3.164057714782367910e-03
1.894999999999999929e+01 3.164238067657061584e-03
1.900000000000000000e+01 3.164417001575034472e-03
1.905000000000000071e+01 3.164594531434521563e-03
1.910000000000000142e+01 3.164770671821220526e-03
1.915000000000000213e+01 3.164945437018839691e-03
1.920000000000000284e+01 3.165118841025211030e-03
1.925000000000000000e+01 3.165290897573243018e-03
1.930000000000000071e+01 3.165461620155704189e-03
1.935000000000000142e+01 3.165631022052715470e-03
1.940000000000000213e+01 3.165799116360594728e-03
1.945000000000000284e+01 3.165965916020742951e-03
1.950000000000000000e+01 3.166131433847173878e-03
1.955000000000000071e+01 3.166295682551451517e-03
1.960000000000000142e+01 3.166458674763910578e-03
1.965000000000000213e+01 3.166620423050178421e-03
1.970000000000000284e+01 3.166780939922429934e-03
1.975000000000000000e+01 3.166940237844856690e-03
1.980000000000000071e+01 3.167098329233346884e-03
1.985000000000000142e+01 3.167255226449517454e-03
1.990000000000000213e+01 3.167410941789622694e-03
1.995000000000000284e+01 3.167565487469056664e-03
2.000000000000000000e+01 3.167718875603434733e-03
2.005000000000000071e+01 3.167871118187361862e-03
2.010000000000000142e+01 3.168022227072140110e-03
2.015000000000000213e+01 3.168172213943682130e-03
2.020000000000000284e+01 3.168321090301884444e-03
2.025000000000000000e+01 3.168468867442598459e-03
2.030000000000000071e+01 3.168615556443268692e-03
2.035000000000000142e+01 3.168761168152967218e-03
2.040000000000000213e+01 3.168905713187487438e-03
2.045000000000000284e+01 3.169049201929738293e-03
2.050000000000000000e+01 3.169191644535488805e-03
2.055000000000000071e+01 3.169333050944228309e-03
2.060000000000000142e+01 3.169473430894604628e-03
2.065000000000000213e+01 3.169612793943708991e-03
2.070000000000000284e+01 3.169751149489252306e-03
2.075000000000000000e+01 3.169888506793578069e-03
2.080000000000000071e+01 3.170024875008308450e-03
2.085000000000000142e+01 3.170160263198463883e-03
2.090000000000000213e+01 3.170294680364885674e-03
2.095000000000000284e+01 3.170428135463899087e-03
2.100000000000000000e+01 3.170560637423334386e-03
2.105000000000000071e+01 3.170692195154169862e-03
2.110000000000000142e+01 3.170822817557314172e-03
2.115000000000000213e+01 3.170952513525351468e-03
2.120000000000000284e+01 3.171081291939199884e-03
2.125000000000000000e+01 3.171209161660065029e-03
2.130000000000000071e+01 3.171336131517164206e-03
2.135000000000000142e+01 3.171462210291994648e-03
2.140000000000000213e+01 3.171587406700053426e-03
2.145000000000000284e+01 3.171711729371063781e-03
2.150000000000000000e+01 3.171835186828787703e-03
2.155000000000000071e+01 3.171957787471559303e-03
2.160000000000000142e+01 3.172079539554607547e-03
2.165000000000000213e+01 3.172200451175115083e-03
2.170000000000000284e+01 3.172320530260850160e-03
2.175000000000000000e+01 3.172439784562964497e-03
2.180000000000000071e+01 3.172558221653387286e-03
2.185000000000000142e+01 3.172675848926942866e-03
2.190000000000000213e+01 3.172792673608122640e-03
2.195000000000000284e+01 3.172908702762164759e-03
2.200000000000000000e+01 3.173023943309922004e-03
2.205000000000000071e+01 3.173138402045727266e-03
2.210000000000000142e+01 3.173252085657434808e-03
2.215000000000000213e+01 3.173365000747550065e-03
2.220000000000000284e+01 3.173477153854502991e-03
2.225000000000000000e+01 3.173588551472962104e-03
2.230000000000000071e+01 3.173699200072196101e-03
2.235000000000000142e+01 3.173809106111664252e-03
2.240000000000000213e+01 3.173918276053040635e-03
2.245000000000000284e+01 3.174026716368189959e-03
2.250000000000000000e+01 3.174134433542735896e-03
2.255000000000000071e+01 3.174241434075143406e-03
2.260000000000000142e+01 3.174347724471446048e-03
2.265000000000000213e+01 3.174453311235982990e-03
2.270000000000000284e+01 3.174558200858692593e-03
2.275000000000000000e+01 3.174662399799710235e-03
2.280000000000000071e+01 3.174765914472135134e-03
2.285000000000000142e+01 3.174868751223901622e-03
2.290000000000000213e+01 3.174970916319755365e-03
2.295000000000000284e+01 3.175072415924311622e-03
2.300000000000000000e+01 3.175173256087094123e-03
2.305000000000000071e+01 3.175273442730346465e-03
2.310000000000000142e+01 3.175372981640293881e-03
2.315000000000000213e+01 3.175471878462274734e-03
2.320000000000000284e+01 3.175570138700044894e-03
2.325000000000000000e+01 3.175667767719255428e-03
2.330000000000000071e+01 3.175764770754955276e-03
2.335000000000000142e+01 3.175861152922736848e-03
2.340000000000000213e+01 3.175956919232936042e-03
2.345000000000000284e+01 3.176052074607194509e-03
2.350000000000000000e+01 3.176146623896520301e-03
2.355000000000000071e+01 3.176240571899953055e-03
2.360000000000000142e+01 3.176333923382934719e-03
2.365000000000000213e+01 3.176426683094388768e-03
2.370000000000000284e+01 3.176518855781787585e-03
2.375000000000000000e+01 3.176610446203386156e-03
2.380000000000000071e+01 3.176701459137110800e-03
2.385000000000000142e+01 3.176791899385690045e-03
2.390000000000000213e+01 3.176881771777795207e-03
2.395000000000000284e+01 3.176971081165271774e-03
2.400000000000000000e+01 3.177059832416596463e-03
2.405000000000000071e+01 3.177148030407002735e-03
2.410000000000000142e+01 3.177235680005833802e-03
2.415000000000000213e+01 3.177322786061831297e-03
2.420000000000000284e+01 3.177409353387163678e-03
2.425000000000000000e+01 3.177495386741058681e-03
2.430000000000000071e+01 3.177580890813927993e-03
2.435000000000000142e+01 3.177665870212804684e-03
2.440000000000000213e+01 3.177750357180179550e-03
2.445000000000000284e+01 3.177834300610491835e-03
2.450000000000000000e+01 3.177917732576340457e-03
2.455000000000000071e+01 3.178000657256565848e-03
2.460000000000000142e+01 3.178083078716028870e-03
2.465000000000000213e+01 3.178165000910154921e-03
2.470000000000000284e+01 3.178246427692957895e-03
2.475000000000000000e+01 3.178327362828042672e-03
2.480000000000000071e+01 3.178407810002109937e-03
2.485000000000000142e+01 3.178487772840217409e-03
2.490000000000000213e+01 3.178567254922024660e-03
2.495000000000000284e+01 3.178646259798215742e-03
2.500000000000000000e+01 3.178724791006272161e-03
2.505000000000000071e+01 3.178802852084801692e-03
2.510000000000000142e+01 3.178880446585727413e-03
2.515000000000000213e+01 3.178957578083732843e-03
2.520000000000000284e+01 3.179034250182560719e-03
2.525000000000000000e+01 3.179110466517845804e-03
2.530000000000000071e+01 3.179186230756404514e-03
2.535000000000000142e+01 3.179261546592068548e-03
2.540000000000000213e+01 3.179336417738348741e-03
2.545000000000000284e+01 3.179410847918293873e-03
2.550000000000000000e+01 3.179484840852198849e-03
2.555000000000000071e+01 3.179558400243761174e-03
2.560000000000000142e+01 3.179631529765467209e-03
2.565000000000000213e+01 3.179704233043996204e-03
2.570000000000000284e+01 3.179776513646392390e-03
2.575000000000000000e+01 3.179848375067759712e-03
2.580000000000000071e+01 3.179919820721093752e-03
2.585000000000000142e+01 3.179990853929795525e-03
2.590000000000000213e+01 3.180061477923264417e-03
2.595000000000000284e+01 3.180131695835753270e-03
2.600000000000000000e+01 3.180201510708573643e-03
2.605000000000000071e+01 3.180270925495515093e-03
2.610000000000000142e+01 3.180339943071184856e-03
2.615000000000000213e+01 3.180408566241846834e-03
2.620000000000000284e+01 3.180476797758183954e-03
2.625000000000000000e+01 3.180544640329331218e-03
2.630000000000000071e+01 3.180612096637467755e-03
2.635000000000000142e+01 3.180679169352218939e-03
2.640000000000000213e+01 3.180745861144136481e-03
2.645000000000000284e+01 3.180812174696605581e-03
2.650000000000000000e+01 3.180878112715569347e-03
2.655000000000000071e+01 3.180943677936611674e-03
2.660000000000000142e+01 3.181008873129069405e-03
2.665000000000000213e+01 3.181073701096991634e-03
2.670000000000000284e+01 3.181138164676949615e-03
2.675000000000000000e+01 3.181202266732835199e-03
2.680000000000000071e+01 3.181266010147968705e-03
2.685000000000000142e+01 3.181329397814943848e-03
2.690000000000000213e+01 3.181392432623781318e-03
2.695000000000000284e+01 3.181455117449023297e-03
2.700000000000000000e+01 3.181517455136453291e-03
2.705000000000000071e+01 3.181579448490158123e-03
2.710000000000000142e+01 3.181641100260599545e-03
2.715000000000000213e+01 3.181702413134323854e-03
2.720000000000000284e+01 3.181763389725840788e-03
2.725000000000000000e+01 3.181824032572102331e-03
2.730000000000000071e+01 3.181884344129814329e-03
2.735000000000000142e+01 3.181944326775793842e-03
2.740000000000000213e+01 3.182003982810254709e-03
2.745000000000000284e+01 3.182063314462909003e-03
2.750000000000000000e+01 3.182122323901527029e-03
2.755000000000000071e+01 3.182181013242523903e-03
2.760000000000000142e+01 3.182239384562998968e-03
2.765000000000000213e+01 3.182297439913653412e-03
2.770000000000000284e+01 3.182355181331873555e-03
2.775000000000000000e+01 3.182412610854337080e-03
2.780000000000000071e+01 3.182469730528522493e-03
2.785000000000000142e+01 3.182526542422511612e-03
2.790000000000000213e+01 3.182583048632617578e-03
2.795000000000000284e+01 3.182639251288489277e-03
2.800000000000000000e+01 3.182695152555426333e-03
2.805000000000000071e+01 3.182750754633831367e-03
2.810000000000000142e+01 3.182806059755861547e-03
2.815000000000000213e+01 3.182861070179479786e-03
2.820000000000000284e+01 3.182915788180229119e-03
2.825000000000000000e+01 3.182970216041202966e-03
2.830000000000000071e+01 3.183024356041740804e-03
2.835000000000000142e+01 3.183078210445446869e-03
2.840000000000000213e+01 3.183131781488183262e-03
2.845000000000000284e+01 3.183185071366641163e-03
2.850000000000000000e+01 3.183238082228111165e-03
2.855000000000000071e+01 3.183290816161970117e-03
2.860000000000000142e+01 3.183343275193332034e-03
2.865000000000000213e+01 3.183395461279154084e-03
2.870000000000000284e+01 3.183447376307043959e-03
2.875000000000000000e+01 3.183499022096768650e-03
2.880000000000000071e+01 3.183550400404409116e-03
2.885000000000000142e+01 3.183601512928933581e-03
2.890000000000000213e+01 3.183652361320821276e-03
2.895000000000000284e+01 3.183702947192311623e-03
2.900000000000000000e+01 3.183753272128739351e-03
2.905000000000000071e+01 3.183803337700354032e-03
2.910000000000000142e+01 3.183853145474056789e-03
2.915000000000000213e+01 3.183902697024409718e-03
2.920000000000000284e+01 3.183951993943409317e-03
2.925000000000000000e+01 3.184001037848492241e-03
2.930000000000000071e+01 3.184049830388429453e-03
2.935000000000000142e+01 3.184098373246771387e-03
2.940000000000000213e+01 3.184146668142739597e-03
2.945000000000000284e+01 3.184194716829511114e-03
2.950000000000000000e+01 3.184242521090035593e-03
2.955000000000000071e+01 3.184290082730591685e-03
2.960000000000000142e+01 3.184337403572489421e-03
2.965000000000000213e+01 3.184384485442296776e-03
2.970000000000000284e+01 3.184431330161189774e-03
2.975000000000000000e+01 3.184477939533913570e-03
2.980000000000000071e+01 3.184524315338013289e-03
2.985000000000000142e+01 3.184570459313809925e-03
2.990000000000000213e+01 3.184616373155711114e-03
2.995000000000000284e+01 3.184662058505274406e-03
3.000000000000000000e+01 3.184707516946351773e-03
3.005000000000000071e+01 3.184752750002621969e-03
3.010000000000000142e+01 3.184797759137558432e-03
3.015000000000000213e+01 3.184842545756865276e-03
3.020000000000000284e+01 3.184887111213241268e-03
3.025000000000000000e+01 3.184931456813200768e-03
3.030000000000000071e+01 3.184975583825614635e-03
3.035000000000000142e+01 3.185019493491491899e-03
3.040000000000000213e+01 3.185063187034534258e-03
3.045000000000000284e+01 3.185106665671889187e-03
3.050000000000000000e+01 3.185149930624564356e-03
3.055000000000000071e+01 3.185192983126971644e-03
3.060000000000000142e+01 3.185235824435117633e-03
3.065000000000000213e+01 3.185278455833041172e-03
3.070000000000000284e+01 3.185320878637176202e-03
3.075000000000000000e+01 3.185363094198418246e-03
3.080000000000000071e+01 3.185405103901858999e-03
3.085000000000000142e+01 3.185446909164165157e-03
3.090000000000000213e+01 3.185488511428790151e-03
3.095000000000000284e+01 3.185529912159298493e-03
3.100000000000000000e+01 3.185571112831114566e-03
3.105000000000000071e+01 3.185612114922207160e-03
3.110000000000000142e+01 3.185652919903149936e-03
3.115000000000000213e+01 3.185693529227098201e-03
3.120000000000000284e+01 3.185733944320203685e-03
3.125000000000000000e+01 3.185774166572979960e-03
3.130000000000000071e+01 3.185814197333037417e-03
3.135000000000000142e+01 3.185854037899570751e-03
3.140000000000000213e+01 3.185893689519885604e-03
3.145000000000000284e+01 3.185933153388115311e-03
3.150000000000000000e+01 3.185972430646201014e-03
3.155000000000000071e+01 3.186011522387067075e-03
3.160000000000000142e+01 3.186050429659817006e-03
3.165000000000000213e+01 3.186089153476672799e-03
3.170000000000000284e+01 3.186127694821291184e-03
3.175000000000000000e+01 3.186166054658026627e-03
3.180000000000000071e+01 3.186204233941658352e-03
3.185000000000000142e+01 3.186242233627061861e-03
3.190000000000000213e+01 3.186280054678381716e-03
3.195000000000000284e+01 3.186317698077166527e-03
3.200000000000000000e+01 3.186355164829109653e-03
3.205000000000000426e+01 3.186392455969053877e-03
3.210000000000000142e+01 3.186429572563989881e-03
3.214999999999999858e+01 3.186466515713941381e-03
3.220000000000000284e+01 3.186503286550687944e-03
3.225000000000000000e+01 3.186539886234435182e-03
3.230000000000000426e+01 3.186576315948575454e-03
3.235000000000000142e+01 3.186612576892888186e-03
3.239999999999999858e+01 3.186648670275492052e-03
3.245000000000000284e+01 3.186684597304013499e-03
3.250000000000000000e+01 3.186720359176411360e-03
3.255000000000000426e+01 3.186755957071958027e-03
3.260000000000000142e+01 3.186791392142836014e-03
3.264999999999999858e+01 3.186826665506797048e-03
3.270000000000000284e+01 3.186861778241221934e-03
3.275000000000000000e+01 3.186896731378957657e-03
3.280000000000000426e+01 3.186931525906054000e-03
3.285000000000000142e+01 3.186966162761577931e-03
3.289999999999999858e+01 3.187000642839445032e-03
3.295000000000000284e+01 3.187034966992239801e-03
3.300000000000000000e+01 3.187069136036733800e-03
3.305000000000000426e+01 3.187103150760872694e-03
3.310000000000000142e+01 3.187137011931836204e-03
3.314999999999999858e+01 3.187170720304755532e-03
3.320000000000000284e+01 3.187204276631628534e-03
3.325000000000000000e+01 3.187237681670011119e-03
3.330000000000000426e+01 3.187270936190967491e-03
3.335000000000000142e+01 3.187304040985952658e-03
3.339999999999999858e+01 3.187336996872221738e-03
3.345000000000000284e+01 3.187369804696547904e-03
3.350000000000000000e+01 3.187402465337014785e-03
3.355000000000000426e+01 3.187434979702851237e-03
3.360000000000000142e+01 3.187467348732315846e-03
3.364999999999999858e+01 3.187499573388734818e-03
3.370000000000000284e+01 3.187531654654960842e-03
3.375000000000000000e+01 3.187563593526487968e-03
3.380000000000000426e+01 3.187595391003650563e-03
3.385000000000000142e+01 3.187627048083281015e-03
3.389999999999999858e+01 3.187658565750259472e-03
3.395000000000000284e+01 3.187689944969444768e-03
3.400000000000000000e+01 3.187721186678343487e-03
3.405000000000000426e+01 3.187752291780926103e-03
3.410000000000000142e+01 3.187783261142918510e-03
3.414999999999999858e+01 3.187814095588776663e-03
3.420000000000000284e+01 3.187844795900519543e-03
3.425000000000000000e+01 3.187875362818449933e-03
3.430000000000000426e+01 3.187905797043751738e-03
3.435000000000000142e+01 3.187936099242784718e-03
3.439999999999999858e+01 3.187966270052865897e-03
3.445000000000000284e+01 3.187996310089239674e-03
3.450000000000000000e+01 3.188026219952852860e-03
3.455000000000000426e+01 3.188056000238552543e-03
3.460000000000000142e+01 3.188085651543267913e-03
3.464999999999999858e+01 3.188115174473736720e-03
3.470000000000000284e+01 3.188144569653454576e-03
3.475000000000000000e+01 3.188173837728389571e-03
3.480000000000000426e+01 3.188202979371270937e-03
3.485000000000000142e+01 3.188231995284170756e-03
3.489999999999999858e+01 3.188260886199298458e-03
3.495000000000000284e+01 3.188289652877973439e-03
3.500000000000000000e+01 3.188318296107813931e-03
3.505000000000000426e+01 3.188346816698331681e-03
3.510000000000000142e+01 3.188375215475155317e-03
3.514999999999999858e+01 3.188403493273194236e-03
3.520000000000000284e+01 3.188431650929093430e-03
3.525000000000000000e+01 3.188459689273399032e-03
3.530000000000000426e+01 3.188487609122818423e-03
3.535000000000000142e+01 3.188515411272988161e-03
3.539999999999999858e+01 3.188543096492128803e-03
3.545000000000000284e+01 3.188570665515889739e-03
3.550000000000000000e+01 3.188598119043676779e-03
3.555000000000000426e+01 3.188625457736620362e-03
3.560000000000000142e+01 3.188652682217297998e-03
3.564999999999999858e+01 3.188679793071200110e-03
3.570000000000000284e+01 3.188706790849893304e-03
3.575000000000000000e+01 3.188733676075663354e-03
3.580000000000000426e+01 3.188760449247429307e-03
3.585000000000000142e+01 3.188787110847588705e-03
3.589999999999999858e+01 3.188813661349477330e-03
3.595000000000000284e+01 3.188840101225009788e-03
3.600000000000000000e+01 3.188866430952144466e-03
3.605000000000000426e+01 3.188892651021763436e-03
3.610000000000000142e+01 3.188918761943653792e-03
3.614999999999999858e+01 3.188944764251229122e-03
3.620000000000000284e+01 3.188970658504832432e-03
3.625000000000000000e+01 3.188996445293374588e-03
3.630000000000000426e+01 3.189022125234317398e-03
3.635000000000000142e+01 3.189047698971951041e-03
3.639999999999999858e+01 3.189073167174085507e-03
3.645000000000000284e+01 3.189098530527359910e-03
3.650000000000000000e+01 3.189123789731386927e-03
3.655000000000000426e+01 3.189148944565791191e-03
3.660000000000000142e+01 3.189173997576214351e-03
3.664999999999999858e+01 3.189198948546259193e-03
3.670000000000000284e+01 3.189223798138134721e-03
3.675000000000000000e+01 3.189248547059092467e-03
3.680000000000000426e+01 3.189273195913987138e-03
3.685000000000000142e+01 3.189297745304300706e-03
3.689999999999999858e+01 3.189322195797446476e-03
3.695000000000000284e+01 3.189346547925582098e-03
3.700000000000000000e+01 3.189370802186061466e-03
3.705000000000000426e+01 3.189394959043492534e-03
3.710000000000000142e+01 3.189419018933290027e-03
3.714999999999999858e+01 3.189442982266533968e-03
3.720000000000000284e+01 3.189466849435860802e-03
3.725000000000000000e+01 3.189490620822112155e-03
3.730000000000000426e+01 3.189514296801355692e-03
3.735000000000000142e+01 3.189537877751954121e-03
3.739999999999999858e+01 3.189561364061275096e-03
3.745000000000000284e+01 3.189584756029522055e-03
3.750000000000000000e+01 3.189608054277219898e-03
3.755000000000000426e+01 3.189631262365043816e-03
3.760000000000000142e+01 3.189654374500118950e-03
3.764999999999999858e+01 3.189677394238515235e-03
3.770000000000000284e+01 3.189700322106708234e-03
3.775000000000000000e+01 3.189723158655369869e-03
3.780000000000000426e+01 3.189745904455718994e-03
3.785000000000000142e+01 3.189768560094637714e-03
3.789999999999999858e+01 3.189791126168873506e-03
3.795000000000000284e+01 3.189813603278591255e-03
3.800000000000000000e+01 3.189835992020608694e-03
3.805000000000000426e+01 3.189858292981715988e-03
3.810000000000000142e+01 3.189880506732356569e-03
3.814999999999999858e+01 3.189902633821057806e-03
3.820000000000000284e+01 3.189924674769847434e-03
3.825000000000000000e+01 3.189946630070931988e-03
3.830000000000000426e+01 3.189968500184766492e-03
3.835000000000000142e+01 3.189990285539623383e-03
3.840000000000000568e+01 3.190011986532678874e-03
3.845000000000000284e+01 3.190033603532556935e-03
3.850000000000000000e+01 3.190055137034018481e-03
3.855000000000000426e+01 3.190076587056708823e-03
3.860000000000000142e+01 3.190097954064084491e-03
3.865000000000000568e+01 3.190119238358786209e-03
3.870000000000000284e+01 3.190140440242434684e-03
3.875000000000000000e+01 3.190161560022057325e-03
3.880000000000000426e+01 3.190182598016056987e-03
3.885000000000000142e+01 3.190203554559450407e-03
3.890000000000000568e+01 3.190224430008033706e-03
3.895000000000000284e+01 3.190245224741345732e-03
3.900000000000000000e+01 3.190265939164233216e-03
3.905000000000000426e+01 3.190286573706971763e-03
3.910000000000000142e+01 3.190307128823917544e-03
3.915000000000000568e+01 3.190327604990810233e-03
3.920000000000000284e+01 3.190348002700820005e-03
3.925000000000000000e+01 3.190368322459610946e-03
3.930000000000000426e+01 3.190388564779629479e-03
3.935000000000000142e+01 3.190408730173954766e-03
3.940000000000000568e+01 3.190428819150010770e-03
3.945000000000000284e+01 3.190448832203473476e-03
3.950000000000000000e+01 3.190468769812707193e-03
3.955000000000000426e+01 3.190488632433978889e-03
3.960000000000000142e+01 3.190508420497720297e-03
3.965000000000000568e+01 3.190528134406029476e-03
3.970000000000000284e+01 3.190547774489756790e-03
3.975000000000000000e+01 3.190567341173189148e-03
3.980000000000000426e+01 3.190586834733369261e-03
3.985000000000000142e+01 3.190606255461509930e-03
3.990000000000000568e+01 3.190625603628273552e-03
3.995000000000000284e+01 3.190644879488800222e-03
