0.000000000000000000e+00 -1.240645061116604254e-02
5.000000000000000278e-02 -6.350246884680105577e-04
1.000000000000000056e-01 -2.501987322399386923e-03
1.500000000000000222e-01 -5.770257641411404015e-03
2.000000000000000111e-01 -1.016760722627268500e-02
2.500000000000000000e-01 -1.563860284135160095e-02
3.000000000000000444e-01 -2.208849386406917803e-02
3.500000000000000333e-01 -2.922929972446198371e-02
4.000000000000000222e-01 -3.706243370686069377e-02
4.500000000000000111e-01 -4.526441410351109140e-02
5.000000000000000000e-01 -5.373691018377424466e-02
5.500000000000000444e-01 -6.222971904415645211e-02
6.000000000000000888e-01 -7.054114803526657929e-02
6.500000000000000222e-01 -7.852362856603729846e-02
7.000000000000000666e-01 -8.597110941019818486e-02
7.500000000000000000e-01 -9.274731288268948937e-02
8.000000000000000444e-01 -9.868490724212972132e-02
8.500000000000000888e-01 -1.036858680603169464e-01
9.000000000000000222e-01 -1.076414034142295917e-01
9.500000000000000666e-01 -1.105209088022398589e-01
1.000000000000000000e+00 -1.122509461250198459e-01
1.050000000000000044e+00 -1.127995593863277690e-01
1.100000000000000089e+00 -1.122312188715996056e-01
1.150000000000000133e+00 -1.105282476988754398e-01
1.200000000000000178e+00 -1.077656564749819301e-01
1.250000000000000000e+00 -1.040244615779784138e-01
1.300000000000000044e+00 -9.939418514361646195e-02
1.350000000000000089e+00 -9.398460489077586910e-02
1.400000000000000133e+00 -8.789825203022008648e-02
1.450000000000000178e+00 -8.126702661754914292e-02
1.500000000000000000e+00 -7.422348406511188046e-02
1.550000000000000044e+00 -6.688585222600910984e-02
1.600000000000000089e+00 -5.938128146542125813e-02
1.650000000000000133e+00 -5.182641023123948226e-02
1.700000000000000178e+00 -4.433394395186621151e-02
1.750000000000000000e+00 -3.701143783289075062e-02
1.800000000000000044e+00 -2.994971054791583515e-02
1.850000000000000089e+00 -2.322009675241222884e-02
1.900000000000000133e+00 -1.689425403841114323e-02
1.950000000000000178e+00 -1.102544545568612602e-02
2.000000000000000000e+00 -5.654729635928834597e-03
2.050000000000000266e+00 -8.119923932494905756e-04
2.100000000000000089e+00 3.491417807586085810e-03
2.149999999999999911e+00 7.250030811406806518e-03
2.200000000000000178e+00 1.046599247844655356e-02
2.250000000000000000e+00 1.315731708284383766e-02
2.300000000000000266e+00 1.534561721264674460e-02
2.350000000000000089e+00 1.705933116062033003e-02
2.400000000000000355e+00 1.832973309519168870e-02
2.450000000000000178e+00 1.919587151623505100e-02
2.500000000000000000e+00 1.969814701574535212e-02
2.550000000000000266e+00 1.987620348453081331e-02
2.600000000000000089e+00 1.977095577094270182e-02
2.650000000000000355e+00 1.942562246681455926e-02
2.700000000000000178e+00 1.887827110504189734e-02
2.750000000000000000e+00 1.816551597090837813e-02
2.800000000000000266e+00 1.732475224462336899e-02
2.850000000000000089e+00 1.638671113672239554e-02
2.900000000000000355e+00 1.538074907560828437e-02
2.950000000000000178e+00 1.433322483659634460e-02
3.000000000000000000e+00 1.326712670819531030e-02
3.050000000000000266e+00 1.220139831004226662e-02
3.100000000000000089e+00 1.115281692976304376e-02
3.150000000000000355e+00 1.013453720627331515e-02
3.200000000000000178e+00 9.157361552661865203e-03
3.250000000000000000e+00 8.229578319654285226e-03
3.300000000000000266e+00 7.356747834577768291e-03
3.350000000000000089e+00 6.542998508858774952e-03
3.400000000000000355e+00 5.790296864960841998e-03
3.450000000000000178e+00 5.099390582106188424e-03
3.500000000000000000e+00 4.469642294035560022e-03
3.550000000000000266e+00 3.899524052985654191e-03
3.600000000000000089e+00 3.386699524746202179e-03
3.650000000000000355e+00 2.928186721217722853e-03
3.700000000000000178e+00 2.520665953385061928e-03
3.750000000000000000e+00 2.160527450486709761e-03
3.800000000000000266e+00 1.843982957633790495e-03
3.850000000000000089e+00 1.567211463525401000e-03
3.900000000000000355e+00 1.326499042147195970e-03
3.950000000000000178e+00 1.118178635870695778e-03
4.000000000000000000e+00 9.387676491311344436e-04
4.049999999999999822e+00 7.850162767450810956e-04
4.100000000000000533e+00 6.538449474015052250e-04
4.150000000000000355e+00 5.424655910627095229e-04
4.200000000000000178e+00 4.483256731184258673e-04
4.250000000000000000e+00 3.690966046580253820e-04
4.299999999999999822e+00 3.027132749061073997e-04
4.350000000000000533e+00 2.473365763292880229e-04
4.400000000000000355e+00 2.013308904310440552e-04
4.450000000000000178e+00 1.632745753507561964e-04
4.500000000000000000e+00 1.319230913074389221e-04
4.549999999999999822e+00 1.061999929382722034e-04
4.600000000000000533e+00 8.518167987202369268e-05
4.650000000000000355e+00 6.807567524425853971e-05
4.700000000000000178e+00 5.420853256459480036e-05
4.750000000000000000e+00 4.301181834592189578e-05
4.800000000000000711e+00 3.400618134687586984e-05
4.850000000000000533e+00 2.679063000254189100e-05
4.900000000000000355e+00 2.103172842463393421e-05
4.950000000000000178e+00 1.645278943753722637e-05
5.000000000000000000e+00 1.282572374405414534e-05
5.050000000000000711e+00 9.963411878474642822e-06
5.100000000000000533e+00 7.713075339237846333e-06
5.150000000000000355e+00 5.950370783625512893e-06
5.200000000000000178e+00 4.574707504896478196e-06
5.250000000000000000e+00 3.504963766645236204e-06
5.300000000000000711e+00 2.676475991653989015e-06
5.350000000000000533e+00 2.036221141307631370e-06
5.400000000000000355e+00 1.544643194427472103e-06
5.450000000000000178e+00 1.167256524315477290e-06
5.500000000000000000e+00 8.792965581425765034e-07
5.550000000000000711e+00 6.600982626572482109e-07
5.600000000000000533e+00 4.938957582569550810e-07
5.650000000000000355e+00 3.682885522995843429e-07
5.700000000000000178e+00 2.737602402490366412e-07
5.750000000000000000e+00 2.026319731735661488e-07
5.800000000000000711e+00 1.499521302881908505e-07
5.850000000000000533e+00 1.096935524805916502e-07
5.900000000000000355e+00 8.214496370195904365e-08
5.950000000000000178e+00 5.407418440041541430e-08
6.000000000000000000e+00 5.413786128957498508e-08
6.050000000000000711e+00 3.727294159029190415e-08
6.100000000000000533e+00 2.566170957187105343e-08
6.150000000000000355e+00 1.766740059729130506e-08
6.200000000000000178e+00 1.216345793827928650e-08
6.250000000000000000e+00 8.374153373554336358e-09
6.300000000000000711e+00 5.765276611742162481e-09
6.350000000000000533e+00 3.969144841411710954e-09
6.400000000000000355e+00 2.732582905985692100e-09
6.450000000000000178e+00 1.881244807080627051e-09
6.500000000000000000e+00 1.295134979059437440e-09
6.550000000000000711e+00 8.916293683661004697e-10
