0.000000000000000000e+00 -4.564344785976664359e-06
5.000000000000000278e-02 4.738417740869485718e-05
1.000000000000000056e-01 9.429014484488259563e-05
1.500000000000000222e-01 1.400929418659968432e-04
2.000000000000000111e-01 1.843572185146252686e-04
2.500000000000000000e-01 2.265804634844423564e-04
3.000000000000000444e-01 2.663250478222852304e-04
3.500000000000000333e-01 3.031870041686280715e-04
4.000000000000000222e-01 3.368108260071005504e-04
4.500000000000000111e-01 3.668908352754337047e-04
5.000000000000000000e-01 3.931740337176026440e-04
5.500000000000000444e-01 4.154722022527739455e-04
6.000000000000000888e-01 4.336468217343221227e-04
6.500000000000000222e-01 4.476263537868957346e-04
7.000000000000000666e-01 4.573828595853176855e-04
7.500000000000000000e-01 4.629519343111546678e-04
8.000000000000000444e-01 4.644235855429609014e-04
8.500000000000000888e-01 4.619142454401083510e-04
9.000000000000000222e-01 4.555997428234965065e-04
9.500000000000000666e-01 4.456796713209612093e-04
1.000000000000000000e+00 4.323730592444919099e-04
1.050000000000000044e+00 4.159574283971083169e-04
1.100000000000000089e+00 3.966979886911071204e-04
1.150000000000000133e+00 3.748714840600902249e-04
1.200000000000000178e+00 3.507990553852711850e-04
1.250000000000000000e+00 3.247416403531458613e-04
1.300000000000000044e+00 2.969945549075599209e-04
1.350000000000000089e+00 2.678779288205994499e-04
1.400000000000000133e+00 2.376372306064700787e-04
1.450000000000000178e+00 2.065820402145331146e-04
1.500000000000000000e+00 1.749498545936750227e-04
1.550000000000000044e+00 1.430072087101598942e-04
1.600000000000000089e+00 1.109801278613279957e-04
1.650000000000000133e+00 7.909830172537014642e-05
1.700000000000000178e+00 4.761137365496896748e-05
1.750000000000000000e+00 1.667982994303334921e-05
1.800000000000000044e+00 -1.346564526272533247e-05
1.850000000000000089e+00 -4.263749811928630910e-05
1.900000000000000133e+00 -7.066597922852421037e-05
1.950000000000000178e+00 -9.735363577366974133e-05
2.000000000000000000e+00 -1.225561451549267986e-04
2.050000000000000266e+00 -1.461194148499431905e-04
2.100000000000000089e+00 -1.678904237250312384e-04
2.149999999999999911e+00 -1.877261273034512123e-04
2.200000000000000178e+00 -2.055033930480887057e-04
2.250000000000000000e+00 -2.211270992768359371e-04
2.300000000000000266e+00 -2.344844266871916826e-04
2.350000000000000089e+00 -2.455061762899150564e-04
2.400000000000000355e+00 -2.541448379069204816e-04
2.450000000000000178e+00 -2.603630638709096470e-04
2.500000000000000000e+00 -2.641417306235849792e-04
2.550000000000000266e+00 -2.655210501050708706e-04
2.600000000000000089e+00 -2.645260586334245126e-04
2.650000000000000355e+00 -2.612260401563284941e-04
2.700000000000000178e+00 -2.557290438157036193e-04
2.750000000000000000e+00 -2.481481320319535769e-04
2.800000000000000266e+00 -2.386384135767893801e-04
2.850000000000000089e+00 -2.273716102962368619e-04
2.900000000000000355e+00 -2.145499137234182661e-04
2.950000000000000178e+00 -2.003759337265298836e-04
3.000000000000000000e+00 -1.850743638445189094e-04
3.050000000000000266e+00 -1.688740378374633427e-04
3.100000000000000089e+00 -1.520311269986896223e-04
3.150000000000000355e+00 -1.347922546291448697e-04
3.200000000000000178e+00 -1.173841686177539280e-04
3.250000000000000000e+00 -1.000423428932367285e-04
3.300000000000000266e+00 -8.299017401073350588e-05
3.350000000000000089e+00 -6.642808907505942998e-05
3.400000000000000355e+00 -5.055211513311976684e-05
3.450000000000000178e+00 -3.552482096989028931e-05
3.500000000000000000e+00 -2.147685214509559496e-05
3.550000000000000266e+00 -8.532570945410546923e-06
3.600000000000000089e+00 3.231590399723187955e-06
3.650000000000000355e+00 1.374695782206707097e-05
3.700000000000000178e+00 2.298732696136042352e-05
3.750000000000000000e+00 3.094642296155940389e-05
3.800000000000000266e+00 3.763977404796323443e-05
3.850000000000000089e+00 4.310569151155260417e-05
3.900000000000000355e+00 4.740885425671985040e-05
3.950000000000000178e+00 5.062123129593109298e-05
4.000000000000000000e+00 5.282901564937406131e-05
4.049999999999999822e+00 5.413867487641462226e-05
4.100000000000000533e+00 5.464625668269429675e-05
4.150000000000000355e+00 5.446176257115913793e-05
4.200000000000000178e+00 5.369863389963857702e-05
4.250000000000000000e+00 5.245354092947525820e-05
4.299999999999999822e+00 5.082917486141377779e-05
4.350000000000000533e+00 4.892397077659531952e-05
4.400000000000000355e+00 4.681270344790968904e-05
4.450000000000000178e+00 4.457528635885145933e-05
4.500000000000000000e+00 4.227186387007518065e-05
4.549999999999999822e+00 3.995378343166725184e-05
4.600000000000000533e+00 3.766501606110529205e-05
4.650000000000000355e+00 3.543474729555862488e-05
4.700000000000000178e+00 3.328390831987972602e-05
4.750000000000000000e+00 3.122697331604970766e-05
4.800000000000000711e+00 2.927058136001820687e-05
4.850000000000000533e+00 2.741272361810188202e-05
4.900000000000000355e+00 2.565197276684059199e-05
4.950000000000000178e+00 2.397974109653025208e-05
5.000000000000000000e+00 2.238828724117579428e-05
5.050000000000000711e+00 2.086777797054816991e-05
5.100000000000000533e+00 1.941038586471658149e-05
5.150000000000000355e+00 1.800916534708652024e-05
5.200000000000000178e+00 1.665704055489422060e-05
5.250000000000000000e+00 1.535239858962096963e-05
5.300000000000000711e+00 1.409331384407032412e-05
5.350000000000000533e+00 1.288096097989397298e-05
5.400000000000000355e+00 1.171915150721054266e-05
5.450000000000000178e+00 1.061276451044418287e-05
5.500000000000000000e+00 9.567515556737768640e-06
5.550000000000000711e+00 8.590766253693262014e-06
5.600000000000000533e+00 7.688130950883999967e-06
5.650000000000000355e+00 6.866164308808069562e-06
5.700000000000000178e+00 6.129938224809231687e-06
5.750000000000000000e+00 5.482462781705942678e-06
5.800000000000000711e+00 4.925438632437488969e-06
5.850000000000000533e+00 4.458102639796233497e-06
5.900000000000000355e+00 4.077596933165962053e-06
5.950000000000000178e+00 3.778642962066675374e-06
6.000000000000000000e+00 3.553834811609486721e-06
6.050000000000000711e+00 3.394424161711313212e-06
6.100000000000000533e+00 3.289902317695843369e-06
6.150000000000000355e+00 3.228252161012406991e-06
6.200000000000000178e+00 3.197688945937183855e-06
6.250000000000000000e+00 3.186265781486707413e-06
6.300000000000000711e+00 3.182055983749928336e-06
6.350000000000000533e+00 3.174516764835218202e-06
6.400000000000000355e+00 3.154478299139054207e-06
6.450000000000000178e+00 3.114196282933033512e-06
6.500000000000000000e+00 3.048259555360154631e-06
6.550000000000000711e+00 2.953341147138895225e-06
6.600000000000000533e+00 2.827922977591587590e-06
6.650000000000000355e+00 2.673067213200342610e-06
6.700000000000000178e+00 2.491667558027352447e-06
6.750000000000000000e+00 2.288120296152588002e-06
6.800000000000000711e+00 2.068586962426989640e-06
6.850000000000000533e+00 1.839830429758175908e-06
6.900000000000000355e+00 1.609477538865466766e-06
6.950000000000000178e+00 1.385252800793955943e-06
7.000000000000000000e+00 1.174542961371110150e-06
7.050000000000000711e+00 9.840690017747119235e-07
7.100000000000000533e+00 8.197476299692995528e-07
7.150000000000000355e+00 6.858597854978995085e-07
7.200000000000000178e+00 5.854250312099511940e-07
7.250000000000000000e+00 5.197402721162051395e-07
7.300000000000000711e+00 4.885794004784127770e-07
7.350000000000000533e+00 4.899430316973474969e-07
7.400000000000000355e+00 5.203323928853457259e-07
7.450000000000000178e+00 5.752440432771995884e-07
7.500000000000000000e+00 6.488474417680549317e-07
7.550000000000000711e+00 7.348583822045792729e-07
7.600000000000000533e+00 8.264734174443915698e-07
7.650000000000000355e+00 9.169909720467998803e-07
7.700000000000000178e+00 1.000034404193208456e-06
7.750000000000000000e+00 1.069939734025800252e-06
7.800000000000000711e+00 1.121252204281485578e-06
7.850000000000000533e+00 1.152560707002100075e-06
7.900000000000000355e+00 1.153033162382947650e-06
7.950000000000000178e+00 1.152894322452768072e-06
8.000000000000000000e+00 3.961275627631059429e-07
8.050000000000000711e+00 3.888826099435258950e-07
8.099999999999999645e+00 3.817832931766671993e-07
8.150000000000000355e+00 3.747518327324385139e-07
8.200000000000001066e+00 3.677888003956574817e-07
8.250000000000000000e+00 3.609738906781760937e-07
8.300000000000000711e+00 3.542266368387111555e-07
8.349999999999999645e+00 3.475280643116568335e-07
8.400000000000000355e+00 3.409654052116349633e-07
8.450000000000001066e+00 3.344846377411863872e-07
8.500000000000000000e+00 3.280808684062215786e-07
8.550000000000000711e+00 3.217957966992803113e-07
8.599999999999999645e+00 3.155866246641795689e-07
8.650000000000000355e+00 3.094713884436885998e-07
8.700000000000001066e+00 3.034358299209994441e-07
8.750000000000000000e+00 2.975107764803833319e-07
