0.000000000000000000e+00 6.278948859049596209e-02
5.000000000000000278e-02 6.287643792275689203e-02
1.000000000000000056e-01 6.313661668212655620e-02
1.500000000000000222e-01 6.356802072538489390e-02
2.000000000000000111e-01 6.416732170733213669e-02
2.500000000000000000e-01 6.492988494101105401e-02
3.000000000000000444e-01 6.584979436429463928e-02
3.500000000000000333e-01 6.691988468533671686e-02
4.000000000000000222e-01 6.813178065947926576e-02
4.500000000000000111e-01 6.947594356161641838e-02
5.000000000000000000e-01 7.094172481277034870e-02
5.500000000000000444e-01 7.251742673992661592e-02
6.000000000000000888e-01 7.419037065702921430e-02
6.500000000000000222e-01 7.594697219990952097e-02
7.000000000000000666e-01 7.777282331267645898e-02
7.500000000000000000e-01 7.965278212668180924e-02
8.000000000000000444e-01 8.157107020687208443e-02
8.500000000000000888e-01 8.351137230586284932e-02
9.000000000000000222e-01 8.545696166028163288e-02
9.500000000000000666e-01 8.739078778845646434e-02
1.000000000000000000e+00 8.929562806231149119e-02
1.050000000000000044e+00 9.115420249461085589e-02
1.100000000000000089e+00 9.294930893776437442e-02
1.150000000000000133e+00 9.466396129666868053e-02
1.200000000000000178e+00 9.628152939604890659e-02
1.250000000000000000e+00 9.778588188018727534e-02
1.300000000000000044e+00 9.916152865745890554e-02
1.350000000000000089e+00 1.003937642700164778e-01
1.400000000000000133e+00 1.014688059331493031e-01
1.450000000000000178e+00 1.023739305259898508e-01
1.500000000000000000e+00 1.030976023671390240e-01
1.550000000000000044e+00 1.036295964189403451e-01
1.600000000000000089e+00 1.039611077568648317e-01
1.650000000000000133e+00 1.040848531115338149e-01
1.700000000000000178e+00 1.039951500629237718e-01
1.750000000000000000e+00 1.036879968363194210e-01
1.800000000000000044e+00 1.031611136600385781e-01
1.850000000000000089e+00 1.024139885359602042e-01
1.900000000000000133e+00 1.014478790149370285e-01
1.950000000000000178e+00 1.002658123760755138e-01
2.000000000000000000e+00 9.887255618848271588e-02
2.050000000000000266e+00 9.727456847051339783e-02
2.100000000000000089e+00 9.547992966172715035e-02
2.149999999999999911e+00 9.349824819413606047e-02
2.200000000000000178e+00 9.134055416720647524e-02
2.250000000000000000e+00 8.901917051827080984e-02
2.300000000000000266e+00 8.654758213378210829e-02
2.350000000000000089e+00 8.394021663618420059e-02
2.400000000000000355e+00 8.121240038174351583e-02
2.450000000000000178e+00 7.838005699969421980e-02
2.500000000000000000e+00 7.545958748987248443e-02
2.550000000000000266e+00 7.246767025141886975e-02
2.600000000000000089e+00 6.942107973956181122e-02
2.650000000000000355e+00 6.633650095698907789e-02
2.700000000000000178e+00 6.323035567374760135e-02
2.750000000000000000e+00 6.011863466164528436e-02
2.800000000000000266e+00 5.701674319302534044e-02
2.850000000000000089e+00 5.393935836823882113e-02
2.900000000000000355e+00 5.090030312417138242e-02
2.950000000000000178e+00 4.791244421889299943e-02
3.000000000000000000e+00 4.498756331719682561e-02
3.050000000000000266e+00 4.213636005827690878e-02
3.100000000000000089e+00 3.936832363655393824e-02
3.150000000000000355e+00 3.669173614111309600e-02
3.200000000000000178e+00 3.411365013264702067e-02
3.250000000000000000e+00 3.163989086192194045e-02
3.300000000000000266e+00 2.927507999924962301e-02
3.350000000000000089e+00 2.702265533815936122e-02
3.400000000000000355e+00 2.488493330132071288e-02
3.450000000000000178e+00 2.286320035345347501e-02
3.500000000000000000e+00 2.095768044673294861e-02
3.550000000000000266e+00 1.916772311822428562e-02
3.600000000000000089e+00 1.749188053605891038e-02
3.650000000000000355e+00 1.592791562741256717e-02
3.700000000000000178e+00 1.447296022763092452e-02
3.750000000000000000e+00 1.312358649673088691e-02
3.800000000000000266e+00 1.187590185573903986e-02
3.850000000000000089e+00 1.072563512197892595e-02
3.900000000000000355e+00 9.668221323200276718e-03
3.950000000000000178e+00 8.698876373998982309e-03
4.000000000000000000e+00 7.812690643755519984e-03
4.049999999999999822e+00 7.004668134982945313e-03
4.100000000000000533e+00 6.269797273764169884e-03
4.150000000000000355e+00 5.603116985483260100e-03
4.200000000000000178e+00 4.999751359027537062e-03
4.250000000000000000e+00 4.454951231709592882e-03
4.299999999999999822e+00 3.964127930150431953e-03
4.350000000000000533e+00 3.522879284572533101e-03
4.400000000000000355e+00 3.127010250360751174e-03
4.450000000000000178e+00 2.772547647101253430e-03
4.500000000000000000e+00 2.455749984600972494e-03
4.549999999999999822e+00 2.173113045619643868e-03
4.600000000000000533e+00 1.921371215895829919e-03
4.650000000000000355e+00 1.697495822575930801e-03
4.700000000000000178e+00 1.498690526707465841e-03
4.750000000000000000e+00 1.322384487538775860e-03
4.800000000000000711e+00 1.166224334518904974e-03
4.850000000000000533e+00 1.028061492812153751e-03
4.900000000000000355e+00 9.059461447050271791e-04
4.950000000000000178e+00 7.981106067077507575e-04
5.000000000000000000e+00 7.029596825162703509e-04
5.050000000000000711e+00 6.190578959523209118e-04
5.100000000000000533e+00 5.451173855039975584e-04
5.150000000000000355e+00 4.799858648461628307e-04
5.200000000000000178e+00 4.226351835357610603e-04
5.250000000000000000e+00 3.721500856220233259e-04
5.300000000000000711e+00 3.277177373057295925e-04
5.350000000000000533e+00 2.886176622465439715e-04
5.400000000000000355e+00 2.542125002469034422e-04
5.450000000000000178e+00 2.239392375157340620e-04
5.500000000000000000e+00 1.973025944820017683e-04
5.550000000000000711e+00 1.738616972535701017e-04
5.600000000000000533e+00 1.532333864560229324e-04
5.650000000000000355e+00 1.350843733813893068e-04
5.700000000000000178e+00 1.191049092420258716e-04
5.750000000000000000e+00 1.050384436376446525e-04
5.800000000000000711e+00 9.265446234966067047e-05
5.850000000000000533e+00 8.174724891185477973e-05
5.900000000000000355e+00 7.214424382854823245e-05
5.950000000000000178e+00 6.368488007443534723e-05
6.000000000000000000e+00 5.623020602331511603e-05
6.050000000000000711e+00 4.965993307264097528e-05
6.100000000000000533e+00 4.386519647783973617e-05
6.150000000000000355e+00 3.875220165887749440e-05
6.200000000000000178e+00 3.423796640790543973e-05
6.250000000000000000e+00 3.024953482899288561e-05
6.300000000000000711e+00 2.672344478194325879e-05
6.350000000000000533e+00 2.360336060268167100e-05
6.400000000000000355e+00 2.084061824745060015e-05
6.450000000000000178e+00 1.839265495628197787e-05
6.500000000000000000e+00 1.622236847924845806e-05
6.550000000000000711e+00 1.429747847405272564e-05
6.600000000000000533e+00 1.259000045645680372e-05
6.650000000000000355e+00 1.107552239029429757e-05
6.700000000000000178e+00 9.732827820139164894e-06
6.750000000000000000e+00 8.543288729394315112e-06
6.800000000000000711e+00 7.489047784367605004e-06
6.850000000000000533e+00 6.559270550649422842e-06
6.900000000000000355e+00 5.739233179854768276e-06
6.950000000000000178e+00 5.017208796003672039e-06
