0.000000000000000000e+00 -3.529798706726545212e-05
5.000000000000000278e-02 -5.161299073967137937e-07
1.000000000000000056e-01 -4.080450591378742484e-06
1.500000000000000222e-01 -1.460660285765690426e-05
2.000000000000000111e-01 -3.458748162769463477e-05
2.500000000000000000e-01 -6.667003002458222333e-05
3.000000000000000444e-01 -1.127299477132249383e-04
3.500000000000000333e-01 -1.740419404692783510e-04
4.000000000000000222e-01 -2.511371676922086616e-04
4.500000000000000111e-01 -3.437880747774638254e-04
5.000000000000000000e-01 -4.509986969339279750e-04
5.500000000000000444e-01 -5.710351495295391518e-04
6.000000000000000888e-01 -7.014820339230274900e-04
6.500000000000000222e-01 -8.393352585284087229e-04
7.000000000000000666e-01 -9.810945129037744201e-04
7.500000000000000000e-01 -1.122913055983889956e-03
8.000000000000000444e-01 -1.260722058088873266e-03
8.500000000000000888e-01 -1.390422131157976289e-03
9.000000000000000222e-01 -1.507928499008569451e-03
9.500000000000000666e-01 -1.609457700970628232e-03
1.000000000000000000e+00 -1.691550408750540357e-03
1.050000000000000044e+00 -1.751289091815093997e-03
1.100000000000000089e+00 -1.786296403835329477e-03
1.150000000000000133e+00 -1.794863554614656125e-03
1.200000000000000178e+00 -1.776014364198461341e-03
1.250000000000000000e+00 -1.729517212963512787e-03
1.300000000000000044e+00 -1.655878888352182131e-03
1.350000000000000089e+00 -1.556319647793572491e-03
1.400000000000000133e+00 -1.432663623050672505e-03
1.450000000000000178e+00 -1.287570099982342535e-03
1.500000000000000000e+00 -1.123832781889223678e-03
1.550000000000000044e+00 -9.449136063773598071e-04
1.600000000000000089e+00 -7.544918704835688363e-04
1.650000000000000133e+00 -5.564977747243728514e-04
1.700000000000000178e+00 -3.547910148239409828e-04
1.750000000000000000e+00 -1.532401348156138760e-04
1.800000000000000044e+00 4.434860731531591239e-05
1.850000000000000089e+00 2.345371915946903839e-04
1.900000000000000133e+00 4.141075587846359510e-04
1.950000000000000178e+00 5.803406236404576790e-04
2.000000000000000000e+00 7.308179514208615075e-04
2.050000000000000266e+00 8.637370093049854397e-04
2.100000000000000089e+00 9.777693149335101204e-04
2.149999999999999911e+00 1.071995623755441027e-03
2.200000000000000178e+00 1.145976666787598165e-03
2.250000000000000000e+00 1.199838422744181187e-03
2.300000000000000266e+00 1.233939813874462919e-03
2.350000000000000089e+00 1.249251797068529719e-03
2.400000000000000355e+00 1.246917229403072440e-03
2.450000000000000178e+00 1.228337229797863165e-03
2.500000000000000000e+00 1.195134444197308533e-03
2.550000000000000266e+00 1.149171414753966895e-03
2.600000000000000089e+00 1.092262350583956924e-03
2.650000000000000355e+00 1.026312050900483408e-03
2.700000000000000178e+00 9.533129660715169420e-04
2.750000000000000000e+00 8.750792572199767244e-04
2.800000000000000266e+00 7.933517510256999370e-04
2.850000000000000089e+00 7.098357387380217331e-04
2.900000000000000355e+00 6.259976467089658830e-04
2.950000000000000178e+00 5.431632176626703754e-04
3.000000000000000000e+00 4.625409453599497187e-04
3.050000000000000266e+00 3.850905354017171434e-04
3.100000000000000089e+00 3.116173669533259965e-04
3.150000000000000355e+00 2.427852493119489886e-04
3.200000000000000178e+00 1.790820269417937708e-04
3.250000000000000000e+00 1.207637411581646353e-04
3.300000000000000266e+00 6.808010647640994951e-05
3.350000000000000089e+00 2.102042269488089298e-05
3.400000000000000355e+00 -2.041858300064416666e-05
3.450000000000000178e+00 -5.640201496813297466e-05
3.500000000000000000e+00 -8.715980294836266258e-05
3.550000000000000266e+00 -1.129592081031281141e-04
3.600000000000000089e+00 -1.341521827445511664e-04
3.650000000000000355e+00 -1.510633899154725497e-04
3.700000000000000178e+00 -1.640981169574686393e-04
3.750000000000000000e+00 -1.736539612951209100e-04
3.800000000000000266e+00 -1.800983942263985782e-04
3.850000000000000089e+00 -1.838066136650782611e-04
3.900000000000000355e+00 -1.851609217921605828e-04
3.950000000000000178e+00 -1.845003034713981426e-04
4.000000000000000000e+00 -1.821355817414102151e-04
4.049999999999999822e+00 -1.783851917230297934e-04
4.100000000000000533e+00 -1.734984461098114297e-04
4.150000000000000355e+00 -1.677256296098024967e-04
4.200000000000000178e+00 -1.612970349742863226e-04
4.250000000000000000e+00 -1.543739018045664003e-04
4.299999999999999822e+00 -1.471361803025512862e-04
4.350000000000000533e+00 -1.397319063382191371e-04
4.400000000000000355e+00 -1.322581742099482858e-04
4.450000000000000178e+00 -1.248282516872967413e-04
4.500000000000000000e+00 -1.175159673050163754e-04
4.549999999999999822e+00 -1.103795432789963696e-04
4.600000000000000533e+00 -1.034791133734583296e-04
4.650000000000000355e+00 -9.684447336704495339e-05
4.700000000000000178e+00 -9.049920225035413461e-05
4.750000000000000000e+00 -8.446678813453335831e-05
4.800000000000000711e+00 -7.875480176869911969e-05
4.850000000000000533e+00 -7.336208613141796328e-05
4.900000000000000355e+00 -6.829363597388469825e-05
4.950000000000000178e+00 -6.354032578350559193e-05
5.000000000000000000e+00 -5.909246434624566125e-05
5.050000000000000711e+00 -5.494001445224984116e-05
5.100000000000000533e+00 -5.107043186326534057e-05
5.150000000000000355e+00 -4.747155818662002663e-05
5.200000000000000178e+00 -4.412507787935023490e-05
5.250000000000000000e+00 -4.101985948443440344e-05
5.300000000000000711e+00 -3.813929015231579752e-05
5.350000000000000533e+00 -3.546911713626341888e-05
5.400000000000000355e+00 -3.299546986028225150e-05
5.450000000000000178e+00 -3.070469110144309133e-05
5.500000000000000000e+00 -2.858342452477284241e-05
5.550000000000000711e+00 -2.662058975572329406e-05
5.600000000000000533e+00 -2.480241149370643647e-05
5.650000000000000355e+00 -2.311930739452912900e-05
5.700000000000000178e+00 -2.156076901421825152e-05
5.750000000000000000e+00 -2.011648927505651718e-05
5.800000000000000711e+00 -1.877878430917523527e-05
5.850000000000000533e+00 -1.753924338231039158e-05
5.900000000000000355e+00 -1.638957866345801015e-05
5.950000000000000178e+00 -1.532310413156075756e-05
6.000000000000000000e+00 -1.433373668660683131e-05
6.050000000000000711e+00 -1.341487469314468051e-05
6.100000000000000533e+00 -1.256199916239054772e-05
6.150000000000000355e+00 -1.176879487353809400e-05
6.200000000000000178e+00 -1.103133515864756982e-05
6.250000000000000000e+00 -1.034573574893851291e-05
6.300000000000000711e+00 -9.707205167655427952e-06
6.350000000000000533e+00 -9.112621500858725671e-06
6.400000000000000355e+00 -8.558818384470187030e-06
6.450000000000000178e+00 -8.042410121876707944e-06
6.500000000000000000e+00 -7.560624465316058696e-06
6.550000000000000711e+00 -7.111445438111250238e-06
6.600000000000000533e+00 -6.691749565268010476e-06
6.650000000000000355e+00 -6.299755088561350699e-06
6.700000000000000178e+00 -5.933453502149801291e-06
6.750000000000000000e+00 -5.590768017873120113e-06
6.800000000000000711e+00 -5.270312625728710619e-06
6.850000000000000533e+00 -4.970361376361400538e-06
6.900000000000000355e+00 -4.689414847844507639e-06
6.950000000000000178e+00 -4.426282052382862267e-06
7.000000000000000000e+00 -4.179639722326164926e-06
7.050000000000000711e+00 -3.948212111918599763e-06
7.100000000000000533e+00 -3.731324917564035248e-06
7.150000000000000355e+00 -3.527671378429708554e-06
7.200000000000000178e+00 -3.336384786017137189e-06
7.250000000000000000e+00 -3.156652436957235357e-06
7.300000000000000711e+00 -2.987848857407492403e-06
7.350000000000000533e+00 -2.829100296068970462e-06
7.400000000000000355e+00 -2.679684519406125410e-06
7.450000000000000178e+00 -2.539189005604751460e-06
7.500000000000000000e+00 -2.406907286609317120e-06
7.550000000000000711e+00 -2.282331840512130130e-06
7.600000000000000533e+00 -2.164925680021899398e-06
7.650000000000000355e+00 -2.054271821909941369e-06
7.700000000000000178e+00 -1.949999852789070758e-06
7.750000000000000000e+00 -1.851595688244440168e-06
7.800000000000000711e+00 -1.758732817348904439e-06
7.850000000000000533e+00 -1.671127060898744188e-06
7.900000000000000355e+00 -1.588352782756347838e-06
7.950000000000000178e+00 -1.510189480164826383e-06
8.000000000000000000e+00 -1.436349391853205947e-06
8.050000000000000711e+00 -1.366465954839670875e-06
8.099999999999999645e+00 -1.300430844865799329e-06
8.150000000000000355e+00 -1.237975545931189440e-06
8.200000000000001066e+00 -1.178845321138925492e-06
8.250000000000000000e+00 -1.122912563705060082e-06
8.300000000000000711e+00 -1.069935172162541407e-06
8.349999999999999645e+00 -1.019712986791788660e-06
8.400000000000000355e+00 -9.721672567033331739e-07
8.450000000000001066e+00 -9.271020304234868692e-07
8.500000000000000000e+00 -8.843605801859775173e-07
8.550000000000000711e+00 -8.438281623773547225e-07
8.599999999999999645e+00 -8.053886152542862186e-07
8.650000000000000355e+00 -7.688972553704319177e-07
8.700000000000001066e+00 -7.342162102906564266e-07
8.750000000000000000e+00 -7.013277938437090662e-07
8.800000000000000711e+00 -6.701146259927122960e-07
8.849999999999999645e+00 -6.403974640784488590e-07
8.900000000000000355e+00 -6.121847187585130098e-07
8.950000000000001066e+00 -5.853551649679241651e-07
9.000000000000000000e+00 -5.598253686546921302e-07
9.050000000000000711e+00 -5.355604772466330143e-07
9.099999999999999645e+00 -5.124847003014002066e-07
9.150000000000000355e+00 -4.904915831730912540e-07
9.200000000000001066e+00 -4.695697206498188274e-07
9.250000000000000000e+00 -4.496510677943453396e-07
9.300000000000000711e+00 -4.306596150643054702e-07
9.349999999999999645e+00 -4.125908927129852954e-07
9.400000000000000355e+00 -3.953637117209089768e-07
9.450000000000001066e+00 -3.789207997684648123e-07
9.500000000000000000e+00 -3.632622883512898946e-07
9.550000000000000711e+00 -3.483288846493481873e-07
9.600000000000001421e+00 -3.340612194232064494e-07
9.650000000000000355e+00 -3.204783006411747672e-07
9.700000000000001066e+00 -3.075018882458610938e-07
9.750000000000000000e+00 -2.951030091837518320e-07
9.800000000000000711e+00 -2.832797962469799651e-07
9.850000000000001421e+00 -2.719445810021856954e-07
9.900000000000000355e+00 -2.612902239778389159e-07
9.950000000000001066e+00 -2.504444702518617265e-07
1.000000000000000000e+01 -1.928988781217808582e-07
1.005000000000000071e+01 -1.876566743488888007e-07
1.010000000000000142e+01 -1.825603875011727611e-07
1.015000000000000036e+01 -1.775939487503025708e-07
1.020000000000000107e+01 -1.727578440959708785e-07
1.025000000000000000e+01 -1.680508188235781040e-07
1.030000000000000071e+01 -1.634658088403386948e-07
1.035000000000000142e+01 -1.589959500755544724e-07
1.040000000000000036e+01 -1.546492376581560714e-07
1.045000000000000107e+01 -1.504220380748231591e-07
1.050000000000000000e+01 -1.462979898384588205e-07
1.055000000000000071e+01 -1.422874454139976581e-07
1.060000000000000142e+01 -1.383822649146741457e-07
1.065000000000000036e+01 -1.345792278608779984e-07
1.070000000000000107e+01 -1.308775063338999349e-07
1.075000000000000000e+01 -1.272816325161594082e-07
1.080000000000000071e+01 -1.237731375556850859e-07
1.085000000000000142e+01 -1.203627910115649247e-07
1.090000000000000036e+01 -1.170437731964686927e-07
1.095000000000000107e+01 -1.138098299361246400e-07
