0.000000000000000000e+00 0.000000000000000000e+00
5.000000000000000278e-02 2.321932782091246221e-09
1.000000000000000056e-01 7.411262497506469955e-08
1.500000000000000222e-01 5.604058589681279902e-07
2.000000000000000111e-01 2.347534354781312372e-06
2.500000000000000000e-01 7.109496057117862794e-06
3.000000000000000444e-01 1.752599660256173929e-05
3.500000000000000333e-01 3.746406041656787263e-05
4.000000000000000222e-01 7.211619440039734907e-05
4.500000000000000111e-01 1.280893898779269396e-04
5.000000000000000000e-01 2.134407215136740999e-04
5.500000000000000444e-01 3.376569024356462106e-04
6.000000000000000888e-01 5.115768353310448094e-04
6.500000000000000222e-01 7.472579102129873162e-04
7.000000000000000666e-01 1.057788490644779840e-03
7.500000000000000000e-01 1.457050652129946279e-03
8.000000000000000444e-01 1.959438742209620998e-03
8.500000000000000888e-01 2.579540678436011321e-03
9.000000000000000222e-01 3.331790049763026004e-03
9.500000000000000666e-01 4.230098007126369651e-03
1.000000000000000000e+00 5.287474595236534014e-03
1.050000000000000044e+00 6.515649572743606975e-03
1.100000000000000089e+00 7.924702882923609706e-03
1.150000000000000133e+00 9.522714771110857290e-03
1.200000000000000178e+00 1.131544510563169646e-02
1.250000000000000000e+00 1.330605076114329231e-02
1.300000000000000044e+00 1.549484898940043862e-02
1.350000000000000089e+00 1.787913356131234921e-02
1.400000000000000133e+00 2.045304914987347913e-02
1.450000000000000178e+00 2.320752797460933978e-02
1.500000000000000000e+00 2.613029118609051793e-02
1.550000000000000044e+00 2.920591587712613804e-02
1.600000000000000089e+00 3.241596700920940100e-02
1.650000000000000133e+00 3.573919198158801575e-02
1.700000000000000178e+00 3.915177408685258792e-02
1.750000000000000000e+00 4.262763972888662656e-02
1.800000000000000044e+00 4.613881305993259435e-02
1.850000000000000089e+00 4.965581065191834731e-02
1.900000000000000133e+00 5.314806797590074933e-02
1.950000000000000178e+00 5.658438883921568241e-02
2.000000000000000000e+00 5.993340853296270920e-02
2.050000000000000266e+00 6.316406127660718905e-02
2.100000000000000089e+00 6.624604260920298471e-02
2.149999999999999911e+00 6.915025765944390890e-02
2.200000000000000178e+00 7.184924671528275519e-02
2.250000000000000000e+00 7.431758018912495989e-02
2.300000000000000266e+00 7.653221591329964490e-02
2.350000000000000089e+00 7.847281267596002696e-02
2.400000000000000355e+00 8.012199499059891039e-02
2.450000000000000178e+00 8.146556525224953049e-02
2.500000000000000000e+00 8.249266063879648336e-02
2.550000000000000266e+00 8.319585333550702511e-02
2.600000000000000089e+00 8.357119386486501489e-02
2.650000000000000355e+00 8.361819846384138666e-02
2.700000000000000178e+00 8.333978254119202289e-02
2.750000000000000000e+00 8.274214324563093637e-02
2.800000000000000266e+00 8.183459506270723827e-02
2.850000000000000089e+00 8.062936311866956973e-02
2.900000000000000355e+00 7.914133949230887921e-02
2.950000000000000178e+00 7.738780831358799128e-02
3.000000000000000000e+00 7.538814575767602277e-02
3.050000000000000266e+00 7.316350122555140278e-02
3.100000000000000089e+00 7.073646604195438226e-02
3.150000000000000355e+00 6.813073590573810734e-02
3.200000000000000178e+00 6.537077310701150390e-02
3.250000000000000000e+00 6.248147419266472657e-02
3.300000000000000266e+00 5.948784833159006386e-02
3.350000000000000089e+00 5.641471111917430170e-02
3.400000000000000355e+00 5.328639798433078278e-02
3.450000000000000178e+00 5.012650073868163414e-02
3.500000000000000000e+00 4.695763015362887371e-02
3.550000000000000266e+00 4.380120678354024882e-02
3.600000000000000089e+00 4.067728158779457953e-02
3.650000000000000355e+00 3.760438725540225791e-02
3.700000000000000178e+00 3.459942051625746612e-02
3.750000000000000000e+00 3.167755514399962780e-02
3.800000000000000266e+00 2.885218482632403644e-02
3.850000000000000089e+00 2.613489460682471427e-02
3.900000000000000355e+00 2.353545919356327468e-02
3.950000000000000178e+00 2.106186608711852620e-02
4.000000000000000000e+00 1.872036120662047554e-02
4.049999999999999822e+00 1.651551448623871793e-02
4.100000000000000533e+00 1.445030277524771319e-02
4.150000000000000355e+00 1.252620729920961122e-02
4.200000000000000178e+00 1.074332292390378467e-02
4.250000000000000000e+00 9.100476502315619359e-03
4.299999999999999822e+00 7.595351672435729680e-03
4.350000000000000533e+00 6.224617603438591627e-03
4.400000000000000355e+00 4.984059353273051322e-03
4.450000000000000178e+00 3.868707694936700942e-03
4.500000000000000000e+00 2.872966484875290327e-03
4.549999999999999822e+00 1.990735878388242772e-03
4.600000000000000533e+00 1.215529937310947956e-03
4.650000000000000355e+00 5.405874186927824097e-04
4.700000000000000178e+00 -4.102522564224729242e-05
4.750000000000000000e+00 -5.363193746179372020e-04
4.800000000000000711e+00 -9.522988014306948881e-04
4.850000000000000533e+00 -1.295883579445057535e-03
4.900000000000000355e+00 -1.573843443483121220e-03
4.950000000000000178e+00 -1.792740547414633720e-03
5.000000000000000000e+00 -1.958881407443537233e-03
5.050000000000000711e+00 -2.078277690338645959e-03
5.100000000000000533e+00 -2.156615397267443082e-03
5.150000000000000355e+00 -2.199231906556801692e-03
5.200000000000000178e+00 -2.211100271873473518e-03
5.250000000000000000e+00 -2.196820124875939820e-03
5.300000000000000711e+00 -2.160614501920527213e-03
5.350000000000000533e+00 -2.106331901262719318e-03
5.400000000000000355e+00 -2.037452878572415700e-03
5.450000000000000178e+00 -1.957100502574512634e-03
5.500000000000000000e+00 -1.868054017289661308e-03
5.550000000000000711e+00 -1.772765090756458269e-03
5.600000000000000533e+00 -1.673376070395686532e-03
5.650000000000000355e+00 -1.571739710561627281e-03
5.700000000000000178e+00 -1.469439886675271085e-03
5.750000000000000000e+00 -1.367812861164215609e-03
5.800000000000000711e+00 -1.267968717929749680e-03
5.850000000000000533e+00 -1.170812633086485387e-03
5.900000000000000355e+00 -1.077065699320513487e-03
5.950000000000000178e+00 -9.872850686132874330e-04
6.000000000000000000e+00 -9.018832226769931890e-04
6.050000000000000711e+00 -8.211462217993615665e-04
6.100000000000000533e+00 -7.452508206035223437e-04
6.150000000000000355e+00 -6.742803733211747298e-04
6.200000000000000178e+00 -6.082394814956528124e-04
6.250000000000000000e+00 -5.470673636078421170e-04
6.300000000000000711e+00 -4.906499490591994042e-04
6.350000000000000533e+00 -4.388307184154268911e-04
6.400000000000000355e+00 -3.914203280169924366e-04
6.450000000000000178e+00 -3.482050702315942262e-04
6.500000000000000000e+00 -3.089542310065980838e-04
6.550000000000000711e+00 -2.734264142317049885e-04
6.600000000000000533e+00 -2.413749079975801291e-04
6.650000000000000355e+00 -2.125521713808628641e-04
6.700000000000000178e+00 -1.867135221384352980e-04
6.750000000000000000e+00 -1.636201058775193801e-04
6.800000000000000711e+00 -1.430412260958557706e-04
6.850000000000000533e+00 -1.247561121571017309e-04
6.900000000000000355e+00 -1.085551989677597146e-04
6.950000000000000178e+00 -9.424098803025197989e-05
7.000000000000000000e+00 -8.162855482813872598e-05
7.050000000000000711e+00 -7.054576231265783227e-05
7.100000000000000533e+00 -6.083323475244179504e-05
7.150000000000000355e+00 -5.234414052232681265e-05
7.200000000000000178e+00 -4.494382667374922984e-05
7.250000000000000000e+00 -3.850934246987362694e-05
7.300000000000000711e+00 -3.292888359493037796e-05
7.350000000000000533e+00 -2.810118355633565252e-05
7.400000000000000355e+00 -2.393487397441231953e-05
7.450000000000000178e+00 -2.034783106552607920e-05
7.500000000000000000e+00 -1.726652172103505033e-05
7.550000000000000711e+00 -1.462535919939042257e-05
7.600000000000000533e+00 -1.236607559599297815e-05
7.650000000000000355e+00 -1.043711593190031372e-05
7.700000000000000178e+00 -8.793056886122044131e-06
7.750000000000000000e+00 -7.394051851462969578e-06
7.800000000000000711e+00 -6.205303070127464937e-06
7.850000000000000533e+00 -5.196561042446153708e-06
7.900000000000000355e+00 -4.341651132327984339e-06
7.950000000000000178e+00 -3.618027245038171928e-06
8.000000000000000000e+00 -3.006352554961714615e-06
8.050000000000000711e+00 -2.490107444403774671e-06
8.099999999999999645e+00 -2.055225017594330240e-06
8.150000000000000355e+00 -1.689754723525107997e-06
8.200000000000001066e+00 -1.383554715447082970e-06
8.250000000000000000e+00 -1.128013564881787885e-06
8.300000000000000711e+00 -9.158018177297107397e-07
8.349999999999999645e+00 -7.406536269411351074e-07
8.400000000000000355e+00 -5.971783297901554570e-07
8.450000000000001066e+00 -4.807013784997238482e-07
8.500000000000000000e+00 -3.871335090662785512e-07
8.550000000000000711e+00 -3.128664801267454687e-07
8.599999999999999645e+00 -2.546931688020821961e-07
8.650000000000000355e+00 -2.097493121628078864e-07
8.700000000000001066e+00 -1.754737669907932303e-07
8.750000000000000000e+00 -1.495838569465664704e-07
8.800000000000000711e+00 -1.300622088079559065e-07
8.849999999999999645e+00 -1.151514626022510580e-07
8.900000000000000355e+00 -1.033533787869830962e-07
8.950000000000001066e+00 -9.342915439358803201e-08
9.000000000000000000e+00 -8.439818446115704767e-08
9.050000000000000711e+00 -7.553304121646719269e-08
9.099999999999999645e+00 -6.634906229482753284e-08
9.150000000000000355e+00 -5.658760409220248409e-08
9.200000000000001066e+00 -4.619269009961629830e-08
9.250000000000000000e+00 -3.528142814882222723e-08
9.300000000000000711e+00 -2.410914860204997730e-08
9.349999999999999645e+00 -1.303069644808261622e-08
9.400000000000000355e+00 -2.459668100963943616e-09
9.450000000000001066e+00 7.172398875483342124e-09
9.500000000000000000e+00 1.545480578794585698e-08
9.550000000000000711e+00 2.203244546694523713e-08
9.600000000000001421e+00 2.663474807926587824e-08
9.650000000000000355e+00 2.909737960040742714e-08
9.700000000000001066e+00 2.937568613421060724e-08
9.750000000000000000e+00 2.754937596130717578e-08
9.800000000000000711e+00 2.381846044975454636e-08
9.850000000000001421e+00 1.849099986191560693e-08
9.900000000000000355e+00 1.196368651433646586e-08
9.950000000000001066e+00 4.696714598982786869e-09
1.000000000000000000e+01 -2.815292844336096426e-09
1.005000000000000071e+01 -1.007432235296037098e-08
1.010000000000000142e+01 -1.660991674092569991e-08
1.015000000000000036e+01 -2.200802238142999191e-08
1.020000000000000107e+01 -2.593590409396374441e-08
1.025000000000000000e+01 -2.816158149774593771e-08
1.030000000000000071e+01 -2.856661919721687607e-08
1.035000000000000142e+01 -2.715154939436283278e-08
1.040000000000000036e+01 -2.403368856852374482e-08
1.045000000000000107e+01 -1.943760018119946187e-08
1.050000000000000000e+01 -1.367892063546956664e-08
1.055000000000000071e+01 -7.142677651192235750e-09
1.060000000000000142e+01 -2.575634645840774746e-10
1.065000000000000036e+01 6.532140241105901995e-09
1.070000000000000107e+01 1.279516582673316351e-08
1.075000000000000000e+01 1.814056665554373315e-08
1.080000000000000071e+01 2.224201365999855240e-08
1.085000000000000142e+01 2.485758566133125050e-08
1.090000000000000036e+01 2.584386763478889102e-08
1.095000000000000107e+01 2.516355113049925467e-08
1.100000000000000000e+01 2.288615679255863121e-08
1.105000000000000071e+01 1.918194173130974795e-08
1.110000000000000142e+01 1.430948671298290469e-08
1.115000000000000036e+01 8.597851803232235742e-09
1.120000000000000107e+01 2.424520653117424959e-09
1.125000000000000000e+01 -3.809397795104726750e-09
1.130000000000000071e+01 -9.705090037655030445e-09
1.135000000000000142e+01 -1.489141445484920711e-08
1.140000000000000036e+01 -1.904812730176261149e-08
1.145000000000000107e+01 -2.192551332318183523e-08
1.150000000000000000e+01 -2.335922680959076258e-08
1.155000000000000071e+01 -2.327947170497453452e-08
1.160000000000000142e+01 -2.171402238554281083e-08
1.165000000000000036e+01 -1.878498613466075992e-08
1.170000000000000107e+01 -1.469960745647670910e-08
1.175000000000000000e+01 -9.735788974078959644e-09
1.180000000000000071e+01 -4.223329199171652946e-09
1.185000000000000142e+01 1.477864940624068673e-09
1.190000000000000036e+01 7.001159501770272071e-09
1.195000000000000107e+01 1.199665736066377154e-08
1.200000000000000000e+01 1.615325019341422235e-08
1.205000000000000071e+01 1.921787617277511105e-08
1.210000000000000142e+01 2.101079892688877877e-08
1.215000000000000036e+01 2.143599383114980093e-08
1.220000000000000107e+01 2.048605205755755865e-08
1.225000000000000000e+01 1.824137011801664047e-08
1.230000000000000071e+01 1.486375939599264678e-08
1.235000000000000142e+01 1.058496308068363033e-08
1.240000000000000036e+01 5.690884627528818853e-09
1.245000000000000107e+01 5.025932192930998146e-10
1.250000000000000000e+01 -4.644638941276418715e-09
1.255000000000000071e+01 -9.422905163236224651e-09
1.260000000000000142e+01 -1.353245739551119876e-08
1.265000000000000036e+01 -1.672041169477021415e-08
1.270000000000000107e+01 -1.879620498351339127e-08
1.275000000000000000e+01 -1.964286538775279632e-08
1.280000000000000071e+01 -1.922343759159913717e-08
1.285000000000000142e+01 -1.758222236115844026e-08
1.290000000000000036e+01 -1.484082371734335071e-08
1.295000000000000107e+01 -1.118932781472657975e-08
1.300000000000000000e+01 -6.873242512530899654e-09
1.305000000000000071e+01 -2.177087680813890282e-09
1.310000000000000142e+01 2.594273142329907125e-09
1.315000000000000036e+01 7.135340392866985847e-09
1.320000000000000107e+01 1.115945687372600505e-08
1.325000000000000000e+01 1.441682023654589982e-08
1.330000000000000071e+01 1.670990305828104253e-08
1.335000000000000142e+01 1.790533439593555334e-08
1.340000000000000036e+01 1.794153448063002571e-08
1.345000000000000107e+01 1.683167402801910882e-08
1.350000000000000000e+01 1.466183290576680763e-08
1.355000000000000071e+01 1.158453981509939598e-08
1.360000000000000142e+01 7.808166145396588048e-09
1.365000000000000036e+01 3.582904427916851703e-09
1.370000000000000107e+01 -8.157305059411756242e-10
1.375000000000000000e+01 -5.104794705694088781e-09
1.380000000000000071e+01 -9.012045122120680048e-09
1.385000000000000142e+01 -1.229314928097777007e-08
1.390000000000000036e+01 -1.474689142463328785e-08
1.395000000000000107e+01 -1.622743331387845730e-08
1.400000000000000000e+01 -1.665288791043403239e-08
1.405000000000000071e+01 -1.600970831187059145e-08
1.410000000000000142e+01 -1.435266687148125853e-08
1.415000000000000036e+01 -1.180048327018359156e-08
1.420000000000000107e+01 -8.527435932472022992e-09
1.425000000000000000e+01 -4.751542657579168022e-09
1.430000000000000071e+01 -7.201069647770481818e-10
1.435000000000000142e+01 3.306415983955431406e-09
1.440000000000000036e+01 7.071185451325203372e-09
1.445000000000000107e+01 1.033729772370840500e-08
1.450000000000000000e+01 1.290263188230641306e-08
1.455000000000000071e+01 1.461229248945859161e-08
1.460000000000000142e+01 1.536788736880740908e-08
1.465000000000000036e+01 1.513308990826670188e-08
1.470000000000000107e+01 1.393517836953979789e-08
1.475000000000000000e+01 1.186250473688306139e-08
1.480000000000000071e+01 9.058105099266371395e-09
1.485000000000000142e+01 5.709906284823909458e-09
1.490000000000000036e+01 2.038194728138751131e-09
1.495000000000000107e+01 -1.718821033333855613e-09
