0.000000000000000000e+00 0.000000000000000000e+00
5.000000000000000278e-02 -8.666395911586406637e-09
1.000000000000000056e-01 -6.943104197172261400e-08
1.500000000000000222e-01 -2.348477669712755658e-07
2.000000000000000111e-01 -5.587640639551523918e-07
2.500000000000000000e-01 -1.095938528455426917e-06
3.000000000000000444e-01 -1.902949833696606943e-06
3.500000000000000333e-01 -3.038463928069785582e-06
4.000000000000000222e-01 -4.563094398794521767e-06
4.500000000000000111e-01 -6.539460200123559520e-06
5.000000000000000000e-01 -9.031993045299040914e-06
5.500000000000000444e-01 -1.210659098737245042e-05
6.000000000000000888e-01 -1.583011040275624171e-05
6.500000000000000222e-01 -2.026969908956165618e-05
7.000000000000000666e-01 -2.549197837029119567e-05
7.500000000000000000e-01 -3.156208716326167546e-05
8.000000000000000444e-01 -3.854260581786811846e-05
8.500000000000000888e-01 -4.649244434970006216e-05
9.000000000000000222e-01 -5.546535120100372227e-05
9.500000000000000666e-01 -6.550898552828301569e-05
1.000000000000000000e+00 -7.666338354280306181e-05
1.050000000000000044e+00 -8.895974075065237244e-05
1.100000000000000089e+00 -1.024191948946613054e-04
1.150000000000000133e+00 -1.170516274114828897e-04
1.200000000000000178e+00 -1.328549626101751223e-04
1.250000000000000000e+00 -1.498138786887918906e-04
1.300000000000000044e+00 -1.678993796834342422e-04
1.350000000000000089e+00 -1.870686291588814657e-04
1.400000000000000133e+00 -2.072640471790064423e-04
1.450000000000000178e+00 -2.284140038397882138e-04
1.500000000000000000e+00 -2.504328030199761746e-04
1.550000000000000044e+00 -2.732212717405233448e-04
1.600000000000000089e+00 -2.966675662686744453e-04
1.650000000000000133e+00 -3.206482187945691427e-04
1.700000000000000178e+00 -3.450294148860003985e-04
1.750000000000000000e+00 -3.696684806629219793e-04
1.800000000000000044e+00 -3.944155533893306813e-04
1.850000000000000089e+00 -4.191154045899129110e-04
1.900000000000000133e+00 -4.436093809943521976e-04
1.950000000000000178e+00 -4.677374614683165463e-04
2.000000000000000000e+00 -4.913400143168803044e-04
2.050000000000000266e+00 -5.142608455456600721e-04
2.100000000000000089e+00 -5.363476061168434084e-04
2.149999999999999911e+00 -5.574551705814918519e-04
2.200000000000000178e+00 -5.774467993056028392e-04
2.250000000000000000e+00 -5.961959405593617251e-04
2.300000000000000266e+00 -6.135877267336607363e-04
2.350000000000000089e+00 -6.295202649329325294e-04
2.400000000000000355e+00 -6.439057016053845303e-04
2.450000000000000178e+00 -6.566710463765343961e-04
2.500000000000000000e+00 -6.677587459784376173e-04
2.550000000000000266e+00 -6.771269335614968875e-04
2.600000000000000089e+00 -6.847499152300686115e-04
2.650000000000000355e+00 -6.906169777656180533e-04
2.700000000000000178e+00 -6.947333271885277944e-04
2.750000000000000000e+00 -6.971184559852107877e-04
2.800000000000000266e+00 -6.978057652958438587e-04
2.850000000000000089e+00 -6.968414975203560948e-04
2.900000000000000355e+00 -6.942836237483906861e-04
2.950000000000000178e+00 -6.902006116282860754e-04
3.000000000000000000e+00 -6.846701085973605581e-04
3.050000000000000266e+00 -6.777775693114230495e-04
3.100000000000000089e+00 -6.696149189590330179e-04
3.150000000000000355e+00 -6.602789590505255555e-04
3.200000000000000178e+00 -6.498699293424728450e-04
3.250000000000000000e+00 -6.384909081742375482e-04
3.300000000000000266e+00 -6.262460295341840252e-04
3.350000000000000089e+00 -6.132385638064452148e-04
3.400000000000000355e+00 -5.995709465272992551e-04
3.450000000000000178e+00 -5.853434934793462496e-04
3.500000000000000000e+00 -5.706533575787062955e-04
3.550000000000000266e+00 -5.555938661499495654e-04
3.600000000000000089e+00 -5.402538927630929234e-04
3.650000000000000355e+00 -5.247173469199132179e-04
3.700000000000000178e+00 -5.090627239410186900e-04
3.750000000000000000e+00 -4.933630231003498928e-04
3.800000000000000266e+00 -4.776853772047206289e-04
3.850000000000000089e+00 -4.620908074309431940e-04
3.900000000000000355e+00 -4.466344337108510941e-04
3.950000000000000178e+00 -4.313656830435250752e-04
4.000000000000000000e+00 -4.163282820159742558e-04
4.049999999999999822e+00 -4.015602366998210094e-04
4.100000000000000533e+00 -3.870943156134364722e-04
4.150000000000000355e+00 -3.729582490197425461e-04
4.200000000000000178e+00 -3.591750273495579373e-04
4.250000000000000000e+00 -3.457632197271923494e-04
4.299999999999999822e+00 -3.327377997645446792e-04
4.350000000000000533e+00 -3.201080676397994608e-04
4.400000000000000355e+00 -3.078826258767070057e-04
4.450000000000000178e+00 -2.960650806931334144e-04
4.500000000000000000e+00 -2.846580092679346433e-04
4.549999999999999822e+00 -2.736591216068136388e-04
4.600000000000000533e+00 -2.630660374865690840e-04
4.650000000000000355e+00 -2.528735803548966569e-04
4.700000000000000178e+00 -2.430753285345335754e-04
4.750000000000000000e+00 -2.336634497716553061e-04
4.800000000000000711e+00 -2.246290128102126687e-04
4.850000000000000533e+00 -2.159621361936976940e-04
4.900000000000000355e+00 -2.076524888742215240e-04
4.950000000000000178e+00 -1.996887779887887376e-04
5.000000000000000000e+00 -1.920598207712163311e-04
5.050000000000000711e+00 -1.847540888232061145e-04
5.100000000000000533e+00 -1.777587979780171886e-04
5.150000000000000355e+00 -1.710632954140649535e-04
5.200000000000000178e+00 -1.646552031030197691e-04
5.250000000000000000e+00 -1.585231020881358100e-04
5.300000000000000711e+00 -1.526554597744714736e-04
5.350000000000000533e+00 -1.470410495391398162e-04
5.400000000000000355e+00 -1.416689845835900183e-04
5.450000000000000178e+00 -1.365284513167227003e-04
5.500000000000000000e+00 -1.316092543787768113e-04
5.550000000000000711e+00 -1.269012509734496338e-04
5.600000000000000533e+00 -1.223948574771452585e-04
5.650000000000000355e+00 -1.180808267286662463e-04
5.700000000000000178e+00 -1.139500871154190096e-04
5.750000000000000000e+00 -1.099945858412793416e-04
5.800000000000000711e+00 -1.062053528185196973e-04
5.850000000000000533e+00 -1.025750184386734799e-04
5.900000000000000355e+00 -9.909583078214134950e-05
5.950000000000000178e+00 -9.576062340815656335e-05
