0.000000000000000000e+00 0.000000000000000000e+00
5.000000000000000278e-02 -3.081346608320977167e-05
1.000000000000000056e-01 -6.162274799203118860e-05
1.500000000000000222e-01 -9.242309787805740387e-05
2.000000000000000111e-01 -1.232086510835897150e-04
2.500000000000000000e-01 -1.539718938953460155e-04
3.000000000000000444e-01 -1.847031621639930459e-04
3.500000000000000333e-01 -2.153901802152458122e-04
4.000000000000000222e-01 -2.460176487600426623e-04
4.500000000000000111e-01 -2.765668896396718886e-04
5.000000000000000000e-01 -3.070155542333045419e-04
5.500000000000000444e-01 -3.373374012293331231e-04
6.000000000000000888e-01 -3.675021482394477549e-04
6.500000000000000222e-01 -3.974754004384901994e-04
7.000000000000000666e-01 -4.272186580678888519e-04
7.500000000000000000e-01 -4.566894032708181919e-04
8.000000000000000444e-01 -4.858412653581678791e-04
8.500000000000000888e-01 -5.146242622607867480e-04
9.000000000000000222e-01 -5.429851146293153234e-04
9.500000000000000666e-01 -5.708676278210799218e-04
1.000000000000000000e+00 -5.982131358851974084e-04
1.050000000000000044e+00 -6.249610006414369314e-04
1.100000000000000089e+00 -6.510491580623360133e-04
1.150000000000000133e+00 -6.764147034258210286e-04
1.200000000000000178e+00 -7.009945061184848268e-04
1.250000000000000000e+00 -7.247258445461245060e-04
1.300000000000000044e+00 -7.475470513533395396e-04
1.350000000000000089e+00 -7.693981590700554353e-04
1.400000000000000133e+00 -7.902215363886547607e-04
1.450000000000000178e+00 -8.099625055268751435e-04
1.500000000000000000e+00 -8.285699315416214300e-04
1.550000000000000044e+00 -8.459967750174989714e-04
1.600000000000000089e+00 -8.622006002488154198e-04
1.650000000000000133e+00 -8.771440318502756210e-04
1.700000000000000178e+00 -8.907951536529999355e-04
1.750000000000000000e+00 -9.031278447505055370e-04
1.800000000000000044e+00 -9.141220486343350172e-04
1.850000000000000089e+00 -9.237639724806383061e-04
1.900000000000000133e+00 -9.320462147962204832e-04
1.950000000000000178e+00 -9.389678207843597194e-04
2.000000000000000000e+00 -9.445342659262417678e-04
2.050000000000000266e+00 -9.487573693731482212e-04
2.100000000000000089e+00 -9.516551397885457918e-04
2.149999999999999911e+00 -9.532515572504132511e-04
2.200000000000000178e+00 -9.535762957066958164e-04
2.250000000000000000e+00 -9.526643912568828884e-04
2.300000000000000266e+00 -9.505558621989826287e-04
2.350000000000000089e+00 -9.472952873244939662e-04
2.400000000000000355e+00 -9.429313493581046625e-04
2.450000000000000178e+00 -9.375163507200700653e-04
2.500000000000000000e+00 -9.311057089367084883e-04
2.550000000000000266e+00 -9.237574390399793788e-04
2.600000000000000089e+00 -9.155316301851937691e-04
2.650000000000000355e+00 -9.064899234834554106e-04
2.700000000000000178e+00 -8.966949977016547627e-04
2.750000000000000000e+00 -8.862100690389653141e-04
2.800000000000000266e+00 -8.750984106576998375e-04
2.850000000000000089e+00 -8.634228970424329304e-04
2.900000000000000355e+00 -8.512455775996480550e-04
2.950000000000000178e+00 -8.386272832068249541e-04
3.000000000000000000e+00 -8.256272686908751064e-04
3.050000000000000266e+00 -8.123028934771045744e-04
3.100000000000000089e+00 -7.987093419168123402e-04
3.150000000000000355e+00 -7.848993840887031519e-04
3.200000000000000178e+00 -7.709231771897568633e-04
3.250000000000000000e+00 -7.568281069968041831e-04
3.300000000000000266e+00 -7.426586683009078760e-04
3.350000000000000089e+00 -7.284563827008753772e-04
3.400000000000000355e+00 -7.142597516960250527e-04
3.450000000000000178e+00 -7.001042426458815816e-04
3.500000000000000000e+00 -6.860223048678524248e-04
3.550000000000000266e+00 -6.720434129233412339e-04
3.600000000000000089e+00 -6.581941339965216358e-04
3.650000000000000355e+00 -6.444982161947670259e-04
3.700000000000000178e+00 -6.309766945907619665e-04
3.750000000000000000e+00 -6.176480118775324246e-04
3.800000000000000266e+00 -6.045281506121652189e-04
3.850000000000000089e+00 -5.916307741740616617e-04
3.900000000000000355e+00 -5.789673737512199703e-04
3.950000000000000178e+00 -5.665474188849923751e-04
4.000000000000000000e+00 -5.543785093418935423e-04
4.049999999999999822e+00 -5.424665263325992694e-04
4.100000000000000533e+00 -5.308157813559096806e-04
4.150000000000000355e+00 -5.194291612026493907e-04
4.200000000000000178e+00 -5.083082679053865273e-04
4.250000000000000000e+00 -4.974535526596019159e-04
4.299999999999999822e+00 -4.868644429665460859e-04
4.350000000000000533e+00 -4.765394624544688697e-04
4.400000000000000355e+00 -4.664763430211104961e-04
4.450000000000000178e+00 -4.566721291050072104e-04
4.500000000000000000e+00 -4.471232740359296445e-04
4.549999999999999822e+00 -4.378257285357701535e-04
4.600000000000000533e+00 -4.287750215413356101e-04
4.650000000000000355e+00 -4.199663336009957018e-04
4.700000000000000178e+00 -4.113945631596235201e-04
4.750000000000000000e+00 -4.030543860926128711e-04
4.800000000000000711e+00 -3.949403088818708558e-04
4.850000000000000533e+00 -3.870467158466451381e-04
4.900000000000000355e+00 -3.793679108516931982e-04
4.950000000000000178e+00 -3.718981539165607127e-04
5.000000000000000000e+00 -3.646316931441957124e-04
5.050000000000000711e+00 -3.575627923762874304e-04
5.100000000000000533e+00 -3.506857549678685433e-04
5.150000000000000355e+00 -3.439949440558656268e-04
5.200000000000000178e+00 -3.374847996763514872e-04
5.250000000000000000e+00 -3.311498530638823747e-04
5.300000000000000711e+00 -3.249847384440595396e-04
5.350000000000000533e+00 -3.189842026077508558e-04
5.400000000000000355e+00 -3.131431125325649114e-04
5.450000000000000178e+00 -3.074564612944344051e-04
5.500000000000000000e+00 -3.019193724897892782e-04
5.550000000000000711e+00 -2.965271033669298587e-04
5.600000000000000533e+00 -2.912750468440737238e-04
5.650000000000000355e+00 -2.861587325713079301e-04
5.700000000000000178e+00 -2.811738271745092398e-04
5.750000000000000000e+00 -2.763161338014141506e-04
5.800000000000000711e+00 -2.715815910735506870e-04
5.850000000000000533e+00 -2.669662715328807528e-04
5.900000000000000355e+00 -2.624663796588429287e-04
5.950000000000000178e+00 -2.580782495201334147e-04
6.000000000000000000e+00 -2.537983421160188487e-04
6.050000000000000711e+00 -2.496232424542638921e-04
6.100000000000000533e+00 -2.455496564067473331e-04
6.150000000000000355e+00 -2.415744073794243716e-04
6.200000000000000178e+00 -2.376944328302653267e-04
6.250000000000000000e+00 -2.339067806669103543e-04
6.300000000000000711e+00 -2.302086055547643750e-04
6.350000000000000533e+00 -2.265971651658117854e-04
6.400000000000000355e+00 -2.230698163982593543e-04
6.450000000000000178e+00 -2.196240115969278145e-04
