0.000000000000000000e+00 2.827430018712863424e-06
5.000000000000000278e-02 4.119969952898081556e-08
1.000000000000000056e-01 3.264834960649941866e-07
1.500000000000000222e-01 1.175061729229271027e-06
2.000000000000000111e-01 2.803451287662850646e-06
2.500000000000000000e-01 5.456109821286658075e-06
3.000000000000000444e-01 9.334667412352064709e-06
3.500000000000000333e-01 1.461332443779534863e-05
4.000000000000000222e-01 2.142758750134572912e-05
4.500000000000000111e-01 2.987149996689283994e-05
5.000000000000000000e-01 3.999319521482099432e-05
5.500000000000000444e-01 5.179250696537469076e-05
6.000000000000000888e-01 6.521887964990651597e-05
6.500000000000000222e-01 8.017104944466587940e-05
7.000000000000000666e-01 9.649635341989241065e-05
7.500000000000000000e-01 1.139936210936080265e-04
8.000000000000000444e-01 1.324156754449501460e-04
8.500000000000000888e-01 1.514747075491270018e-04
9.000000000000000222e-01 1.708407627325876036e-04
9.500000000000000666e-01 1.901595852894578161e-04
1.000000000000000000e+00 2.090502486287552919e-04
1.050000000000000044e+00 2.271194314699128227e-04
1.100000000000000089e+00 2.439698655014248100e-04
1.150000000000000133e+00 2.591985877878036533e-04
1.200000000000000178e+00 2.724325013313088468e-04
1.250000000000000000e+00 2.833036522891118790e-04
1.300000000000000044e+00 2.914900736154692868e-04
1.350000000000000089e+00 2.967085514907667016e-04
1.400000000000000133e+00 2.987168430028527767e-04
1.450000000000000178e+00 2.973456363194459397e-04
1.500000000000000000e+00 2.924706247827023775e-04
1.550000000000000044e+00 2.840441075788489931e-04
1.600000000000000089e+00 2.720904409097735406e-04
1.650000000000000133e+00 2.566901995040367281e-04
1.700000000000000178e+00 2.380061563543258330e-04
1.750000000000000000e+00 2.162600581244957692e-04
1.800000000000000044e+00 1.917273045431254887e-04
1.850000000000000089e+00 1.647604407426744410e-04
1.900000000000000133e+00 1.357548219225422083e-04
1.950000000000000178e+00 1.051187872221549005e-04
2.000000000000000000e+00 7.331994753449640179e-05
2.050000000000000266e+00 4.084925481919943397e-05
2.100000000000000089e+00 8.163051746503925216e-06
2.149999999999999911e+00 -2.423596953056888334e-05
2.200000000000000178e+00 -5.587183295278575965e-05
2.250000000000000000e+00 -8.631703462416945132e-05
2.300000000000000266e+00 -1.151307634617802089e-04
2.350000000000000089e+00 -1.419432336676963095e-04
2.400000000000000355e+00 -1.664340592270919801e-04
2.450000000000000178e+00 -1.883072259767921541e-04
2.500000000000000000e+00 -2.073497883858402909e-04
2.550000000000000266e+00 -2.233903174928529047e-04
2.600000000000000089e+00 -2.363307183984218957e-04
2.650000000000000355e+00 -2.461115998490677990e-04
2.700000000000000178e+00 -2.527521046106357143e-04
2.750000000000000000e+00 -2.563137759524748379e-04
2.800000000000000266e+00 -2.568959028822514253e-04
2.850000000000000089e+00 -2.546678658572169591e-04
2.900000000000000355e+00 -2.498214128332046390e-04
2.950000000000000178e+00 -2.425661806950683863e-04
3.000000000000000000e+00 -2.331663281626088864e-04
3.050000000000000266e+00 -2.218806951254122923e-04
3.100000000000000089e+00 -2.089838725678334051e-04
3.150000000000000355e+00 -1.947637028183468743e-04
3.200000000000000178e+00 -1.795066770328905374e-04
3.250000000000000000e+00 -1.634717320224374248e-04
3.300000000000000266e+00 -1.469321093971053156e-04
3.350000000000000089e+00 -1.301427593906047625e-04
3.400000000000000355e+00 -1.133274533668011941e-04
3.450000000000000178e+00 -9.670255285549530795e-05
3.500000000000000000e+00 -8.045286864432043541e-05
3.550000000000000266e+00 -6.474865867562558202e-05
3.600000000000000089e+00 -4.972785514767673738e-05
3.650000000000000355e+00 -3.551509089817812560e-05
3.700000000000000178e+00 -2.220283798225854683e-05
3.750000000000000000e+00 -9.863800523606937012e-06
3.800000000000000266e+00 1.447527765332923267e-06
3.850000000000000089e+00 1.169457085184589289e-05
3.900000000000000355e+00 2.086680480192105918e-05
3.950000000000000178e+00 2.895918099781423166e-05
4.000000000000000000e+00 3.598507819307060485e-05
4.049999999999999822e+00 4.198051224009498051e-05
4.100000000000000533e+00 4.696922164593197898e-05
4.150000000000000355e+00 5.100529871893174895e-05
4.200000000000000178e+00 5.414678646586193738e-05
4.250000000000000000e+00 5.644373313881991119e-05
4.299999999999999822e+00 5.796568020599074709e-05
4.350000000000000533e+00 5.878631378692541457e-05
4.400000000000000355e+00 5.896486866263556294e-05
4.450000000000000178e+00 5.857893781829302826e-05
4.500000000000000000e+00 5.769650788201193659e-05
4.549999999999999822e+00 5.638570638139446127e-05
4.600000000000000533e+00 5.471585069018771304e-05
4.650000000000000355e+00 5.274967309971328804e-05
4.700000000000000178e+00 5.054651699578339660e-05
4.750000000000000000e+00 4.816464500860151053e-05
4.800000000000000711e+00 4.565459890038072496e-05
4.850000000000000533e+00 4.306204647836645250e-05
4.900000000000000355e+00 4.043025605500046943e-05
4.950000000000000178e+00 3.779431553902611203e-05
5.000000000000000000e+00 3.518534286194378147e-05
5.050000000000000711e+00 3.262879009063735788e-05
5.100000000000000533e+00 3.014638331316174839e-05
5.150000000000000355e+00 2.775437182981376399e-05
5.200000000000000178e+00 2.546453488992428629e-05
5.250000000000000000e+00 2.328645118568963305e-05
5.300000000000000711e+00 2.122521241153228641e-05
5.350000000000000533e+00 1.928358843992004931e-05
5.400000000000000355e+00 1.746265916667451775e-05
5.450000000000000178e+00 1.576125138908789823e-05
5.500000000000000000e+00 1.417702612441384872e-05
5.550000000000000711e+00 1.270721044860457809e-05
5.600000000000000533e+00 1.134770424399179007e-05
5.650000000000000355e+00 1.009481750767830608e-05
5.700000000000000178e+00 8.944340514013857742e-06
5.750000000000000000e+00 7.892098848597520181e-06
5.800000000000000711e+00 6.934114061023851070e-06
5.850000000000000533e+00 6.066298051014730401e-06
5.900000000000000355e+00 5.284601256491355008e-06
5.950000000000000178e+00 4.585033238986383224e-06
6.000000000000000000e+00 3.963374214276980502e-06
6.050000000000000711e+00 3.415268634775656105e-06
6.100000000000000533e+00 2.936162470495865331e-06
6.150000000000000355e+00 2.521095236972247253e-06
6.200000000000000178e+00 2.164934079644104894e-06
6.250000000000000000e+00 1.862194260694679747e-06
6.300000000000000711e+00 1.607149006338484671e-06
6.350000000000000533e+00 1.393976494704535516e-06
6.400000000000000355e+00 1.216760716779803255e-06
6.450000000000000178e+00 1.069670776524735195e-06
6.500000000000000000e+00 9.471440678874766320e-07
6.550000000000000711e+00 8.438925441892971847e-07
6.600000000000000533e+00 7.551879255971575048e-07
6.650000000000000355e+00 6.768756420952271272e-07
6.700000000000000178e+00 6.054664461350781506e-07
6.750000000000000000e+00 5.382526306608700379e-07
6.800000000000000711e+00 4.732791664956364643e-07
6.850000000000000533e+00 4.093368085502279435e-07
6.900000000000000355e+00 3.459240916289322671e-07
6.950000000000000178e+00 2.831572254941991442e-07
7.000000000000000000e+00 2.216487910961037606e-07
7.050000000000000711e+00 1.624020021558831869e-07
7.100000000000000533e+00 1.066191884563971317e-07
7.150000000000000355e+00 5.561843745877707794e-08
7.200000000000000178e+00 1.065579911795666346e-08
7.250000000000000000e+00 -2.722365309110685853e-08
7.300000000000000711e+00 -5.724185170337105020e-08
7.350000000000000533e+00 -7.898274837031078625e-08
7.400000000000000355e+00 -9.244324898786066059e-08
7.450000000000000178e+00 -9.804927157000695436e-08
7.500000000000000000e+00 -9.661016901541030248e-08
7.550000000000000711e+00 -8.929885358084550539e-08
7.600000000000000533e+00 -7.754802999839606728e-08
7.650000000000000355e+00 -6.297600527731043343e-08
