0.000000000000000000e+00 0.000000000000000000e+00
5.000000000000000278e-02 -1.575739079829974075e-09
1.000000000000000056e-01 -1.259498432389011553e-08
1.500000000000000222e-01 -4.244657487531373562e-08
2.000000000000000111e-01 -1.004099011642766092e-07
2.500000000000000000e-01 -1.955999120852126291e-07
3.000000000000000444e-01 -3.369118502828604106e-07
3.500000000000000333e-01 -5.329657065590551141e-07
4.000000000000000222e-01 -7.920504501938502063e-07
4.500000000000000111e-01 -1.122068169130289619e-06
5.000000000000000000e-01 -1.530478339387009023e-06
5.500000000000000444e-01 -2.024242533252482790e-06
6.000000000000000888e-01 -2.609769967048699724e-06
6.500000000000000222e-01 -3.292864377685668627e-06
7.000000000000000666e-01 -4.078672799038499893e-06
7.500000000000000000e-01 -4.971636880700286950e-06
8.000000000000000444e-01 -5.975447449517919208e-06
8.500000000000000888e-01 -7.093003055532972047e-06
9.000000000000000222e-01 -8.326373266067776851e-06
9.500000000000000666e-01 -9.676767472861004751e-06
1.000000000000000000e+00 -1.114450995618018243e-05
1.050000000000000044e+00 -1.272902190624777245e-05
1.100000000000000089e+00 -1.442881103637376138e-05
1.150000000000000133e+00 -1.624146933488420519e-05
1.200000000000000178e+00 -1.816367939596476815e-05
1.250000000000000000e+00 -2.019122964524577230e-05
1.300000000000000044e+00 -2.231903863725963547e-05
1.350000000000000089e+00 -2.454118845220708411e-05
1.400000000000000133e+00 -2.685096706255588425e-05
1.450000000000000178e+00 -2.924091937990148525e-05
1.500000000000000000e+00 -3.170290653341381544e-05
1.550000000000000044e+00 -3.422817277724393296e-05
1.600000000000000089e+00 -3.680741927951484304e-05
1.650000000000000133e+00 -3.943088391376065347e-05
1.700000000000000178e+00 -4.208842605833600564e-05
1.750000000000000000e+00 -4.476961531335979831e-05
1.800000000000000044e+00 -4.746382297059605835e-05
1.850000000000000089e+00 -5.016031502111629678e-05
1.900000000000000133e+00 -5.284834545977807262e-05
1.950000000000000178e+00 -5.551724864495472726e-05
2.000000000000000000e+00 -5.815652949634653884e-05
2.050000000000000266e+00 -6.075595036221397070e-05
2.100000000000000089e+00 -6.330561345849203075e-05
2.149999999999999911e+00 -6.579603787390974257e-05
2.200000000000000178e+00 -6.821823024488778814e-05
2.250000000000000000e+00 -7.056374832866498014e-05
2.300000000000000266e+00 -7.282475683954195802e-05
2.350000000000000089e+00 -7.499407505785932215e-05
2.400000000000000355e+00 -7.706521587078548892e-05
2.450000000000000178e+00 -7.903241605461454604e-05
2.500000000000000000e+00 -8.089065775662170445e-05
2.550000000000000266e+00 -8.263568127734642415e-05
2.600000000000000089e+00 -8.426398938850950470e-05
2.650000000000000355e+00 -8.577284354501711313e-05
2.700000000000000178e+00 -8.716025245947120112e-05
2.750000000000000000e+00 -8.842495360255612418e-05
2.800000000000000266e+00 -8.956638827134423726e-05
2.850000000000000089e+00 -9.058467092919902409e-05
2.900000000000000355e+00 -9.148055356525603733e-05
2.950000000000000178e+00 -9.225538584861446957e-05
3.000000000000000000e+00 -9.291107186297102366e-05
3.050000000000000266e+00 -9.345002420245870315e-05
3.100000000000000089e+00 -9.387511619022803036e-05
3.150000000000000355e+00 -9.418963294940140322e-05
3.200000000000000178e+00 -9.439722201322269077e-05
3.250000000000000000e+00 -9.450184410942283060e-05
3.300000000000000266e+00 -9.450772469500674420e-05
3.350000000000000089e+00 -9.441930675381983321e-05
3.400000000000000355e+00 -9.424120530229593707e-05
3.450000000000000178e+00 -9.397816398054546490e-05
3.500000000000000000e+00 -9.363501403807482771e-05
3.550000000000000266e+00 -9.321663595741372084e-05
3.600000000000000089e+00 -9.272792389603580216e-05
3.650000000000000355e+00 -9.217375306821337904e-05
3.700000000000000178e+00 -9.155895013465714270e-05
3.750000000000000000e+00 -9.088826661950585265e-05
3.800000000000000266e+00 -9.016635533179194809e-05
3.850000000000000089e+00 -8.939774973203575665e-05
3.900000000000000355e+00 -8.858684615405494004e-05
3.950000000000000178e+00 -8.773788876719203450e-05
4.000000000000000000e+00 -8.685495714461164817e-05
4.049999999999999822e+00 -8.594195628864368622e-05
4.100000000000000533e+00 -8.500260895383315656e-05
4.150000000000000355e+00 -8.404045010183739501e-05
4.200000000000000178e+00 -8.305882331902065619e-05
4.250000000000000000e+00 -8.206087902697456536e-05
4.299999999999999822e+00 -8.104957431771826336e-05
4.350000000000000533e+00 -8.002767424852997170e-05
4.400000000000000355e+00 -7.899775443582108267e-05
4.450000000000000178e+00 -7.796220479283470523e-05
4.500000000000000000e+00 -7.692323426196718747e-05
4.549999999999999822e+00 -7.588287639895670506e-05
4.600000000000000533e+00 -7.484299567292362529e-05
4.650000000000000355e+00 -7.380529435319123778e-05
4.700000000000000178e+00 -7.277131986092458336e-05
4.750000000000000000e+00 -7.174247247088932184e-05
4.800000000000000711e+00 -7.072001325607213027e-05
4.850000000000000533e+00 -6.970507217554354766e-05
4.900000000000000355e+00 -6.869865621381130208e-05
4.950000000000000178e+00 -6.770165748802999775e-05
5.000000000000000000e+00 -6.671486124779780872e-05
5.050000000000000711e+00 -6.573895370087033782e-05
5.100000000000000533e+00 -6.477452960690851277e-05
5.150000000000000355e+00 -6.382209959028369213e-05
5.200000000000000178e+00 -6.288209713189605796e-05
5.250000000000000000e+00 -6.195488520880778152e-05
5.300000000000000711e+00 -6.104076255912096256e-05
5.350000000000000533e+00 -6.013996955780237204e-05
5.400000000000000355e+00 -5.925269369693424707e-05
5.450000000000000178e+00 -5.837907467101052263e-05
5.500000000000000000e+00 -5.751920907428260184e-05
5.550000000000000711e+00 -5.667315472267980879e-05
5.600000000000000533e+00 -5.584093461740619361e-05
5.650000000000000355e+00 -5.502254057089598472e-05
5.700000000000000178e+00 -5.421793651837623538e-05
5.750000000000000000e+00 -5.342706153984737766e-05
5.800000000000000711e+00 -5.264983261790157629e-05
5.850000000000000533e+00 -5.188614715652692464e-05
5.900000000000000355e+00 -5.113588528500130967e-05
5.950000000000000178e+00 -5.039891196928988779e-05
6.000000000000000000e+00 -4.967507895116406879e-05
6.050000000000000711e+00 -4.896422653271815568e-05
6.100000000000000533e+00 -4.826618522122268592e-05
6.150000000000000355e+00 -4.758077724647758941e-05
6.200000000000000178e+00 -4.690781796015585574e-05
6.250000000000000000e+00 -4.624711712418283591e-05
6.300000000000000711e+00 -4.559848009308532866e-05
6.350000000000000533e+00 -4.496170889354754002e-05
6.400000000000000355e+00 -4.433660320317609209e-05
6.450000000000000178e+00 -4.372296122973413397e-05
6.500000000000000000e+00 -4.312058049184273233e-05
6.550000000000000711e+00 -4.252925850234107983e-05
6.600000000000000533e+00 -4.194879335608759063e-05
6.650000000000000355e+00 -4.137898422489954062e-05
6.700000000000000178e+00 -4.081963176347974990e-05
6.750000000000000000e+00 -4.027053843146745403e-05
6.800000000000000711e+00 -3.973150873807731629e-05
6.850000000000000533e+00 -3.920234941705274802e-05
6.900000000000000355e+00 -3.868286954076948652e-05
6.950000000000000178e+00 -3.817288058319957242e-05
7.000000000000000000e+00 -3.767219644202239251e-05
7.050000000000000711e+00 -3.718063343040219895e-05
7.100000000000000533e+00 -3.669801024881672854e-05
7.150000000000000355e+00 -3.622414794681550154e-05
7.200000000000000178e+00 -3.575886988372744722e-05
7.250000000000000000e+00 -3.530200169616230966e-05
7.300000000000000711e+00 -3.485337127871504753e-05
7.350000000000000533e+00 -3.441280878265030375e-05
7.400000000000000355e+00 -3.398014663559879471e-05
7.450000000000000178e+00 -3.355521958351585977e-05
7.500000000000000000e+00 -3.313786475442144275e-05
7.550000000000000711e+00 -3.272792174183882061e-05
7.600000000000000533e+00 -3.232523270444975094e-05
7.650000000000000355e+00 -3.192964247734436873e-05
7.700000000000000178e+00 -3.154099868941628691e-05
7.750000000000000000e+00 -3.115915188096141173e-05
7.800000000000000711e+00 -3.078395561540039584e-05
7.850000000000000533e+00 -3.041526657925077933e-05
7.900000000000000355e+00 -3.005294466500462691e-05
7.950000000000000178e+00 -2.969685303238243717e-05
8.000000000000000000e+00 -2.934685814448163900e-05
8.050000000000000711e+00 -2.900282977655820231e-05
8.099999999999999645e+00 -2.866464099650103102e-05
8.150000000000000355e+00 -2.833216811741005780e-05
8.200000000000001066e+00 -2.800529062399962482e-05
8.250000000000000000e+00 -2.768389107574709333e-05
8.300000000000000711e+00 -2.736785499073677270e-05
8.349999999999999645e+00 -2.705707071495821360e-05
8.400000000000000355e+00 -2.675142928236976496e-05
8.450000000000001066e+00 -2.645082427130998582e-05
8.500000000000000000e+00 -2.615515166282173556e-05
8.550000000000000711e+00 -2.586430970615703664e-05
8.599999999999999645e+00 -2.557819879617241317e-05
8.650000000000000355e+00 -2.529672136654289495e-05
8.700000000000001066e+00 -2.501978180176175207e-05
8.750000000000000000e+00 -2.474728636980580383e-05
8.800000000000000711e+00 -2.447914317619235175e-05
8.849999999999999645e+00 -2.421526213899589193e-05
8.900000000000000355e+00 -2.395555498328680842e-05
8.950000000000001066e+00 -2.369993525246107588e-05
9.000000000000000000e+00 -2.344831833309433399e-05
9.050000000000000711e+00 -2.320062148931754394e-05
9.099999999999999645e+00 -2.295676390230254056e-05
9.150000000000000355e+00 -2.271666671027917556e-05
9.200000000000001066e+00 -2.248025304458673725e-05
9.250000000000000000e+00 -2.224744805757875301e-05
9.300000000000000711e+00 -2.201817893873222101e-05
9.349999999999999645e+00 -2.179237491602634610e-05
9.400000000000000355e+00 -2.156996724051173062e-05
9.450000000000001066e+00 -2.135088915293971237e-05
9.500000000000000000e+00 -2.113507583231348847e-05
9.550000000000000711e+00 -2.092246432720380956e-05
9.600000000000001421e+00 -2.071299347159230586e-05
9.650000000000000355e+00 -2.050660378781738146e-05
9.700000000000001066e+00 -2.030323737986196108e-05
9.750000000000000000e+00 -2.010283782070687654e-05
9.800000000000000711e+00 -1.990535003775557621e-05
9.850000000000001421e+00 -1.971072020040710989e-05
9.900000000000000355e+00 -1.951889561371123374e-05
9.950000000000001066e+00 -1.932982462169738366e-05
1.000000000000000000e+01 -1.914345652344609045e-05
1.005000000000000071e+01 -1.895974150430023816e-05
1.010000000000000142e+01 -1.877863058382989213e-05
1.015000000000000036e+01 -1.860007558131156948e-05
1.020000000000000107e+01 -1.842402909860649127e-05
1.025000000000000000e+01 -1.825044451946698454e-05
1.030000000000000071e+01 -1.807927602351088603e-05
1.035000000000000142e+01 -1.791047861241847896e-05
1.040000000000000036e+01 -1.774400814536076072e-05
1.045000000000000107e+01 -1.757982138028418110e-05
1.050000000000000000e+01 -1.741787601747566433e-05
1.055000000000000071e+01 -1.725813074181684089e-05
1.060000000000000142e+01 -1.710054526030671261e-05
1.065000000000000036e+01 -1.694508033177545664e-05
1.070000000000000107e+01 -1.679169778620685636e-05
1.075000000000000000e+01 -1.664036053170559457e-05
1.080000000000000071e+01 -1.649103254785315082e-05
1.085000000000000142e+01 -1.634367886495621241e-05
1.090000000000000036e+01 -1.619826552946055742e-05
1.095000000000000107e+01 -1.605475955654622216e-05
1.100000000000000000e+01 -1.591312887159383824e-05
1.105000000000000071e+01 -1.577334224278733571e-05
1.110000000000000142e+01 -1.563536920756503879e-05
1.115000000000000036e+01 -1.549917999592862185e-05
1.120000000000000107e+01 -1.536474545375646317e-05
1.125000000000000000e+01 -1.523203696923782036e-05
1.130000000000000071e+01 -1.510102640535405712e-05
1.135000000000000142e+01 -1.497168604099308379e-05
1.140000000000000036e+01 -1.484398852281567512e-05
1.145000000000000107e+01 -1.471790682942172949e-05
1.150000000000000000e+01 -1.459341424872327458e-05
1.155000000000000071e+01 -1.447048436875341276e-05
1.160000000000000142e+01 -1.434909108146090167e-05
1.165000000000000036e+01 -1.422920859839577289e-05
1.170000000000000107e+01 -1.411081147661242619e-05
1.175000000000000000e+01 -1.399387465263492057e-05
1.180000000000000071e+01 -1.387837348196419520e-05
1.185000000000000142e+01 -1.376428378137996544e-05
1.190000000000000036e+01 -1.365158187120574416e-05
1.195000000000000107e+01 -1.354024461477075152e-05
1.200000000000000000e+01 -1.343024945250704324e-05
1.205000000000000071e+01 -1.332157442845465897e-05
1.210000000000000142e+01 -1.321419820739063593e-05
1.215000000000000036e+01 -1.310810008132532809e-05
1.220000000000000107e+01 -1.300325996469366123e-05
1.225000000000000000e+01 -1.289965837817695612e-05
1.230000000000000071e+01 -1.279727642169359058e-05
1.235000000000000142e+01 -1.269609573766056158e-05
1.240000000000000036e+01 -1.259609846612590269e-05
1.245000000000000107e+01 -1.249726719377925387e-05
1.250000000000000000e+01 -1.239958489914449472e-05
1.255000000000000071e+01 -1.230303489643093325e-05
1.260000000000000142e+01 -1.220760078056154694e-05
1.265000000000000036e+01 -1.211326637580747336e-05
1.270000000000000107e+01 -1.202001569024430385e-05
1.275000000000000000e+01 -1.192783287792093245e-05
1.280000000000000071e+01 -1.183670221021339796e-05
1.285000000000000142e+01 -1.174660805734896763e-05
1.290000000000000036e+01 -1.165753488055330658e-05
1.295000000000000107e+01 -1.156946723472730853e-05
1.300000000000000000e+01 -1.148238978102532845e-05
1.305000000000000071e+01 -1.139628730821281170e-05
1.310000000000000142e+01 -1.131114476125243113e-05
1.315000000000000036e+01 -1.122694727522517322e-05
1.320000000000000107e+01 -1.114368021245294783e-05
1.325000000000000000e+01 -1.106132920056265299e-05
1.330000000000000071e+01 -1.097988016922403689e-05
1.335000000000000142e+01 -1.089931938340199728e-05
1.340000000000000036e+01 -1.081963347118288088e-05
1.345000000000000107e+01 -1.074080944454993158e-05
1.350000000000000000e+01 -1.066283471187694679e-05
1.355000000000000071e+01 -1.058569708136193213e-05
1.360000000000000142e+01 -1.050938475510775740e-05
1.365000000000000036e+01 -1.043388631405023696e-05
1.370000000000000107e+01 -1.035919069441026144e-05
1.375000000000000000e+01 -1.028528715678030709e-05
1.380000000000000071e+01 -1.021216524932593475e-05
1.385000000000000142e+01 -1.013981476687143203e-05
1.390000000000000036e+01 -1.006822570783153032e-05
1.395000000000000107e+01 -9.997388231039611037e-06
1.400000000000000000e+01 -9.927292614504812482e-06
1.405000000000000071e+01 -9.857929218006387468e-06
1.410000000000000142e+01 -9.789288451214027601e-06
1.415000000000000036e+01 -9.721360748718165486e-06
1.420000000000000107e+01 -9.654136552982291465e-06
1.425000000000000000e+01 -9.587606305810768726e-06
1.430000000000000071e+01 -9.521760448481434610e-06
1.435000000000000142e+01 -9.456589430246380921e-06
1.440000000000000036e+01 -9.392083724480650619e-06
1.445000000000000107e+01 -9.328233851376578121e-06
1.450000000000000000e+01 -9.265030405762335040e-06
1.455000000000000071e+01 -9.202464088381418668e-06
1.460000000000000142e+01 -9.140525738817051332e-06
1.465000000000000036e+01 -9.079206368188382301e-06
1.470000000000000107e+01 -9.018497189785755193e-06
1.475000000000000000e+01 -8.958389645946463695e-06
1.480000000000000071e+01 -8.898875429692780793e-06
1.485000000000000142e+01 -8.839946499946908364e-06
1.490000000000000036e+01 -8.781595089488778872e-06
1.495000000000000107e+01 -8.723813705210656534e-06
1.500000000000000000e+01 -8.666595120630197848e-06
1.505000000000000071e+01 -8.609932361025751820e-06
1.510000000000000142e+01 -8.553818681937989523e-06
1.515000000000000036e+01 -8.498247542116559453e-06
1.520000000000000107e+01 -8.443212572266692748e-06
1.525000000000000000e+01 -8.388707541152487927e-06
1.530000000000000071e+01 -8.334726320732379183e-06
1.535000000000000142e+01 -8.281262852033239422e-06
1.540000000000000036e+01 -8.228311113412104856e-06
1.545000000000000107e+01 -8.175865092711832028e-06
1.550000000000000000e+01 -8.123918764599646108e-06
1.555000000000000071e+01 -8.072466074094847117e-06
1.560000000000000142e+01 -8.021500926962345002e-06
1.565000000000000036e+01 -7.971017187286830115e-06
1.570000000000000107e+01 -7.921008682170441661e-06
1.575000000000000000e+01 -7.871469213130514184e-06
1.580000000000000071e+01 -7.822392573436010962e-06
1.585000000000000142e+01 -7.773772570325470960e-06
1.590000000000000036e+01 -7.725603050811938717e-06
1.595000000000000107e+01 -7.677877929613501396e-06
1.600000000000000000e+01 -7.630591217657521242e-06
1.605000000000000071e+01 -7.583737049598130570e-06
1.610000000000000142e+01 -7.537309708858239920e-06
1.615000000000000213e+01 -7.491303648855293488e-06
1.619999999999999929e+01 -7.445713509284599163e-06
1.625000000000000000e+01 -7.400534126605224562e-06
1.630000000000000071e+01 -7.355760538184165872e-06
1.635000000000000142e+01 -7.311387979890726837e-06
1.640000000000000213e+01 -7.267411877274742618e-06
1.644999999999999929e+01 -7.223827830793988069e-06
1.650000000000000000e+01 -7.180631595858878557e-06
1.655000000000000071e+01 -7.137819058722832477e-06
1.660000000000000142e+01 -7.095386209449738201e-06
1.665000000000000213e+01 -7.053329113328320903e-06
1.669999999999999929e+01 -7.011643882167783322e-06
1.675000000000000000e+01 -6.970326646899966031e-06
1.680000000000000071e+01 -6.929373532829985785e-06
1.685000000000000142e+01 -6.888780638726066769e-06
1.690000000000000213e+01 -6.848544020728138920e-06
1.694999999999999929e+01 -6.808659681795590403e-06
1.700000000000000000e+01 -6.769123567121266911e-06
1.705000000000000071e+01 -6.729931565626700809e-06
1.710000000000000142e+01 -6.691079517339342898e-06
1.715000000000000213e+01 -6.652563226151834743e-06
1.719999999999999929e+01 -6.614378477192620692e-06
1.725000000000000000e+01 -6.576521057808299923e-06
1.730000000000000071e+01 -6.538986780984565154e-06
1.735000000000000142e+01 -6.501771509920470744e-06
1.740000000000000213e+01 -6.464871182427130339e-06
1.744999999999999929e+01 -6.428281833846649658e-06
1.750000000000000000e+01 -6.391999617279542627e-06
1.755000000000000071e+01 -6.356020820061947262e-06
1.760000000000000142e+01 -6.320341875640840392e-06
1.765000000000000213e+01 -6.284959370243143947e-06
1.769999999999999929e+01 -6.249870044011174317e-06
1.775000000000000000e+01 -6.215070786567135693e-06
1.780000000000000071e+01 -6.180558627258113504e-06
1.785000000000000142e+01 -6.146330720605730597e-06
1.790000000000000213e+01 -6.112384327727423131e-06
1.794999999999999929e+01 -6.078716794695951561e-06
1.800000000000000000e+01 -6.045325528952831406e-06
1.805000000000000071e+01 -6.012207974979442968e-06
1.810000000000000142e+01 -5.979361590455879577e-06
1.815000000000000213e+01 -5.946783824099664595e-06
1.819999999999999929e+01 -5.914472096276909762e-06
1.825000000000000000e+01 -5.882423783324679779e-06
1.830000000000000071e+01 -5.850636206321699500e-06
1.835000000000000142e+01 -5.819106624807577519e-06
1.840000000000000213e+01 -5.787832235690441994e-06
1.844999999999999929e+01 -5.756810177312924097e-06
1.850000000000000000e+01 -5.726037538380876315e-06
1.855000000000000071e+01 -5.695511371211919803e-06
1.860000000000000142e+01 -5.665228708544123740e-06
1.865000000000000213e+01 -5.635186582969907451e-06
1.869999999999999929e+01 -5.605382047935109482e-06
1.875000000000000000e+01 -5.575812199174187178e-06
1.880000000000000071e+01 -5.546474195442255230e-06
1.885000000000000142e+01 -5.517365277453590417e-06
1.890000000000000213e+01 -5.488482784040769671e-06
1.894999999999999929e+01 -5.459824164702893139e-06
1.900000000000000000e+01 -5.431386987906972931e-06
1.905000000000000071e+01 -5.403168944733059790e-06
1.910000000000000142e+01 -5.375167847698552890e-06
1.915000000000000213e+01 -5.347381624848616983e-06
1.920000000000000284e+01 -5.319808309443309776e-06
1.925000000000000000e+01 -5.292446025796365045e-06
1.930000000000000071e+01 -5.265292972014417912e-06
1.935000000000000142e+01 -5.238347400537706141e-06
1.940000000000000213e+01 -5.211607597488316748e-06
1.945000000000000284e+01 -5.185071861883648503e-06
1.950000000000000000e+01 -5.158738485769201630e-06
1.955000000000000071e+01 -5.132605736267276426e-06
1.960000000000000142e+01 -5.106671840429070553e-06
1.965000000000000213e+01 -5.080934973624744870e-06
1.970000000000000284e+01 -5.055393252015849255e-06
1.975000000000000000e+01 -5.030044729438931689e-06
1.980000000000000071e+01 -5.004887398798006213e-06
1.985000000000000142e+01 -4.979919197830537436e-06
1.990000000000000213e+01 -4.955138018886989029e-06
1.995000000000000284e+01 -4.930541722160976915e-06
2.000000000000000000e+01 -4.906128151634556925e-06
2.005000000000000071e+01 -4.881895152870785442e-06
2.010000000000000142e+01 -4.857840591698944339e-06
2.015000000000000213e+01 -4.833962372801707464e-06
2.020000000000000284e+01 -4.810258457228442135e-06
2.025000000000000000e+01 -4.786726877924162321e-06
2.030000000000000071e+01 -4.763365752475522033e-06
2.035000000000000142e+01 -4.740173292426749649e-06
2.040000000000000213e+01 -4.717147808702238495e-06
2.045000000000000284e+01 -4.694287712878464217e-06
2.050000000000000000e+01 -4.671591514264670490e-06
2.055000000000000071e+01 -4.649057812969130151e-06
2.060000000000000142e+01 -4.626685289333364636e-06
2.065000000000000213e+01 -4.604472690301128214e-06
2.070000000000000284e+01 -4.582418813441507357e-06
2.075000000000000000e+01 -4.560522489460609263e-06
2.080000000000000071e+01 -4.538782564105941295e-06
2.085000000000000142e+01 -4.517197880390960407e-06
2.090000000000000213e+01 -4.495767262041947027e-06
2.095000000000000284e+01 -4.474489498997862323e-06
2.100000000000000000e+01 -4.453363335680049808e-06
2.105000000000000071e+01 -4.432387462599426323e-06
2.110000000000000142e+01 -4.411560511690714545e-06
2.115000000000000213e+01 -4.390881055567758730e-06
2.120000000000000284e+01 -4.370347610689794854e-06
2.125000000000000000e+01 -4.349958644226608604e-06
2.130000000000000071e+01 -4.329712584221983764e-06
2.135000000000000142e+01 -4.309607832488332102e-06
2.140000000000000213e+01 -4.289642779529732544e-06
2.145000000000000284e+01 -4.269815820692700552e-06
2.150000000000000000e+01 -4.250125372688171390e-06
2.155000000000000071e+01 -4.230569889617036534e-06
2.160000000000000142e+01 -4.211147877665577460e-06
2.165000000000000213e+01 -4.191857907713462979e-06
2.170000000000000284e+01 -4.172698625212051599e-06
2.175000000000000000e+01 -4.153668756837712505e-06
2.180000000000000071e+01 -4.134767113596138634e-06
2.185000000000000142e+01 -4.115992590239998816e-06
2.190000000000000213e+01 -4.097344161054005266e-06
2.195000000000000284e+01 -4.078820872249071869e-06
2.200000000000000000e+01 -4.060421831379640389e-06
2.205000000000000071e+01 -4.042146194349189629e-06
2.210000000000000142e+01 -4.023993150687938839e-06
2.215000000000000213e+01 -4.005961907870201252e-06
2.220000000000000284e+01 -3.988051675481720469e-06
2.225000000000000000e+01 -3.970261650047779786e-06
2.230000000000000071e+01 -3.952591001291856991e-06
2.235000000000000142e+01 -3.935038860513662330e-06
2.240000000000000213e+01 -3.917604311660211839e-06
2.245000000000000284e+01 -3.900286385519461387e-06
2.250000000000000000e+01 -3.883084057300874798e-06
2.255000000000000071e+01 -3.865996247690536371e-06
2.260000000000000142e+01 -3.849021827287872189e-06
2.265000000000000213e+01 -3.832159624157724725e-06
2.270000000000000284e+01 -3.815408434072825167e-06
2.275000000000000000e+01 -3.798767032886667950e-06
2.280000000000000071e+01 -3.782234190371777279e-06
2.285000000000000142e+01 -3.765808684788680596e-06
2.290000000000000213e+01 -3.749489317419409162e-06
2.295000000000000284e+01 -3.733274926308180020e-06
2.300000000000000000e+01 -3.717164398499478375e-06
2.305000000000000071e+01 -3.701156680147454682e-06
2.310000000000000142e+01 -3.685250783986249565e-06
2.315000000000000213e+01 -3.669445793791406134e-06
2.320000000000000284e+01 -3.653740865621300957e-06
2.325000000000000000e+01 -3.638135225795860016e-06
2.330000000000000071e+01 -3.622628165738538874e-06
2.335000000000000142e+01 -3.607219033968825131e-06
2.340000000000000213e+01 -3.591907225677150034e-06
2.345000000000000284e+01 -3.576692170435448803e-06
2.350000000000000000e+01 -3.561573318688365790e-06
2.355000000000000071e+01 -3.546550127727549726e-06
2.360000000000000142e+01 -3.531622047872477634e-06
2.365000000000000213e+01 -3.516788509564512385e-06
2.370000000000000284e+01 -3.502048912027905573e-06
2.375000000000000000e+01 -3.487402614064973581e-06
2.380000000000000071e+01 -3.472848927438139383e-06
2.385000000000000142e+01 -3.458387113153798681e-06
2.390000000000000213e+01 -3.444016380810735146e-06
2.395000000000000284e+01 -3.429735891016568629e-06
2.400000000000000000e+01 -3.415544760716530481e-06
2.405000000000000071e+01 -3.401442071130756891e-06
2.410000000000000142e+01 -3.387426877863363682e-06
2.415000000000000213e+01 -3.373498222638546463e-06
2.420000000000000284e+01 -3.359655146039266247e-06
2.425000000000000000e+01 -3.345896700577621317e-06
2.430000000000000071e+01 -3.332221963414220065e-06
2.435000000000000142e+01 -3.318630048067959598e-06
2.440000000000000213e+01 -3.305120114515037360e-06
2.445000000000000284e+01 -3.291691377163968349e-06
2.450000000000000000e+01 -3.278343110307848108e-06
2.455000000000000071e+01 -3.265074650788013843e-06
2.460000000000000142e+01 -3.251885397750201427e-06
2.465000000000000213e+01 -3.238774809524782450e-06
2.470000000000000284e+01 -3.225742397811579792e-06
2.475000000000000000e+01 -3.212787719487146855e-06
2.480000000000000071e+01 -3.199910366473032930e-06
2.485000000000000142e+01 -3.187109954199868701e-06
2.490000000000000213e+01 -3.174386109270812903e-06
2.495000000000000284e+01 -3.161738456964013596e-06
2.500000000000000000e+01 -3.149166609217454701e-06
2.505000000000000071e+01 -3.136670153709270676e-06
2.510000000000000142e+01 -3.124248644585230672e-06
2.515000000000000213e+01 -3.111901595295978486e-06
2.520000000000000284e+01 -3.099628473893498834e-06
2.525000000000000000e+01 -3.087428701007270619e-06
2.530000000000000071e+01 -3.075301650579720221e-06
2.535000000000000142e+01 -3.063246653298132190e-06
2.540000000000000213e+01 -3.051263002521003353e-06
2.545000000000000284e+01 -3.039349962369987839e-06
2.550000000000000000e+01 -3.027506777548905875e-06
2.555000000000000071e+01 -3.015732684366089507e-06
2.560000000000000142e+01 -3.004026922377860543e-06
2.565000000000000213e+01 -2.992388746043728897e-06
2.570000000000000284e+01 -2.980817435787879706e-06
2.575000000000000000e+01 -2.969312307897041305e-06
2.580000000000000071e+01 -2.957872722749281140e-06
2.585000000000000142e+01 -2.946498090958605537e-06
2.590000000000000213e+01 -2.935187877130792305e-06
2.595000000000000284e+01 -2.923941601052086703e-06
2.600000000000000000e+01 -2.912758836265898098e-06
2.605000000000000071e+01 -2.901639206128394961e-06
2.610000000000000142e+01 -2.890582377563153912e-06
2.615000000000000213e+01 -2.879588052852226735e-06
2.620000000000000284e+01 -2.868655959900003177e-06
2.625000000000000000e+01 -2.857785841481793793e-06
2.630000000000000071e+01 -2.846977444037562033e-06
2.635000000000000142e+01 -2.836230506590586909e-06
2.640000000000000213e+01 -2.825544750360027338e-06
2.645000000000000284e+01 -2.814919869596200562e-06
2.650000000000000000e+01 -2.804355524100403278e-06
2.655000000000000071e+01 -2.793851333800402524e-06
2.660000000000000142e+01 -2.783406875644088889e-06
2.665000000000000213e+01 -2.773021682951963017e-06
2.670000000000000284e+01 -2.762695247240990667e-06
2.675000000000000000e+01 -2.752427022404947057e-06
2.680000000000000071e+01 -2.742216431015230259e-06
2.685000000000000142e+01 -2.732062872398565910e-06
2.690000000000000213e+01 -2.721965732058826164e-06
2.695000000000000284e+01 -2.711924391943958392e-06
2.700000000000000000e+01 -2.701938241019028633e-06
2.705000000000000071e+01 -2.692006685594777451e-06
2.710000000000000142e+01 -2.682129158877544569e-06
2.715000000000000213e+01 -2.672305129250969183e-06
2.720000000000000284e+01 -2.662534106868511769e-06
2.725000000000000000e+01 -2.652815648226709053e-06
2.730000000000000071e+01 -2.643149358495533598e-06
2.735000000000000142e+01 -2.633534891499758232e-06
2.740000000000000213e+01 -2.623971947367545151e-06
2.745000000000000284e+01 -2.614460267982584572e-06
2.750000000000000000e+01 -2.604999630488953767e-06
2.755000000000000071e+01 -2.595589839196364116e-06
2.760000000000000142e+01 -2.586230716313721040e-06
2.765000000000000213e+01 -2.576922091996430962e-06
2.770000000000000284e+01 -2.567663794224696403e-06
2.775000000000000000e+01 -2.558455639035241505e-06
2.780000000000000071e+01 -2.549297421606704877e-06
2.785000000000000142e+01 -2.540188908651541813e-06
2.790000000000000213e+01 -2.531129832496206307e-06
2.795000000000000284e+01 -2.522119887141852815e-06
2.800000000000000000e+01 -2.513158726493024338e-06
2.805000000000000071e+01 -2.504245964828836527e-06
2.810000000000000142e+01 -2.495381179474630978e-06
2.815000000000000213e+01 -2.486563915518608747e-06
2.820000000000000284e+01 -2.477793692313778068e-06
2.825000000000000000e+01 -2.469070011414843657e-06
2.830000000000000071e+01 -2.460392365528245666e-06
2.835000000000000142e+01 -2.451760248004149805e-06
2.840000000000000213e+01 -2.443173162374437282e-06
2.845000000000000284e+01 -2.434630631442184017e-06
2.850000000000000000e+01 -2.426132205454373657e-06
2.855000000000000071e+01 -2.417677468940609926e-06
2.860000000000000142e+01 -2.409266045872231251e-06
2.865000000000000213e+01 -2.400897602885511691e-06
2.870000000000000284e+01 -2.392571850414572577e-06
2.875000000000000000e+01 -2.384288541688447653e-06
2.880000000000000071e+01 -2.376047469657660019e-06
2.885000000000000142e+01 -2.367848462022181090e-06
2.890000000000000213e+01 -2.359691374629433873e-06
2.895000000000000284e+01 -2.351576083593389166e-06
2.900000000000000000e+01 -2.343502476549794021e-06
2.905000000000000071e+01 -2.335470443503850726e-06
2.910000000000000142e+01 -2.327479867744926170e-06
2.915000000000000213e+01 -2.319530617296253989e-06
2.920000000000000284e+01 -2.311622537336449468e-06
2.925000000000000000e+01 -2.303755443976698991e-06
2.930000000000000071e+01 -2.295929119704883639e-06
2.935000000000000142e+01 -2.288143310719389254e-06
2.940000000000000213e+01 -2.280397726276656440e-06
2.945000000000000284e+01 -2.272692040071042975e-06
2.950000000000000000e+01 -2.265025893561263650e-06
2.955000000000000071e+01 -2.257398901056763822e-06
2.960000000000000142e+01 -2.249810656288524989e-06
2.965000000000000213e+01 -2.242260740113464298e-06
2.970000000000000284e+01 -2.234748728945470578e-06
2.975000000000000000e+01 -2.227274203471692278e-06
2.980000000000000071e+01 -2.219836757200112532e-06
2.985000000000000142e+01 -2.212436004397189777e-06
2.990000000000000213e+01 -2.205071587007889924e-06
2.995000000000000284e+01 -2.197743180206408462e-06
3.000000000000000000e+01 -2.190450496298602860e-06
3.005000000000000071e+01 -2.183193286784263265e-06
3.010000000000000142e+01 -2.175971342483731642e-06
3.015000000000000213e+01 -2.168784491734111657e-06
3.020000000000000284e+01 -2.161632596759740969e-06
3.025000000000000000e+01 -2.154515548415687291e-06
3.030000000000000071e+01 -2.147433259585346376e-06
3.035000000000000142e+01 -2.140385657581279575e-06
3.040000000000000213e+01 -2.133372675947473122e-06
3.045000000000000284e+01 -2.126394246089637442e-06
3.050000000000000000e+01 -2.119450289166163068e-06
3.055000000000000071e+01 -2.112540708656280244e-06
3.060000000000000142e+01 -2.105665383984087023e-06
3.065000000000000213e+01 -2.098824165520245112e-06
3.070000000000000284e+01 -2.092016871209890046e-06
3.075000000000000000e+01 -2.085243284989597755e-06
3.080000000000000071e+01 -2.078503157062930737e-06
3.085000000000000142e+01 -2.071796206007498582e-06
3.090000000000000213e+01 -2.065122122592044611e-06
3.095000000000000284e+01 -2.058480575094657853e-06
3.100000000000000000e+01 -2.051871215836722098e-06
3.105000000000000071e+01 -2.045293688586577625e-06
3.110000000000000142e+01 -2.038747636443771218e-06
3.115000000000000213e+01 -2.032232709792927196e-06
3.120000000000000284e+01 -2.025748573914614162e-06
3.125000000000000000e+01 -2.019294915861681707e-06
3.130000000000000071e+01 -2.012871450249318871e-06
3.135000000000000142e+01 -2.006477923665937979e-06
3.140000000000000213e+01 -2.000114117484686639e-06
3.145000000000000284e+01 -1.993779848939774195e-06
3.150000000000000000e+01 -1.987474970421959281e-06
3.155000000000000071e+01 -1.981199367040137622e-06
3.160000000000000142e+01 -1.974952952585020405e-06
3.165000000000000213e+01 -1.968735664112732124e-06
3.170000000000000284e+01 -1.962547455436020096e-06
3.175000000000000000e+01 -1.956388289865503981e-06
3.180000000000000071e+01 -1.950258132579818982e-06
3.185000000000000142e+01 -1.944156943020542390e-06
3.190000000000000213e+01 -1.938084667703982731e-06
3.195000000000000284e+01 -1.932041233817700044e-06
3.200000000000000000e+01 -1.926026543927366930e-06
3.205000000000000426e+01 -1.920040472059604965e-06
3.210000000000000142e+01 -1.914082861354093230e-06
3.214999999999999858e+01 -1.908153523395959810e-06
3.220000000000000284e+01 -1.902252239251800713e-06
3.225000000000000000e+01 -1.896378762144761531e-06
3.230000000000000426e+01 -1.890532821619744882e-06
3.235000000000000142e+01 -1.884714128973710257e-06
3.239999999999999858e+01 -1.878922383662265105e-06
3.245000000000000284e+01 -1.873157280344759938e-06
3.250000000000000000e+01 -1.867418516199743649e-06
3.255000000000000426e+01 -1.861705798130183210e-06
3.260000000000000142e+01 -1.856018849486631413e-06
3.264999999999999858e+01 -1.850357415963208492e-06
3.270000000000000284e+01 -1.844721270366313551e-06
3.275000000000000000e+01 -1.839110216015916912e-06
3.280000000000000426e+01 -1.833524088611611392e-06
3.285000000000000142e+01 -1.827962756475609963e-06
3.289999999999999858e+01 -1.822426119169561277e-06
3.295000000000000284e+01 -1.816914104565901699e-06
3.300000000000000000e+01 -1.811426664533804065e-06
3.305000000000000426e+01 -1.805963769470554668e-06
3.310000000000000142e+01 -1.800525401967153320e-06
3.314999999999999858e+01 -1.795111549940276286e-06
3.320000000000000284e+01 -1.789722199587954312e-06
3.325000000000000000e+01 -1.784357328533551156e-06
3.330000000000000426e+01 -1.779016899510564811e-06
3.335000000000000142e+01 -1.773700854910742300e-06
3.339999999999999858e+01 -1.768409112471572358e-06
3.345000000000000284e+01 -1.763141562318638230e-06
3.350000000000000000e+01 -1.757898065506902004e-06
3.355000000000000426e+01 -1.752678454127117356e-06
3.360000000000000142e+01 -1.747482532961808401e-06
3.364999999999999858e+01 -1.742310082595723746e-06
3.370000000000000284e+01 -1.737160863810867902e-06
3.375000000000000000e+01 -1.732034623030993379e-06
3.380000000000000426e+01 -1.726931098527513358e-06
3.385000000000000142e+01 -1.721850027061319966e-06
3.389999999999999858e+01 -1.716791150614290844e-06
3.395000000000000284e+01 -1.711754222861609141e-06
3.400000000000000000e+01 -1.706739015051902442e-06
3.405000000000000426e+01 -1.701745320993943419e-06
3.410000000000000142e+01 -1.696772960897660275e-06
3.414999999999999858e+01 -1.691821783876869022e-06
3.420000000000000284e+01 -1.686891668992082206e-06
3.425000000000000000e+01 -1.681982524787580844e-06
3.430000000000000426e+01 -1.677094287355130982e-06
3.435000000000000142e+01 -1.672226917032512274e-06
3.439999999999999858e+01 -1.667380393915056299e-06
3.445000000000000284e+01 -1.662554712418745363e-06
3.450000000000000000e+01 -1.657749875180598649e-06
3.455000000000000426e+01 -1.652965886615384699e-06
3.460000000000000142e+01 -1.648202746462860688e-06
3.464999999999999858e+01 -1.643460443658779444e-06
3.470000000000000284e+01 -1.638738950844036487e-06
3.475000000000000000e+01 -1.634038219791586578e-06
3.480000000000000426e+01 -1.629358177981791685e-06
3.485000000000000142e+01 -1.624698726496072595e-06
3.489999999999999858e+01 -1.620059739329761701e-06
3.495000000000000284e+01 -1.615441064151120538e-06
3.500000000000000000e+01 -1.610842524458569649e-06
3.505000000000000426e+01 -1.606263923016363487e-06
3.510000000000000142e+01 -1.601705046383354131e-06
3.514999999999999858e+01 -1.597165670294223158e-06
3.520000000000000284e+01 -1.592645565610089049e-06
3.525000000000000000e+01 -1.588144504527000565e-06
3.530000000000000426e+01 -1.583662266720092032e-06
3.535000000000000142e+01 -1.579198645105690138e-06
3.539999999999999858e+01 -1.574753450925473556e-06
3.545000000000000284e+01 -1.570326517893551121e-06
3.550000000000000000e+01 -1.565917705197183839e-06
3.555000000000000426e+01 -1.561526899202149980e-06
3.560000000000000142e+01 -1.557154013781731620e-06
3.564999999999999858e+01 -1.552798989259806836e-06
3.570000000000000284e+01 -1.548461790030134856e-06
3.575000000000000000e+01 -1.544142400982130076e-06
3.580000000000000426e+01 -1.539840822924149917e-06
3.585000000000000142e+01 -1.535557067246257010e-06
3.589999999999999858e+01 -1.531291150102170529e-06
3.595000000000000284e+01 -1.527043086413686410e-06
3.600000000000000000e+01 -1.522812884007815144e-06
3.605000000000000426e+01 -1.518600538188913334e-06
3.610000000000000142e+01 -1.514406027023414751e-06
3.614999999999999858e+01 -1.510229307576685936e-06
3.620000000000000284e+01 -1.506070313290785414e-06
3.625000000000000000e+01 -1.501928952632182789e-06
3.630000000000000426e+01 -1.497805109071790789e-06
3.635000000000000142e+01 -1.493698642390769265e-06
3.639999999999999858e+01 -1.489609391236897933e-06
3.645000000000000284e+01 -1.485537176792222265e-06
3.650000000000000000e+01 -1.481481807355876120e-06
3.655000000000000426e+01 -1.477443083600002922e-06
3.660000000000000142e+01 -1.473420804222911145e-06
3.664999999999999858e+01 -1.469414771704912435e-06
3.670000000000000284e+01 -1.465424797868410828e-06
3.675000000000000000e+01 -1.461450708955675962e-06
3.680000000000000426e+01 -1.457492349964027581e-06
3.685000000000000142e+01 -1.453549588018331941e-06
3.689999999999999858e+01 -1.449622314611235819e-06
3.695000000000000284e+01 -1.445710446601319035e-06
3.700000000000000000e+01 -1.441813925924139536e-06
3.705000000000000426e+01 -1.437932718037601829e-06
3.710000000000000142e+01 -1.434066809188790245e-06
3.714999999999999858e+01 -1.430216202649655839e-06
3.720000000000000284e+01 -1.426380914121401869e-06
3.725000000000000000e+01 -1.422560966549447838e-06
3.730000000000000426e+01 -1.418756384619898990e-06
3.735000000000000142e+01 -1.414967189223602819e-06
3.739999999999999858e+01 -1.411193392173844508e-06
3.745000000000000284e+01 -1.407434991449295759e-06
3.750000000000000000e+01 -1.403691967205047175e-06
3.755000000000000426e+01 -1.399964278753702362e-06
3.760000000000000142e+01 -1.396251862667300977e-06
3.764999999999999858e+01 -1.392554632091958112e-06
3.770000000000000284e+01 -1.388872477304192567e-06
3.775000000000000000e+01 -1.385205267473265932e-06
3.780000000000000426e+01 -1.381552853532186783e-06
3.785000000000000142e+01 -1.377915072002505957e-06
3.789999999999999858e+01 -1.374291749570509458e-06
3.795000000000000284e+01 -1.370682708173721817e-06
3.800000000000000000e+01 -1.367087770332127659e-06
3.805000000000000426e+01 -1.363506764447043580e-06
3.810000000000000142e+01 -1.359939529793681544e-06
3.814999999999999858e+01 -1.356385920950726305e-06
3.820000000000000284e+01 -1.352845811440845119e-06
3.825000000000000000e+01 -1.349319096397635559e-06
3.830000000000000426e+01 -1.345805694126222099e-06
3.835000000000000142e+01 -1.342305546482303574e-06
3.840000000000000568e+01 -1.338818618055997120e-06
3.845000000000000284e+01 -1.335344894208707393e-06
3.850000000000000000e+01 -1.331884378070141936e-06
3.855000000000000426e+01 -1.328437086656004062e-06
3.860000000000000142e+01 -1.325003094094384689e-06
3.865000000000000568e+01 -1.321582333318382902e-06
3.870000000000000284e+01 -1.318174883992000077e-06
3.875000000000000000e+01 -1.314780770069367140e-06
3.880000000000000426e+01 -1.311400004878074658e-06
3.885000000000000142e+01 -1.308032586994174486e-06
3.890000000000000568e+01 -1.304678496923205036e-06
3.895000000000000284e+01 -1.301337694754694369e-06
3.900000000000000000e+01 -1.298010118906078521e-06
3.905000000000000426e+01 -1.294695686015396188e-06
3.910000000000000142e+01 -1.291394291982156063e-06
3.915000000000000568e+01 -1.288105814096653997e-06
3.920000000000000284e+01 -1.284830114141966680e-06
3.925000000000000000e+01 -1.281567042303192714e-06
3.930000000000000426e+01 -1.278316466572528964e-06
3.935000000000000142e+01 -1.275078179073917407e-06
3.940000000000000568e+01 -1.271852047279743282e-06
3.945000000000000284e+01 -1.268637922453950939e-06
3.950000000000000000e+01 -1.265435667911006685e-06
3.955000000000000426e+01 -1.262245162831393638e-06
3.960000000000000142e+01 -1.259066305258003484e-06
3.965000000000000568e+01 -1.255899014122387512e-06
3.970000000000000284e+01 -1.252743230200992233e-06
3.975000000000000000e+01 -1.249598915957058134e-06
3.980000000000000426e+01 -1.246466054281799547e-06
3.985000000000000142e+01 -1.243344675182981331e-06
3.990000000000000568e+01 -1.240234739489681308e-06
3.995000000000000284e+01 -1.237136290716973064e-06
