0.000000000000000000e+00 0.000000000000000000e+00
5.000000000000000278e-02 -1.609490072775845713e-13
1.000000000000000056e-01 -5.140310132668167849e-12
1.500000000000000222e-01 -3.890723141817033644e-11
2.000000000000000111e-01 -1.632081551207666366e-10
2.500000000000000000e-01 -4.951561252617792750e-10
3.000000000000000444e-01 -1.223291806150933002e-09
3.500000000000000333e-01 -2.621657789368235948e-09
4.000000000000000222e-01 -5.061470437379145430e-09
4.500000000000000111e-01 -9.020025533391068349e-09
5.000000000000000000e-01 -1.508653449621168506e-08
5.500000000000000444e-01 -2.396465581509197578e-08
6.000000000000000888e-01 -3.647156042873736235e-08
6.500000000000000222e-01 -5.353344861560394274e-08
7.000000000000000666e-01 -7.617751802825468397e-08
7.500000000000000000e-01 -1.055204661094873109e-07
8.000000000000000444e-01 -1.427536934820840179e-07
8.500000000000000888e-01 -1.891254561431049534e-07
9.000000000000000222e-01 -2.459200725175770117e-07
9.500000000000000666e-01 -3.144358685055513449e-07
1.000000000000000000e+00 -3.959591778094802567e-07
1.050000000000000044e+00 -4.917389980384882238e-07
1.100000000000000089e+00 -6.029598743543746699e-07
1.150000000000000133e+00 -7.307147610898856760e-07
1.200000000000000178e+00 -8.759782781772701653e-07
1.250000000000000000e+00 -1.039580970964690026e-06
1.300000000000000044e+00 -1.222185170663761398e-06
1.350000000000000089e+00 -1.424263026771706719e-06
1.400000000000000133e+00 -1.646077242729755552e-06
1.450000000000000178e+00 -1.887664992600768712e-06
1.500000000000000000e+00 -2.148825430850603401e-06
1.550000000000000044e+00 -2.429111130944214408e-06
1.600000000000000089e+00 -2.727822512156329549e-06
1.650000000000000133e+00 -3.044012231753584459e-06
1.700000000000000178e+00 -3.376485227940275259e-06
1.750000000000000000e+00 -3.723804158191219251e-06
1.800000000000000044e+00 -4.084311594182722300e-06
1.850000000000000089e+00 -4.456140578088062644e-06
1.900000000000000133e+00 -4.837236798648575570e-06
1.950000000000000178e+00 -5.225382548381460217e-06
2.000000000000000000e+00 -5.618223519024143118e-06
2.050000000000000266e+00 -6.013297915476991192e-06
2.100000000000000089e+00 -6.408067324539563535e-06
2.149999999999999911e+00 -6.799948745078358177e-06
2.200000000000000178e+00 -7.186347171435942692e-06
2.250000000000000000e+00 -7.564688121966987394e-06
2.300000000000000266e+00 -7.932449519196776148e-06
2.350000000000000089e+00 -8.287192356453115032e-06
2.400000000000000355e+00 -8.626589626749665639e-06
2.450000000000000178e+00 -8.948453041687106537e-06
2.500000000000000000e+00 -9.250757129404198439e-06
2.550000000000000266e+00 -9.531660369158558919e-06
2.600000000000000089e+00 -9.789523093820655340e-06
2.650000000000000355e+00 -1.002292196823596502e-05
2.700000000000000178e+00 -1.023066092887813333e-05
2.750000000000000000e+00 -1.041177854639649939e-05
2.800000000000000266e+00 -1.056555184561952733e-05
2.850000000000000089e+00 -1.069149668558674457e-05
2.900000000000000355e+00 -1.078936486377107580e-05
2.950000000000000178e+00 -1.085913816263372388e-05
3.000000000000000000e+00 -1.090101960214521201e-05
3.050000000000000266e+00 -1.091542219834338883e-05
3.100000000000000089e+00 -1.090295555512975981e-05
3.150000000000000355e+00 -1.086441063437193210e-05
3.200000000000000178e+00 -1.080074305829679262e-05
3.250000000000000000e+00 -1.071305529867690661e-05
3.300000000000000266e+00 -1.060257810018105382e-05
3.350000000000000089e+00 -1.047065147137975135e-05
3.400000000000000355e+00 -1.031870555727890225e-05
3.450000000000000178e+00 -1.014824168296954768e-05
3.500000000000000000e+00 -9.960813830119447711e-06
3.550000000000000266e+00 -9.758010777660302865e-06
3.600000000000000089e+00 -9.541439106154985019e-06
3.650000000000000355e+00 -9.312707232889439420e-06
3.700000000000000178e+00 -9.073410612545740979e-06
3.750000000000000000e+00 -8.825118207077147002e-06
3.800000000000000266e+00 -8.569360298697331139e-06
3.850000000000000089e+00 -8.307617692159079668e-06
3.900000000000000355e+00 -8.041312327054623378e-06
3.950000000000000178e+00 -7.771799297928104331e-06
4.000000000000000000e+00 -7.500360259656872518e-06
4.049999999999999822e+00 -7.228198177854242201e-06
4.100000000000000533e+00 -6.956433368924397473e-06
4.150000000000000355e+00 -6.686100761762339748e-06
4.200000000000000178e+00 -6.418148302803481580e-06
4.250000000000000000e+00 -6.153436418034333632e-06
4.299999999999999822e+00 -5.892738439512325892e-06
4.350000000000000533e+00 -5.636741899746553890e-06
4.400000000000000355e+00 -5.386050594803320239e-06
4.450000000000000178e+00 -5.141187316075158238e-06
4.500000000000000000e+00 -4.902597151153128114e-06
4.549999999999999822e+00 -4.670651256044883661e-06
4.600000000000000533e+00 -4.445651003968385544e-06
4.650000000000000355e+00 -4.227832420009561166e-06
4.700000000000000178e+00 -4.017370815949145706e-06
4.750000000000000000e+00 -3.814385545422339771e-06
4.800000000000000711e+00 -3.618944806150543479e-06
4.850000000000000533e+00 -3.431070423144258635e-06
4.900000000000000355e+00 -3.250742554376337642e-06
4.950000000000000178e+00 -3.077904268312368833e-06
5.000000000000000000e+00 -2.912465950699653032e-06
5.050000000000000711e+00 -2.754309505993706128e-06
5.100000000000000533e+00 -2.603292326579091895e-06
5.150000000000000355e+00 -2.459251010362197495e-06
5.200000000000000178e+00 -2.322004814233808469e-06
5.250000000000000000e+00 -2.191358837192471687e-06
5.300000000000000711e+00 -2.067106932482658670e-06
5.350000000000000533e+00 -1.949034352859826520e-06
5.400000000000000355e+00 -1.836920137002651459e-06
5.450000000000000178e+00 -1.730539248138866666e-06
5.500000000000000000e+00 -1.629664478155047198e-06
5.550000000000000711e+00 -1.534068131872196147e-06
5.600000000000000533e+00 -1.443523506865472600e-06
5.650000000000000355e+00 -1.357806184286419673e-06
5.700000000000000178e+00 -1.276695145725306539e-06
5.750000000000000000e+00 -1.199973730354140183e-06
5.800000000000000711e+00 -1.127430445545213513e-06
5.850000000000000533e+00 -1.058859642988241034e-06
5.900000000000000355e+00 -9.940620711439035827e-07
5.950000000000000178e+00 -9.328453137688067382e-07
6.000000000000000000e+00 -8.750241233015286253e-07
6.050000000000000711e+00 -8.204206571643364468e-07
6.100000000000000533e+00 -7.688612512837716039e-07
6.150000000000000355e+00 -7.201898016117443055e-07
6.200000000000000178e+00 -6.742480429064097818e-07
6.250000000000000000e+00 -6.308884360369828856e-07
6.300000000000000711e+00 -5.899708318513851399e-07
6.350000000000000533e+00 -5.513622813947005164e-07
6.400000000000000355e+00 -5.149368025810114740e-07
6.450000000000000178e+00 -4.805751119117325325e-07
6.500000000000000000e+00 -4.481643299563961680e-07
6.550000000000000711e+00 -4.175976692517718568e-07
6.600000000000000533e+00 -3.887741129967869896e-07
6.650000000000000355e+00 -3.615980924063546557e-07
6.700000000000000178e+00 -3.359791698371344389e-07
6.750000000000000000e+00 -3.118317338309709198e-07
6.800000000000000711e+00 -2.890747110728457566e-07
6.850000000000000533e+00 -2.676312989787560651e-07
6.900000000000000355e+00 -2.474287212750913191e-07
6.950000000000000178e+00 -2.283980075710610405e-07
7.000000000000000000e+00 -2.104737966274352191e-07
7.050000000000000711e+00 -1.935941618530759529e-07
7.100000000000000533e+00 -1.777004565731497633e-07
7.150000000000000355e+00 -1.627371758556593520e-07
7.200000000000000178e+00 -1.486518311879496187e-07
7.250000000000000000e+00 -1.353948340781459453e-07
7.300000000000000711e+00 -1.229193847162677432e-07
7.350000000000000533e+00 -1.111813621481821782e-07
7.400000000000000355e+00 -1.001392129586614166e-07
7.450000000000000178e+00 -8.975383618089104419e-08
7.500000000000000000e+00 -7.998846299249301169e-08
7.550000000000000711e+00 -7.080853065987336584e-08
7.600000000000000533e+00 -6.218155108935936174e-08
7.650000000000000355e+00 -5.407697517348861699e-08
7.700000000000000178e+00 -4.646605482859727977e-08
7.750000000000000000e+00 -3.932170516004471967e-08
7.800000000000000711e+00 -3.261824409287080298e-08
7.850000000000000533e+00 -2.633185875037488912e-08
7.900000000000000355e+00 -2.043944617098680070e-08
7.950000000000000178e+00 -1.491929358976654207e-08
8.000000000000000000e+00 -9.750761460411365018e-09
8.050000000000000711e+00 -4.914201649327562501e-09
8.099999999999999645e+00 -3.908906845190241310e-10
8.150000000000000355e+00 3.837022094674392322e-09
8.200000000000001066e+00 7.786552408529195057e-09
8.250000000000000000e+00 1.147390655468875240e-08
8.300000000000000711e+00 1.491449679286265549e-08
8.349999999999999645e+00 1.812294926119186363e-08
8.400000000000000355e+00 2.111310735594151476e-08
8.450000000000001066e+00 2.389803358001842406e-08
8.500000000000000000e+00 2.649001274445577651e-08
8.550000000000000711e+00 2.890055910189844098e-08
8.599999999999999645e+00 3.114048797004769370e-08
8.650000000000000355e+00 3.321965024693762933e-08
8.700000000000001066e+00 3.514751605252998837e-08
8.750000000000000000e+00 3.693268790898337536e-08
8.800000000000000711e+00 3.858317871288850413e-08
8.849999999999999645e+00 4.010643568372357058e-08
8.900000000000000355e+00 4.150939179893007875e-08
8.950000000000001066e+00 4.279852604942285649e-08
9.000000000000000000e+00 4.397992410495901862e-08
9.050000000000000711e+00 4.505933689575851879e-08
9.099999999999999645e+00 4.604223471658234083e-08
9.150000000000000355e+00 4.693385472428709508e-08
9.200000000000001066e+00 4.773924010871267383e-08
9.250000000000000000e+00 4.846326973880190784e-08
9.300000000000000711e+00 4.911067768376127362e-08
9.349999999999999645e+00 4.968606264044178241e-08
9.400000000000000355e+00 5.019388791948664312e-08
9.450000000000001066e+00 5.063847321205336338e-08
9.500000000000000000e+00 5.102397983795197063e-08
9.550000000000000711e+00 5.135439153409305812e-08
9.600000000000001421e+00 5.163349305657821241e-08
9.650000000000000355e+00 5.186501100567947676e-08
9.700000000000001066e+00 5.205178456783675212e-08
9.750000000000000000e+00 5.219737178166781502e-08
9.800000000000000711e+00 5.230442024219521889e-08
9.850000000000001421e+00 5.237547607910698478e-08
9.900000000000000355e+00 5.241282818387523467e-08
9.950000000000001066e+00 5.241852224732784447e-08
