0.000000000000000000e+00 -2.918145603622068762e+00
5.000000000000000278e-02 -5.828923493209259288e-02
1.000000000000000056e-01 -2.907585346886173983e-02
1.500000000000000222e-01 -1.930570145314265337e-02
2.000000000000000111e-01 -1.439414561588492000e-02
2.500000000000000000e-01 -1.142398257901467047e-02
3.000000000000000444e-01 -9.422219706614913190e-03
3.500000000000000333e-01 -7.971757452719151552e-03
4.000000000000000222e-01 -6.863680770921013266e-03
4.500000000000000111e-01 -5.981765525288614688e-03
5.000000000000000000e-01 -5.256554980644552628e-03
5.500000000000000444e-01 -4.643867886148026793e-03
6.000000000000000888e-01 -4.114065356621482428e-03
6.500000000000000222e-01 -3.647045888652453941e-03
7.000000000000000666e-01 -3.228768565692174443e-03
7.500000000000000000e-01 -2.848786542202360553e-03
8.000000000000000444e-01 -2.499980830313455315e-03
8.500000000000000888e-01 -2.176492814149450904e-03
9.000000000000000222e-01 -1.874977835226727084e-03
9.500000000000000666e-01 -1.591673559241662140e-03
1.000000000000000000e+00 -1.325251678578956427e-03
1.050000000000000044e+00 -1.074172411114784767e-03
1.100000000000000089e+00 -8.370647703782753803e-04
1.150000000000000133e+00 -6.137647289697649097e-04
1.200000000000000178e+00 -4.039680519859270569e-04
1.250000000000000000e+00 -2.070375962645896269e-04
1.300000000000000044e+00 -2.342158255995752361e-05
1.350000000000000089e+00 1.469900279774472907e-04
1.400000000000000133e+00 3.040831356117953618e-04
1.450000000000000178e+00 4.478225250852189672e-04
1.500000000000000000e+00 5.779302612862747797e-04
1.550000000000000044e+00 6.945050269434635114e-04
1.600000000000000089e+00 7.975723145720894870e-04
1.650000000000000133e+00 8.871328526119224732e-04
1.700000000000000178e+00 9.631415887803046081e-04
1.750000000000000000e+00 1.026380263647032288e-03
1.800000000000000044e+00 1.076932357108574762e-03
1.850000000000000089e+00 1.115184310207530203e-03
1.900000000000000133e+00 1.141750801676956776e-03
1.950000000000000178e+00 1.157088362879240672e-03
2.000000000000000000e+00 1.162123138136126168e-03
2.050000000000000266e+00 1.157381898875852301e-03
2.100000000000000089e+00 1.143910564808167185e-03
2.149999999999999911e+00 1.122426588017145328e-03
2.200000000000000178e+00 1.093853123066964488e-03
2.250000000000000000e+00 1.059018318551639172e-03
2.300000000000000266e+00 1.018785484537448709e-03
2.350000000000000089e+00 9.741797909455437998e-04
2.400000000000000355e+00 9.260796005246519323e-04
2.450000000000000178e+00 8.752877470674562746e-04
2.500000000000000000e+00 8.225913496790709760e-04
2.550000000000000266e+00 7.688634509608325337e-04
2.600000000000000089e+00 7.146290676767353550e-04
2.650000000000000355e+00 6.606454765804337147e-04
2.700000000000000178e+00 6.074879768531957517e-04
2.750000000000000000e+00 5.556473296779557668e-04
2.800000000000000266e+00 5.055076764168285651e-04
2.850000000000000089e+00 4.575477007795311266e-04
2.900000000000000355e+00 4.120838577145078080e-04
2.950000000000000178e+00 3.691630940839769263e-04
3.000000000000000000e+00 3.290957632756972098e-04
3.050000000000000266e+00 2.919595154878555274e-04
3.100000000000000089e+00 2.577934045123730640e-04
3.150000000000000355e+00 2.265763237655126709e-04
3.200000000000000178e+00 1.983562565542002572e-04
3.250000000000000000e+00 1.728575087723550853e-04
3.300000000000000266e+00 1.501273382972624713e-04
3.350000000000000089e+00 1.299722548258551956e-04
3.400000000000000355e+00 1.121976134108268090e-04
3.450000000000000178e+00 9.664087569816244452e-05
3.500000000000000000e+00 8.310416761714112352e-05
3.550000000000000266e+00 7.138990293586510523e-05
3.600000000000000089e+00 6.133197453533049829e-05
3.650000000000000355e+00 5.274276829980517552e-05
3.700000000000000178e+00 4.539629493067658475e-05
3.750000000000000000e+00 3.913849113547468689e-05
3.800000000000000266e+00 3.378631552575150020e-05
3.850000000000000089e+00 2.924187768191490163e-05
3.900000000000000355e+00 2.534887056643001898e-05
3.950000000000000178e+00 2.193441405214177568e-05
4.000000000000000000e+00 1.897566522315874415e-05
4.049999999999999822e+00 1.635637942033285695e-05
4.100000000000000533e+00 1.396796807474322731e-05
4.150000000000000355e+00 1.177420563751888717e-05
4.200000000000000178e+00 9.716803123243512101e-06
4.250000000000000000e+00 7.780504971007988171e-06
4.299999999999999822e+00 5.927566757106490902e-06
4.350000000000000533e+00 4.107552324670577903e-06
4.400000000000000355e+00 2.336746420126298800e-06
4.450000000000000178e+00 5.754173100453709324e-07
4.500000000000000000e+00 -1.127297150439564175e-06
4.549999999999999822e+00 -2.806680836091727843e-06
4.600000000000000533e+00 -4.474717537377938579e-06
4.650000000000000355e+00 -6.088101209723402387e-06
4.700000000000000178e+00 -7.659817160305139712e-06
4.750000000000000000e+00 -9.178904214244309445e-06
4.800000000000000711e+00 -1.064794281164194903e-05
4.850000000000000533e+00 -1.203756927807115363e-05
4.900000000000000355e+00 -1.337326999263176622e-05
4.950000000000000178e+00 -1.462671745472196014e-05
5.000000000000000000e+00 -1.581056182966186075e-05
5.050000000000000711e+00 -1.689216944989797463e-05
5.100000000000000533e+00 -1.789929473165934859e-05
5.150000000000000355e+00 -1.882924796815920875e-05
5.200000000000000178e+00 -1.965131441899495518e-05
5.250000000000000000e+00 -2.039504259606143393e-05
5.300000000000000711e+00 -2.105538201266162718e-05
5.350000000000000533e+00 -2.161418934966221787e-05
5.400000000000000355e+00 -2.209684670174443590e-05
5.450000000000000178e+00 -2.249074524842261809e-05
5.500000000000000000e+00 -2.280462707224850094e-05
5.550000000000000711e+00 -2.304929108137587665e-05
5.600000000000000533e+00 -2.321503127369172598e-05
5.650000000000000355e+00 -2.329522978697839210e-05
5.700000000000000178e+00 -2.332237067952456214e-05
5.750000000000000000e+00 -2.326522210586496513e-05
5.800000000000000711e+00 -2.316008790513787922e-05
5.850000000000000533e+00 -2.299502255544186473e-05
5.900000000000000355e+00 -2.277590438708868080e-05
5.950000000000000178e+00 -2.250946080100653466e-05
6.000000000000000000e+00 -2.219546000365684292e-05
6.050000000000000711e+00 -2.184683050484623705e-05
6.100000000000000533e+00 -2.146830716951904654e-05
6.150000000000000355e+00 -2.105699059352235359e-05
6.200000000000000178e+00 -2.062064864500158114e-05
6.250000000000000000e+00 -2.016667256176835573e-05
6.300000000000000711e+00 -1.970209478018145725e-05
6.350000000000000533e+00 -1.922156358763905593e-05
6.400000000000000355e+00 -1.874182759152642896e-05
6.450000000000000178e+00 -1.825533121681373872e-05
6.500000000000000000e+00 -1.776939797638146291e-05
6.550000000000000711e+00 -1.729384002512085567e-05
6.600000000000000533e+00 -1.681826067844552859e-05
6.650000000000000355e+00 -1.635411723825167541e-05
6.700000000000000178e+00 -1.590313963246667113e-05
6.750000000000000000e+00 -1.545704088394872407e-05
6.800000000000000711e+00 -1.502933887381527442e-05
6.850000000000000533e+00 -1.461174990608176725e-05
6.900000000000000355e+00 -1.420682119336099124e-05
6.950000000000000178e+00 -1.381353288487243486e-05
7.000000000000000000e+00 -1.343768124427039181e-05
7.050000000000000711e+00 -1.306886955555079855e-05
7.100000000000000533e+00 -1.271620184643611231e-05
7.150000000000000355e+00 -1.237445194444965678e-05
7.200000000000000178e+00 -1.204185836434059958e-05
7.250000000000000000e+00 -1.172071539940560165e-05
7.300000000000000711e+00 -1.140926214311682000e-05
7.350000000000000533e+00 -1.110736605025879656e-05
7.400000000000000355e+00 -1.081489159914549158e-05
7.450000000000000178e+00 -1.053170126645819701e-05
7.500000000000000000e+00 -1.025765636918602673e-05
7.550000000000000711e+00 -9.994100967905175371e-06
7.600000000000000533e+00 -9.737179815693168427e-06
7.650000000000000355e+00 -9.487556231269285071e-06
7.700000000000000178e+00 -9.249439714421233482e-06
7.750000000000000000e+00 -9.019762818476766928e-06
7.800000000000000711e+00 -8.794190866158528271e-06
7.850000000000000533e+00 -8.582422208751531962e-06
7.900000000000000355e+00 -8.375922804899950334e-06
7.950000000000000178e+00 -8.179389689326743978e-06
8.000000000000000000e+00 -7.991283488527808538e-06
8.050000000000000711e+00 -7.808140019209655318e-06
8.099999999999999645e+00 -7.633841084510793086e-06
8.150000000000000355e+00 -7.466265875852105800e-06
8.200000000000001066e+00 -7.303377998412887321e-06
8.250000000000000000e+00 -7.146389755660583302e-06
8.300000000000000711e+00 -6.993948014771476727e-06
8.349999999999999645e+00 -6.845680815281900107e-06
8.400000000000000355e+00 -6.702146191236513745e-06
8.450000000000001066e+00 -6.561141286883385702e-06
8.500000000000000000e+00 -6.423853975669416954e-06
8.550000000000000711e+00 -6.287851902060627003e-06
8.599999999999999645e+00 -6.154034903557735569e-06
8.650000000000000355e+00 -6.021807555240313490e-06
8.700000000000001066e+00 -5.890308452008170392e-06
8.750000000000000000e+00 -5.762131365107905668e-06
8.800000000000000711e+00 -5.636659189983509271e-06
8.849999999999999645e+00 -5.510784418543266441e-06
8.900000000000000355e+00 -5.388438176693651734e-06
8.950000000000001066e+00 -5.267371589055762638e-06
9.000000000000000000e+00 -5.148678009571069290e-06
9.050000000000000711e+00 -5.033139718217620141e-06
9.099999999999999645e+00 -4.920711367948474887e-06
9.150000000000000355e+00 -4.810823316431592979e-06
9.200000000000001066e+00 -4.704751846229243814e-06
9.250000000000000000e+00 -4.602175524911244295e-06
9.300000000000000711e+00 -4.502018150940625252e-06
9.349999999999999645e+00 -4.407798544825291493e-06
9.400000000000000355e+00 -4.315381430944144414e-06
9.450000000000001066e+00 -4.225999490383014236e-06
9.500000000000000000e+00 -4.141082861554859543e-06
9.550000000000000711e+00 -4.058352536541461320e-06
9.600000000000001421e+00 -3.979231029898296822e-06
9.650000000000000355e+00 -3.902934438882108715e-06
9.700000000000001066e+00 -3.827758292534424337e-06
9.750000000000000000e+00 -3.754169697820556886e-06
9.800000000000000711e+00 -3.683081115289186939e-06
9.850000000000001421e+00 -3.613066843191225181e-06
9.900000000000000355e+00 -3.543891871119100789e-06
9.950000000000001066e+00 -3.475554202930958572e-06
1.000000000000000000e+01 -3.408946679626934095e-06
1.005000000000000071e+01 -3.340933162533783092e-06
1.010000000000000142e+01 -3.275529084827429920e-06
1.015000000000000036e+01 -3.209847622783879775e-06
1.020000000000000107e+01 -3.145209818961974696e-06
1.025000000000000000e+01 -3.081391104702457308e-06
1.030000000000000071e+01 -3.019024225259966182e-06
1.035000000000000142e+01 -2.955984880968758302e-06
1.040000000000000036e+01 -2.895854820456892214e-06
1.045000000000000107e+01 -2.837543449003150857e-06
1.050000000000000000e+01 -2.780203075779824176e-06
1.055000000000000071e+01 -2.724437849897821984e-06
1.060000000000000142e+01 -2.671435769178213617e-06
1.065000000000000036e+01 -2.619548216127926607e-06
1.070000000000000107e+01 -2.569360468274912673e-06
1.075000000000000000e+01 -2.522419223311813730e-06
1.080000000000000071e+01 -2.477103765679099314e-06
1.085000000000000142e+01 -2.432425305085358891e-06
1.090000000000000036e+01 -2.391257516338661059e-06
1.095000000000000107e+01 -2.347827719519463348e-06
1.100000000000000000e+01 -1.083872132981208019e-09
1.105000000000000071e+01 -2.139202156462020557e-08
1.110000000000000142e+01 -4.131523461570045883e-08
1.115000000000000036e+01 -6.104434247463827072e-08
1.120000000000000107e+01 -8.021768991985907404e-08
1.125000000000000000e+01 -9.866607964566600500e-08
1.130000000000000071e+01 -1.169425567305245789e-07
1.135000000000000142e+01 -1.348715966173283142e-07
1.140000000000000036e+01 -1.517545166841466214e-07
1.145000000000000107e+01 -1.679643231152246064e-07
1.150000000000000000e+01 -1.845562072206992104e-07
1.155000000000000071e+01 -1.999705341492675752e-07
1.160000000000000142e+01 -2.152579649655799027e-07
1.165000000000000036e+01 -2.302505520386575822e-07
1.170000000000000107e+01 -2.444495499623813120e-07
1.175000000000000000e+01 -2.585390444275681604e-07
1.180000000000000071e+01 -2.720238832565539715e-07
1.185000000000000142e+01 -2.849988521730604140e-07
1.190000000000000036e+01 -2.978816781393839468e-07
1.195000000000000107e+01 -3.102691779315152365e-07
1.200000000000000000e+01 -3.221715368924602165e-07
1.205000000000000071e+01 -3.337578743127386554e-07
1.210000000000000142e+01 -3.455081399650925059e-07
