0.000000000000000000e+00 0.000000000000000000e+00
5.000000000000000278e-02 -1.412951749284096034e-13
1.000000000000000056e-01 -4.510224177595706624e-12
1.500000000000000222e-01 -3.410792677968066148e-11
2.000000000000000111e-01 -1.428990313309427187e-10
2.500000000000000000e-01 -4.328506178861323765e-10
3.000000000000000444e-01 -1.067284347551674014e-09
3.500000000000000333e-01 -2.282052541010275114e-09
4.000000000000000222e-01 -4.394109405393959216e-09
4.500000000000000111e-01 -7.807121406760696715e-09
5.000000000000000000e-01 -1.301384420966454988e-08
5.500000000000000444e-01 -2.059508561018978413e-08
6.000000000000000888e-01 -3.121517217504202587e-08
6.500000000000000222e-01 -4.561393935724941126e-08
7.000000000000000666e-01 -6.459536801995842746e-08
7.500000000000000000e-01 -8.901309179439878672e-08
8.000000000000000444e-01 -1.197530967219989244e-07
8.500000000000000888e-01 -1.577140244158942753e-07
9.000000000000000222e-01 -2.037855698679686577e-07
9.500000000000000666e-01 -2.588255325589911754e-07
1.000000000000000000e+00 -3.236361325053551586e-07
1.050000000000000044e+00 -3.989402394455752937e-07
1.100000000000000089e+00 -4.853581820978566271e-07
1.150000000000000133e+00 -5.833858043492724052e-07
1.200000000000000178e+00 -6.933744159380467917e-07
1.250000000000000000e+00 -8.155132467981012805e-07
1.300000000000000044e+00 -9.498149574677133176e-07
1.350000000000000089e+00 -1.096104684124063671e-06
1.400000000000000133e+00 -1.254013007758768984e-06
1.450000000000000178e+00 -1.422973135145745815e-06
1.500000000000000000e+00 -1.602222467424223917e-06
1.550000000000000044e+00 -1.790808613560916313e-06
1.600000000000000089e+00 -1.987599784186217964e-06
1.650000000000000133e+00 -2.191299380013809564e-06
1.700000000000000178e+00 -2.400464471997383104e-06
1.750000000000000000e+00 -2.613527761223752073e-06
1.800000000000000044e+00 -2.828822508755319436e-06
1.850000000000000089e+00 -3.044609842355327734e-06
1.900000000000000133e+00 -3.259107780950279182e-06
1.950000000000000178e+00 -3.470521270952666775e-06
2.000000000000000000e+00 -3.677072502701074672e-06
2.050000000000000266e+00 -3.877030771100151720e-06
2.100000000000000089e+00 -4.068741162158434683e-06
2.149999999999999911e+00 -4.250651385890580562e-06
2.200000000000000178e+00 -4.421336134617151086e-06
2.250000000000000000e+00 -4.579518422034825827e-06
2.300000000000000266e+00 -4.724087449919124672e-06
2.350000000000000089e+00 -4.854112652835167265e-06
2.400000000000000355e+00 -4.968853683258155943e-06
2.450000000000000178e+00 -5.067766216276104207e-06
2.500000000000000000e+00 -5.150503570680687637e-06
2.550000000000000266e+00 -5.216914257893133904e-06
2.600000000000000089e+00 -5.267035678138886899e-06
2.650000000000000355e+00 -5.301084281199706649e-06
2.700000000000000178e+00 -5.319442593985422118e-06
2.750000000000000000e+00 -5.322643586659174598e-06
2.800000000000000266e+00 -5.311352901309863094e-06
2.850000000000000089e+00 -5.286349501049093601e-06
2.900000000000000355e+00 -5.248505312464731846e-06
2.950000000000000178e+00 -5.198764430829922064e-06
3.000000000000000000e+00 -5.138122436247680537e-06
3.050000000000000266e+00 -5.067606331520108483e-06
3.100000000000000089e+00 -4.988255561010441592e-06
3.150000000000000355e+00 -4.901104506593699376e-06
3.200000000000000178e+00 -4.807166784766403146e-06
3.250000000000000000e+00 -4.707421591107300542e-06
3.300000000000000266e+00 -4.602802257623257256e-06
3.350000000000000089e+00 -4.494187108100693082e-06
3.400000000000000355e+00 -4.382392619268955169e-06
3.450000000000000178e+00 -4.268168823948206104e-06
3.500000000000000000e+00 -4.152196828617240279e-06
3.550000000000000266e+00 -4.035088263774962310e-06
3.600000000000000089e+00 -3.917386442376724380e-06
3.650000000000000355e+00 -3.799568970283659791e-06
3.700000000000000178e+00 -3.682051533333434224e-06
3.750000000000000000e+00 -3.565192578091115915e-06
3.800000000000000266e+00 -3.449298606877309269e-06
3.850000000000000089e+00 -3.334629821205913162e-06
3.900000000000000355e+00 -3.221405869874381300e-06
3.950000000000000178e+00 -3.109811486969163891e-06
4.000000000000000000e+00 -3.000001839153454071e-06
4.049999999999999822e+00 -2.892107438902338586e-06
4.100000000000000533e+00 -2.786238518972039199e-06
4.150000000000000355e+00 -2.682488801567817932e-06
4.200000000000000178e+00 -2.580938631816416715e-06
4.250000000000000000e+00 -2.481657477894751510e-06
4.299999999999999822e+00 -2.384705828434758908e-06
4.350000000000000533e+00 -2.290136540839626372e-06
4.400000000000000355e+00 -2.197995711450090194e-06
4.450000000000000178e+00 -2.108323149945718436e-06
