0.000000000000000000e+00 1.621113754167495535e-02
5.000000000000000278e-02 1.843617791638783171e-02
1.000000000000000056e-01 1.808184112388319317e-02
1.500000000000000222e-01 1.745267987400934279e-02
2.000000000000000111e-01 1.660208860375399914e-02
2.500000000000000000e-01 1.553082298044739136e-02
3.000000000000000444e-01 1.424555821556963350e-02
3.500000000000000333e-01 1.280142962727076790e-02
4.000000000000000222e-01 1.116067121523268285e-02
4.500000000000000111e-01 9.398643293513029781e-03
5.000000000000000000e-01 7.506092401856715238e-03
5.500000000000000444e-01 5.534178145380917214e-03
6.000000000000000888e-01 3.497397225621350775e-03
6.500000000000000222e-01 1.429247895565843298e-03
7.000000000000000666e-01 -6.486454765040640651e-04
7.500000000000000000e-01 -2.704486947552584442e-03
8.000000000000000444e-01 -4.715503219342913853e-03
8.500000000000000888e-01 -6.655900287739857299e-03
9.000000000000000222e-01 -8.508584112669366484e-03
9.500000000000000666e-01 -1.024876084343197963e-02
1.000000000000000000e+00 -1.185826602613081898e-02
1.050000000000000044e+00 -1.332268987865245329e-02
1.100000000000000089e+00 -1.463156988221268710e-02
1.150000000000000133e+00 -1.577397201268375057e-02
1.200000000000000178e+00 -1.674165773685556621e-02
1.250000000000000000e+00 -1.753348081834360875e-02
1.300000000000000044e+00 -1.814549468780859293e-02
1.350000000000000089e+00 -1.858168007780409969e-02
1.400000000000000133e+00 -1.884036848445230783e-02
1.450000000000000178e+00 -1.893044191404506110e-02
1.500000000000000000e+00 -1.886154224935617657e-02
1.550000000000000044e+00 -1.863910281845687286e-02
1.600000000000000089e+00 -1.827666751154589930e-02
1.650000000000000133e+00 -1.778251536498207802e-02
1.700000000000000178e+00 -1.717197551226727625e-02
1.750000000000000000e+00 -1.645972167386301060e-02
1.800000000000000044e+00 -1.565622335993106795e-02
1.850000000000000089e+00 -1.477782022613230613e-02
1.900000000000000133e+00 -1.383722534657497866e-02
1.950000000000000178e+00 -1.284797891025394635e-02
2.000000000000000000e+00 -1.182229188677330622e-02
2.050000000000000266e+00 -1.077892685826559172e-02
2.100000000000000089e+00 -9.721217690498672875e-03
2.149999999999999911e+00 -8.667730675030937623e-03
2.200000000000000178e+00 -7.620916825172906715e-03
2.250000000000000000e+00 -6.597702751336786617e-03
2.300000000000000266e+00 -5.602499884633660096e-03
2.350000000000000089e+00 -4.642927710970962477e-03
2.400000000000000355e+00 -3.726968849774813224e-03
2.450000000000000178e+00 -2.858195920298568695e-03
2.500000000000000000e+00 -2.041503609971431071e-03
2.550000000000000266e+00 -1.280016746876952785e-03
2.600000000000000089e+00 -5.773658660640298848e-04
2.650000000000000355e+00 6.624664599314184811e-05
2.700000000000000178e+00 6.493653529166050660e-04
2.750000000000000000e+00 1.172187911963312040e-03
2.800000000000000266e+00 1.633147414091395229e-03
2.850000000000000089e+00 2.038442359542183037e-03
2.900000000000000355e+00 2.383816180764773349e-03
2.950000000000000178e+00 2.675543889534656283e-03
3.000000000000000000e+00 2.914524062099737179e-03
3.050000000000000266e+00 3.104086022681447690e-03
3.100000000000000089e+00 3.247360529630638742e-03
3.150000000000000355e+00 3.347647949959946679e-03
3.200000000000000178e+00 3.407944789444478529e-03
3.250000000000000000e+00 3.433744823304100101e-03
3.300000000000000266e+00 3.426081165719765259e-03
3.350000000000000089e+00 3.390454783455965244e-03
3.400000000000000355e+00 3.330116363773768639e-03
3.450000000000000178e+00 3.246456813413546149e-03
3.500000000000000000e+00 3.149142690381528595e-03
3.550000000000000266e+00 3.031057773282672466e-03
3.600000000000000089e+00 2.904320450825146911e-03
3.650000000000000355e+00 2.769097125939221169e-03
3.700000000000000178e+00 2.625075775766077396e-03
3.750000000000000000e+00 2.478018111954146709e-03
3.800000000000000266e+00 2.328419383891670597e-03
3.850000000000000089e+00 2.178508989359161010e-03
3.900000000000000355e+00 2.029900089128799240e-03
3.950000000000000178e+00 1.884011175966027879e-03
4.000000000000000000e+00 1.741724947167816668e-03
4.049999999999999822e+00 1.605074693027951820e-03
4.100000000000000533e+00 1.472253937863045445e-03
4.150000000000000355e+00 1.347471190561424972e-03
4.200000000000000178e+00 1.228235058726507428e-03
4.250000000000000000e+00 1.116187866562756920e-03
4.299999999999999822e+00 1.011085937977304876e-03
4.350000000000000533e+00 9.130914642246513307e-04
4.400000000000000355e+00 8.221427980778125933e-04
4.450000000000000178e+00 7.378934275846969152e-04
4.500000000000000000e+00 6.611284957887739438e-04
4.549999999999999822e+00 5.894077952891571374e-04
4.600000000000000533e+00 5.243030661535580525e-04
4.650000000000000355e+00 4.671681025691879082e-04
4.700000000000000178e+00 4.121158219462851846e-04
4.750000000000000000e+00 3.650336549719433396e-04
4.800000000000000711e+00 3.186861925795068571e-04
4.850000000000000533e+00 2.862339232818455039e-04
4.900000000000000355e+00 2.450831007650144944e-04
4.950000000000000178e+00 2.172777336580175166e-04
5.000000000000000000e+00 1.889812340369450552e-04
5.050000000000000711e+00 1.648898086595892011e-04
5.100000000000000533e+00 1.434446742709729087e-04
5.150000000000000355e+00 1.244095949146413070e-04
5.200000000000000178e+00 1.086000750831211546e-04
5.250000000000000000e+00 9.267992661429250959e-05
5.300000000000000711e+00 8.146555840404459551e-05
5.350000000000000533e+00 6.984236857059575548e-05
5.400000000000000355e+00 6.045941815427932143e-05
5.450000000000000178e+00 5.204948029540194983e-05
5.500000000000000000e+00 4.497226877332057807e-05
5.550000000000000711e+00 3.874224599265495956e-05
5.600000000000000533e+00 3.338033255609999681e-05
5.650000000000000355e+00 2.874975942156750665e-05
5.700000000000000178e+00 2.470629318144650731e-05
5.750000000000000000e+00 2.137289733077102637e-05
5.800000000000000711e+00 1.788592983558806200e-05
5.850000000000000533e+00 1.624535267534320493e-05
5.900000000000000355e+00 1.335023498348956138e-05
5.950000000000000178e+00 1.117954772712206114e-05
6.000000000000000000e+00 9.983146569422494975e-06
6.050000000000000711e+00 8.401746093941351527e-06
6.100000000000000533e+00 7.147354790718920132e-06
6.150000000000000355e+00 6.009041901447845629e-06
6.200000000000000178e+00 5.338005927521859938e-06
6.250000000000000000e+00 4.051417770954093420e-06
6.300000000000000711e+00 3.674921583001183099e-06
6.350000000000000533e+00 3.739502785694199178e-06
6.400000000000000355e+00 1.589031040721475873e-06
6.450000000000000178e+00 2.508665673290644219e-06
6.500000000000000000e+00 1.724273921538364086e-06
6.550000000000000711e+00 1.694033868254614118e-06
6.600000000000000533e+00 9.696169658948719106e-07
6.650000000000000355e+00 8.822375562503093194e-07
6.700000000000000178e+00 6.748775883701617666e-07
6.750000000000000000e+00 4.715219206037775847e-07
6.800000000000000711e+00 2.935141800529470318e-07
6.850000000000000533e+00 1.303474412806457397e-07
6.900000000000000355e+00 -1.195129758054154507e-08
6.950000000000000178e+00 -1.561804088642822544e-07
7.000000000000000000e+00 -9.468915449999478249e-07
7.050000000000000711e+00 -8.778318963079433429e-07
7.100000000000000533e+00 -8.137948928377822301e-07
7.150000000000000355e+00 -7.544123589058701529e-07
7.200000000000000178e+00 -6.993456007756291807e-07
7.250000000000000000e+00 -6.482755249975441852e-07
7.300000000000000711e+00 -6.009287739701033580e-07
7.350000000000000533e+00 -5.570267865460628647e-07
7.400000000000000355e+00 -5.163157056974087505e-07
7.450000000000000178e+00 -4.785756289774537441e-07
7.500000000000000000e+00 -4.435830112471482486e-07
7.550000000000000711e+00 -4.111411935069368318e-07
7.600000000000000533e+00 -3.810608464972301484e-07
7.650000000000000355e+00 -3.531788782815372839e-07
