0.000000000000000000e+00 -2.693073184627822747e-02
5.000000000000000278e-02 -2.693072628409192218e-02
1.000000000000000056e-01 -2.693062207319037865e-02
1.500000000000000222e-01 -2.693015792844567421e-02
2.000000000000000111e-01 -2.692890264775815723e-02
2.500000000000000000e-01 -2.692626145247475206e-02
3.000000000000000444e-01 -2.692148472672597007e-02
3.500000000000000333e-01 -2.691367902133715712e-02
4.000000000000000222e-01 -2.690182015366703733e-02
4.500000000000000111e-01 -2.688476820337393561e-02
5.000000000000000000e-01 -2.686128417623733985e-02
5.500000000000000444e-01 -2.683004808423292489e-02
6.000000000000000888e-01 -2.678967817046016761e-02
6.500000000000000222e-01 -2.673875099254947874e-02
7.000000000000000666e-01 -2.667582206804302095e-02
7.500000000000000000e-01 -2.659944678006556304e-02
8.000000000000000444e-01 -2.650820124140035663e-02
8.500000000000000888e-01 -2.640070281978961972e-02
9.000000000000000222e-01 -2.627563003672769154e-02
9.500000000000000666e-01 -2.613174156595880412e-02
1.000000000000000000e+00 -2.596789407600630720e-02
1.050000000000000044e+00 -2.578305868294451103e-02
1.100000000000000089e+00 -2.557633580482313734e-02
1.150000000000000133e+00 -2.534696823715319042e-02
1.200000000000000178e+00 -2.509435229911416432e-02
1.250000000000000000e+00 -2.481804693206717330e-02
1.300000000000000044e+00 -2.451778066496267117e-02
1.350000000000000089e+00 -2.419345639471894363e-02
1.400000000000000133e+00 -2.384515396302955281e-02
1.450000000000000178e+00 -2.347313054376573560e-02
1.500000000000000000e+00 -2.307781888663580291e-02
1.550000000000000044e+00 -2.265982349255007272e-02
1.600000000000000089e+00 -2.221991482376633326e-02
1.650000000000000133e+00 -2.175902167696520603e-02
1.700000000000000178e+00 -2.127822186959298437e-02
1.750000000000000000e+00 -2.077873140884519548e-02
1.800000000000000044e+00 -2.026189232834888637e-02
1.850000000000000089e+00 -1.972915938980441403e-02
1.900000000000000133e+00 -1.918208585550797152e-02
1.950000000000000178e+00 -1.862230854280097145e-02
2.000000000000000000e+00 -1.805153237314921846e-02
2.050000000000000266e+00 -1.747151462687547563e-02
2.100000000000000089e+00 -1.688404910973500747e-02
2.149999999999999911e+00 -1.629095042976643967e-02
2.200000000000000178e+00 -1.569403857244379419e-02
2.250000000000000000e+00 -1.509512394940343977e-02
2.300000000000000266e+00 -1.449599308125556346e-02
2.350000000000000089e+00 -1.389839505856359583e-02
2.400000000000000355e+00 -1.330402890734568716e-02
2.450000000000000178e+00 -1.271453196678600656e-02
2.500000000000000000e+00 -1.213146936759619716e-02
2.550000000000000266e+00 -1.155632467998957483e-02
2.600000000000000089e+00 -1.099049178085217786e-02
2.650000000000000355e+00 -1.043526797072559173e-02
2.700000000000000178e+00 -9.891848352938527322e-03
2.750000000000000000e+00 -9.361321469889898397e-03
2.800000000000000266e+00 -8.844666175314083723e-03
2.850000000000000089e+00 -8.342749706534135015e-03
2.900000000000000355e+00 -7.856326907377478991e-03
2.950000000000000178e+00 -7.386040540704128139e-03
3.000000000000000000e+00 -6.932422619453608784e-03
3.050000000000000266e+00 -6.495896676796260663e-03
3.100000000000000089e+00 -6.076780889383712018e-03
3.150000000000000355e+00 -5.675291962810850854e-03
3.200000000000000178e+00 -5.291549685176040463e-03
3.250000000000000000e+00 -4.925582052983240589e-03
3.300000000000000266e+00 -4.577330873472100319e-03
3.350000000000000089e+00 -4.246657748675740363e-03
3.400000000000000355e+00 -3.933350348962053218e-03
3.450000000000000178e+00 -3.637128887373883030e-03
3.500000000000000000e+00 -3.357652710599296451e-03
3.550000000000000266e+00 -3.094526927725288305e-03
3.600000000000000089e+00 -2.847309003905196170e-03
3.650000000000000355e+00 -2.615515252552884102e-03
3.700000000000000178e+00 -2.398627166520629281e-03
3.750000000000000000e+00 -2.196097535785233174e-03
3.800000000000000266e+00 -2.007356306329284926e-03
3.850000000000000089e+00 -1.831816142043132681e-03
3.900000000000000355e+00 -1.668877658481023865e-03
3.950000000000000178e+00 -1.517934304087588523e-03
4.000000000000000000e+00 -1.378376870986252906e-03
4.049999999999999822e+00 -1.249597623521189402e-03
4.100000000000000533e+00 -1.130994038412942932e-03
4.150000000000000355e+00 -1.021972155582548912e-03
4.200000000000000178e+00 -9.219495433889557173e-04
4.250000000000000000e+00 -8.303578861909824589e-04
4.299999999999999822e+00 -7.466452057792212363e-04
4.350000000000000533e+00 -6.702777313269515187e-04
4.400000000000000355e+00 -6.007414350916611724e-04
4.450000000000000178e+00 -5.375432531779305786e-04
4.500000000000000000e+00 -4.802120122719184423e-04
4.549999999999999822e+00 -4.282990844063123840e-04
4.600000000000000533e+00 -3.813787925458526559e-04
4.650000000000000355e+00 -3.390485901332582295e-04
4.700000000000000178e+00 -3.009290377420862218e-04
4.750000000000000000e+00 -2.666635996861070244e-04
4.800000000000000711e+00 -2.359182828737669180e-04
4.850000000000000533e+00 -2.083811394108069234e-04
4.900000000000000355e+00 -1.837616534820099372e-04
4.950000000000000178e+00 -1.617900319212585588e-04
5.000000000000000000e+00 -1.422164166418910403e-04
5.050000000000000711e+00 -1.248100357790156477e-04
5.100000000000000533e+00 -1.093583090213211246e-04
5.150000000000000355e+00 -9.566592120861600794e-05
5.200000000000000178e+00 -8.355387686645092762e-05
5.250000000000000000e+00 -7.285854696131850814e-05
5.300000000000000711e+00 -6.343071780683596421e-05
5.350000000000000533e+00 -5.513465074767336934e-05
5.400000000000000355e+00 -4.784716000602000764e-05
5.450000000000000178e+00 -4.145671490433101001e-05
5.500000000000000000e+00 -3.586257158528706631e-05
5.550000000000000711e+00 -3.097393833999682509e-05
5.600000000000000533e+00 -2.670917773150382178e-05
5.650000000000000355e+00 -2.299504786380414655e-05
5.700000000000000178e+00 -1.976598439638174238e-05
5.750000000000000000e+00 -1.696342423920916168e-05
5.800000000000000711e+00 -1.453517128038555604e-05
5.850000000000000533e+00 -1.243480399456260672e-05
5.900000000000000355e+00 -1.062112435068704734e-05
5.950000000000000178e+00 -9.057647077525596535e-06
