0.000000000000000000e+00 0.000000000000000000e+00
5.000000000000000278e-02 -3.945208448843693847e-08
1.000000000000000056e-01 -3.150535721768066854e-07
1.500000000000000222e-01 -1.060145029372799099e-06
2.000000000000000111e-01 -2.502480465643017377e-06
2.500000000000000000e-01 -4.861511557838490889e-06
3.000000000000000444e-01 -8.345764064762264300e-06
3.500000000000000333e-01 -1.315033581014669107e-05
4.000000000000000222e-01 -1.945454445491497382e-05
4.500000000000000111e-01 -2.741975183774950062e-05
5.000000000000000000e-01 -3.718738993933762982e-05
5.500000000000000444e-01 -4.887721152549298289e-05
6.000000000000000888e-01 -6.258578625490394173e-05
6.500000000000000222e-01 -7.838526050833150255e-05
7.000000000000000666e-01 -9.632239642049196320e-05
7.500000000000000000e-01 -1.164179025899570867e-04
8.000000000000000444e-01 -1.386660657264929773e-04
8.500000000000000888e-01 -1.630346890939961908e-04
9.000000000000000222e-01 -1.894653400498961355e-04
9.500000000000000666e-01 -2.178739053027515117e-04
1.000000000000000000e+00 -2.481514487478673190e-04
1.050000000000000044e+00 -2.801653629400236009e-04
1.100000000000000089e+00 -3.137608014712915195e-04
1.150000000000000133e+00 -3.487623757929865921e-04
1.200000000000000178e+00 -3.849760964100465942e-04
1.250000000000000000e+00 -4.221915349420903366e-04
1.300000000000000044e+00 -4.601841803481720897e-04
1.350000000000000089e+00 -4.987179597121850234e-04
1.400000000000000133e+00 -5.375478914422170086e-04
1.450000000000000178e+00 -5.764228366066304803e-04
1.500000000000000000e+00 -6.150883124646722632e-04
1.550000000000000044e+00 -6.532893310967054310e-04
1.600000000000000089e+00 -6.907732254379291698e-04
1.650000000000000133e+00 -7.272924250000391104e-04
1.700000000000000178e+00 -7.626071441476400033e-04
1.750000000000000000e+00 -7.964879469887899219e-04
1.800000000000000044e+00 -8.287181547378131554e-04
1.850000000000000089e+00 -8.590960637962644433e-04
1.900000000000000133e+00 -8.874369457440935182e-04
1.950000000000000178e+00 -9.135748038937153807e-04
2.000000000000000000e+00 -9.373638649779733384e-04
2.050000000000000266e+00 -9.586797888501867116e-04
2.100000000000000089e+00 -9.774205836910424428e-04
2.149999999999999911e+00 -9.935072190545438456e-04
2.200000000000000178e+00 -1.006883934048028893e-03
2.250000000000000000e+00 -1.017518242929141888e-03
2.300000000000000266e+00 -1.025400645313107300e-03
2.350000000000000089e+00 -1.030544052914698005e-03
2.400000000000000355e+00 -1.032982949202064168e-03
2.450000000000000178e+00 -1.032772302421145361e-03
2.500000000000000000e+00 -1.029986256075263087e-03
2.550000000000000266e+00 -1.024716624041073542e-03
2.600000000000000089e+00 -1.017071220008650004e-03
2.650000000000000355e+00 -1.007172052804139071e-03
2.700000000000000178e+00 -9.951534203580894057e-04
2.750000000000000000e+00 -9.811599356079876797e-04
2.800000000000000266e+00 -9.653445174735604539e-04
2.850000000000000089e+00 -9.478663792386905892e-04
2.900000000000000355e+00 -9.288890452511446450e-04
2.950000000000000178e+00 -9.085784248623450131e-04
3.000000000000000000e+00 -8.871009700389811481e-04
3.050000000000000266e+00 -8.646219401621939608e-04
3.100000000000000089e+00 -8.413037942729730814e-04
3.150000000000000355e+00 -8.173047275147892225e-04
3.200000000000000178e+00 -7.927773648602477437e-04
3.250000000000000000e+00 -7.678676214817600288e-04
3.300000000000000266e+00 -7.427137354289011428e-04
3.350000000000000089e+00 -7.174454746939660328e-04
3.400000000000000355e+00 -6.921835173618910361e-04
3.450000000000000178e+00 -6.670390004211778712e-04
3.500000000000000000e+00 -6.421132300177798168e-04
3.550000000000000266e+00 -6.174975435107362548e-04
3.600000000000000089e+00 -5.932733116701819145e-04
3.650000000000000355e+00 -5.695120677652889228e-04
3.700000000000000178e+00 -5.462757491285125154e-04
3.750000000000000000e+00 -5.236170360472614058e-04
3.800000000000000266e+00 -5.015797725071691714e-04
3.850000000000000089e+00 -4.801994533644802360e-04
3.900000000000000355e+00 -4.595037629219290228e-04
3.950000000000000178e+00 -4.395131505791440344e-04
4.000000000000000000e+00 -4.202414301764156109e-04
4.049999999999999822e+00 -4.016963907979065654e-04
4.100000000000000533e+00 -3.838804080944077852e-04
4.150000000000000355e+00 -3.667910465746700025e-04
4.200000000000000178e+00 -3.504216447488526262e-04
4.250000000000000000e+00 -3.347618764423721709e-04
4.299999999999999822e+00 -3.197982829931924546e-04
4.350000000000000533e+00 -3.055147723662901224e-04
4.400000000000000355e+00 -2.918930824381349778e-04
4.450000000000000178e+00 -2.789132068009839345e-04
4.500000000000000000e+00 -2.665537823979299121e-04
4.549999999999999822e+00 -2.547924391178239129e-04
4.600000000000000533e+00 -2.436061121534035601e-04
4.650000000000000355e+00 -2.329713184604016881e-04
4.700000000000000178e+00 -2.228643990588321481e-04
4.750000000000000000e+00 -2.132617292021703702e-04
4.800000000000000711e+00 -2.041398986204231276e-04
4.850000000000000533e+00 -1.954758641351949538e-04
4.900000000000000355e+00 -1.872470769654158433e-04
4.950000000000000178e+00 -1.794315870076873824e-04
5.000000000000000000e+00 -1.720081263004599151e-04
5.050000000000000711e+00 -1.649561737800702061e-04
5.100000000000000533e+00 -1.582560033206269331e-04
5.150000000000000355e+00 -1.518887169280869448e-04
5.200000000000000178e+00 -1.458362648385321447e-04
5.250000000000000000e+00 -1.400814541562092109e-04
5.300000000000000711e+00 -1.346079475607738169e-04
5.350000000000000533e+00 -1.294002535160058238e-04
5.400000000000000355e+00 -1.244437093231515808e-04
5.450000000000000178e+00 -1.197244582790454030e-04
5.500000000000000000e+00 -1.152294221197007159e-04
5.550000000000000711e+00 -1.109462698512768674e-04
5.600000000000000533e+00 -1.068633839895477154e-04
5.650000000000000355e+00 -1.029698251439644367e-04
5.700000000000000178e+00 -9.925529579155328993e-05
5.750000000000000000e+00 -9.571010398852372808e-05
5.800000000000000711e+00 -9.232512766377819777e-05
5.850000000000000533e+00 -8.909178002963675277e-05
5.900000000000000355e+00 -8.600197653296586496e-05
5.950000000000000178e+00 -8.304810365712632088e-05
6.000000000000000000e+00 -8.022298977482587954e-05
6.050000000000000711e+00 -7.751987814737442502e-05
6.100000000000000533e+00 -7.493240207031175756e-05
6.150000000000000355e+00 -7.245456208193715468e-05
6.200000000000000178e+00 -7.008070508250703492e-05
6.250000000000000000e+00 -6.780550515967707459e-05
6.300000000000000711e+00 -6.562394588128024782e-05
6.350000000000000533e+00 -6.353130379998863666e-05
6.400000000000000355e+00 -6.152313291514692017e-05
6.450000000000000178e+00 -5.959524985359406001e-05
6.500000000000000000e+00 -5.774371956131659048e-05
6.550000000000000711e+00 -5.596484133841174159e-05
6.600000000000000533e+00 -5.425513509775078432e-05
6.650000000000000355e+00 -5.261132777932411782e-05
6.700000000000000178e+00 -5.103033990392692211e-05
6.750000000000000000e+00 -4.950927229818296731e-05
6.800000000000000711e+00 -4.804539306485578132e-05
6.850000000000000533e+00 -4.663612490548206741e-05
6.900000000000000355e+00 -4.527903292474849006e-05
6.950000000000000178e+00 -4.397181305668535601e-05
7.000000000000000000e+00 -4.271228125139666385e-05
7.050000000000000711e+00 -4.149836354822634851e-05
7.100000000000000533e+00 -4.032808713821630416e-05
7.150000000000000355e+00 -3.919957248731635043e-05
7.200000000000000178e+00 -3.811102655440307357e-05
7.250000000000000000e+00 -3.706073709741384772e-05
7.300000000000000711e+00 -3.604706801960110978e-05
7.350000000000000533e+00 -3.506845566881388969e-05
7.400000000000000355e+00 -3.412340596834438893e-05
7.450000000000000178e+00 -3.321049223040771497e-05
7.500000000000000000e+00 -3.232835348440356521e-05
7.550000000000000711e+00 -3.147569314282544370e-05
7.600000000000000533e+00 -3.065127782845586082e-05
7.650000000000000355e+00 -2.985393619710887726e-05
7.700000000000000178e+00 -2.908255760981165057e-05
7.750000000000000000e+00 -2.833609053556474368e-05
7.800000000000000711e+00 -2.761354059886546531e-05
7.850000000000000533e+00 -2.691396822284743557e-05
7.900000000000000355e+00 -2.623648585686538795e-05
7.950000000000000178e+00 -2.558025481426892396e-05
8.000000000000000000e+00 -2.494448177973467134e-05
8.050000000000000711e+00 -2.432841507388167979e-05
8.099999999999999645e+00 -2.373134078438609608e-05
8.150000000000000355e+00 -2.315257888630447352e-05
8.200000000000001066e+00 -2.259147947921304173e-05
8.250000000000000000e+00 -2.204741926501376675e-05
8.300000000000000711e+00 -2.151979837834159571e-05
8.349999999999999645e+00 -2.100803766242012146e-05
8.400000000000000355e+00 -2.051157645835711014e-05
8.450000000000001066e+00 -2.002987094698930031e-05
8.500000000000000000e+00 -1.956239305141519648e-05
8.550000000000000711e+00 -1.910862987732178967e-05
8.599999999999999645e+00 -1.866808363909061610e-05
8.650000000000000355e+00 -1.824027199426788299e-05
8.700000000000001066e+00 -1.782472868883205029e-05
8.750000000000000000e+00 -1.742100440194732072e-05
8.800000000000000711e+00 -1.702866767228366175e-05
8.849999999999999645e+00 -1.664730578877710368e-05
8.900000000000000355e+00 -1.627652553668259360e-05
8.950000000000001066e+00 -1.591595370428213179e-05
9.000000000000000000e+00 -1.556523727560083379e-05
9.050000000000000711e+00 -1.522404325856954269e-05
9.099999999999999645e+00 -1.489205812466607138e-05
9.150000000000000355e+00 -1.456898686343324387e-05
9.200000000000001066e+00 -1.425455168168531257e-05
9.250000000000000000e+00 -1.394849040103680841e-05
9.300000000000000711e+00 -1.365055462718430596e-05
9.349999999999999645e+00 -1.336050777899287706e-05
9.400000000000000355e+00 -1.307812307407975730e-05
9.450000000000001066e+00 -1.280318156984724559e-05
9.500000000000000000e+00 -1.253547035479152891e-05
9.550000000000000711e+00 -1.227478097480979696e-05
9.600000000000001421e+00 -1.202090816391599375e-05
9.650000000000000355e+00 -1.177364892933435456e-05
9.700000000000001066e+00 -1.153280201868819759e-05
9.750000000000000000e+00 -1.129816777340339137e-05
9.800000000000000711e+00 -1.106954834902186320e-05
9.850000000000001421e+00 -1.084674826134592603e-05
9.900000000000000355e+00 -1.062957519854572964e-05
9.950000000000001066e+00 -1.041784102469267154e-05
1.000000000000000000e+01 -1.021136289046549122e-05
1.005000000000000071e+01 -1.000996436252896359e-05
1.010000000000000142e+01 -9.813476484468471023e-06
1.015000000000000036e+01 -9.621738688972913348e-06
1.020000000000000107e+01 -9.434599492660335570e-06
1.025000000000000000e+01 -9.251916920702036004e-06
1.030000000000000071e+01 -9.073558627143969122e-06
1.035000000000000142e+01 -8.899401697318150224e-06
1.040000000000000036e+01 -8.729332139648264191e-06
1.045000000000000107e+01 -8.563244094166814341e-06
1.050000000000000000e+01 -8.401038802925800712e-06
1.055000000000000071e+01 -8.242623402122229871e-06
1.060000000000000142e+01 -8.087909606314100576e-06
1.065000000000000036e+01 -7.936812360983494952e-06
1.070000000000000107e+01 -7.789248540637790612e-06
1.075000000000000000e+01 -7.645135765659379477e-06
1.080000000000000071e+01 -7.504391402567932663e-06
1.085000000000000142e+01 -7.366931799874928686e-06
1.090000000000000036e+01 -7.232671796145183124e-06
1.095000000000000107e+01 -7.101524519283520781e-06
1.100000000000000000e+01 -6.973401477577619903e-06
1.105000000000000071e+01 -6.848212924838297293e-06
1.110000000000000142e+01 -6.725868465227585588e-06
1.115000000000000036e+01 -6.606277849083901339e-06
1.120000000000000107e+01 -6.489351900099165192e-06
1.125000000000000000e+01 -6.375003507203248169e-06
1.130000000000000071e+01 -6.263148611842899911e-06
1.135000000000000142e+01 -6.153707123088411344e-06
1.140000000000000036e+01 -6.046603698978384379e-06
1.145000000000000107e+01 -5.941768342265631387e-06
1.150000000000000000e+01 -5.839136771575104250e-06
1.155000000000000071e+01 -5.738650544059579411e-06
1.160000000000000142e+01 -5.640256921953719212e-06
1.165000000000000036e+01 -5.543908491929494115e-06
1.170000000000000107e+01 -5.449562561798581307e-06
1.175000000000000000e+01 -5.357180372924642855e-06
1.180000000000000071e+01 -5.266726177852991289e-06
1.185000000000000142e+01 -5.178166240483188427e-06
1.190000000000000036e+01 -5.091467820168122517e-06
1.195000000000000107e+01 -5.006598201222027867e-06
1.200000000000000000e+01 -4.923523825529235380e-06
1.205000000000000071e+01 -4.842209578564891147e-06
1.210000000000000142e+01 -4.762618268695772904e-06
1.215000000000000036e+01 -4.684710326839554272e-06
1.220000000000000107e+01 -4.608443739261882420e-06
1.225000000000000000e+01 -4.533774211422461336e-06
1.230000000000000071e+01 -4.460655546279495267e-06
1.235000000000000142e+01 -4.389040207249165418e-06
1.240000000000000036e+01 -4.318880024895423747e-06
1.245000000000000107e+01 -4.250126998072267234e-06
1.250000000000000000e+01 -4.182734135132478962e-06
1.255000000000000071e+01 -4.116656279228296786e-06
1.260000000000000142e+01 -4.051850863700955620e-06
1.265000000000000036e+01 -3.988278548910235266e-06
1.270000000000000107e+01 -3.925903700194088545e-06
1.275000000000000000e+01 -3.864694677405593777e-06
1.280000000000000071e+01 -3.804623918925967216e-06
1.285000000000000142e+01 -3.745667816388300359e-06
1.290000000000000036e+01 -3.687806389710709628e-06
1.295000000000000107e+01 -3.631022784584644275e-06
1.300000000000000000e+01 -3.575302625514223948e-06
1.305000000000000071e+01 -3.520633266189961097e-06
1.310000000000000142e+01 -3.467002984888647922e-06
1.315000000000000036e+01 -3.414400175394970379e-06
1.320000000000000107e+01 -3.362812583501680913e-06
1.325000000000000000e+01 -3.312226635552281552e-06
1.330000000000000071e+01 -3.262626899004235337e-06
1.335000000000000142e+01 -3.213995706081215155e-06
1.340000000000000036e+01 -3.166312960830943211e-06
1.345000000000000107e+01 -3.119556138036718120e-06
1.350000000000000000e+01 -3.073700470194235784e-06
1.355000000000000071e+01 -3.028719306954572094e-06
1.360000000000000142e+01 -2.984584620778319820e-06
1.365000000000000036e+01 -2.941267623706666968e-06
1.370000000000000107e+01 -2.898739453663546291e-06
1.375000000000000000e+01 -2.856971884933510350e-06
1.380000000000000071e+01 -2.815938016612713410e-06
1.385000000000000142e+01 -2.775612894915438613e-06
1.390000000000000036e+01 -2.735974030063513669e-06
1.395000000000000107e+01 -2.697001775742517079e-06
1.400000000000000000e+01 -2.658679548286709624e-06
1.405000000000000071e+01 -2.620993873244871388e-06
1.410000000000000142e+01 -2.583934258100126830e-06
1.415000000000000036e+01 -2.547492900960013842e-06
1.420000000000000107e+01 -2.511664255296055865e-06
1.425000000000000000e+01 -2.476444479664091414e-06
1.430000000000000071e+01 -2.441830808233223337e-06
1.435000000000000142e+01 -2.407820882485369990e-06
1.440000000000000036e+01 -2.374412086368487378e-06
1.445000000000000107e+01 -2.341600926401879362e-06
1.450000000000000000e+01 -2.309382494840169960e-06
1.455000000000000071e+01 -2.277750048239640536e-06
1.460000000000000142e+01 -2.246694726047390382e-06
1.465000000000000036e+01 -2.216205424653511159e-06
1.470000000000000107e+01 -2.186268832317076778e-06
1.475000000000000000e+01 -2.156869620137810104e-06
1.480000000000000071e+01 -2.127990774452069518e-06
1.485000000000000142e+01 -2.099614047290481911e-06
1.490000000000000036e+01 -2.071720494390409784e-06
1.495000000000000107e+01 -2.044291065133888535e-06
