0.000000000000000000e+00 0.000000000000000000e+00
5.000000000000000278e-02 -1.039277632724341072e-11
1.000000000000000056e-01 -3.318531757406619930e-10
1.500000000000000222e-01 -2.510967390999703006e-09
2.000000000000000111e-01 -1.052798110116621776e-08
2.500000000000000000e-01 -3.192075027451257007e-08
3.000000000000000444e-01 -7.879883365272478634e-08
3.500000000000000333e-01 -1.687138078247454450e-07
4.000000000000000222e-01 -3.253542737275153549e-07
4.500000000000000111e-01 -5.790370869681137062e-07
5.000000000000000000e-01 -9.669701167317272320e-07
5.500000000000000444e-01 -1.533266341585425530e-06
6.000000000000000888e-01 -2.328694329373236078e-06
6.500000000000000222e-01 -3.410156101584917625e-06
7.000000000000000666e-01 -4.839889997747144951e-06
7.500000000000000000e-01 -6.684403344285888192e-06
8.000000000000000444e-01 -9.013147368016261371e-06
8.500000000000000888e-01 -1.189695471079613814e-05
9.000000000000000222e-01 -1.540626789551491588e-05
9.500000000000000666e-01 -1.960919492824090510e-05
1.000000000000000000e+00 -2.456943563489306925e-05
1.050000000000000044e+00 -3.034412904441606220e-05
1.100000000000000089e+00 -3.698167785969491320e-05
1.150000000000000133e+00 -4.451961052483068801e-05
1.200000000000000178e+00 -5.298254434563421668e-05
1.250000000000000000e+00 -6.238031818495757121e-05
1.300000000000000044e+00 -7.270633567024887146e-05
1.350000000000000089e+00 -8.393623720276516503e-05
1.400000000000000133e+00 -9.602688167377763841e-05
1.450000000000000178e+00 -1.089157433672586144e-04
1.500000000000000000e+00 -1.225207387144299442e-04
1.550000000000000044e+00 -1.367405393836889130e-04
1.600000000000000089e+00 -1.514553317393344000e-04
1.650000000000000133e+00 -1.665281049401371350e-04
1.700000000000000178e+00 -1.818063993492070375e-04
1.750000000000000000e+00 -1.971245149015601287e-04
1.800000000000000044e+00 -2.123061372115075604e-04
1.850000000000000089e+00 -2.271673295320575272e-04
1.900000000000000133e+00 -2.415198261836490985e-04
1.950000000000000178e+00 -2.551745521724407936e-04
2.000000000000000000e+00 -2.679452848420777237e-04
2.050000000000000266e+00 -2.796523669093696116e-04
2.100000000000000089e+00 -2.901263764086634413e-04
2.149999999999999911e+00 -2.992116581067862081e-04
2.200000000000000178e+00 -3.067696229452746047e-04
2.250000000000000000e+00 -3.126817270086157808e-04
2.300000000000000266e+00 -3.168520492886310190e-04
2.350000000000000089e+00 -3.192093978939256928e-04
2.400000000000000355e+00 -3.197088870204055681e-04
2.450000000000000178e+00 -3.183329415492422193e-04
2.500000000000000000e+00 -3.150917020964232452e-04
2.550000000000000266e+00 -3.100228201739519416e-04
2.600000000000000089e+00 -3.031906502746466322e-04
2.650000000000000355e+00 -2.946848625863697632e-04
2.700000000000000178e+00 -2.846185161138270144e-04
2.750000000000000000e+00 -2.731256467049560641e-04
2.800000000000000266e+00 -2.603584373645328586e-04
2.850000000000000089e+00 -2.464840488799636552e-04
2.900000000000000355e+00 -2.316811968581692445e-04
2.950000000000000178e+00 -2.161365665492427060e-04
3.000000000000000000e+00 -2.000411591870756894e-04
3.050000000000000266e+00 -1.835866629913338846e-04
3.100000000000000089e+00 -1.669619385365799175e-04
3.150000000000000355e+00 -1.503497020910028552e-04
3.200000000000000178e+00 -1.339234820380584068e-04
3.250000000000000000e+00 -1.178449129765306579e-04
3.300000000000000266e+00 -1.022614199678281618e-04
3.350000000000000089e+00 -8.730433212818070087e-05
3.400000000000000355e+00 -7.308745083795236547e-05
3.450000000000000178e+00 -5.970608375663191361e-05
3.500000000000000000e+00 -4.723654207310555261e-05
3.550000000000000266e+00 -3.573608543806749396e-05
3.600000000000000089e+00 -2.524328722280233059e-05
3.650000000000000355e+00 -1.577878246871566910e-05
3.700000000000000178e+00 -7.346352405507392764e-06
3.750000000000000000e+00 6.570708593636278687e-08
3.800000000000000266e+00 6.482990098843279629e-06
3.850000000000000089e+00 1.194321773826927604e-05
3.900000000000000355e+00 1.649436712434540793e-05
3.950000000000000178e+00 2.019275020956966368e-05
4.000000000000000000e+00 2.310109681404868182e-05
4.049999999999999822e+00 2.528669134462449412e-05
4.100000000000000533e+00 2.681960651931261644e-05
4.150000000000000355e+00 2.777107038043929890e-05
4.200000000000000178e+00 2.821199527317640599e-05
4.250000000000000000e+00 2.821168961360940626e-05
4.299999999999999822e+00 2.783676547965433279e-05
4.350000000000000533e+00 2.715024760989866545e-05
4.400000000000000355e+00 2.621088253414718004e-05
4.450000000000000178e+00 2.507264048548120332e-05
4.500000000000000000e+00 2.378439760832409797e-05
4.549999999999999822e+00 2.238978188005596838e-05
4.600000000000000533e+00 2.092716315313990845e-05
4.650000000000000355e+00 1.942976579901580395e-05
4.700000000000000178e+00 1.792588154748345067e-05
4.750000000000000000e+00 1.643916018002359247e-05
4.800000000000000711e+00 1.498895663471526173e-05
4.850000000000000533e+00 1.359071467267596705e-05
4.900000000000000355e+00 1.225636938486050584e-05
4.950000000000000178e+00 1.099475332084785058e-05
5.000000000000000000e+00 9.811993737033043470e-06
5.050000000000000711e+00 8.711891238830576106e-06
5.100000000000000533e+00 7.696272794094424373e-06
5.150000000000000355e+00 6.765314607575480528e-06
5.200000000000000178e+00 5.917832577576015673e-06
5.250000000000000000e+00 5.151539940803917460e-06
5.300000000000000711e+00 4.463273211091756985e-06
5.350000000000000533e+00 3.849188619013847122e-06
5.400000000000000355e+00 3.304931972758713505e-06
5.450000000000000178e+00 2.825785216277219336e-06
