0.000000000000000000e+00 0.000000000000000000e+00
5.000000000000000278e-02 1.076138463236452690e-11
1.000000000000000056e-01 3.434871359240202770e-10
1.500000000000000222e-01 2.597290737585988589e-09
2.000000000000000111e-01 1.088001079132521525e-08
2.500000000000000000e-01 3.295000707691427702e-08
3.000000000000000444e-01 8.122666133211606442e-08
3.500000000000000333e-01 1.736320031972263942e-07
4.000000000000000222e-01 3.342309437112889049e-07
4.500000000000000111e-01 5.936436351855483024e-07
5.000000000000000000e-01 9.892103067977433589e-07
5.500000000000000444e-01 1.564896346328776391e-06
6.000000000000000888e-01 2.370933189826468301e-06
6.500000000000000222e-01 3.463198512433547293e-06
7.000000000000000666e-01 4.902347052134951467e-06
7.500000000000000000e-01 6.752710915033941085e-06
8.000000000000000444e-01 9.080995188442206125e-06
8.500000000000000888e-01 1.195480092676032266e-05
9.000000000000000222e-01 1.544101289860191521e-05
9.500000000000000666e-01 1.960409374428167257e-05
1.000000000000000000e+00 2.450432927577546010e-05
1.050000000000000044e+00 3.019607147745121976e-05
1.100000000000000089e+00 3.672602629374744639e-05
1.150000000000000133e+00 4.413163251630127952e-05
1.200000000000000178e+00 5.243957604229620349e-05
1.250000000000000000e+00 6.166448053856309487e-05
1.300000000000000044e+00 7.180781121606351954e-05
1.350000000000000089e+00 8.285702313021383214e-05
1.400000000000000133e+00 9.478497933248134053e-05
1.450000000000000178e+00 1.075496574860023249e-04
1.500000000000000000e+00 1.210941564149544644e-04
1.550000000000000044e+00 1.353470066845146669e-04
1.600000000000000089e+00 1.502227819079648746e-04
1.650000000000000133e+00 1.656230002485434239e-04
1.700000000000000178e+00 1.814372987150584713e-04
1.750000000000000000e+00 1.975448565164716712e-04
1.800000000000000044e+00 2.138160380966235940e-04
1.850000000000000089e+00 2.301142216478273565e-04
1.900000000000000133e+00 2.462977750067569345e-04
1.950000000000000178e+00 2.622221379450462796e-04
2.000000000000000000e+00 2.777419680278339132e-04
2.050000000000000266e+00 2.927133064437015242e-04
2.100000000000000089e+00 3.069957204973268504e-04
2.149999999999999911e+00 3.204543807620523861e-04
2.200000000000000178e+00 3.329620331480947441e-04
2.250000000000000000e+00 3.444008292651262087e-04
2.300000000000000266e+00 3.546639823378022098e-04
2.350000000000000089e+00 3.636572204462669585e-04
2.400000000000000355e+00 3.713000138760054057e-04
2.450000000000000178e+00 3.775265587305608314e-04
2.500000000000000000e+00 3.822865045415913053e-04
2.550000000000000266e+00 3.855454192594411252e-04
2.600000000000000089e+00 3.872849905848899403e-04
2.650000000000000355e+00 3.875029679783845312e-04
2.700000000000000178e+00 3.862128547379333528e-04
2.750000000000000000e+00 3.834433641660986111e-04
2.800000000000000266e+00 3.792376579615653730e-04
2.850000000000000089e+00 3.736523885006914490e-04
2.900000000000000355e+00 3.667565695668635996e-04
2.950000000000000178e+00 3.586303023069423645e-04
3.000000000000000000e+00 3.493633847296709685e-04
3.050000000000000266e+00 3.390538339136957681e-04
3.100000000000000089e+00 3.278063502824589480e-04
3.150000000000000355e+00 3.157307528644775888e-04
3.200000000000000178e+00 3.029404134384010511e-04
3.250000000000000000e+00 2.895507159217909437e-04
3.300000000000000266e+00 2.756775653686507096e-04
3.350000000000000089e+00 2.614359685675956137e-04
3.400000000000000355e+00 2.469387055585312908e-04
3.450000000000000178e+00 2.322951084908670989e-04
3.500000000000000000e+00 2.176099612102535999e-04
3.550000000000000266e+00 2.029825298608367275e-04
3.600000000000000089e+00 1.885057316990378649e-04
3.650000000000000355e+00 1.742654463001833327e-04
3.700000000000000178e+00 1.603399704611808551e-04
3.750000000000000000e+00 1.467996154132236383e-04
3.800000000000000266e+00 1.337064425019008273e-04
3.850000000000000089e+00 1.211141313028465179e-04
3.900000000000000355e+00 1.090679722447600330e-04
3.950000000000000178e+00 9.760497422496275572e-05
4.000000000000000000e+00 8.675407643362378343e-05
4.049999999999999822e+00 7.653645265141527918e-05
4.100000000000000533e+00 6.696589564431306189e-05
4.150000000000000355e+00 5.804926893471427343e-05
4.200000000000000178e+00 4.978701316066112852e-05
4.250000000000000000e+00 4.217369442082882726e-05
4.299999999999999822e+00 3.519858241458626236e-05
4.350000000000000533e+00 2.884624679393369952e-05
4.400000000000000355e+00 2.309716091590724969e-05
4.450000000000000178e+00 1.792830308798066237e-05
