0.000000000000000000e+00 -2.634150887683285536e+00
5.000000000000000278e-02 -5.247560040244187568e-02
1.000000000000000056e-01 -2.596618819693492439e-02
1.500000000000000222e-01 -1.701112734500813406e-02
2.000000000000000111e-01 -1.244658281179172529e-02
2.500000000000000000e-01 -9.640599447739706118e-03
3.000000000000000444e-01 -7.716588975148939815e-03
3.500000000000000333e-01 -6.299100220536670708e-03
4.000000000000000222e-01 -5.200540868397527522e-03
4.500000000000000111e-01 -4.317266467806234881e-03
5.000000000000000000e-01 -3.587200549913978527e-03
5.500000000000000444e-01 -2.971071480691077262e-03
6.000000000000000888e-01 -2.442792281760828264e-03
6.500000000000000222e-01 -1.984327038582232600e-03
7.000000000000000666e-01 -1.583171159494965166e-03
7.500000000000000000e-01 -1.229557588240428202e-03
8.000000000000000444e-01 -9.171322996024982742e-04
8.500000000000000888e-01 -6.400452022404607083e-04
9.000000000000000222e-01 -3.943958569017198498e-04
9.500000000000000666e-01 -1.766460577110640388e-04
1.000000000000000000e+00 1.569368197678819299e-05
1.050000000000000044e+00 1.850378148760558304e-04
1.100000000000000089e+00 3.333752989031295278e-04
1.150000000000000133e+00 4.620807847169208587e-04
1.200000000000000178e+00 5.728092773007866867e-04
1.250000000000000000e+00 6.668758973433282656e-04
1.300000000000000044e+00 7.455683531184961960e-04
1.350000000000000089e+00 8.097552845798991440e-04
1.400000000000000133e+00 8.609459566972822719e-04
1.450000000000000178e+00 8.997854420649035144e-04
1.500000000000000000e+00 9.273969908400928443e-04
1.550000000000000044e+00 9.446536707558729875e-04
1.600000000000000089e+00 9.526371948772061624e-04
1.650000000000000133e+00 9.520698085871153902e-04
1.700000000000000178e+00 9.438801212417166674e-04
1.750000000000000000e+00 9.288757187919763651e-04
1.800000000000000044e+00 9.079809320070978719e-04
1.850000000000000089e+00 8.818118663763271567e-04
1.900000000000000133e+00 8.512140005724107023e-04
1.950000000000000178e+00 8.167968272002225491e-04
2.000000000000000000e+00 7.794260728731053920e-04
2.050000000000000266e+00 7.396659252331842576e-04
2.100000000000000089e+00 6.980708231784130916e-04
2.149999999999999911e+00 6.552931472535344958e-04
2.200000000000000178e+00 6.117896758294073638e-04
2.250000000000000000e+00 5.680737346969798969e-04
2.300000000000000266e+00 5.244850589770527240e-04
2.350000000000000089e+00 4.815411420222969071e-04
2.400000000000000355e+00 4.395434568221192793e-04
2.450000000000000178e+00 3.987515084146144224e-04
2.500000000000000000e+00 3.594046560362330043e-04
2.550000000000000266e+00 3.217577202184425454e-04
2.600000000000000089e+00 2.859853288225496404e-04
2.650000000000000355e+00 2.521018045119718704e-04
2.700000000000000178e+00 2.203379157908031370e-04
2.750000000000000000e+00 1.907107712338846934e-04
2.800000000000000266e+00 1.631706529609218751e-04
2.850000000000000089e+00 1.378066919061966453e-04
2.900000000000000355e+00 1.145795213634707624e-04
2.950000000000000178e+00 9.339245879858430505e-05
3.000000000000000000e+00 7.425436296653459278e-05
3.050000000000000266e+00 5.700899661971728838e-05
3.100000000000000089e+00 4.159995137294181087e-05
3.150000000000000355e+00 2.795831169777565858e-05
3.200000000000000178e+00 1.594890562902366766e-05
3.250000000000000000e+00 5.438230250542699217e-06
3.300000000000000266e+00 -3.652613155644084222e-06
3.350000000000000089e+00 -1.145119620258127057e-05
3.400000000000000355e+00 -1.807202172081984060e-05
3.450000000000000178e+00 -2.362855784377597523e-05
3.500000000000000000e+00 -2.820623138714729042e-05
3.550000000000000266e+00 -3.193845852370440241e-05
3.600000000000000089e+00 -3.489356831381731108e-05
3.650000000000000355e+00 -3.717162041758770009e-05
3.700000000000000178e+00 -3.885662616202538281e-05
3.750000000000000000e+00 -4.003473187142152239e-05
3.800000000000000266e+00 -4.077019413407725348e-05
3.850000000000000089e+00 -4.112117950405379382e-05
3.900000000000000355e+00 -4.115370986272843049e-05
3.950000000000000178e+00 -4.092076132674556446e-05
4.000000000000000000e+00 -4.046118596418014202e-05
4.049999999999999822e+00 -3.983068882725317465e-05
4.100000000000000533e+00 -3.905002421945490620e-05
4.150000000000000355e+00 -3.814908791517126736e-05
4.200000000000000178e+00 -3.717597591603949777e-05
4.250000000000000000e+00 -3.613222086279276854e-05
4.299999999999999822e+00 -3.503686348419165477e-05
4.350000000000000533e+00 -3.393614930908010248e-05
4.400000000000000355e+00 -3.280428660579953802e-05
4.450000000000000178e+00 -3.168680313636885993e-05
4.500000000000000000e+00 -3.056149876596078442e-05
4.549999999999999822e+00 -2.945706183804357249e-05
4.600000000000000533e+00 -2.837941963497457281e-05
4.650000000000000355e+00 -2.732557286015846628e-05
4.700000000000000178e+00 -2.629770361430663905e-05
4.750000000000000000e+00 -2.529944342196510028e-05
4.800000000000000711e+00 -2.433896182126102985e-05
4.850000000000000533e+00 -2.341431318401598604e-05
4.900000000000000355e+00 -2.252206125616804114e-05
4.950000000000000178e+00 -2.166659133304354174e-05
5.000000000000000000e+00 -2.084289989733035037e-05
5.050000000000000711e+00 -2.005068958899863498e-05
5.100000000000000533e+00 -1.929836185145227193e-05
5.150000000000000355e+00 -1.857938046491565173e-05
5.200000000000000178e+00 -1.788544777885280737e-05
5.250000000000000000e+00 -1.722191963489997344e-05
5.300000000000000711e+00 -1.658829842456403952e-05
5.350000000000000533e+00 -1.598406412402376676e-05
5.400000000000000355e+00 -1.540272194194912308e-05
5.450000000000000178e+00 -1.484855356799997262e-05
5.500000000000000000e+00 -1.431976165417161535e-05
5.550000000000000711e+00 -1.381335072444535567e-05
5.600000000000000533e+00 -1.332833203244688281e-05
5.650000000000000355e+00 -1.286373890798908966e-05
5.700000000000000178e+00 -1.242043873068452312e-05
5.750000000000000000e+00 -1.199326596672464390e-05
5.800000000000000711e+00 -1.158553252036676325e-05
5.850000000000000533e+00 -1.119570920640557796e-05
5.900000000000000355e+00 -1.082232717426831825e-05
5.950000000000000178e+00 -1.046285366501962848e-05
6.000000000000000000e+00 -1.011542952196321411e-05
6.050000000000000711e+00 -9.785914317275762515e-06
6.100000000000000533e+00 -9.471754144349220871e-06
6.150000000000000355e+00 -9.166804398963410318e-06
6.200000000000000178e+00 -8.874129947782567580e-06
6.250000000000000000e+00 -8.594033765090041072e-06
6.300000000000000711e+00 -8.324751713303283503e-06
6.350000000000000533e+00 -8.065603301198400021e-06
6.400000000000000355e+00 -7.817910707939933107e-06
6.450000000000000178e+00 -7.576563771184066603e-06
6.500000000000000000e+00 -7.344420755596342055e-06
6.550000000000000711e+00 -7.124179105230846364e-06
6.600000000000000533e+00 -6.910406253406539886e-06
6.650000000000000355e+00 -6.704888258328483964e-06
6.700000000000000178e+00 -6.507938544643615483e-06
6.750000000000000000e+00 -6.317588839757656721e-06
6.800000000000000711e+00 -6.132853523982676211e-06
6.850000000000000533e+00 -5.956308230933297789e-06
6.900000000000000355e+00 -5.785614340198419226e-06
6.950000000000000178e+00 -5.620686998065554298e-06
7.000000000000000000e+00 -5.461862655482025184e-06
7.050000000000000711e+00 -5.307781856079493687e-06
7.100000000000000533e+00 -5.160450995811274795e-06
7.150000000000000355e+00 -5.017692356697541853e-06
7.200000000000000178e+00 -4.879846869062088292e-06
7.250000000000000000e+00 -4.746437749516510127e-06
7.300000000000000711e+00 -4.617793305359871931e-06
7.350000000000000533e+00 -4.493833064857722236e-06
7.400000000000000355e+00 -4.373323621327789198e-06
7.450000000000000178e+00 -4.257173494756420187e-06
7.500000000000000000e+00 -4.144932047825309735e-06
7.550000000000000711e+00 -4.036722104733781638e-06
7.600000000000000533e+00 -3.930458487339128033e-06
7.650000000000000355e+00 -3.828495910027633229e-06
7.700000000000000178e+00 -3.731467247415943219e-06
7.750000000000000000e+00 -3.635724989160985487e-06
7.800000000000000711e+00 -3.542683765797907851e-06
7.850000000000000533e+00 -3.453692565741082776e-06
7.900000000000000355e+00 -3.366786752744659603e-06
7.950000000000000178e+00 -3.283639476847939106e-06
8.000000000000000000e+00 -3.202668788808080147e-06
8.050000000000000711e+00 -3.123187326151868340e-06
8.099999999999999645e+00 -3.046990880344460095e-06
8.150000000000000355e+00 -2.972557918531859348e-06
8.200000000000001066e+00 -2.900672444123078140e-06
8.250000000000000000e+00 -2.831291146251292829e-06
8.300000000000000711e+00 -2.763273966926940005e-06
8.349999999999999645e+00 -2.697698138284209880e-06
8.400000000000000355e+00 -2.634060144997004534e-06
8.450000000000001066e+00 -2.572483206416172486e-06
8.500000000000000000e+00 -2.512633520907270044e-06
8.550000000000000711e+00 -2.454189881486520240e-06
8.599999999999999645e+00 -2.397872612040271880e-06
8.650000000000000355e+00 -2.343061381713197134e-06
8.700000000000001066e+00 -2.288728010270566002e-06
8.750000000000000000e+00 -2.237021779514812912e-06
8.800000000000000711e+00 -2.187463754615389170e-06
8.849999999999999645e+00 -2.138196244068545773e-06
8.900000000000000355e+00 -2.090753941306690784e-06
8.950000000000001066e+00 -2.044008528090027166e-06
9.000000000000000000e+00 -1.998908607598850626e-06
9.050000000000000711e+00 -1.955425239970765530e-06
9.099999999999999645e+00 -1.912334053870038849e-06
9.150000000000000355e+00 -1.871088950902304293e-06
9.200000000000001066e+00 -1.830741752215973652e-06
9.250000000000000000e+00 -1.791799266747835888e-06
9.300000000000000711e+00 -1.752959648760720861e-06
9.349999999999999645e+00 -1.716259910511623393e-06
9.400000000000000355e+00 -1.680275454123432747e-06
9.450000000000001066e+00 -1.644379838120694366e-06
9.500000000000000000e+00 -1.610182616481724045e-06
9.550000000000000711e+00 -1.576918679421338528e-06
9.600000000000001421e+00 -1.543971633614320249e-06
9.650000000000000355e+00 -1.512778978166453749e-06
9.700000000000001066e+00 -1.481646585318314806e-06
9.750000000000000000e+00 -1.451405309792146564e-06
9.800000000000000711e+00 -1.421809357095435461e-06
9.850000000000001421e+00 -1.393542527686220862e-06
9.900000000000000355e+00 -1.365324057845756467e-06
9.950000000000001066e+00 -1.338066906078021651e-06
1.000000000000000000e+01 -1.311754686091449523e-06
1.005000000000000071e+01 -1.285483251522088591e-06
1.010000000000000142e+01 -1.260580478657784150e-06
1.015000000000000036e+01 -1.235710281798913011e-06
1.020000000000000107e+01 -1.211744509436621947e-06
1.025000000000000000e+01 -1.188131862781267685e-06
1.030000000000000071e+01 -1.165401529476036362e-06
1.035000000000000142e+01 -1.142696230991912815e-06
1.040000000000000036e+01 -1.120961172131244489e-06
1.045000000000000107e+01 -1.100023059753197107e-06
1.050000000000000000e+01 -1.078945701932002031e-06
1.055000000000000071e+01 -1.058856793957400712e-06
1.060000000000000142e+01 -1.038931521129435751e-06
1.065000000000000036e+01 -1.019621188789875312e-06
1.070000000000000107e+01 -1.000569545363703834e-06
1.075000000000000000e+01 -9.820702666151233904e-07
1.080000000000000071e+01 -9.642609483095029052e-07
1.085000000000000142e+01 -9.464539861273772528e-07
1.090000000000000036e+01 -9.293244554354799936e-07
1.095000000000000107e+01 -9.121486901542707836e-07
1.100000000000000000e+01 -8.959209415776192063e-07
1.105000000000000071e+01 -8.798290873846514069e-07
1.110000000000000142e+01 -8.638743363044586590e-07
1.115000000000000036e+01 -8.486085911233250830e-07
1.120000000000000107e+01 -8.335184760785043296e-07
1.125000000000000000e+01 -8.187844850770276350e-07
1.130000000000000071e+01 -8.045363666497845729e-07
1.135000000000000142e+01 -7.904552652677940471e-07
1.140000000000000036e+01 -7.765409289288441756e-07
1.145000000000000107e+01 -7.629678938778891288e-07
1.150000000000000000e+01 -7.498182998937707403e-07
1.155000000000000071e+01 -7.369564406639312706e-07
1.160000000000000142e+01 -7.245068720662294558e-07
1.165000000000000036e+01 -7.119549325960679010e-07
1.170000000000000107e+01 -6.998943501011966204e-07
1.175000000000000000e+01 -6.881499222295433474e-07
1.180000000000000071e+01 -6.764690605322260585e-07
1.185000000000000142e+01 -6.652224900215920907e-07
1.190000000000000036e+01 -6.539550046382615038e-07
1.195000000000000107e+01 -6.431142569799736827e-07
1.200000000000000000e+01 -6.323722895257913965e-07
1.205000000000000071e+01 -6.219681196479182747e-07
1.210000000000000142e+01 -6.118965094495120824e-07
1.215000000000000036e+01 -6.018779800690956190e-07
1.220000000000000107e+01 -5.920692100507281945e-07
1.225000000000000000e+01 -5.824291280301074898e-07
1.230000000000000071e+01 -5.730327533832499806e-07
1.235000000000000142e+01 -5.638007173238751835e-07
1.240000000000000036e+01 -5.547314227249630206e-07
1.245000000000000107e+01 -5.459356389077832449e-07
1.250000000000000000e+01 -5.372605379102187700e-07
1.255000000000000071e+01 -5.288160740520279324e-07
1.260000000000000142e+01 -5.203425653563917064e-07
1.265000000000000036e+01 -5.122788657670483051e-07
1.270000000000000107e+01 -5.042567420333475588e-07
1.275000000000000000e+01 -4.964561884049762218e-07
1.280000000000000071e+01 -4.886249761671920634e-07
1.285000000000000142e+01 -4.810479775666195169e-07
1.290000000000000036e+01 -4.736511463738373403e-07
1.295000000000000107e+01 -4.663276750992080498e-07
1.300000000000000000e+01 -4.592849105606418341e-07
1.305000000000000071e+01 -4.522436968929858531e-07
1.310000000000000142e+01 -4.453417328056136969e-07
1.315000000000000036e+01 -4.387128130468056930e-07
1.320000000000000107e+01 -4.320500574286572779e-07
1.325000000000000000e+01 -4.256557943126654345e-07
1.330000000000000071e+01 -4.191280128990454917e-07
1.335000000000000142e+01 -4.129972274627383394e-07
1.340000000000000036e+01 -4.067662033516883703e-07
1.345000000000000107e+01 -4.007951529269776427e-07
1.350000000000000000e+01 -3.949186957847156443e-07
1.355000000000000071e+01 -3.891039734834253365e-07
1.360000000000000142e+01 -3.833825791817241631e-07
1.365000000000000036e+01 -3.779430878707118421e-07
1.370000000000000107e+01 -3.723103979475574286e-07
1.375000000000000000e+01 -3.669566079383062253e-07
1.380000000000000071e+01 -3.616914328972868410e-07
1.385000000000000142e+01 -3.564525687729322719e-07
1.390000000000000036e+01 -3.513014474982462570e-07
1.395000000000000107e+01 -3.463888014465616578e-07
1.400000000000000000e+01 -3.414396935507993902e-07
1.405000000000000071e+01 -3.366351942826017552e-07
1.410000000000000142e+01 -3.319138268729096128e-07
1.415000000000000036e+01 -3.272452298202473038e-07
1.420000000000000107e+01 -3.225411600659422040e-07
1.425000000000000000e+01 -3.181235927944547528e-07
1.430000000000000071e+01 -3.137271498368834530e-07
1.435000000000000142e+01 -3.092946249310413875e-07
1.440000000000000036e+01 -3.050560101091254634e-07
1.445000000000000107e+01 -3.008095307651260200e-07
1.450000000000000000e+01 -2.967252446354873059e-07
1.455000000000000071e+01 -2.926605727346883057e-07
1.460000000000000142e+01 -2.886993157252216034e-07
1.465000000000000036e+01 -2.847294574551675255e-07
1.470000000000000107e+01 -2.809442141618457745e-07
1.475000000000000000e+01 -2.771221438368070104e-07
1.480000000000000071e+01 -2.734138245513521807e-07
1.485000000000000142e+01 -2.697906916971930846e-07
1.490000000000000036e+01 -2.661579475141369947e-07
1.495000000000000107e+01 -2.625027636691607320e-07
1.500000000000000000e+01 -3.042753163626540934e-11
1.505000000000000071e+01 -1.697266576928302368e-09
1.510000000000000142e+01 -3.354263586317498229e-09
1.515000000000000036e+01 -5.027469225582052640e-09
1.520000000000000107e+01 -6.651922032314446459e-09
1.525000000000000000e+01 -8.228409925531517826e-09
1.530000000000000071e+01 -9.757707258320143827e-09
1.535000000000000142e+01 -1.124057502410019142e-08
1.540000000000000036e+01 -1.276594149384571454e-08
1.545000000000000107e+01 -1.420772923314102625e-08
1.550000000000000000e+01 -1.561713740451300571e-08
1.555000000000000071e+01 -1.703176905266710152e-08
1.560000000000000142e+01 -1.838996277245775355e-08
1.565000000000000036e+01 -1.972930964552810721e-08
1.570000000000000107e+01 -2.103791349394833017e-08
1.575000000000000000e+01 -2.235246893672530660e-08
1.580000000000000071e+01 -2.354073954083369501e-08
1.585000000000000142e+01 -2.478388905488975310e-08
1.590000000000000036e+01 -2.599783118837434845e-08
1.595000000000000107e+01 -2.718300659434523922e-08
1.600000000000000000e+01 -2.835157198827963216e-08
1.605000000000000071e+01 -2.948043769404786193e-08
1.610000000000000142e+01 -3.058181605406090813e-08
1.615000000000000213e+01 -3.165611989461071900e-08
1.619999999999999929e+01 -3.268085037503198193e-08
1.625000000000000000e+01 -3.372512242887474954e-08
1.630000000000000071e+01 -3.473193462554330282e-08
1.635000000000000142e+01 -3.573563922763154548e-08
1.640000000000000213e+01 -3.674742219710129148e-08
1.644999999999999929e+01 -3.767807294274830367e-08
