0.000000000000000000e+00 7.074894323938453466e-02
5.000000000000000278e-02 1.416610775541779889e-03
1.000000000000000056e-01 7.116935920524976355e-04
1.500000000000000222e-01 4.780474381190639760e-04
2.000000000000000111e-01 3.620242630763842060e-04
2.500000000000000000e-01 2.928346829345757074e-04
3.000000000000000444e-01 2.468422751849913229e-04
3.500000000000000333e-01 2.138881115184732441e-04
4.000000000000000222e-01 1.888587391707865094e-04
4.500000000000000111e-01 1.689139335743164590e-04
5.000000000000000000e-01 1.523266645786054902e-04
5.500000000000000444e-01 1.380031075922821023e-04
6.000000000000000888e-01 1.252224376934258027e-04
6.500000000000000222e-01 1.134726300544573106e-04
7.000000000000000666e-01 1.024168005396651195e-04
7.500000000000000000e-01 9.181080452219042099e-05
8.000000000000000444e-01 8.148383466596021405e-05
8.500000000000000888e-01 7.132919811402524694e-05
9.000000000000000222e-01 6.127472987739110682e-05
9.500000000000000666e-01 5.127533188453336414e-05
1.000000000000000000e+00 4.132379721139630042e-05
1.050000000000000044e+00 3.142615836569171545e-05
1.100000000000000089e+00 2.161047682550387038e-05
1.150000000000000133e+00 1.190821510955473992e-05
1.200000000000000178e+00 2.365573694844744190e-06
1.250000000000000000e+00 -6.966907716241903915e-06
1.300000000000000044e+00 -1.603969454757516052e-05
1.350000000000000089e+00 -2.478254135550350315e-05
1.400000000000000133e+00 -3.314814229634639286e-05
1.450000000000000178e+00 -4.106645119371814593e-05
1.500000000000000000e+00 -4.849850317713867698e-05
1.550000000000000044e+00 -5.538314746598960273e-05
1.600000000000000089e+00 -6.167782672319253455e-05
1.650000000000000133e+00 -6.734028907716531093e-05
1.700000000000000178e+00 -7.233088331344233557e-05
1.750000000000000000e+00 -7.663228941814900004e-05
1.800000000000000044e+00 -8.022182910414444668e-05
1.850000000000000089e+00 -8.308272676392191290e-05
1.900000000000000133e+00 -8.521391919289180382e-05
1.950000000000000178e+00 -8.661681429350080459e-05
2.000000000000000000e+00 -8.730562586807052311e-05
2.050000000000000266e+00 -8.729235848003170082e-05
2.100000000000000089e+00 -8.661405612338715491e-05
2.149999999999999911e+00 -8.528593544391036918e-05
2.200000000000000178e+00 -8.335568861900523297e-05
2.250000000000000000e+00 -8.086201508788398511e-05
2.300000000000000266e+00 -7.784893464483458076e-05
2.350000000000000089e+00 -7.436733760440066769e-05
2.400000000000000355e+00 -7.047386979829647208e-05
2.450000000000000178e+00 -6.621885054432764491e-05
2.500000000000000000e+00 -6.165694082030383184e-05
2.550000000000000266e+00 -5.684878542055753941e-05
2.600000000000000089e+00 -5.185084135069002465e-05
2.650000000000000355e+00 -4.671216057971708794e-05
2.700000000000000178e+00 -4.149075816859918852e-05
2.750000000000000000e+00 -3.624114522600820830e-05
2.800000000000000266e+00 -3.100587220600252338e-05
2.850000000000000089e+00 -2.583330539836957567e-05
2.900000000000000355e+00 -2.076906913148971110e-05
2.950000000000000178e+00 -1.584885361517915676e-05
3.000000000000000000e+00 -1.110678101169939166e-05
3.050000000000000266e+00 -6.575834250886735228e-06
3.100000000000000089e+00 -2.280134280526284689e-06
3.150000000000000355e+00 1.756016698881818271e-06
3.200000000000000178e+00 5.516018899072849333e-06
3.250000000000000000e+00 8.987095126806129939e-06
3.300000000000000266e+00 1.215699103110870397e-05
3.350000000000000089e+00 1.502233109823102070e-05
3.400000000000000355e+00 1.757851186075300187e-05
3.450000000000000178e+00 1.982892183577755985e-05
3.500000000000000000e+00 2.177574879495985553e-05
3.550000000000000266e+00 2.342677135262393395e-05
3.600000000000000089e+00 2.479190310565107050e-05
3.650000000000000355e+00 2.588156738567696339e-05
3.700000000000000178e+00 2.670894833788212944e-05
3.750000000000000000e+00 2.729045194180966768e-05
3.800000000000000266e+00 2.764094998651751064e-05
3.850000000000000089e+00 2.777665331061557335e-05
3.900000000000000355e+00 2.771777735281004046e-05
3.950000000000000178e+00 2.748064634936489697e-05
4.000000000000000000e+00 2.708265139487488804e-05
4.049999999999999822e+00 2.654330958123119125e-05
4.100000000000000533e+00 2.587907116503138471e-05
4.150000000000000355e+00 2.510727944601924747e-05
4.200000000000000178e+00 2.424617402839348012e-05
4.250000000000000000e+00 2.330948084632578619e-05
4.299999999999999822e+00 2.231342838994800781e-05
4.350000000000000533e+00 2.127186433113478824e-05
4.400000000000000355e+00 2.019817919458985990e-05
4.450000000000000178e+00 1.910291805822234674e-05
4.500000000000000000e+00 1.799904456480491533e-05
4.549999999999999822e+00 1.689487555115417583e-05
4.600000000000000533e+00 1.579932369212186225e-05
4.650000000000000355e+00 1.472065320236798987e-05
4.700000000000000178e+00 1.366536474373182394e-05
4.750000000000000000e+00 1.263986234544383085e-05
4.800000000000000711e+00 1.164792424048191998e-05
4.850000000000000533e+00 1.069387783614934448e-05
4.900000000000000355e+00 9.780690070449961680e-06
4.950000000000000178e+00 8.911024312824741576e-06
5.000000000000000000e+00 8.086313128247899607e-06
5.050000000000000711e+00 7.307590026727321099e-06
5.100000000000000533e+00 6.575150155443058250e-06
5.150000000000000355e+00 5.889051558405846423e-06
5.200000000000000178e+00 5.249658286161341554e-06
5.250000000000000000e+00 4.654923334860326540e-06
5.300000000000000711e+00 4.104758474322640773e-06
5.350000000000000533e+00 3.596931295353221151e-06
5.400000000000000355e+00 3.130621473355019044e-06
5.450000000000000178e+00 2.703217977809192282e-06
5.500000000000000000e+00 2.313342916197036146e-06
5.550000000000000711e+00 1.958864545533388534e-06
5.600000000000000533e+00 1.638044093724001829e-06
5.650000000000000355e+00 1.348359204570335351e-06
5.700000000000000178e+00 1.087998125499976314e-06
5.750000000000000000e+00 8.547691170860777612e-07
5.800000000000000711e+00 6.468633031069360839e-07
5.850000000000000533e+00 4.619631485687085878e-07
5.900000000000000355e+00 2.986337898417441279e-07
5.950000000000000178e+00 1.548599534975212789e-07
6.000000000000000000e+00 2.898835823059649395e-08
6.050000000000000711e+00 -8.084040322063403767e-08
6.100000000000000533e+00 -1.760028335309437772e-07
6.150000000000000355e+00 -2.579537408807799754e-07
6.200000000000000178e+00 -3.276958094766550793e-07
6.250000000000000000e+00 -3.868398256895636350e-07
6.300000000000000711e+00 -4.365441717470336730e-07
6.350000000000000533e+00 -4.777313929306218087e-07
6.400000000000000355e+00 -5.114116536427550824e-07
6.450000000000000178e+00 -5.385532597383400697e-07
6.500000000000000000e+00 -5.594815532746484213e-07
6.550000000000000711e+00 -5.758813517354263736e-07
