0.000000000000000000e+00 0.000000000000000000e+00
5.000000000000000278e-02 2.076954420134393007e-13
1.000000000000000056e-01 6.636091820082143972e-12
1.500000000000000222e-01 5.026448297043184014e-11
2.000000000000000111e-01 2.110594184889787777e-10
2.500000000000000000e-01 6.411537918337189340e-10
3.000000000000000444e-01 1.586477067724424545e-09
3.500000000000000333e-01 3.406367376146975757e-09
4.000000000000000222e-01 6.590735251413112413e-09
4.500000000000000111e-01 1.177439608343764776e-08
5.000000000000000000e-01 1.974824290860500992e-08
5.500000000000000444e-01 3.146699188911809712e-08
6.000000000000000888e-01 4.805329848298540873e-08
6.500000000000000222e-01 7.079811157009900796e-08
7.000000000000000666e-01 1.011572042884088383e-07
7.500000000000000000e-01 1.407438926303780773e-07
8.000000000000000444e-01 1.913180245338388364e-07
8.500000000000000888e-01 2.547713918812429282e-07
9.000000000000000222e-01 3.331097841626356268e-07
9.500000000000000666e-01 4.284319643108945590e-07
1.000000000000000000e+00 5.429059032434086253e-07
1.050000000000000044e+00 6.787426589355388990e-07
1.100000000000000089e+00 8.381683275524784706e-07
1.150000000000000133e+00 1.023394527589031759e-06
1.200000000000000178e+00 1.236587902600859865e-06
1.250000000000000000e+00 1.479839143630808739e-06
1.300000000000000044e+00 1.755132038702782920e-06
1.350000000000000089e+00 2.064313053822935810e-06
1.400000000000000133e+00 2.409061938024420532e-06
1.450000000000000178e+00 2.790863824520275052e-06
1.500000000000000000e+00 3.210983271551027362e-06
1.550000000000000044e+00 3.670440650734208912e-06
1.600000000000000089e+00 4.169991248471464793e-06
1.650000000000000133e+00 4.710107398178583304e-06
1.700000000000000178e+00 5.290963908788922867e-06
1.750000000000000000e+00 5.912426999213706972e-06
1.800000000000000044e+00 6.574046890330167219e-06
1.850000000000000089e+00 7.275054146726605532e-06
1.900000000000000133e+00 8.014359800966925116e-06
1.950000000000000178e+00 8.790559234613823061e-06
2.000000000000000000e+00 9.601939733684233588e-06
2.050000000000000266e+00 1.044649158254251615e-05
2.100000000000000089e+00 1.132192251031629956e-05
2.149999999999999911e+00 1.222567525849485225e-05
2.200000000000000178e+00 1.315494799807249319e-05
2.250000000000000000e+00 1.410671728994299448e-05
2.300000000000000266e+00 1.507776325361930505e-05
2.350000000000000089e+00 1.606469658700334421e-05
2.400000000000000355e+00 1.706398706399359568e-05
2.450000000000000178e+00 1.807199312719636266e-05
2.500000000000000000e+00 1.908499218979099214e-05
2.550000000000000266e+00 2.009921126346323774e-05
2.600000000000000089e+00 2.111085753794508568e-05
2.650000000000000355e+00 2.211614855167018130e-05
2.700000000000000178e+00 2.311134161188617135e-05
2.750000000000000000e+00 2.409276214570913192e-05
2.800000000000000266e+00 2.505683069046350035e-05
2.850000000000000089e+00 2.600008826159366335e-05
2.900000000000000355e+00 2.691921986880941556e-05
2.950000000000000178e+00 2.781107598527956664e-05
3.000000000000000000e+00 2.867269180996819781e-05
3.050000000000000266e+00 2.950130419898288868e-05
3.100000000000000089e+00 3.029436617747432027e-05
3.150000000000000355e+00 3.104955897862825710e-05
3.200000000000000178e+00 3.176480159010804794e-05
3.250000000000000000e+00 3.243825782047962968e-05
3.300000000000000266e+00 3.306834092827242534e-05
3.350000000000000089e+00 3.365371588406495704e-05
3.400000000000000355e+00 3.419329936104888542e-05
3.450000000000000178e+00 3.468625757171258826e-05
3.500000000000000000e+00 3.513200208744247108e-05
3.550000000000000266e+00 3.553018379388381948e-05
3.600000000000000089e+00 3.588068514780135649e-05
3.650000000000000355e+00 3.618361091096247874e-05
3.700000000000000178e+00 3.643927754330845953e-05
3.750000000000000000e+00 3.664820144150298986e-05
3.800000000000000266e+00 3.681108621001340892e-05
3.850000000000000089e+00 3.692880915038177799e-05
3.900000000000000355e+00 3.700240715049943422e-05
3.950000000000000178e+00 3.703306214975258474e-05
4.000000000000000000e+00 3.702208634811017274e-05
4.049999999999999822e+00 3.697090731784521831e-05
4.100000000000000533e+00 3.688105316588184115e-05
4.150000000000000355e+00 3.675413788300922383e-05
4.200000000000000178e+00 3.659184700365894461e-05
4.250000000000000000e+00 3.639592368685255021e-05
4.299999999999999822e+00 3.616815531552656333e-05
4.350000000000000533e+00 3.591036069795185343e-05
4.400000000000000355e+00 3.562437794158297396e-05
4.450000000000000178e+00 3.531205305657922084e-05
4.500000000000000000e+00 3.497522933359210456e-05
4.549999999999999822e+00 3.461573752834995612e-05
4.600000000000000533e+00 3.423538687419995280e-05
4.650000000000000355e+00 3.383595693318739806e-05
4.700000000000000178e+00 3.341919028652682385e-05
4.750000000000000000e+00 3.298678605650460133e-05
4.800000000000000711e+00 3.254039424397408593e-05
4.850000000000000533e+00 3.208161085867998431e-05
4.900000000000000355e+00 3.161197381367332140e-05
4.950000000000000178e+00 3.113295955003585652e-05
5.000000000000000000e+00 3.064598035399636268e-05
5.050000000000000711e+00 3.015238232524731295e-05
5.100000000000000533e+00 2.965344395281652442e-05
5.150000000000000355e+00 2.915037525315339719e-05
5.200000000000000178e+00 2.864431742409873695e-05
5.250000000000000000e+00 2.813634296805292377e-05
5.300000000000000711e+00 2.762745623787549382e-05
5.350000000000000533e+00 2.711859435977342095e-05
5.400000000000000355e+00 2.661062848859714109e-05
5.450000000000000178e+00 2.610436535249938605e-05
5.500000000000000000e+00 2.560054904575971896e-05
5.550000000000000711e+00 2.509986303067467017e-05
5.600000000000000533e+00 2.460293231170698151e-05
5.650000000000000355e+00 2.411032574752253093e-05
5.700000000000000178e+00 2.362255846907432863e-05
5.750000000000000000e+00 2.314009437447454924e-05
5.800000000000000711e+00 2.266334867399071788e-05
5.850000000000000533e+00 2.219269046107602645e-05
5.900000000000000355e+00 2.172844528786771479e-05
5.950000000000000178e+00 2.127089772603604753e-05
6.000000000000000000e+00 2.082029389621950545e-05
6.050000000000000711e+00 2.037684395152261526e-05
6.100000000000000533e+00 1.994072450266857802e-05
6.150000000000000355e+00 1.951208097437989993e-05
6.200000000000000178e+00 1.909102988440076456e-05
6.250000000000000000e+00 1.867766103827052986e-05
6.300000000000000711e+00 1.827203963450811910e-05
6.350000000000000533e+00 1.787420827627306125e-05
6.400000000000000355e+00 1.748418888683255711e-05
6.450000000000000178e+00 1.710198452729090436e-05
6.500000000000000000e+00 1.672758111603243146e-05
6.550000000000000711e+00 1.636094905019769513e-05
6.600000000000000533e+00 1.600204473026493635e-05
6.650000000000000355e+00 1.565081198944863472e-05
6.700000000000000178e+00 1.530718343016628018e-05
6.750000000000000000e+00 1.497108167026823110e-05
6.800000000000000711e+00 1.464242050208494621e-05
6.850000000000000533e+00 1.432110596762649281e-05
6.900000000000000355e+00 1.400703735348075491e-05
6.950000000000000178e+00 1.370010810910614594e-05
7.000000000000000000e+00 1.340020669230969152e-05
7.050000000000000711e+00 1.310721734574771937e-05
7.100000000000000533e+00 1.282102080829250402e-05
7.150000000000000355e+00 1.254149496507803075e-05
7.200000000000000178e+00 1.226851543997889156e-05
7.250000000000000000e+00 1.200195613419158185e-05
7.300000000000000711e+00 1.174168971448310727e-05
7.350000000000000533e+00 1.148758805455101611e-05
7.400000000000000355e+00 1.123952263280588881e-05
7.450000000000000178e+00 1.099736488974486717e-05
7.500000000000000000e+00 1.076098654793610903e-05
7.550000000000000711e+00 1.053025989748149874e-05
7.600000000000000533e+00 1.030505804967030248e-05
7.650000000000000355e+00 1.008525516138228725e-05
7.700000000000000178e+00 9.870726632645823067e-06
7.750000000000000000e+00 9.661349279606591499e-06
7.800000000000000711e+00 9.457001485015851830e-06
7.850000000000000533e+00 9.257563328206357611e-06
7.900000000000000355e+00 9.062916696386844691e-06
7.950000000000000178e+00 8.872945378956031121e-06
8.000000000000000000e+00 8.687535146412113350e-06
8.050000000000000711e+00 8.506573815315773452e-06
8.099999999999999645e+00 8.329951300652407460e-06
8.150000000000000355e+00 8.157559656834166326e-06
8.200000000000001066e+00 7.989293108482913692e-06
8.250000000000000000e+00 7.825048072042393511e-06
8.300000000000000711e+00 7.664723169180893357e-06
8.349999999999999645e+00 7.508219232864787448e-06
8.400000000000000355e+00 7.355439306907784675e-06
8.450000000000001066e+00 7.206288639731020684e-06
8.500000000000000000e+00 7.060674673003881884e-06
8.550000000000000711e+00 6.918507025775868083e-06
8.599999999999999645e+00 6.779697474654355414e-06
8.650000000000000355e+00 6.644159930531759631e-06
8.700000000000001066e+00 6.511810412319318008e-06
8.750000000000000000e+00 6.382567018100858853e-06
8.800000000000000711e+00 6.256349894080700715e-06
8.849999999999999645e+00 6.133081201663629648e-06
8.900000000000000355e+00 6.012685082971119817e-06
8.950000000000001066e+00 5.895087625068398760e-06
9.000000000000000000e+00 5.780216823148237419e-06
9.050000000000000711e+00 5.668002542892908987e-06
9.099999999999999645e+00 5.558376482212046265e-06
9.150000000000000355e+00 5.451272132533228344e-06
9.200000000000001066e+00 5.346624739803338581e-06
9.250000000000000000e+00 5.244371265340701618e-06
9.300000000000000711e+00 5.144450346662802139e-06
9.349999999999999645e+00 5.046802258399661530e-06
9.400000000000000355e+00 4.951368873390132993e-06
9.450000000000001066e+00 4.858093624046543479e-06
9.500000000000000000e+00 4.766921464062372948e-06
9.550000000000000711e+00 4.677798830528184881e-06
9.600000000000001421e+00 4.590673606512236521e-06
9.650000000000000355e+00 4.505495084154226759e-06
9.700000000000001066e+00 4.422213928313804008e-06
9.750000000000000000e+00 4.340782140808867360e-06
9.800000000000000711e+00 4.261153025273093717e-06
9.850000000000001421e+00 4.183281152656836422e-06
9.900000000000000355e+00 4.107122327391154968e-06
9.950000000000001066e+00 4.032633554230312177e-06
1.000000000000000000e+01 3.959773005784608302e-06
1.005000000000000071e+01 3.888499990752008856e-06
1.010000000000000142e+01 3.818774922854127751e-06
1.015000000000000036e+01 3.750559290479451625e-06
1.020000000000000107e+01 3.683815627034482533e-06
1.025000000000000000e+01 3.618507482001313740e-06
1.030000000000000071e+01 3.554599392698422861e-06
1.035000000000000142e+01 3.492056856739878383e-06
1.040000000000000036e+01 3.430846305186714421e-06
1.045000000000000107e+01 3.370935076383032071e-06
1.050000000000000000e+01 3.312291390468442183e-06
1.055000000000000071e+01 3.254884324557411050e-06
1.060000000000000142e+01 3.198683788575372993e-06
1.065000000000000036e+01 3.143660501740882611e-06
1.070000000000000107e+01 3.089785969682383160e-06
1.075000000000000000e+01 3.037032462177882969e-06
1.080000000000000071e+01 2.985372991505362516e-06
1.085000000000000142e+01 2.934781291391458656e-06
1.090000000000000036e+01 2.885231796545803956e-06
1.095000000000000107e+01 2.836699622768200427e-06
1.100000000000000000e+01 2.789160547615689239e-06
1.105000000000000071e+01 2.742590991616565279e-06
1.110000000000000142e+01 2.696968000018384149e-06
1.115000000000000036e+01 2.652269225056928727e-06
1.120000000000000107e+01 2.608472908733330286e-06
1.125000000000000000e+01 2.565557866086439176e-06
1.130000000000000071e+01 2.523503468947861147e-06
1.135000000000000142e+01 2.482289630167021142e-06
1.140000000000000036e+01 2.441896788293881116e-06
1.145000000000000107e+01 2.402305892707102307e-06
1.150000000000000000e+01 2.363498389175600823e-06
1.155000000000000071e+01 2.325456205841664734e-06
1.160000000000000142e+01 2.288161739614008868e-06
1.165000000000000036e+01 2.251597842959355629e-06
1.170000000000000107e+01 2.215747811081346211e-06
1.175000000000000000e+01 2.180595369475888905e-06
1.180000000000000071e+01 2.146124661852127926e-06
1.185000000000000142e+01 2.112320238408648525e-06
1.190000000000000036e+01 2.079167044454638820e-06
1.195000000000000107e+01 2.046650409365988776e-06
1.200000000000000000e+01 2.014756035866633329e-06
1.205000000000000071e+01 1.983469989625521151e-06
1.210000000000000142e+01 1.952778689160062389e-06
1.215000000000000036e+01 1.922668896036891318e-06
1.220000000000000107e+01 1.893127705361202111e-06
1.225000000000000000e+01 1.864142536546090191e-06
1.230000000000000071e+01 1.835701124353532819e-06
1.235000000000000142e+01 1.807791510198896877e-06
1.240000000000000036e+01 1.780402033711096862e-06
1.245000000000000107e+01 1.753521324540725802e-06
1.250000000000000000e+01 1.727138294408676613e-06
1.255000000000000071e+01 1.701242129388032939e-06
1.260000000000000142e+01 1.675822282412226848e-06
1.265000000000000036e+01 1.650868466002510294e-06
1.270000000000000107e+01 1.626370645208255472e-06
1.275000000000000000e+01 1.602319030753517432e-06
1.280000000000000071e+01 1.578704072383665449e-06
1.285000000000000142e+01 1.555516452406010356e-06
1.290000000000000036e+01 1.532747079418523799e-06
1.295000000000000107e+01 1.510387082220909492e-06
1.300000000000000000e+01 1.488427803902606957e-06
1.305000000000000071e+01 1.466860796102153202e-06
1.310000000000000142e+01 1.445677813432898919e-06
1.315000000000000036e+01 1.424870808069872482e-06
1.320000000000000107e+01 1.404431924492982732e-06
1.325000000000000000e+01 1.384353494381754891e-06
1.330000000000000071e+01 1.364628031657049349e-06
1.335000000000000142e+01 1.345248227665234669e-06
1.340000000000000036e+01 1.326206946500580909e-06
1.345000000000000107e+01 1.307497220461559320e-06
1.350000000000000000e+01 1.289112245637117349e-06
1.355000000000000071e+01 1.271045377618888383e-06
1.360000000000000142e+01 1.253290127335594883e-06
1.365000000000000036e+01 1.235840157005886847e-06
1.370000000000000107e+01 1.218689276206088341e-06
1.375000000000000000e+01 1.201831438049360406e-06
1.380000000000000071e+01 1.185260735472895404e-06
1.385000000000000142e+01 1.168971397629940577e-06
1.390000000000000036e+01 1.152957786383446929e-06
1.395000000000000107e+01 1.137214392898296229e-06
1.400000000000000000e+01 1.121735834329176657e-06
1.405000000000000071e+01 1.106516850601192057e-06
1.410000000000000142e+01 1.091552301280465036e-06
1.415000000000000036e+01 1.076837162532002470e-06
1.420000000000000107e+01 1.062366524162270013e-06
1.425000000000000000e+01 1.048135586743882006e-06
1.430000000000000071e+01 1.034139658820006506e-06
1.435000000000000142e+01 1.020374154186112466e-06
1.440000000000000036e+01 1.006834589246717874e-06
1.445000000000000107e+01 9.935165804449871710e-07
1.450000000000000000e+01 9.804158417629178522e-07
1.455000000000000071e+01 9.675281822901555880e-07
1.460000000000000142e+01 9.548495038592893560e-07
1.465000000000000036e+01 9.423757987457451205e-07
1.470000000000000107e+01 9.301031474303515840e-07
1.475000000000000000e+01 9.180277164227450339e-07
1.480000000000000071e+01 9.061457561437905742e-07
1.485000000000000142e+01 8.944535988653674992e-07
1.490000000000000036e+01 8.829476567057613205e-07
1.495000000000000107e+01 8.716244196790982973e-07
1.500000000000000000e+01 8.604804537972132108e-07
1.505000000000000071e+01 8.495123992224556891e-07
1.510000000000000142e+01 8.387169684699174101e-07
1.515000000000000036e+01 8.280909446576950724e-07
1.520000000000000107e+01 8.176311798037614604e-07
1.525000000000000000e+01 8.073345931681320186e-07
1.530000000000000071e+01 7.971981696389799438e-07
1.535000000000000142e+01 7.872189581615026169e-07
1.540000000000000036e+01 7.773940702082222401e-07
1.545000000000000107e+01 7.677206782896367946e-07
1.550000000000000000e+01 7.581960145039640032e-07
1.555000000000000071e+01 7.488173691249746718e-07
1.560000000000000142e+01 7.395820892267177022e-07
1.565000000000000036e+01 7.304875773441661859e-07
1.570000000000000107e+01 7.215312901687482304e-07
1.575000000000000000e+01 7.127107372777650336e-07
1.580000000000000071e+01 7.040234798967349291e-07
1.585000000000000142e+01 6.954671296937478643e-07
1.590000000000000036e+01 6.870393476049529990e-07
1.595000000000000107e+01 6.787378426902311695e-07
1.600000000000000000e+01 6.705603710183087359e-07
1.605000000000000071e+01 6.625047345803789585e-07
1.610000000000000142e+01 6.545687802315454418e-07
1.615000000000000213e+01 6.467503986592444248e-07
1.619999999999999929e+01 6.390475233778820006e-07
1.625000000000000000e+01 6.314581297490434712e-07
1.630000000000000071e+01 6.239802340264670877e-07
1.635000000000000142e+01 6.166118924251848057e-07
1.640000000000000213e+01 6.093512002140908058e-07
1.644999999999999929e+01 6.021962908313598940e-07
1.650000000000000000e+01 5.951453350220280951e-07
1.655000000000000071e+01 5.881965399971958793e-07
1.660000000000000142e+01 5.813481486141930196e-07
1.665000000000000213e+01 5.745984385771674250e-07
1.669999999999999929e+01 5.679457216575832713e-07
1.675000000000000000e+01 5.613883429339915670e-07
1.680000000000000071e+01 5.549246800506515428e-07
1.685000000000000142e+01 5.485531424944194717e-07
1.690000000000000213e+01 5.422721708894585327e-07
1.694999999999999929e+01 5.360802363092731456e-07
1.700000000000000000e+01 5.299758396055894138e-07
1.705000000000000071e+01 5.239575107536614433e-07
1.710000000000000142e+01 5.180238082135362900e-07
1.715000000000000213e+01 5.121733183068683158e-07
1.719999999999999929e+01 5.064046546088528705e-07
1.725000000000000000e+01 5.007164573549151812e-07
1.730000000000000071e+01 4.951073928616954650e-07
1.735000000000000142e+01 4.895761529620468244e-07
1.740000000000000213e+01 4.841214544535518949e-07
1.744999999999999929e+01 4.787420385603654379e-07
1.750000000000000000e+01 4.734366704078544905e-07
1.755000000000000071e+01 4.682041385098272773e-07
1.760000000000000142e+01 4.630432542680020128e-07
1.765000000000000213e+01 4.579528514833238952e-07
1.769999999999999929e+01 4.529317858789140331e-07
1.775000000000000000e+01 4.479789346342982564e-07
1.780000000000000071e+01 4.430931959306227396e-07
1.785000000000000142e+01 4.382734885065876614e-07
1.790000000000000213e+01 4.335187512248288046e-07
1.794999999999999929e+01 4.288279426484424281e-07
1.800000000000000000e+01 4.242000406274373656e-07
1.805000000000000071e+01 4.196340418948293759e-07
1.810000000000000142e+01 4.151289616721383538e-07
1.815000000000000213e+01 4.106838332840592782e-07
1.819999999999999929e+01 4.062977077820597222e-07
1.825000000000000000e+01 4.019696535766644815e-07
1.830000000000000071e+01 3.976987560782639996e-07
1.835000000000000142e+01 3.934841173461478017e-07
1.840000000000000213e+01 3.893248557456293695e-07
1.844999999999999929e+01 3.852201056130061760e-07
1.850000000000000000e+01 3.811690169282001923e-07
1.855000000000000071e+01 3.771707549948400549e-07
1.860000000000000142e+01 3.732245001276542920e-07
1.865000000000000213e+01 3.693294473469183229e-07
1.869999999999999929e+01 3.654848060798894256e-07
1.875000000000000000e+01 3.616897998689094958e-07
1.880000000000000071e+01 3.579436660861682895e-07
1.885000000000000142e+01 3.542456556548132198e-07
1.890000000000000213e+01 3.505950327763895068e-07
1.894999999999999929e+01 3.469910746643283546e-07
1.900000000000000000e+01 3.434330712834169810e-07
1.905000000000000071e+01 3.399203250950811988e-07
1.910000000000000142e+01 3.364521508083215189e-07
1.915000000000000213e+01 3.330278751361908600e-07
1.920000000000000284e+01 3.296468365576512358e-07
1.925000000000000000e+01 3.263083850847007864e-07
1.930000000000000071e+01 3.230118820346501885e-07
1.935000000000000142e+01 3.197566998073737951e-07
1.940000000000000213e+01 3.165422216674879665e-07
1.945000000000000284e+01 3.133678415312652150e-07
1.950000000000000000e+01 3.102329637582393246e-07
1.955000000000000071e+01 3.071370029473247848e-07
1.960000000000000142e+01 3.040793837373886539e-07
1.965000000000000213e+01 3.010595406121493307e-07
1.970000000000000284e+01 2.980769177092894747e-07
1.975000000000000000e+01 2.951309686337206570e-07
1.980000000000000071e+01 2.922211562748333030e-07
1.985000000000000142e+01 2.893469526277263116e-07
1.990000000000000213e+01 2.865078386182344540e-07
1.995000000000000284e+01 2.837033039317303624e-07
2.000000000000000000e+01 2.809328468455735250e-07
2.005000000000000071e+01 2.781959740651410126e-07
2.010000000000000142e+01 2.754922005633240001e-07
2.015000000000000213e+01 2.728210494234694342e-07
2.020000000000000284e+01 2.701820516856359311e-07
2.025000000000000000e+01 2.675747461960681862e-07
2.030000000000000071e+01 2.649986794598907978e-07
2.035000000000000142e+01 2.624534054968973609e-07
2.040000000000000213e+01 2.599384857003340873e-07
2.045000000000000284e+01 2.574534886986872159e-07
2.050000000000000000e+01 2.549979902203149718e-07
2.055000000000000071e+01 2.525715729609672192e-07
2.060000000000000142e+01 2.501738264539854976e-07
2.065000000000000213e+01 2.478043469432767196e-07
2.070000000000000284e+01 2.454627372588576143e-07
2.075000000000000000e+01 2.431486066950192024e-07
2.080000000000000071e+01 2.408615708909864183e-07
2.085000000000000142e+01 2.386012517140326454e-07
2.090000000000000213e+01 2.363672771450127955e-07
2.095000000000000284e+01 2.341592811662245376e-07
2.100000000000000000e+01 2.319769036515882793e-07
2.105000000000000071e+01 2.298197902590559032e-07
2.110000000000000142e+01 2.276875923252031554e-07
2.115000000000000213e+01 2.255799667619964986e-07
2.120000000000000284e+01 2.234965759556141004e-07
2.125000000000000000e+01 2.214370876673635453e-07
2.130000000000000071e+01 2.194011749365628371e-07
2.135000000000000142e+01 2.173885159853913616e-07
2.140000000000000213e+01 2.153987941256784366e-07
2.145000000000000284e+01 2.134316976675203425e-07
2.150000000000000000e+01 2.114869198297677593e-07
2.155000000000000071e+01 2.095641586522930851e-07
2.160000000000000142e+01 2.076631169099904928e-07
2.165000000000000213e+01 2.057835020285242630e-07
2.170000000000000284e+01 2.039250260017042928e-07
2.175000000000000000e+01 2.020874053105533954e-07
2.180000000000000071e+01 2.002703608439312068e-07
2.185000000000000142e+01 1.984736178207560212e-07
2.190000000000000213e+01 1.966969057137437406e-07
2.195000000000000284e+01 1.949399581746547034e-07
2.200000000000000000e+01 1.932025129609978583e-07
2.205000000000000071e+01 1.914843118641980294e-07
2.210000000000000142e+01 1.897851006391192016e-07
2.215000000000000213e+01 1.881046289350111921e-07
2.220000000000000284e+01 1.864426502277837014e-07
2.225000000000000000e+01 1.847989217535801369e-07
2.230000000000000071e+01 1.831732044436520820e-07
2.235000000000000142e+01 1.815652628605124136e-07
2.240000000000000213e+01 1.799748651352864168e-07
2.245000000000000284e+01 1.784017829063036426e-07
2.250000000000000000e+01 1.768457912588315936e-07
2.255000000000000071e+01 1.753066686660165630e-07
2.260000000000000142e+01 1.737841969309057121e-07
2.265000000000000213e+01 1.722781611296247119e-07
2.270000000000000284e+01 1.707883495555885532e-07
2.275000000000000000e+01 1.693145536648211759e-07
2.280000000000000071e+01 1.678565680222861384e-07
2.285000000000000142e+01 1.664141902492513013e-07
2.290000000000000213e+01 1.649872209716282092e-07
2.295000000000000284e+01 1.635754637693186200e-07
2.300000000000000000e+01 1.621787251264743218e-07
2.305000000000000071e+01 1.607968143827426046e-07
2.310000000000000142e+01 1.594295436853865581e-07
2.315000000000000213e+01 1.580767279423147130e-07
2.320000000000000284e+01 1.567381847760086153e-07
2.325000000000000000e+01 1.554137344782636863e-07
2.330000000000000071e+01 1.541031999658394502e-07
2.335000000000000142e+01 1.528064067368648666e-07
2.340000000000000213e+01 1.515231828281032942e-07
2.345000000000000284e+01 1.502533587729858999e-07
2.350000000000000000e+01 1.489967675604270106e-07
2.355000000000000071e+01 1.477532445943999424e-07
2.360000000000000142e+01 1.465226276542487429e-07
2.365000000000000213e+01 1.453047568557300216e-07
2.370000000000000284e+01 1.440994746127928920e-07
2.375000000000000000e+01 1.429066256000285710e-07
2.380000000000000071e+01 1.417260567158175375e-07
2.385000000000000142e+01 1.405576170461402081e-07
2.390000000000000213e+01 1.394011578290742928e-07
2.395000000000000284e+01 1.382565324199010606e-07
2.400000000000000000e+01 1.371235962568602476e-07
2.405000000000000071e+01 1.360022068275335162e-07
2.410000000000000142e+01 1.348922236358112821e-07
2.415000000000000213e+01 1.337935081694948154e-07
2.420000000000000284e+01 1.327059238684182355e-07
2.425000000000000000e+01 1.316293360932046417e-07
2.430000000000000071e+01 1.305636120945640279e-07
2.435000000000000142e+01 1.295086209831052927e-07
2.440000000000000213e+01 1.284642336997424968e-07
2.445000000000000284e+01 1.274303229865894342e-07
2.450000000000000000e+01 1.264067633583773260e-07
2.455000000000000071e+01 1.253934310744049011e-07
2.460000000000000142e+01 1.243902041109414270e-07
2.465000000000000213e+01 1.233969621341691959e-07
2.470000000000000284e+01 1.224135864735609608e-07
2.475000000000000000e+01 1.214399600957395199e-07
2.480000000000000071e+01 1.204759675788098653e-07
2.485000000000000142e+01 1.195214950871356269e-07
2.490000000000000213e+01 1.185764303465354465e-07
2.495000000000000284e+01 1.176406626199484756e-07
2.500000000000000000e+01 1.167140826835019359e-07
2.505000000000000071e+01 1.157965828029952745e-07
2.510000000000000142e+01 1.148880567107989415e-07
2.515000000000000213e+01 1.139883995831699348e-07
2.520000000000000284e+01 1.130975080179270156e-07
2.525000000000000000e+01 1.122152800125307399e-07
2.530000000000000071e+01 1.113416149425487314e-07
2.535000000000000142e+01 1.104764135404771309e-07
2.540000000000000213e+01 1.096195778749246428e-07
2.545000000000000284e+01 1.087710113301853958e-07
2.550000000000000000e+01 1.079306185861107140e-07
2.555000000000000071e+01 1.070983055983720047e-07
2.560000000000000142e+01 1.062739795790264346e-07
2.565000000000000213e+01 1.054575489774396833e-07
2.570000000000000284e+01 1.046489234615159977e-07
2.575000000000000000e+01 1.038480138992490067e-07
2.580000000000000071e+01 1.030547323405989089e-07
2.585000000000000142e+01 1.022689919996539059e-07
2.590000000000000213e+01 1.014907072371074460e-07
2.595000000000000284e+01 1.007197935430405597e-07
2.600000000000000000e+01 9.995616751995985227e-08
2.605000000000000071e+01 9.919974686616388119e-08
2.610000000000000142e+01 9.845045035934316905e-08
2.615000000000000213e+01 9.770819784050200933e-08
2.620000000000000284e+01 9.697291019810465661e-08
2.625000000000000000e+01 9.624450935251649601e-08
2.630000000000000071e+01 9.552291824068903900e-08
2.635000000000000142e+01 9.480806080110155695e-08
2.640000000000000213e+01 9.409986195895903478e-08
2.645000000000000284e+01 9.339824761162885558e-08
2.650000000000000000e+01 9.270314461432315123e-08
2.655000000000000071e+01 9.201448076600081252e-08
2.660000000000000142e+01 9.133218479553054416e-08
2.665000000000000213e+01 9.065618634806178708e-08
2.670000000000000284e+01 8.998641597161278546e-08
2.675000000000000000e+01 8.932280510389759656e-08
2.680000000000000071e+01 8.866528605936430282e-08
2.685000000000000142e+01 8.801379201642188738e-08
2.690000000000000213e+01 8.736825700490798460e-08
2.695000000000000284e+01 8.672861589374835115e-08
2.700000000000000000e+01 8.609480437880147999e-08
2.705000000000000071e+01 8.546675897091503881e-08
2.710000000000000142e+01 8.484441698418155962e-08
2.715000000000000213e+01 8.422771652436984813e-08
2.720000000000000284e+01 8.361659647755019145e-08
2.725000000000000000e+01 8.301099649889111660e-08
2.730000000000000071e+01 8.241085700166473074e-08
2.735000000000000142e+01 8.181611914639256308e-08
2.740000000000000213e+01 8.122672483018601256e-08
2.745000000000000284e+01 8.064261667626607540e-08
2.750000000000000000e+01 8.006373802360955844e-08
2.755000000000000071e+01 7.949003291682661190e-08
2.760000000000000142e+01 7.892144609612468598e-08
2.765000000000000213e+01 7.835792298748637650e-08
2.770000000000000284e+01 7.779940969298257086e-08
2.775000000000000000e+01 7.724585298124105093e-08
2.780000000000000071e+01 7.669720027805399621e-08
2.785000000000000142e+01 7.615339965716663283e-08
2.790000000000000213e+01 7.561439983116432377e-08
2.795000000000000284e+01 7.508015014254759438e-08
2.800000000000000000e+01 7.455060055491248128e-08
2.805000000000000071e+01 7.402570164429725699e-08
2.810000000000000142e+01 7.350540459063265141e-08
2.815000000000000213e+01 7.298966116936918260e-08
2.820000000000000284e+01 7.247842374317794120e-08
2.825000000000000000e+01 7.197164525383551187e-08
2.830000000000000071e+01 7.146927921421106807e-08
2.835000000000000142e+01 7.097127970035697693e-08
2.840000000000000213e+01 7.047760134376452262e-08
2.845000000000000284e+01 6.998819932371009011e-08
2.850000000000000000e+01 6.950302935971838519e-08
2.855000000000000071e+01 6.902204770416451481e-08
2.860000000000000142e+01 6.854521113496245170e-08
2.865000000000000213e+01 6.807247694839069168e-08
2.870000000000000284e+01 6.760380295200298504e-08
2.875000000000000000e+01 6.713914745766939171e-08
2.880000000000000071e+01 6.667846927471025868e-08
2.885000000000000142e+01 6.622172770313640737e-08
2.890000000000000213e+01 6.576888252700547047e-08
2.895000000000000284e+01 6.531989400786045703e-08
2.900000000000000000e+01 6.487472287826494557e-08
2.905000000000000071e+01 6.443333033547786554e-08
2.910000000000000142e+01 6.399567803516164396e-08
2.915000000000000213e+01 6.356172808523466527e-08
2.920000000000000284e+01 6.313144303978858215e-08
2.925000000000000000e+01 6.270478589311615091e-08
2.930000000000000071e+01 6.228172007381196463e-08
2.935000000000000142e+01 6.186220943898293007e-08
2.940000000000000213e+01 6.144621826851532367e-08
2.945000000000000284e+01 6.103371125944632374e-08
2.950000000000000000e+01 6.062465352043074137e-08
2.955000000000000071e+01 6.021901056626536258e-08
2.960000000000000142e+01 5.981674831251332002e-08
2.965000000000000213e+01 5.941783307018952359e-08
2.970000000000000284e+01 5.902223154054759628e-08
2.975000000000000000e+01 5.862991080993174016e-08
2.980000000000000071e+01 5.824083834470621195e-08
2.985000000000000142e+01 5.785498198625167436e-08
2.990000000000000213e+01 5.747230994606096139e-08
2.995000000000000284e+01 5.709279080085689948e-08
3.000000000000000000e+01 5.671639348784403278e-08
3.005000000000000071e+01 5.634308730000308377e-08
3.010000000000000142e+01 5.597284188141143372e-08
3.015000000000000213e+01 5.560562722271937120e-08
3.020000000000000284e+01 5.524141365661342329e-08
3.025000000000000000e+01 5.488017185338534760e-08
3.030000000000000071e+01 5.452187281657039563e-08
3.035000000000000142e+01 5.416648787860943870e-08
3.040000000000000213e+01 5.381398869662610501e-08
3.045000000000000284e+01 5.346434724822015599e-08
3.050000000000000000e+01 5.311753582735890662e-08
3.055000000000000071e+01 5.277352704028950401e-08
3.060000000000000142e+01 5.243229380154892575e-08
3.065000000000000213e+01 5.209380933000148702e-08
3.070000000000000284e+01 5.175804714494996669e-08
3.075000000000000000e+01 5.142498106229056750e-08
3.080000000000000071e+01 5.109458519074453920e-08
3.085000000000000142e+01 5.076683392811195040e-08
3.090000000000000213e+01 5.044170195760283151e-08
3.095000000000000284e+01 5.011916424421334279e-08
3.100000000000000000e+01 4.979919603115891865e-08
3.105000000000000071e+01 4.948177283634177623e-08
3.110000000000000142e+01 4.916687044889025651e-08
3.115000000000000213e+01 4.885446492573106716e-08
3.120000000000000284e+01 4.854453258821876646e-08
3.125000000000000000e+01 4.823705001880197395e-08
3.130000000000000071e+01 4.793199405775436586e-08
3.135000000000000142e+01 4.762934179993736817e-08
3.140000000000000213e+01 4.732907059161561046e-08
3.145000000000000284e+01 4.703115802729906140e-08
3.150000000000000000e+01 4.673558194667132991e-08
3.155000000000000071e+01 4.644232043151105115e-08
3.160000000000000142e+01 4.615135180268381441e-08
3.165000000000000213e+01 4.586265461718829453e-08
3.170000000000000284e+01 4.557620766519916728e-08
3.175000000000000000e+01 4.529198996719596538e-08
3.180000000000000071e+01 4.500998077112530646e-08
3.185000000000000142e+01 4.473015954955801217e-08
3.190000000000000213e+01 4.445250599695592482e-08
3.195000000000000284e+01 4.417700002691030866e-08
3.200000000000000000e+01 4.390362176947366957e-08
3.205000000000000426e+01 4.363235156848316411e-08
3.210000000000000142e+01 4.336316997894897853e-08
3.214999999999999858e+01 4.309605776446846288e-08
3.220000000000000284e+01 4.283099589467840817e-08
3.225000000000000000e+01 4.256796554273892836e-08
3.230000000000000426e+01 4.230694808285610733e-08
3.235000000000000142e+01 4.204792508783153924e-08
3.239999999999999858e+01 4.179087832665938864e-08
3.245000000000000284e+01 4.153578976213745983e-08
3.250000000000000000e+01 4.128264154852521691e-08
3.255000000000000426e+01 4.103141602922618251e-08
3.260000000000000142e+01 4.078209573451598369e-08
3.264999999999999858e+01 4.053466337925388729e-08
3.270000000000000284e+01 4.028910186070945894e-08
3.275000000000000000e+01 4.004539425633378120e-08
3.280000000000000426e+01 3.980352382161115959e-08
3.285000000000000142e+01 3.956347398792688258e-08
3.289999999999999858e+01 3.932522836045308695e-08
3.295000000000000284e+01 3.908877071607700779e-08
3.300000000000000000e+01 3.885408500135055665e-08
3.305000000000000426e+01 3.862115533047647415e-08
3.310000000000000142e+01 3.838996598330293324e-08
3.314999999999999858e+01 3.816050140335890578e-08
3.320000000000000284e+01 3.793274619591654160e-08
3.325000000000000000e+01 3.770668512606686187e-08
3.330000000000000426e+01 3.748230311684089441e-08
3.335000000000000142e+01 3.725958524733723457e-08
3.339999999999999858e+01 3.703851675087708175e-08
3.345000000000000284e+01 3.681908301319729312e-08
3.350000000000000000e+01 3.660126957065192094e-08
3.355000000000000426e+01 3.638506210844907375e-08
3.360000000000000142e+01 3.617044645889328330e-08
3.364999999999999858e+01 3.595740859968008974e-08
3.370000000000000284e+01 3.574593465218330794e-08
3.375000000000000000e+01 3.553601087978519463e-08
3.380000000000000426e+01 3.532762368621039420e-08
3.385000000000000142e+01 3.512075961390771530e-08
3.389999999999999858e+01 3.491540534242321880e-08
3.395000000000000284e+01 3.471154768681974695e-08
3.400000000000000000e+01 3.450917359609595625e-08
3.405000000000000426e+01 3.430827015163209797e-08
3.410000000000000142e+01 3.410882456569262941e-08
3.414999999999999858e+01 3.391082417986793127e-08
3.420000000000000284e+01 3.371425646362009113e-08
3.425000000000000000e+01 3.351910901279284671e-08
3.430000000000000426e+01 3.332536954816116109e-08
3.435000000000000142e+01 3.313302591400865732e-08
3.439999999999999858e+01 3.294206607669696656e-08
3.445000000000000284e+01 3.275247812327927410e-08
3.450000000000000000e+01 3.256425026011665132e-08
3.455000000000000426e+01 3.237737081151537826e-08
3.460000000000000142e+01 3.219182821838133245e-08
3.464999999999999858e+01 3.200761103690485119e-08
3.470000000000000284e+01 3.182470793723368235e-08
3.475000000000000000e+01 3.164310770219009346e-08
3.480000000000000426e+01 3.146279922599121665e-08
3.485000000000000142e+01 3.128377151299455979e-08
3.489999999999999858e+01 3.110601367643795892e-08
3.495000000000000284e+01 3.092951493722489995e-08
