0.000000000000000000e+00 0.000000000000000000e+00
5.000000000000000278e-02 2.324137363391665600e-05
1.000000000000000056e-01 4.578361605973614850e-05
1.500000000000000222e-01 6.694977840265789470e-05
2.000000000000000111e-01 8.610654385759408333e-05
2.500000000000000000e-01 1.026842409752000890e-04
3.000000000000000444e-01 1.161947665705284687e-04
3.500000000000000333e-01 1.262468427877115238e-04
4.000000000000000222e-01 1.325581343471048253e-04
4.500000000000000111e-01 1.349638477375609104e-04
5.000000000000000000e-01 1.334215903920522178e-04
5.500000000000000444e-01 1.280123693315774131e-04
6.000000000000000888e-01 1.189377598283817352e-04
6.500000000000000222e-01 1.065134040861264998e-04
7.000000000000000666e-01 9.115911347128847618e-05
7.500000000000000000e-01 7.338596171570983839e-05
8.000000000000000444e-01 5.378085822013671790e-05
8.500000000000000888e-01 3.298914055150784289e-05
9.000000000000000222e-01 1.169578601931765779e-05
9.500000000000000666e-01 -9.394107999470339062e-06
1.000000000000000000e+00 -2.957497617930456070e-05
1.050000000000000044e+00 -4.815992929772285725e-05
1.100000000000000089e+00 -6.449883413578829175e-05
1.150000000000000133e+00 -7.799480847902290446e-05
1.200000000000000178e+00 -8.811868638970302224e-05
1.250000000000000000e+00 -9.442115967921288207e-05
1.300000000000000044e+00 -9.654214807639084183e-05
1.350000000000000089e+00 -9.421754988324632758e-05
1.400000000000000133e+00 -8.728299763141417428e-05
1.450000000000000178e+00 -7.567483242841867015e-05
1.500000000000000000e+00 -5.942835997126517196e-05
1.550000000000000044e+00 -3.867359099312563364e-05
1.600000000000000089e+00 -1.362873229448093270e-05
1.650000000000000133e+00 1.540825362442964374e-05
1.700000000000000178e+00 4.806964919885035463e-05
1.750000000000000000e+00 8.392925849145654047e-05
1.800000000000000044e+00 1.225142773374137491e-04
1.850000000000000089e+00 1.633178539183331875e-04
1.900000000000000133e+00 2.058114897708971497e-04
1.950000000000000178e+00 2.494572187726855892e-04
2.000000000000000000e+00 2.937191716120329723e-04
2.050000000000000266e+00 3.380742697524635331e-04
2.100000000000000089e+00 3.820218361362666903e-04
2.149999999999999911e+00 4.250919580274455144e-04
2.200000000000000178e+00 4.668525099252876184e-04
2.250000000000000000e+00 5.069146273729515685e-04
2.300000000000000266e+00 5.449370547002007530e-04
2.350000000000000089e+00 5.806286625916651538e-04
2.400000000000000355e+00 6.137499316709679352e-04
2.450000000000000178e+00 6.441130598832370182e-04
2.500000000000000000e+00 6.715809617653645779e-04
2.550000000000000266e+00 6.960652774978354175e-04
2.600000000000000089e+00 7.175235566106134702e-04
2.650000000000000355e+00 7.359557388785829346e-04
2.700000000000000178e+00 7.514001523946480573e-04
2.750000000000000000e+00 7.639291238584206955e-04
2.800000000000000266e+00 7.736443796515870587e-04
2.850000000000000089e+00 7.806723727281911348e-04
2.900000000000000355e+00 7.851596360214010278e-04
2.950000000000000178e+00 7.872682872769185469e-04
3.000000000000000000e+00 7.871717593645092366e-04
3.050000000000000266e+00 7.850508295473046820e-04
3.100000000000000089e+00 7.810899992836178776e-04
3.150000000000000355e+00 7.754742604892981639e-04
3.200000000000000178e+00 7.683862691863824115e-04
3.250000000000000000e+00 7.600039340005194845e-04
3.300000000000000266e+00 7.504984152852382144e-04
3.350000000000000089e+00 7.400325207549077883e-04
3.400000000000000355e+00 7.287594756059558162e-04
3.450000000000000178e+00 7.168220389441423875e-04
3.500000000000000000e+00 7.043519339931605689e-04
3.550000000000000266e+00 6.914695567873832376e-04
3.600000000000000089e+00 6.782840796876125466e-04
3.650000000000000355e+00 6.648928424570589102e-04
3.700000000000000178e+00 6.513832066408092349e-04
3.750000000000000000e+00 6.378314868239850404e-04
3.800000000000000266e+00 6.243042796427252135e-04
3.850000000000000089e+00 6.108589501945120874e-04
3.900000000000000355e+00 5.975443209705962218e-04
3.950000000000000178e+00 5.844013879214559346e-04
4.000000000000000000e+00 5.714640446275481194e-04
4.049999999999999822e+00 5.587597989140922518e-04
4.100000000000000533e+00 5.463104021731740416e-04
4.150000000000000355e+00 5.341328486929980282e-04
4.200000000000000178e+00 5.222393362063399748e-04
4.250000000000000000e+00 5.106385180677354115e-04
4.299999999999999822e+00 4.993357082327269702e-04
4.350000000000000533e+00 4.883334388778057082e-04
4.400000000000000355e+00 4.776319034396935611e-04
4.450000000000000178e+00 4.672293524769895396e-04
4.500000000000000000e+00 4.571224445069928103e-04
4.549999999999999822e+00 4.473065539197904777e-04
4.600000000000000533e+00 4.377760391105805691e-04
4.650000000000000355e+00 4.285244735856543136e-04
4.700000000000000178e+00 4.195448437868377033e-04
4.750000000000000000e+00 4.108297166351653601e-04
4.800000000000000711e+00 4.023713801759005266e-04
4.850000000000000533e+00 3.941619603713633494e-04
4.900000000000000355e+00 3.861935172110314432e-04
4.950000000000000178e+00 3.784581225536116553e-04
5.000000000000000000e+00 3.709479225549738727e-04
5.050000000000000711e+00 3.636551865465759842e-04
5.100000000000000533e+00 3.565723451477308581e-04
5.150000000000000355e+00 3.496920184996648792e-04
5.200000000000000178e+00 3.430070368598184109e-04
5.250000000000000000e+00 3.365104548003214693e-04
5.300000000000000711e+00 3.301955599038136125e-04
5.350000000000000533e+00 3.240558775016707865e-04
5.400000000000000355e+00 3.180851718757967046e-04
5.450000000000000178e+00 3.122774448436649612e-04
5.500000000000000000e+00 3.066269322276724994e-04
5.550000000000000711e+00 3.011280991474740384e-04
5.600000000000000533e+00 2.957756334149883406e-04
5.650000000000000355e+00 2.905644389024421596e-04
5.700000000000000178e+00 2.854896279436516023e-04
5.750000000000000000e+00 2.805465136880137909e-04
5.800000000000000711e+00 2.757306019794878143e-04
5.850000000000000533e+00 2.710375834553341366e-04
5.900000000000000355e+00 2.664633256357168910e-04
5.950000000000000178e+00 2.620038652501135469e-04
