0.000000000000000000e+00 -0.000000000000000000e+00
5.000000000000000278e-02 5.912029433023712093e-07
1.000000000000000056e-01 4.721238452757715803e-06
1.500000000000000222e-01 1.588212602056904933e-05
2.000000000000000111e-01 3.747409794813826185e-05
2.500000000000000000e-01 7.276093988564476451e-05
3.000000000000000444e-01 1.248257570567605544e-04
3.500000000000000333e-01 1.965302496565861118e-04
4.000000000000000222e-01 2.904753604443504732e-04
4.500000000000000111e-01 4.089650307407369538e-04
5.000000000000000000e-01 5.539864591320373122e-04
5.500000000000000444e-01 7.271143973210236885e-04
6.000000000000000888e-01 9.296173733361496336e-04
6.500000000000000222e-01 1.162306197448078173e-03
7.000000000000000666e-01 1.425579910634853066e-03
7.500000000000000000e-01 1.719404974787110303e-03
8.000000000000000444e-01 2.043305780971333644e-03
8.500000000000000888e-01 2.396365816267837304e-03
9.000000000000000222e-01 2.777229347704045660e-03
9.500000000000000666e-01 3.184112705851002006e-03
1.000000000000000000e+00 3.614819094601438680e-03
1.050000000000000044e+00 4.066759687552558809e-03
1.100000000000000089e+00 4.536979659327792028e-03
1.150000000000000133e+00 5.022189736230180807e-03
1.200000000000000178e+00 5.518802625105152272e-03
1.250000000000000000e+00 6.022974694056608576e-03
1.300000000000000044e+00 6.530650160127069413e-03
1.350000000000000089e+00 7.037611091864686037e-03
1.400000000000000133e+00 7.539529687131669815e-03
1.450000000000000178e+00 8.032023268834845992e-03
1.500000000000000000e+00 8.510707167581782820e-03
1.550000000000000044e+00 8.971260158309365615e-03
1.600000000000000089e+00 9.409472577493378093e-03
1.650000000000000133e+00 9.821310240961785010e-03
1.700000000000000178e+00 1.020296518692439050e-02
1.750000000000000000e+00 1.055090798012948798e-02
1.800000000000000044e+00 1.086193929688678353e-02
1.850000000000000089e+00 1.113323125521250082e-02
1.900000000000000133e+00 1.136236728419484296e-02
1.950000000000000178e+00 1.154737474261037511e-02
2.000000000000000000e+00 1.168675098317576919e-02
2.050000000000000266e+00 1.177948218548721324e-02
2.100000000000000089e+00 1.182505456355643046e-02
2.149999999999999911e+00 1.182345771492913228e-02
2.200000000000000178e+00 1.177517980387706061e-02
2.250000000000000000e+00 1.168119595727018685e-02
2.300000000000000266e+00 1.154294643681255152e-02
2.350000000000000089e+00 1.136231061197914144e-02
2.400000000000000355e+00 1.114157539995805878e-02
2.450000000000000178e+00 1.088338615713325269e-02
2.500000000000000000e+00 1.059071395359765209e-02
2.550000000000000266e+00 1.026679873437471267e-02
2.600000000000000089e+00 9.915093797488882046e-03
2.650000000000000355e+00 9.539231993787819844e-03
2.700000000000000178e+00 9.142939216763144861e-03
2.750000000000000000e+00 8.730000271214889002e-03
2.800000000000000266e+00 8.304199758878760135e-03
2.850000000000000089e+00 7.869273673604066169e-03
2.900000000000000355e+00 7.428847468197824835e-03
2.950000000000000178e+00 6.986412513002228375e-03
3.000000000000000000e+00 6.545272083157299171e-03
3.050000000000000266e+00 6.108510640175220281e-03
3.100000000000000089e+00 5.678965130106194276e-03
3.150000000000000355e+00 5.259202827672876564e-03
3.200000000000000178e+00 4.851502506398327509e-03
3.250000000000000000e+00 4.457846931643536306e-03
3.300000000000000266e+00 4.079916012074911655e-03
3.350000000000000089e+00 3.719088013640764034e-03
3.400000000000000355e+00 3.376446115809492166e-03
3.450000000000000178e+00 3.052787800638698517e-03
3.500000000000000000e+00 2.748639653292777284e-03
3.550000000000000266e+00 2.464275798058996637e-03
3.600000000000000089e+00 2.199737893984013339e-03
3.650000000000000355e+00 1.954856328736050142e-03
3.700000000000000178e+00 1.729280056045089499e-03
3.750000000000000000e+00 1.522492374741366917e-03
3.800000000000000266e+00 1.333841545001805511e-03
3.850000000000000089e+00 1.162563578133571753e-03
3.900000000000000355e+00 1.007805850831307174e-03
3.950000000000000178e+00 8.686491397275026638e-04
4.000000000000000000e+00 7.441282788608679245e-04
4.049999999999999822e+00 6.332509323494125422e-04
4.100000000000000533e+00 5.350144044877710742e-04
4.150000000000000355e+00 4.484203375960658954e-04
4.200000000000000178e+00 3.724874237831422180e-04
4.250000000000000000e+00 3.062619283939547587e-04
4.299999999999999822e+00 2.488263398349462138e-04
4.350000000000000533e+00 1.993078529837154743e-04
4.400000000000000355e+00 1.568747479446648779e-04
4.450000000000000178e+00 1.207573193697983305e-04
4.500000000000000000e+00 9.023254845549073930e-05
4.549999999999999822e+00 6.463389580199011117e-05
4.600000000000000533e+00 4.334949488144607224e-05
4.650000000000000355e+00 2.582131444723081902e-05
4.700000000000000178e+00 1.154364942342123132e-05
4.750000000000000000e+00 6.107876266822213225e-08
4.800000000000000711e+00 -9.033947102713309310e-06
4.850000000000000533e+00 -1.610389108127649636e-05
4.900000000000000355e+00 -2.146874980145952605e-05
4.950000000000000178e+00 -2.541035861892861268e-05
5.000000000000000000e+00 -2.817307527540092597e-05
5.050000000000000711e+00 -2.996928391482346534e-05
5.100000000000000533e+00 -3.098116406967225695e-05
5.150000000000000355e+00 -3.136416941454433697e-05
5.200000000000000178e+00 -3.124968995383292929e-05
5.250000000000000000e+00 -3.074791882684852488e-05
5.300000000000000711e+00 -2.995045609693496575e-05
5.350000000000000533e+00 -2.893233168987522223e-05
5.400000000000000355e+00 -2.775647982921792688e-05
5.450000000000000178e+00 -2.647102977485495283e-05
5.500000000000000000e+00 -2.511748803712223382e-05
5.550000000000000711e+00 -2.372667804864060019e-05
5.600000000000000533e+00 -2.232438165572432935e-05
5.650000000000000355e+00 -2.093013477411551399e-05
5.700000000000000178e+00 -1.955954721502475491e-05
5.750000000000000000e+00 -1.822466071089947801e-05
5.800000000000000711e+00 -1.693492251791062109e-05
5.850000000000000533e+00 -1.569764675046483795e-05
5.900000000000000355e+00 -1.451844801109690859e-05
5.950000000000000178e+00 -1.340153542558421938e-05
