0.000000000000000000e+00 1.712663153362618818e-02
5.000000000000000278e-02 1.903084609930320859e-02
1.000000000000000056e-01 1.873051189100871650e-02
1.500000000000000222e-01 1.819074586194121754e-02
2.000000000000000111e-01 1.745538547852020297e-02
2.500000000000000000e-01 1.653343972510962212e-02
3.000000000000000444e-01 1.542882151546361158e-02
3.500000000000000333e-01 1.416178322284790750e-02
4.000000000000000222e-01 1.275050528479568408e-02
4.500000000000000111e-01 1.120635796041578522e-02
5.000000000000000000e-01 9.554824840184161783e-03
5.500000000000000444e-01 7.803387090021619669e-03
6.000000000000000888e-01 6.019026060956052943e-03
6.500000000000000222e-01 4.156747609699272539e-03
7.000000000000000666e-01 2.290248806001891034e-03
7.500000000000000000e-01 4.223181746990321275e-04
8.000000000000000444e-01 -1.420554358521808466e-03
8.500000000000000888e-01 -3.221830304337652048e-03
9.000000000000000222e-01 -4.960058532192966607e-03
9.500000000000000666e-01 -6.620437074389180429e-03
1.000000000000000000e+00 -8.181562054782716420e-03
1.050000000000000044e+00 -9.632714687328005829e-03
1.100000000000000089e+00 -1.096073997099928851e-02
1.150000000000000133e+00 -1.215598415404845270e-02
1.200000000000000178e+00 -1.321031522799974434e-02
1.250000000000000000e+00 -1.411898207595266297e-02
1.300000000000000044e+00 -1.487673598132870610e-02
1.350000000000000089e+00 -1.548215332422739170e-02
1.400000000000000133e+00 -1.593601936716262935e-02
1.450000000000000178e+00 -1.623980566227644848e-02
1.500000000000000000e+00 -1.639779282389428397e-02
1.550000000000000044e+00 -1.641602772252964693e-02
1.600000000000000089e+00 -1.630378607190606510e-02
1.650000000000000133e+00 -1.606433348304169700e-02
1.700000000000000178e+00 -1.570617813562309034e-02
1.750000000000000000e+00 -1.524725119157169587e-02
1.800000000000000044e+00 -1.469101263478409143e-02
1.850000000000000089e+00 -1.405152052457213363e-02
1.900000000000000133e+00 -1.333824984849873475e-02
1.950000000000000178e+00 -1.256469604736437998e-02
2.000000000000000000e+00 -1.174134302226366791e-02
2.050000000000000266e+00 -1.088016909370792193e-02
2.100000000000000089e+00 -9.990178914697852783e-03
2.149999999999999911e+00 -9.085023497945066487e-03
2.200000000000000178e+00 -8.173399730087878637e-03
2.250000000000000000e+00 -7.259294370643340141e-03
2.300000000000000266e+00 -6.361946811796533041e-03
2.350000000000000089e+00 -5.477580827366781112e-03
2.400000000000000355e+00 -4.623628636196459515e-03
2.450000000000000178e+00 -3.798950603271501053e-03
2.500000000000000000e+00 -3.012426636393530227e-03
2.550000000000000266e+00 -2.267297405279447304e-03
2.600000000000000089e+00 -1.568215752303820775e-03
2.650000000000000355e+00 -9.170727385387417770e-04
2.700000000000000178e+00 -3.164303809832288289e-04
2.750000000000000000e+00 2.307519748587740416e-04
2.800000000000000266e+00 7.268515743170187848e-04
2.850000000000000089e+00 1.170739580769392498e-03
2.900000000000000355e+00 1.558906071862635077e-03
2.950000000000000178e+00 1.900951887720265469e-03
3.000000000000000000e+00 2.189768856982373009e-03
3.050000000000000266e+00 2.432357172999689669e-03
3.100000000000000089e+00 2.629559137867869528e-03
3.150000000000000355e+00 2.784060910041401271e-03
3.200000000000000178e+00 2.898690207071142992e-03
3.250000000000000000e+00 2.977068143307503700e-03
3.300000000000000266e+00 3.020876406094322262e-03
3.350000000000000089e+00 3.036048342714346444e-03
3.400000000000000355e+00 3.022589675393361035e-03
3.450000000000000178e+00 2.985369646333283639e-03
3.500000000000000000e+00 2.928553280075874791e-03
3.550000000000000266e+00 2.852359528018626276e-03
3.600000000000000089e+00 2.761402312975729141e-03
3.650000000000000355e+00 2.660459301714472417e-03
3.700000000000000178e+00 2.547222051227395617e-03
3.750000000000000000e+00 2.428147430386675808e-03
3.800000000000000266e+00 2.303563585173048697e-03
3.850000000000000089e+00 2.175868874931436402e-03
3.900000000000000355e+00 2.046638094841379471e-03
3.950000000000000178e+00 1.917946419204504243e-03
4.000000000000000000e+00 1.789564169941970867e-03
4.049999999999999822e+00 1.665047917680018575e-03
4.100000000000000533e+00 1.542490309665917134e-03
4.150000000000000355e+00 1.425381765423793228e-03
4.200000000000000178e+00 1.312474004998771685e-03
4.250000000000000000e+00 1.204675607104437138e-03
4.299999999999999822e+00 1.102670633586015723e-03
4.350000000000000533e+00 1.006342461713867573e-03
4.400000000000000355e+00 9.159331103485904681e-04
4.450000000000000178e+00 8.312371281735447728e-04
4.500000000000000000e+00 7.531322794488247560e-04
4.549999999999999822e+00 6.779711837015080841e-04
4.600000000000000533e+00 6.146992387739748940e-04
4.650000000000000355e+00 5.493002944017766820e-04
4.700000000000000178e+00 4.937446427448633629e-04
4.750000000000000000e+00 4.412333967825373500e-04
4.800000000000000711e+00 3.943485457534506638e-04
4.850000000000000533e+00 3.513232321811847166e-04
4.900000000000000355e+00 3.124281440307018188e-04
4.950000000000000178e+00 2.773572536574547896e-04
5.000000000000000000e+00 2.457954992318712160e-04
5.050000000000000711e+00 2.174624963957039192e-04
5.100000000000000533e+00 1.921597813986629659e-04
5.150000000000000355e+00 1.693822452603200408e-04
5.200000000000000178e+00 1.498176204335895741e-04
5.250000000000000000e+00 1.307681461641362877e-04
5.300000000000000711e+00 1.160175377979661240e-04
5.350000000000000533e+00 1.014670958235029777e-04
5.400000000000000355e+00 8.918695033031628135e-05
5.450000000000000178e+00 7.815490025968544071e-05
5.500000000000000000e+00 6.858661238140613349e-05
5.550000000000000711e+00 6.008206850020581793e-05
5.600000000000000533e+00 5.264454856595721202e-05
5.650000000000000355e+00 4.602633594388386590e-05
5.700000000000000178e+00 4.050064956875691884e-05
5.750000000000000000e+00 3.457839983028060550e-05
5.800000000000000711e+00 3.170579472175848960e-05
5.850000000000000533e+00 2.664696321108135207e-05
5.900000000000000355e+00 2.350775237177361697e-05
5.950000000000000178e+00 2.029903084893366753e-05
6.000000000000000000e+00 3.505337042822024082e-05
6.050000000000000711e+00 2.561743730474170646e-05
6.100000000000000533e+00 1.872150679864205322e-05
6.150000000000000355e+00 1.368169644420912146e-05
6.200000000000000178e+00 9.998524349483716998e-06
6.250000000000000000e+00 7.306871011432547813e-06
6.300000000000000711e+00 5.339753490597663643e-06
6.350000000000000533e+00 3.902186960084465928e-06
6.400000000000000355e+00 2.851637117262221291e-06
6.450000000000000178e+00 2.083893746887292043e-06
6.500000000000000000e+00 1.522838240869103520e-06
6.550000000000000711e+00 1.112837499378928167e-06
