0.000000000000000000e+00 2.061730909651862328e-02
5.000000000000000278e-02 2.331003468675022297e-02
1.000000000000000056e-01 2.287900374155010796e-02
1.500000000000000222e-01 2.212759481841946804e-02
2.000000000000000111e-01 2.108834515136654916e-02
2.500000000000000000e-01 1.978208356498423193e-02
3.000000000000000444e-01 1.823757128644086165e-02
3.500000000000000333e-01 1.647310069148715320e-02
4.000000000000000222e-01 1.450090913149582918e-02
4.500000000000000111e-01 1.236827826252189476e-02
5.000000000000000000e-01 1.008628131883571033e-02
5.500000000000000444e-01 7.697041417293730772e-03
6.000000000000000888e-01 5.236966916279037036e-03
6.500000000000000222e-01 2.730039832517773112e-03
7.000000000000000666e-01 2.209412099011226309e-04
7.500000000000000000e-01 -2.268798622848783222e-03
8.000000000000000444e-01 -4.710297675027542985e-03
8.500000000000000888e-01 -7.065608596291683696e-03
9.000000000000000222e-01 -9.313801181534891310e-03
9.500000000000000666e-01 -1.143426566685635387e-02
1.000000000000000000e+00 -1.340532751361971087e-02
1.050000000000000044e+00 -1.520564977816097826e-02
1.100000000000000089e+00 -1.682708357512417707e-02
1.150000000000000133e+00 -1.825396945128702000e-02
1.200000000000000178e+00 -1.947930947736927973e-02
1.250000000000000000e+00 -2.049626329054317006e-02
1.300000000000000044e+00 -2.131747383631047918e-02
1.350000000000000089e+00 -2.191657852041810350e-02
1.400000000000000133e+00 -2.232709634896993742e-02
1.450000000000000178e+00 -2.253231701040604024e-02
1.500000000000000000e+00 -2.255399624408029047e-02
1.550000000000000044e+00 -2.239639701719116707e-02
1.600000000000000089e+00 -2.207238582102038008e-02
1.650000000000000133e+00 -2.159500505293491385e-02
1.700000000000000178e+00 -2.097497312624986218e-02
1.750000000000000000e+00 -2.023111459270628826e-02
1.800000000000000044e+00 -1.937739317946186868e-02
1.850000000000000089e+00 -1.842447869218028292e-02
1.900000000000000133e+00 -1.739344983460406474e-02
1.950000000000000178e+00 -1.629405321608896895e-02
2.000000000000000000e+00 -1.514182990797197093e-02
2.050000000000000266e+00 -1.395665828437502899e-02
2.100000000000000089e+00 -1.274146459793612518e-02
2.149999999999999911e+00 -1.151696280120147360e-02
2.200000000000000178e+00 -1.029166752456483168e-02
2.250000000000000000e+00 -9.080522070262954035e-03
2.300000000000000266e+00 -7.883589554831942417e-03
2.350000000000000089e+00 -6.722724070563026143e-03
2.400000000000000355e+00 -5.598474400573194391e-03
2.450000000000000178e+00 -4.520776137584660466e-03
2.500000000000000000e+00 -3.493237977611078626e-03
2.550000000000000266e+00 -2.525384371071400045e-03
2.600000000000000089e+00 -1.617737224997790749e-03
2.650000000000000355e+00 -7.758223590742140607e-04
2.700000000000000178e+00 -1.197109820245104216e-06
2.750000000000000000e+00 7.038968489807252097e-04
2.800000000000000266e+00 1.339434583226647556e-03
2.850000000000000089e+00 1.904773099667534655e-03
2.900000000000000355e+00 2.400865140826512634e-03
2.950000000000000178e+00 2.828782774248662316e-03
3.000000000000000000e+00 3.191828808973222898e-03
3.050000000000000266e+00 3.491354810387252861e-03
3.100000000000000089e+00 3.731064927699091673e-03
3.150000000000000355e+00 3.914663937653598512e-03
3.200000000000000178e+00 4.044080071323068355e-03
3.250000000000000000e+00 4.126653284623627710e-03
3.300000000000000266e+00 4.164212419672107431e-03
3.350000000000000089e+00 4.161938102178431090e-03
3.400000000000000355e+00 4.123265857409789091e-03
3.450000000000000178e+00 4.055959379964158701e-03
3.500000000000000000e+00 3.959664727119873752e-03
3.550000000000000266e+00 3.839502265400521284e-03
3.600000000000000089e+00 3.705261523893922659e-03
3.650000000000000355e+00 3.551290034065722381e-03
3.700000000000000178e+00 3.388079728305725194e-03
3.750000000000000000e+00 3.215984386709455547e-03
3.800000000000000266e+00 3.038633078908628115e-03
3.850000000000000089e+00 2.858239619832183675e-03
3.900000000000000355e+00 2.677810189802519274e-03
3.950000000000000178e+00 2.498008831460773408e-03
4.000000000000000000e+00 2.322050294970359752e-03
4.049999999999999822e+00 2.150470929054114268e-03
4.100000000000000533e+00 1.984413434084584659e-03
4.150000000000000355e+00 1.825523424866642205e-03
4.200000000000000178e+00 1.673398941665335971e-03
4.250000000000000000e+00 1.529606380426761251e-03
4.299999999999999822e+00 1.393822988322115193e-03
4.350000000000000533e+00 1.266579722848982159e-03
4.400000000000000355e+00 1.147679601426632211e-03
4.450000000000000178e+00 1.037444711564575487e-03
4.500000000000000000e+00 9.350127319577877143e-04
4.549999999999999822e+00 8.410724681286070592e-04
4.600000000000000533e+00 7.546773042090777804e-04
4.650000000000000355e+00 6.757573512010376813e-04
4.700000000000000178e+00 6.038610358314744223e-04
4.750000000000000000e+00 5.386121670780715919e-04
4.800000000000000711e+00 4.797740543459659101e-04
4.850000000000000533e+00 4.262045895309100516e-04
4.900000000000000355e+00 3.785689621073093738e-04
4.950000000000000178e+00 3.356187901322656977e-04
5.000000000000000000e+00 2.971752742757933206e-04
5.050000000000000711e+00 2.628047397329969165e-04
5.100000000000000533e+00 2.326284556367137389e-04
5.150000000000000355e+00 2.051993183899878618e-04
5.200000000000000178e+00 1.808295070706860308e-04
5.250000000000000000e+00 1.602901896927530132e-04
5.300000000000000711e+00 1.393460856293313611e-04
5.350000000000000533e+00 1.235575773351042805e-04
5.400000000000000355e+00 1.087850417832951223e-04
5.450000000000000178e+00 9.482606678721250946e-05
5.500000000000000000e+00 8.305755493837639408e-05
5.550000000000000711e+00 7.238351176258093589e-05
5.600000000000000533e+00 6.311444500592304030e-05
5.650000000000000355e+00 5.455542284782161929e-05
5.700000000000000178e+00 4.719103438140558927e-05
5.750000000000000000e+00 4.104573775740831684e-05
5.800000000000000711e+00 3.463451328253481647e-05
5.850000000000000533e+00 2.993492917802608445e-05
5.900000000000000355e+00 2.575262503049106152e-05
5.950000000000000178e+00 2.148180521720309527e-05
6.000000000000000000e+00 4.960542853345927770e-05
6.050000000000000711e+00 3.032826831857112919e-05
6.100000000000000533e+00 1.854238403173566496e-05
6.150000000000000355e+00 1.133652192709679832e-05
6.200000000000000178e+00 6.930939988211147314e-06
6.250000000000000000e+00 4.237444915956415242e-06
6.300000000000000711e+00 2.590672518046175656e-06
6.350000000000000533e+00 1.583868621156129965e-06
6.400000000000000355e+00 9.683347002984537452e-07
6.450000000000000178e+00 5.920092041641460281e-07
6.500000000000000000e+00 3.619344479819646047e-07
6.550000000000000711e+00 2.212742667000364793e-07
