0.000000000000000000e+00 -0.000000000000000000e+00
5.000000000000000278e-02 1.664090155032092371e-08
1.000000000000000056e-01 2.656574346240609675e-07
1.500000000000000222e-01 1.339865786087642347e-06
2.000000000000000111e-01 4.212483950116552918e-06
2.500000000000000000e-01 1.021518128318494204e-05
3.000000000000000444e-01 2.100787149130919931e-05
3.500000000000000333e-01 3.854076684144228148e-05
4.000000000000000222e-01 6.500935077428560854e-05
4.500000000000000111e-01 1.028030549860967557e-04
5.000000000000000000e-01 1.544485765573405894e-04
5.500000000000000444e-01 2.225488054188603333e-04
6.000000000000000888e-01 3.097185686628808952e-04
6.500000000000000222e-01 4.185183348775071738e-04
7.000000000000000666e-01 5.513871907776156812e-04
7.500000000000000000e-01 7.105764048029673862e-04
8.000000000000000444e-01 8.980849272086033558e-04
8.500000000000000888e-01 1.115598191890752400e-03
9.000000000000000222e-01 1.364431450107763929e-03
9.500000000000000666e-01 1.645479093498562447e-03
1.000000000000000000e+00 1.959170965826379472e-03
1.050000000000000044e+00 2.305436802700379807e-03
1.100000000000000089e+00 2.683679767843898719e-03
1.150000000000000133e+00 3.092759829535802075e-03
1.200000000000000178e+00 3.530987573459155784e-03
1.250000000000000000e+00 3.996128834320288037e-03
1.300000000000000044e+00 4.485420305954318683e-03
1.350000000000000089e+00 4.995596055542931083e-03
1.400000000000000133e+00 5.522924627371861295e-03
1.450000000000000178e+00 6.063256181072973830e-03
1.500000000000000000e+00 6.612078874682116199e-03
1.550000000000000044e+00 7.164583480398980554e-03
1.600000000000000089e+00 7.715735016907573907e-03
1.650000000000000133e+00 8.260350002496951935e-03
1.700000000000000178e+00 8.793177783535048586e-03
1.750000000000000000e+00 9.308984268191055483e-03
1.800000000000000044e+00 9.802636389948594237e-03
1.850000000000000089e+00 1.026918537170206855e-02
1.900000000000000133e+00 1.070394724802450383e-02
1.950000000000000178e+00 1.110257876758343615e-02
2.000000000000000000e+00 1.146114713334233856e-02
2.050000000000000266e+00 1.177619210614996338e-02
2.100000000000000089e+00 1.204477915442788566e-02
2.149999999999999911e+00 1.226454258793883111e-02
2.200000000000000178e+00 1.243371781165795824e-02
2.250000000000000000e+00 1.255116213270542069e-02
2.300000000000000266e+00 1.261636377973169090e-02
2.350000000000000089e+00 1.262943913287719981e-02
2.400000000000000355e+00 1.259111839681773502e-02
2.450000000000000178e+00 1.250272024353616881e-02
2.500000000000000000e+00 1.236611621931443111e-02
2.550000000000000266e+00 1.218368580739647572e-02
2.600000000000000089e+00 1.195826362728504011e-02
2.650000000000000355e+00 1.169307979444018583e-02
2.700000000000000178e+00 1.139169515386077511e-02
2.750000000000000000e+00 1.105793305449799882e-02
2.800000000000000266e+00 1.069580885526725915e-02
2.850000000000000089e+00 1.030945934904645665e-02
2.900000000000000355e+00 9.903073243729713579e-03
2.950000000000000178e+00 9.480824342524681037e-03
3.000000000000000000e+00 9.046808730605931589e-03
3.050000000000000266e+00 8.604987152695451474e-03
3.100000000000000089e+00 8.159133566840996721e-03
3.150000000000000355e+00 7.712790823713528560e-03
3.200000000000000178e+00 7.269233574128989087e-03
3.250000000000000000e+00 6.831439403468408771e-03
3.300000000000000266e+00 6.402067864763735447e-03
3.350000000000000089e+00 5.983447383903843855e-03
3.400000000000000355e+00 5.577569876515711678e-03
3.450000000000000178e+00 5.186092474841857460e-03
3.500000000000000000e+00 4.810345761824288274e-03
3.550000000000000266e+00 4.451347824518754950e-03
3.600000000000000089e+00 4.109823054322734974e-03
3.650000000000000355e+00 3.786225026980248164e-03
3.700000000000000178e+00 3.480762329673227611e-03
3.750000000000000000e+00 3.193426413670381880e-03
3.800000000000000266e+00 2.924020520164853729e-03
3.850000000000000089e+00 2.672188988675803806e-03
3.900000000000000355e+00 2.437445587071630348e-03
3.950000000000000178e+00 2.219201088619427841e-03
4.000000000000000000e+00 2.016788577960475313e-03
4.049999999999999822e+00 1.829486591730649682e-03
4.100000000000000533e+00 1.656539625218209077e-03
4.150000000000000355e+00 1.497175698196610231e-03
4.200000000000000178e+00 1.350620994893396041e-03
4.250000000000000000e+00 1.216111585164444649e-03
4.299999999999999822e+00 1.092902344476554899e-03
4.350000000000000533e+00 9.802732911737153856e-04
4.400000000000000355e+00 8.775336237873549968e-04
4.450000000000000178e+00 7.840237839059447256e-04
4.500000000000000000e+00 6.991159180426221101e-04
4.549999999999999822e+00 6.222131081447769205e-04
4.600000000000000533e+00 5.527477016334152388e-04
4.650000000000000355e+00 4.901791876461345085e-04
4.700000000000000178e+00 4.339918066503520365e-04
4.750000000000000000e+00 3.836922774970068033e-04
4.800000000000000711e+00 3.388077443994714773e-04
4.850000000000000533e+00 2.988842356042572070e-04
4.900000000000000355e+00 2.634855716404794612e-04
4.950000000000000178e+00 2.321930625395162134e-04
5.000000000000000000e+00 2.046054906783873904e-04
5.050000000000000711e+00 1.803398174158317002e-04
5.100000000000000533e+00 1.590323749922717769e-04
5.150000000000000355e+00 1.403402037600268919e-04
5.200000000000000178e+00 1.239426665286109909e-04
5.250000000000000000e+00 1.095430591712005368e-04
5.300000000000000711e+00 9.687009578542513653e-05
5.350000000000000533e+00 8.567912742817959822e-05
5.400000000000000355e+00 7.575300392972825160e-05
5.450000000000000178e+00 6.690230249006377664e-05
5.500000000000000000e+00 5.896529599182742475e-05
5.550000000000000711e+00 5.180704839445701460e-05
5.600000000000000533e+00 4.531809989344879382e-05
5.650000000000000355e+00 3.941250078484261852e-05
5.700000000000000178e+00 3.402541057963601152e-05
5.750000000000000000e+00 2.911030101531371958e-05
5.800000000000000711e+00 2.463580118815884002e-05
5.850000000000000533e+00 2.058244492747261187e-05
5.900000000000000355e+00 1.693932895337668917e-05
5.950000000000000178e+00 1.370089359229689608e-05
6.000000000000000000e+00 1.086382260759106088e-05
6.050000000000000711e+00 8.424458626648047998e-06
6.100000000000000533e+00 6.376443263886185747e-06
6.150000000000000355e+00 4.708964610102520939e-06
6.200000000000000178e+00 3.405489807549503120e-06
6.250000000000000000e+00 2.443092913183370748e-06
6.300000000000000711e+00 1.792320174490599042e-06
6.350000000000000533e+00 1.417580015968433329e-06
6.400000000000000355e+00 1.277980313255465914e-06
6.450000000000000178e+00 1.328645267265635950e-06
6.500000000000000000e+00 1.522163831012986067e-06
6.550000000000000711e+00 1.810348509696882328e-06
6.600000000000000533e+00 2.146098305889699028e-06
6.650000000000000355e+00 2.485163517181148213e-06
6.700000000000000178e+00 2.787861682292536107e-06
6.750000000000000000e+00 3.020499638487247112e-06
6.800000000000000711e+00 3.156570827552678553e-06
6.850000000000000533e+00 3.177563380126508618e-06
6.900000000000000355e+00 3.073408461721131842e-06
6.950000000000000178e+00 2.842472308961125131e-06
7.000000000000000000e+00 2.491272901129985287e-06
7.050000000000000711e+00 2.033644017138128843e-06
7.100000000000000533e+00 1.489662213913777178e-06
7.150000000000000355e+00 8.843391933236193407e-07
7.200000000000000178e+00 2.460635680184238602e-07
7.250000000000000000e+00 -3.950563608239986501e-07
7.300000000000000711e+00 -1.008875860973837891e-06
7.350000000000000533e+00 -1.566861114400797945e-06
7.400000000000000355e+00 -2.043555651426640718e-06
7.450000000000000178e+00 -2.417898085981442154e-06
7.500000000000000000e+00 -2.674209033025467106e-06
7.550000000000000711e+00 -2.802966919293723556e-06
7.600000000000000533e+00 -2.801123616931324021e-06
7.650000000000000355e+00 -2.672166006728877935e-06
7.700000000000000178e+00 -2.425802419486897954e-06
7.750000000000000000e+00 -2.077321180185247126e-06
7.800000000000000711e+00 -1.646781008258331268e-06
7.850000000000000533e+00 -1.157763946025802774e-06
7.900000000000000355e+00 -6.361934014457503837e-07
7.950000000000000178e+00 -1.089488052127551937e-07
