0.000000000000000000e+00 0.000000000000000000e+00
5.000000000000000278e-02 -1.145274555029355442e-05
1.000000000000000056e-01 -4.557373880210713053e-05
1.500000000000000222e-01 -1.016550852984445788e-04
2.000000000000000111e-01 -1.785296977515607106e-04
2.500000000000000000e-01 -2.745901996977445181e-04
3.000000000000000444e-01 -3.878149283432420660e-04
3.500000000000000333e-01 -5.158007201318911454e-04
4.000000000000000222e-01 -6.558018042535008378e-04
4.500000000000000111e-01 -8.047744315138491379e-04
5.000000000000000000e-01 -9.594262585799332756e-04
5.500000000000000444e-01 -1.116269830079433820e-03
6.000000000000000888e-01 -1.271679399503600292e-03
6.500000000000000222e-01 -1.421949974015912239e-03
7.000000000000000666e-01 -1.563357797136198006e-03
7.500000000000000000e-01 -1.692221237570941264e-03
8.000000000000000444e-01 -1.804961126097239530e-03
8.500000000000000888e-01 -1.898159510464987945e-03
9.000000000000000222e-01 -1.968616026623345745e-03
9.500000000000000666e-01 -2.013400788636352662e-03
1.000000000000000000e+00 -2.029903083527920260e-03
1.050000000000000044e+00 -2.015875032430365123e-03
1.100000000000000089e+00 -1.969469525664039808e-03
1.150000000000000133e+00 -1.889271825463727413e-03
1.200000000000000178e+00 -1.774324335830311994e-03
1.250000000000000000e+00 -1.624144153761484122e-03
1.300000000000000044e+00 -1.438733137952757490e-03
1.350000000000000089e+00 -1.218580357838512868e-03
1.400000000000000133e+00 -9.646569153057867182e-04
1.450000000000000178e+00 -6.784032612120152912e-04
1.500000000000000000e+00 -3.617092581298353665e-04
1.550000000000000044e+00 -1.688734872638012214e-05
1.600000000000000089e+00 3.533606279926699558e-04
1.650000000000000133e+00 7.459825129436899790e-04
1.700000000000000178e+00 1.157619810307002192e-03
1.750000000000000000e+00 1.584656276149373159e-03
1.800000000000000044e+00 2.023269743001719027e-03
1.850000000000000089e+00 2.469486641694213728e-03
1.900000000000000133e+00 2.919238107507802788e-03
1.950000000000000178e+00 3.368417006404711249e-03
2.000000000000000000e+00 3.812934245633551288e-03
2.050000000000000266e+00 4.248774378615777052e-03
2.100000000000000089e+00 4.672048884009404567e-03
2.149999999999999911e+00 5.079046525447214640e-03
2.200000000000000178e+00 5.466280126175871411e-03
2.250000000000000000e+00 5.830528722424201810e-03
2.300000000000000266e+00 6.168874986546248745e-03
2.350000000000000089e+00 6.478736922294504354e-03
2.400000000000000355e+00 6.757893762342481736e-03
2.450000000000000178e+00 7.004505720028430388e-03
2.500000000000000000e+00 7.217127389600152751e-03
2.550000000000000266e+00 7.394714799927367549e-03
2.600000000000000089e+00 7.536626250116484210e-03
2.650000000000000355e+00 7.642617039472315160e-03
2.700000000000000178e+00 7.712828455211637180e-03
2.750000000000000000e+00 7.747771406616484058e-03
2.800000000000000266e+00 7.748305122181622061e-03
2.850000000000000089e+00 7.715611600561684408e-03
2.900000000000000355e+00 7.651166419247901196e-03
2.950000000000000178e+00 7.556706197118825442e-03
3.000000000000000000e+00 7.434194032965523412e-03
3.050000000000000266e+00 7.285783144834742826e-03
3.100000000000000089e+00 7.113779403907187840e-03
3.150000000000000355e+00 6.920603964455060951e-03
3.200000000000000178e+00 6.708755894309336061e-03
3.250000000000000000e+00 6.480776008171366086e-03
3.300000000000000266e+00 6.239212185105490020e-03
3.350000000000000089e+00 5.986586824352319383e-03
3.400000000000000355e+00 5.725366692073518247e-03
3.450000000000000178e+00 5.457935653474348982e-03
3.500000000000000000e+00 5.186570788394833514e-03
3.550000000000000266e+00 4.913421290592640510e-03
3.600000000000000089e+00 4.640491516006847554e-03
3.650000000000000355e+00 4.369626774217968100e-03
3.700000000000000178e+00 4.102503528652899634e-03
3.750000000000000000e+00 3.840622219415092131e-03
3.800000000000000266e+00 3.585303696579212468e-03
3.850000000000000089e+00 3.337688631348253304e-03
3.900000000000000355e+00 3.098739723776029222e-03
3.950000000000000178e+00 2.869246422201438516e-03
4.000000000000000000e+00 2.649831842844757156e-03
4.049999999999999822e+00 2.440961561628464827e-03
4.100000000000000533e+00 2.242953898046718807e-03
4.150000000000000355e+00 2.055991581739258830e-03
4.200000000000000178e+00 1.880133923073110114e-03
4.250000000000000000e+00 1.715329871578302832e-03
4.299999999999999822e+00 1.561431170546450069e-03
4.350000000000000533e+00 1.418205551414980156e-03
4.400000000000000355e+00 1.285349577433622052e-03
4.450000000000000178e+00 1.162501125809559414e-03
4.500000000000000000e+00 1.049251120912974905e-03
4.549999999999999822e+00 9.451546080300258753e-04
4.600000000000000533e+00 8.497408075659033423e-04
4.650000000000000355e+00 7.625222687145577277e-04
4.700000000000000178e+00 6.830029982003706047e-04
4.750000000000000000e+00 6.106855636157257307e-04
4.800000000000000711e+00 5.450771951566808944e-04
4.850000000000000533e+00 4.856948361669540383e-04
4.900000000000000355e+00 4.320694082840867553e-04
4.950000000000000178e+00 3.837490475820393978e-04
5.000000000000000000e+00 3.403016468764410779e-04
5.050000000000000711e+00 3.013166561644005782e-04
5.100000000000000533e+00 2.664062804901540086e-04
5.150000000000000355e+00 2.352061122946731643e-04
5.200000000000000178e+00 2.073753691617638063e-04
5.250000000000000000e+00 1.825966093941485172e-04
5.300000000000000711e+00 1.605754382278426452e-04
5.350000000000000533e+00 1.410397047025269666e-04
5.400000000000000355e+00 1.237387249735214011e-04
5.450000000000000178e+00 1.084421116941816844e-04
5.500000000000000000e+00 9.493902726700808930e-05
5.550000000000000711e+00 8.303691103886915055e-05
5.600000000000000533e+00 7.256042716280703515e-05
5.650000000000000355e+00 6.335037051010258748e-05
5.700000000000000178e+00 5.526276941688946137e-05
5.750000000000000000e+00 4.816757039888299439e-05
5.800000000000000711e+00 4.194786262056137007e-05
5.850000000000000533e+00 3.649887305444532285e-05
5.900000000000000355e+00 3.172705837247068525e-05
5.950000000000000178e+00 2.754921695217924074e-05
6.000000000000000000e+00 2.389166389760980538e-05
6.050000000000000711e+00 2.068940997283370131e-05
6.100000000000000533e+00 1.788538259246062441e-05
6.150000000000000355e+00 1.542967316019929234e-05
6.200000000000000178e+00 1.327881312943555653e-05
6.250000000000000000e+00 1.139507990352898733e-05
6.300000000000000711e+00 9.745834625564901162e-06
6.350000000000000533e+00 8.302871338698987420e-06
6.400000000000000355e+00 7.041921285582474380e-06
6.450000000000000178e+00 5.941963825450094239e-06
6.500000000000000000e+00 4.984815619771028807e-06
6.550000000000000711e+00 4.154660753706791865e-06
6.600000000000000533e+00 3.437631902104439397e-06
6.650000000000000355e+00 2.821468392127481121e-06
6.700000000000000178e+00 2.295213257645078884e-06
6.750000000000000000e+00 1.848971228360585340e-06
6.800000000000000711e+00 1.473681425617432205e-06
6.850000000000000533e+00 1.161014309583252176e-06
6.900000000000000355e+00 9.032265619387976258e-07
6.950000000000000178e+00 6.930994247621137725e-07
7.000000000000000000e+00 5.238989331343097993e-07
7.050000000000000711e+00 3.893616474697315237e-07
7.100000000000000533e+00 2.836993909964823718e-07
7.150000000000000355e+00 2.016398146810409176e-07
7.200000000000000178e+00 1.383540568434083218e-07
7.250000000000000000e+00 8.958565599400843485e-08
7.300000000000000711e+00 5.174507533622224926e-08
7.350000000000000533e+00 2.168018500030247909e-08
7.400000000000000355e+00 -3.136926781831350134e-09
7.450000000000000178e+00 -2.465558282345987970e-08
7.500000000000000000e+00 -4.434960042263298679e-08
7.550000000000000711e+00 -6.309007728873735127e-08
7.600000000000000533e+00 -8.146580920387616349e-08
7.650000000000000355e+00 -9.955089708784095568e-08
7.700000000000000178e+00 -1.171520214465616320e-07
7.750000000000000000e+00 -1.338476304681483632e-07
7.800000000000000711e+00 -1.490642674261486613e-07
7.850000000000000533e+00 -1.621537495689092291e-07
7.900000000000000355e+00 -1.724573207833680614e-07
7.950000000000000178e+00 -1.793984906762733882e-07
