0.000000000000000000e+00 3.393989006236787809e-06
5.000000000000000278e-02 1.881318114788460250e-07
1.000000000000000056e-01 7.180677266390349876e-07
1.500000000000000222e-01 1.566362196520193244e-06
2.000000000000000111e-01 2.573445765621277169e-06
2.500000000000000000e-01 3.595717003518449909e-06
3.000000000000000444e-01 4.434728894531144786e-06
3.500000000000000333e-01 4.868949196079896629e-06
4.000000000000000222e-01 4.654619092528212804e-06
4.500000000000000111e-01 3.536706826351931963e-06
5.000000000000000000e-01 1.257731619844708977e-06
5.500000000000000444e-01 -2.431988494315342899e-06
6.000000000000000888e-01 -7.764615139593307745e-06
6.500000000000000222e-01 -1.494504561636411357e-05
7.000000000000000666e-01 -2.414161060435663576e-05
7.500000000000000000e-01 -3.547807034293778175e-05
8.000000000000000444e-01 -4.902602197875491075e-05
8.500000000000000888e-01 -6.479955314132724415e-05
9.000000000000000222e-01 -8.274923754017796064e-05
9.500000000000000666e-01 -1.027611951878818766e-04
1.000000000000000000e+00 -1.246555471642012006e-04
1.050000000000000044e+00 -1.481868679190312616e-04
1.100000000000000089e+00 -1.730481391984728444e-04
1.150000000000000133e+00 -1.988720776741543562e-04
1.200000000000000178e+00 -2.252429237661796350e-04
1.250000000000000000e+00 -2.516970072872586322e-04
1.300000000000000044e+00 -2.777409585247070422e-04
1.350000000000000089e+00 -3.028591746277384798e-04
1.400000000000000133e+00 -3.265143153342440932e-04
1.450000000000000178e+00 -3.481864532992055752e-04
1.500000000000000000e+00 -3.673504668183348674e-04
1.550000000000000044e+00 -3.835123191932766516e-04
1.600000000000000089e+00 -3.962309922812332205e-04
1.650000000000000133e+00 -4.050853788449599213e-04
1.700000000000000178e+00 -4.097547084850049507e-04
1.750000000000000000e+00 -4.099414827643722988e-04
1.800000000000000044e+00 -4.054553045961647377e-04
1.850000000000000089e+00 -3.961874644062435974e-04
1.900000000000000133e+00 -3.821262246710724298e-04
1.950000000000000178e+00 -3.633131603529150648e-04
2.000000000000000000e+00 -3.399150894024989544e-04
2.050000000000000266e+00 -3.121839444566497173e-04
2.100000000000000089e+00 -2.804388457474178329e-04
2.149999999999999911e+00 -2.450904385296539959e-04
2.200000000000000178e+00 -2.066190459651717542e-04
2.250000000000000000e+00 -1.655636955485090072e-04
2.300000000000000266e+00 -1.225049653080673444e-04
2.350000000000000089e+00 -7.807439735449994201e-05
2.400000000000000355e+00 -3.291952408061718185e-05
2.450000000000000178e+00 1.229150709785337615e-05
2.500000000000000000e+00 5.691073152418776437e-05
2.550000000000000266e+00 1.002974072760691579e-04
2.600000000000000089e+00 1.418178159069631409e-04
2.650000000000000355e+00 1.809307662222581854e-04
2.700000000000000178e+00 2.171031148772553166e-04
2.750000000000000000e+00 2.498791406344037509e-04
2.800000000000000266e+00 2.788791139563541162e-04
2.850000000000000089e+00 3.037813915275442019e-04
2.900000000000000355e+00 3.243675809359576980e-04
2.950000000000000178e+00 3.404807787528936524e-04
3.000000000000000000e+00 3.520844637416898097e-04
3.050000000000000266e+00 3.591637237471347228e-04
3.100000000000000089e+00 3.618370070154907801e-04
3.150000000000000355e+00 3.602753988654681223e-04
3.200000000000000178e+00 3.547156884573557075e-04
3.250000000000000000e+00 3.454502697114704641e-04
3.300000000000000266e+00 3.328297799853791625e-04
3.350000000000000089e+00 3.172506932336718421e-04
3.400000000000000355e+00 2.991246195681097116e-04
3.450000000000000178e+00 2.788869804765542210e-04
3.500000000000000000e+00 2.569962903673535921e-04
3.550000000000000266e+00 2.338835410347105191e-04
3.600000000000000089e+00 2.100065583113739883e-04
3.650000000000000355e+00 1.857732400533829587e-04
3.700000000000000178e+00 1.615847607612040497e-04
3.750000000000000000e+00 1.377785014473115925e-04
3.800000000000000266e+00 1.147038870156752552e-04
3.850000000000000089e+00 9.263115656900149878e-05
3.900000000000000355e+00 7.178630628959180012e-05
3.950000000000000178e+00 5.237096420006533192e-05
4.000000000000000000e+00 3.452254592763680241e-05
4.049999999999999822e+00 1.833233514848925283e-05
4.100000000000000533e+00 3.864774388197779321e-06
4.150000000000000355e+00 -8.870287916846354698e-06
4.200000000000000178e+00 -1.989794320612649328e-05
4.250000000000000000e+00 -2.925864025072493803e-05
4.299999999999999822e+00 -3.703601264377621272e-05
4.350000000000000533e+00 -4.334267453696264197e-05
4.400000000000000355e+00 -4.828138857572572817e-05
4.450000000000000178e+00 -5.198837883516894129e-05
4.500000000000000000e+00 -5.459663949113510538e-05
4.549999999999999822e+00 -5.623825485857162384e-05
4.600000000000000533e+00 -5.705723440637870621e-05
4.650000000000000355e+00 -5.717807086523326470e-05
4.700000000000000178e+00 -5.672257979838290576e-05
4.750000000000000000e+00 -5.580491944099724510e-05
4.800000000000000711e+00 -5.452549647904791371e-05
4.850000000000000533e+00 -5.297183274925357883e-05
4.900000000000000355e+00 -5.121780862651717378e-05
4.950000000000000178e+00 -4.932760185277562182e-05
5.000000000000000000e+00 -4.735098402640128246e-05
5.050000000000000711e+00 -4.532429312948920287e-05
5.100000000000000533e+00 -4.328173144177814563e-05
5.150000000000000355e+00 -4.124321121374531024e-05
5.200000000000000178e+00 -3.921943282408558480e-05
5.250000000000000000e+00 -3.722536780337897737e-05
5.300000000000000711e+00 -3.526295950720540796e-05
5.350000000000000533e+00 -3.333553982427868065e-05
5.400000000000000355e+00 -3.144522005624142554e-05
5.450000000000000178e+00 -2.959427837594138283e-05
5.500000000000000000e+00 -2.778306255723849783e-05
5.550000000000000711e+00 -2.601835670270585252e-05
5.600000000000000533e+00 -2.429999674281975309e-05
5.650000000000000355e+00 -2.263610821159315031e-05
5.700000000000000178e+00 -2.103405105506542052e-05
5.750000000000000000e+00 -1.949973560637519794e-05
5.800000000000000711e+00 -1.804373763278551703e-05
5.850000000000000533e+00 -1.667351932688981205e-05
5.900000000000000355e+00 -1.539648846815841124e-05
5.950000000000000178e+00 -1.422019882789616500e-05
6.000000000000000000e+00 -1.314914051218161109e-05
6.050000000000000711e+00 -1.218636516523169450e-05
6.100000000000000533e+00 -1.133403437998554286e-05
6.150000000000000355e+00 -1.058908373514338822e-05
6.200000000000000178e+00 -9.947612550773492966e-06
6.250000000000000000e+00 -9.404342236752561888e-06
6.300000000000000711e+00 -8.949387214221973263e-06
6.350000000000000533e+00 -8.572191357474854027e-06
6.400000000000000355e+00 -8.261628883019923566e-06
6.450000000000000178e+00 -8.003293702600684759e-06
6.500000000000000000e+00 -7.784539098897723549e-06
6.550000000000000711e+00 -7.591756722694696846e-06
6.600000000000000533e+00 -7.411978129256238588e-06
6.650000000000000355e+00 -7.233719905094681745e-06
6.700000000000000178e+00 -7.046966315944331123e-06
6.750000000000000000e+00 -6.843436903440778286e-06
6.800000000000000711e+00 -6.617753287752796338e-06
6.850000000000000533e+00 -6.365905146967587904e-06
6.900000000000000355e+00 -6.086652761244888820e-06
6.950000000000000178e+00 -5.781589449342694282e-06
7.000000000000000000e+00 -5.453633513835597675e-06
7.050000000000000711e+00 -5.107587953393392432e-06
7.100000000000000533e+00 -4.750474246627867034e-06
7.150000000000000355e+00 -4.389413717837931107e-06
7.200000000000000178e+00 -4.032529896051293733e-06
7.250000000000000000e+00 -3.687790700952787355e-06
7.300000000000000711e+00 -3.363331221427967754e-06
7.350000000000000533e+00 -3.065879347811519703e-06
7.400000000000000355e+00 -2.801355130761789300e-06
7.450000000000000178e+00 -2.574430178357355010e-06
7.500000000000000000e+00 -2.387647972286239298e-06
7.550000000000000711e+00 -2.242274180264013442e-06
7.600000000000000533e+00 -2.137371403698734619e-06
7.650000000000000355e+00 -2.070727826060356460e-06
7.700000000000000178e+00 -2.038225254222491994e-06
7.750000000000000000e+00 -2.034536131972750901e-06
7.800000000000000711e+00 -2.053262768849427866e-06
7.850000000000000533e+00 -2.087383535116476566e-06
7.900000000000000355e+00 -2.129781222523864668e-06
7.950000000000000178e+00 -2.171469391347319417e-06
8.000000000000000000e+00 -1.583662527302743647e-06
8.050000000000000711e+00 -1.539389032150407486e-06
8.099999999999999645e+00 -1.496383088822151184e-06
8.150000000000000355e+00 -1.454439586841863108e-06
8.200000000000001066e+00 -1.413551739767573908e-06
8.250000000000000000e+00 -1.373851020254190224e-06
8.300000000000000711e+00 -1.335129674554854226e-06
8.349999999999999645e+00 -1.297362569964322996e-06
8.400000000000000355e+00 -1.260659285277250256e-06
8.450000000000001066e+00 -1.224925047634628031e-06
8.500000000000000000e+00 -1.190143580814726004e-06
8.550000000000000711e+00 -1.156289476696041693e-06
8.599999999999999645e+00 -1.123328683149804422e-06
8.650000000000000355e+00 -1.091291736877779950e-06
8.700000000000001066e+00 -1.060036403851810884e-06
8.750000000000000000e+00 -1.029666376981298963e-06
