0.000000000000000000e+00 0.000000000000000000e+00
5.000000000000000278e-02 1.429431000503811791e-11
1.000000000000000056e-01 4.566850322050600675e-10
1.500000000000000222e-01 3.458691492712870749e-09
2.000000000000000111e-01 1.452039844051023241e-08
2.500000000000000000e-01 4.409960213720975872e-08
3.000000000000000444e-01 1.090883702297315970e-07
3.500000000000000333e-01 2.341421083104923688e-07
4.000000000000000222e-01 4.528284567342289340e-07
4.500000000000000111e-01 8.085661075820352552e-07
5.000000000000000000e-01 1.355326916797325438e-06
5.500000000000000444e-01 2.158078468194037421e-06
6.000000000000000888e-01 3.292948495579939427e-06
6.500000000000000222e-01 4.847097250554878277e-06
7.000000000000000666e-01 6.918288972129643179e-06
7.500000000000000000e-01 9.614159016337771099e-06
8.000000000000000444e-01 1.305117887557906158e-05
8.500000000000000888e-01 1.735332718404578793e-05
9.000000000000000222e-01 2.265048078194695729e-05
9.500000000000000666e-01 2.907654590144374335e-05
1.000000000000000000e+00 3.676735543531720106e-05
1.050000000000000044e+00 4.585836394061520727e-05
1.100000000000000089e+00 5.648217739187039757e-05
1.150000000000000133e+00 6.876595960497331947e-05
1.200000000000000178e+00 8.282876157426526727e-05
1.250000000000000000e+00 9.877882357382794520e-05
1.300000000000000044e+00 1.167109026460926219e-04
1.350000000000000089e+00 1.367036799225305587e-04
1.400000000000000133e+00 1.588173029913689271e-04
1.450000000000000178e+00 1.830911181627298983e-04
1.500000000000000000e+00 2.095416459210671398e-04
1.550000000000000044e+00 2.381608500629942894e-04
1.600000000000000089e+00 2.689147469898304859e-04
1.650000000000000133e+00 3.017423963850627655e-04
1.700000000000000178e+00 3.365553081183278819e-04
1.750000000000000000e+00 3.732372927756301873e-04
1.800000000000000044e+00 4.116447748513761139e-04
1.850000000000000089e+00 4.516075785159553296e-04
1.900000000000000133e+00 4.929301861880613185e-04
1.950000000000000178e+00 5.353934601151776225e-04
2.000000000000000000e+00 5.787568070411164842e-04
2.050000000000000266e+00 6.227607560731346359e-04
2.100000000000000089e+00 6.671299103169218070e-04
2.149999999999999911e+00 7.115762239886740765e-04
2.200000000000000178e+00 7.558025487927453765e-04
2.250000000000000000e+00 7.995063866062040395e-04
2.300000000000000266e+00 8.423837801464312226e-04
2.350000000000000089e+00 8.841332694887518977e-04
2.400000000000000355e+00 9.244598401807973100e-04
2.450000000000000178e+00 9.630787883546403820e-04
2.500000000000000000e+00 9.997194297015710249e-04
2.550000000000000266e+00 1.034128582428845214e-03
2.600000000000000089e+00 1.066073759290152951e-03
2.650000000000000355e+00 1.095346010346397430e-03
2.700000000000000178e+00 1.121762366095860114e-03
2.750000000000000000e+00 1.145167839794070325e-03
2.800000000000000266e+00 1.165436957907439730e-03
2.850000000000000089e+00 1.182474798425895693e-03
2.900000000000000355e+00 1.196217527893720777e-03
2.950000000000000178e+00 1.206632439190708991e-03
3.000000000000000000e+00 1.213717502995208426e-03
3.050000000000000266e+00 1.217500456186038213e-03
3.100000000000000089e+00 1.218037459913317005e-03
3.150000000000000355e+00 1.215411368441771892e-03
3.200000000000000178e+00 1.209729656936422244e-03
3.250000000000000000e+00 1.201122061957718683e-03
3.300000000000000266e+00 1.189737992449906500e-03
3.350000000000000089e+00 1.175743771384401594e-03
3.400000000000000355e+00 1.159319768955144585e-03
3.450000000000000178e+00 1.140657487363420670e-03
3.500000000000000000e+00 1.119956654873168790e-03
3.550000000000000266e+00 1.097422383105891436e-03
3.600000000000000089e+00 1.073262436656079091e-03
3.650000000000000355e+00 1.047684658252322773e-03
3.700000000000000178e+00 1.020894586095779386e-03
3.750000000000000000e+00 9.930932929176062001e-04
3.800000000000000266e+00 9.644754689545052308e-04
3.850000000000000089e+00 9.352277636837844597e-04
3.900000000000000355e+00 9.055273940089827132e-04
3.950000000000000178e+00 8.755410198446063981e-04
4.000000000000000000e+00 8.454238818860660039e-04
4.049999999999999822e+00 8.153191909080691972e-04
4.100000000000000533e+00 7.853577533152658347e-04
4.150000000000000355e+00 7.556578139394384917e-04
4.200000000000000178e+00 7.263250942676787282e-04
4.250000000000000000e+00 6.974530023903657968e-04
4.299999999999999822e+00 6.691229899386409025e-04
4.350000000000000533e+00 6.414050310731403198e-04
4.400000000000000355e+00 6.143581991005400526e-04
4.450000000000000178e+00 5.880313174265957860e-04
4.500000000000000000e+00 5.624636631870903389e-04
4.549999999999999822e+00 5.376857039093615575e-04
4.600000000000000533e+00 5.137198498252988285e-04
4.650000000000000355e+00 4.905812068655482621e-04
4.700000000000000178e+00 4.682783178079289311e-04
4.750000000000000000e+00 4.468138814377230011e-04
4.800000000000000711e+00 4.261854418265058147e-04
4.850000000000000533e+00 4.063860418900511694e-04
4.900000000000000355e+00 3.874048372027894547e-04
4.950000000000000178e+00 3.692276676023463640e-04
5.000000000000000000e+00 3.518375854048785703e-04
5.050000000000000711e+00 3.352153400767523845e-04
5.100000000000000533e+00 3.193398199888557599e-04
5.150000000000000355e+00 3.041884524437290702e-04
5.200000000000000178e+00 2.897375635461768269e-04
5.250000000000000000e+00 2.759626997214742689e-04
5.300000000000000711e+00 2.628389128086216510e-04
5.350000000000000533e+00 2.503410107042076558e-04
5.400000000000000355e+00 2.384437755361721949e-04
5.450000000000000178e+00 2.271221513316749321e-04
5.500000000000000000e+00 2.163514031285192164e-04
5.550000000000000711e+00 2.061072494777121673e-04
5.600000000000000533e+00 1.963659703018346152e-04
5.650000000000000355e+00 1.871044921100726655e-04
5.700000000000000178e+00 1.783004526213423401e-04
5.750000000000000000e+00 1.699322469034892161e-04
5.800000000000000711e+00 1.619790571884044048e-04
5.850000000000000533e+00 1.544208685585027644e-04
5.900000000000000355e+00 1.472384727083053625e-04
5.950000000000000178e+00 1.404134619564787519e-04
6.000000000000000000e+00 1.339282156118439264e-04
6.050000000000000711e+00 1.277658806781330474e-04
6.100000000000000533e+00 1.219103487168253844e-04
6.150000000000000355e+00 1.163462304790828408e-04
6.200000000000000178e+00 1.110588296738757101e-04
6.250000000000000000e+00 1.060341169698870859e-04
6.300000000000000711e+00 1.012587050458741257e-04
6.350000000000000533e+00 9.671982522113405491e-05
6.400000000000000355e+00 9.240530592808357307e-05
6.450000000000000178e+00 8.830355304545079603e-05
6.500000000000000000e+00 8.440353190424632708e-05
6.550000000000000711e+00 8.069475061819659687e-05
6.600000000000000533e+00 7.716724428135168594e-05
6.650000000000000355e+00 7.381155952049394428e-05
6.700000000000000178e+00 7.061873888772127867e-05
6.750000000000000000e+00 6.758030462485855488e-05
6.800000000000000711e+00 6.468824141896816480e-05
6.850000000000000533e+00 6.193497788764541865e-05
6.900000000000000355e+00 5.931336667283856911e-05
6.950000000000000178e+00 5.681666317065025721e-05
7.000000000000000000e+00 5.443850306995601625e-05
7.050000000000000711e+00 5.217287900354851822e-05
7.100000000000000533e+00 5.001411672225542253e-05
7.150000000000000355e+00 4.795685127757663468e-05
7.200000000000000178e+00 4.599600373692497242e-05
7.250000000000000000e+00 4.412675895544683295e-05
7.300000000000000711e+00 4.234454489038229228e-05
7.350000000000000533e+00 4.064501387150319060e-05
7.400000000000000355e+00 3.902402614016208123e-05
7.450000000000000178e+00 3.747763584765778400e-05
7.500000000000000000e+00 3.600207956996337579e-05
7.550000000000000711e+00 3.459376726002522052e-05
7.600000000000000533e+00 3.324927543034971058e-05
7.650000000000000355e+00 3.196534224624024873e-05
7.700000000000000178e+00 3.073886412129294923e-05
7.750000000000000000e+00 2.956689334718187861e-05
7.800000000000000711e+00 2.844663626283287493e-05
7.850000000000000533e+00 2.737545147485498980e-05
7.900000000000000355e+00 2.635084768029009389e-05
7.950000000000000178e+00 2.537048071084245233e-05
8.000000000000000000e+00 2.443214950932073173e-05
8.050000000000000711e+00 2.353379085717080766e-05
8.099999999999999645e+00 2.267347278876799272e-05
8.150000000000000355e+00 2.184938674532165066e-05
8.200000000000001066e+00 2.105983863066962115e-05
8.250000000000000000e+00 2.030323902556959266e-05
8.300000000000000711e+00 1.957809289016765921e-05
8.349999999999999645e+00 1.888298913165187650e-05
8.400000000000000355e+00 1.821659043304309759e-05
8.450000000000001066e+00 1.757762372908500405e-05
8.500000000000000000e+00 1.696487167768245661e-05
8.550000000000000711e+00 1.637716541363641766e-05
8.599999999999999645e+00 1.581337879042865924e-05
8.650000000000000355e+00 1.527242422165655405e-05
8.700000000000001066e+00 1.475325013329101353e-05
8.750000000000000000e+00 1.425483993839500292e-05
8.800000000000000711e+00 1.377621235421880052e-05
8.849999999999999645e+00 1.331642280390396618e-05
8.900000000000000355e+00 1.287456558647557326e-05
8.950000000000001066e+00 1.244977646304473823e-05
9.000000000000000000e+00 1.204123529614765154e-05
9.050000000000000711e+00 1.164816839316191515e-05
9.099999999999999645e+00 1.126985024221925279e-05
9.150000000000000355e+00 1.090560438688822316e-05
9.200000000000001066e+00 1.055480325965974825e-05
9.250000000000000000e+00 1.021686687848727760e-05
9.300000000000000711e+00 9.891260399239613427e-06
9.349999999999999645e+00 9.577490603695740262e-06
9.400000000000000355e+00 9.275101481672615427e-06
9.450000000000001066e+00 8.983669131746527405e-06
9.500000000000000000e+00 8.702796253512290386e-06
9.550000000000000711e+00 8.432106532480611257e-06
9.600000000000001421e+00 8.171239225007348957e-06
9.650000000000000355e+00 7.919844235149941370e-06
9.700000000000001066e+00 7.677577939604000241e-06
9.750000000000000000e+00 7.444099963804251416e-06
9.800000000000000711e+00 7.219071045955758886e-06
9.850000000000001421e+00 7.002152051075955435e-06
9.900000000000000355e+00 6.793004119459336888e-06
9.950000000000001066e+00 6.591289858777924539e-06
1.000000000000000000e+01 6.396675421493590432e-06
1.005000000000000071e+01 6.208833253918960430e-06
1.010000000000000142e+01 6.027445263720742518e-06
1.015000000000000036e+01 5.852206131354368898e-06
1.020000000000000107e+01 5.682826488959812404e-06
1.025000000000000000e+01 5.519035707394060954e-06
1.030000000000000071e+01 5.360584066762304647e-06
1.035000000000000142e+01 5.207244135276017119e-06
1.040000000000000036e+01 5.058811241804302010e-06
1.045000000000000107e+01 4.915102994665059163e-06
1.050000000000000000e+01 4.775957868250347093e-06
1.055000000000000071e+01 4.641232945161281107e-06
1.060000000000000142e+01 4.510800960121876355e-06
1.065000000000000036e+01 4.384546839136767325e-06
1.070000000000000107e+01 4.262363960099225434e-06
1.075000000000000000e+01 4.144150377354956726e-06
1.080000000000000071e+01 4.029805251784299605e-06
1.085000000000000142e+01 3.919225710164203245e-06
1.090000000000000036e+01 3.812304324496027496e-06
1.095000000000000107e+01 3.708927356208943861e-06
1.100000000000000000e+01 3.608973855108901554e-06
1.105000000000000071e+01 3.512315642634942688e-06
1.110000000000000142e+01 3.418818147705264685e-06
1.115000000000000036e+01 3.328342005452414039e-06
1.120000000000000107e+01 3.240745278447640265e-06
1.125000000000000000e+01 3.155886119973814591e-06
1.130000000000000071e+01 3.073625672116207466e-06
1.135000000000000142e+01 2.993830979530194628e-06
1.140000000000000036e+01 2.916377703257206900e-06
1.145000000000000107e+01 2.841152437385898205e-06
1.150000000000000000e+01 2.768054463135800455e-06
1.155000000000000071e+01 2.696996817633056719e-06
1.160000000000000142e+01 2.627906605086655703e-06
1.165000000000000036e+01 2.560724532618411924e-06
1.170000000000000107e+01 2.495403707785513651e-06
1.175000000000000000e+01 2.431907786049700120e-06
1.180000000000000071e+01 2.370208600593936164e-06
1.185000000000000142e+01 2.310283441027589663e-06
1.190000000000000036e+01 2.252112169447946592e-06
1.195000000000000107e+01 2.195674370736357495e-06
1.200000000000000000e+01 2.140946728509625214e-06
1.205000000000000071e+01 2.087900799438976507e-06
1.210000000000000142e+01 2.036501328224496823e-06
1.215000000000000036e+01 1.986705205685782971e-06
1.220000000000000107e+01 1.938461126133335655e-06
1.225000000000000000e+01 1.891709950747875373e-06
1.230000000000000071e+01 1.846385734616092950e-06
1.235000000000000142e+01 1.802417329745195196e-06
1.240000000000000036e+01 1.759730437914539189e-06
1.245000000000000107e+01 1.718249958166784894e-06
1.250000000000000000e+01 1.677902455964466834e-06
1.255000000000000071e+01 1.638618575596201091e-06
1.260000000000000142e+01 1.600335224475835828e-06
1.265000000000000036e+01 1.562997376845607726e-06
1.270000000000000107e+01 1.526559373573711120e-06
1.275000000000000000e+01 1.490985632011035327e-06
1.280000000000000071e+01 1.456250722536082817e-06
1.285000000000000142e+01 1.422338813404281201e-06
1.290000000000000036e+01 1.389242529661407986e-06
1.295000000000000107e+01 1.356961312127607569e-06
1.300000000000000000e+01 1.325499396066991819e-06
1.305000000000000071e+01 1.294863553891777158e-06
1.310000000000000142e+01 1.265060760539749012e-06
1.315000000000000036e+01 1.236095943165444075e-06
1.320000000000000107e+01 1.207969968483430740e-06
1.325000000000000000e+01 1.180678002238192878e-06
1.330000000000000071e+01 1.154208347338275309e-06
1.335000000000000142e+01 1.128541832261269425e-06
1.340000000000000036e+01 1.103651781956636696e-06
1.345000000000000107e+01 1.079504562447573086e-06
1.350000000000000000e+01 1.056060650556895916e-06
1.355000000000000071e+01 1.033276144383930164e-06
1.360000000000000142e+01 1.011104600792973933e-06
1.365000000000000036e+01 9.894990651687151023e-07
1.370000000000000107e+01 9.684141473957131292e-07
1.375000000000000000e+01 9.478079970596283154e-07
1.380000000000000071e+01 9.276440401653018722e-07
1.385000000000000142e+01 9.078923584139529847e-07
1.390000000000000036e+01 8.885306188317724258e-07
1.395000000000000107e+01 8.695444943192056758e-07
1.400000000000000000e+01 8.509275521121954141e-07
1.405000000000000071e+01 8.326806246313997492e-07
1.410000000000000142e+01 8.148107131166998790e-07
1.415000000000000036e+01 7.973295063131324781e-07
1.420000000000000107e+01 7.802516221520646714e-07
1.425000000000000000e+01 7.635926981365631683e-07
1.430000000000000071e+01 7.473674648909134497e-07
1.435000000000000142e+01 7.315879365828836900e-07
1.440000000000000036e+01 7.162618418679503107e-07
1.445000000000000107e+01 7.013914004728332784e-07
1.450000000000000000e+01 6.869725249433141372e-07
1.455000000000000071e+01 6.729944963204967237e-07
1.460000000000000142e+01 6.594401287831284095e-07
1.465000000000000036e+01 6.462864040123433652e-07
1.470000000000000107e+01 6.335055235780200198e-07
1.475000000000000000e+01 6.210662992624022409e-07
1.480000000000000071e+01 6.089357788336366806e-07
1.485000000000000142e+01 5.970809898475692626e-07
1.490000000000000036e+01 5.854706775158977862e-07
1.495000000000000107e+01 5.740769148732033455e-07
1.500000000000000000e+01 5.628764741297109622e-07
1.505000000000000071e+01 5.518518663478026875e-07
1.510000000000000142e+01 5.409919810466766126e-07
1.515000000000000036e+01 5.302922862362871462e-07
1.520000000000000107e+01 5.197545806239814017e-07
1.525000000000000000e+01 5.093863211195450214e-07
1.530000000000000071e+01 4.991995780969742357e-07
1.535000000000000142e+01 4.892096961346892834e-07
1.540000000000000036e+01 4.794337574450705725e-07
1.545000000000000107e+01 4.698889576455911574e-07
1.550000000000000000e+01 4.605910081354441954e-07
1.555000000000000071e+01 4.515526759207644183e-07
1.560000000000000142e+01 4.427825606202730891e-07
1.565000000000000036e+01 4.342841904608530513e-07
1.570000000000000107e+01 4.260554956895049441e-07
1.575000000000000000e+01 4.180886906766474189e-07
1.580000000000000071e+01 4.103705670273955139e-07
1.585000000000000142e+01 4.028831712834763379e-07
1.590000000000000036e+01 3.956048143009864491e-07
1.595000000000000107e+01 3.885113369365500412e-07
1.600000000000000000e+01 3.815775397982477398e-07
1.605000000000000071e+01 3.747786745959362032e-07
1.610000000000000142e+01 3.680918917096918884e-07
1.615000000000000213e+01 3.614975430713269856e-07
1.619999999999999929e+01 3.549802509231522777e-07
1.625000000000000000e+01 3.485296705879560408e-07
1.630000000000000071e+01 3.421408977332727066e-07
1.635000000000000142e+01 3.358144961438289915e-07
1.640000000000000213e+01 3.295561488721522360e-07
1.644999999999999929e+01 3.233759619540768294e-07
1.650000000000000000e+01 3.172874738021159509e-07
1.655000000000000071e+01 3.113064432939810095e-07
1.660000000000000142e+01 3.054495041134604069e-07
1.665000000000000213e+01 2.997327811317144448e-07
1.669999999999999929e+01 2.941705660426966890e-07
1.675000000000000000e+01 2.887741440702555151e-07
1.680000000000000071e+01 2.835508518219229049e-07
1.685000000000000142e+01 2.785034291615349107e-07
1.690000000000000213e+01 2.736297065948225755e-07
1.694999999999999929e+01 2.689226456466264488e-07
1.700000000000000000e+01 2.643707247747845409e-07
1.705000000000000071e+01 2.599586392639474764e-07
1.710000000000000142e+01 2.556682619520152735e-07
1.715000000000000213e+01 2.514797940386975669e-07
1.719999999999999929e+01 2.473730227931722146e-07
1.725000000000000000e+01 2.433285965248939146e-07
1.730000000000000071e+01 2.393292270776644127e-07
1.735000000000000142e+01 2.353607362971847199e-07
1.740000000000000213e+01 2.314128748770086245e-07
1.744999999999999929e+01 2.274798588220065222e-07
1.750000000000000000e+01 2.235605892254506474e-07
1.755000000000000071e+01 2.196585436745707179e-07
1.760000000000000142e+01 2.157813507669588902e-07
1.765000000000000213e+01 2.119400812965737170e-07
1.769999999999999929e+01 2.081483091488126787e-07
1.775000000000000000e+01 2.044210104589771219e-07
1.780000000000000071e+01 2.007733801297728021e-07
1.785000000000000142e+01 1.972196496753408370e-07
1.790000000000000213e+01 1.937719892869718073e-07
1.794999999999999929e+01 1.904395701503342979e-07
1.800000000000000000e+01 1.872278509269455817e-07
1.805000000000000071e+01 1.841381358557820474e-07
1.810000000000000142e+01 1.811674323366701084e-07
1.815000000000000213e+01 1.783086145324778802e-07
1.819999999999999929e+01 1.755508779867738607e-07
1.825000000000000000e+01 1.728804500071838069e-07
1.830000000000000071e+01 1.702815030183965625e-07
1.835000000000000142e+01 1.677372044373068456e-07
1.840000000000000213e+01 1.652308277853861674e-07
1.844999999999999929e+01 1.627468462875394079e-07
1.850000000000000000e+01 1.602719323045243709e-07
1.855000000000000071e+01 1.577957933889574326e-07
1.860000000000000142e+01 1.553117879780185487e-07
1.865000000000000213e+01 1.528172798080238151e-07
1.869999999999999929e+01 1.503137089187642283e-07
1.875000000000000000e+01 1.478063772293497723e-07
1.880000000000000071e+01 1.453039667243656865e-07
1.885000000000000142e+01 1.428178268515546535e-07
1.890000000000000213e+01 1.403610835428180520e-07
1.894999999999999929e+01 1.379476342298261722e-07
1.900000000000000000e+01 1.355911005515204153e-07
1.905000000000000071e+01 1.333038126723413156e-07
1.910000000000000142e+01 1.310958961411905634e-07
1.915000000000000213e+01 1.289745242991294163e-07
1.920000000000000284e+01 1.269433869794018278e-07
1.925000000000000000e+01 1.250024105534977044e-07
1.930000000000000071e+01 1.231477463879647708e-07
1.935000000000000142e+01 1.213720257799907605e-07
1.940000000000000213e+01 1.196648607677363183e-07
1.945000000000000284e+01 1.180135531790053987e-07
1.950000000000000000e+01 1.164039600570165026e-07
1.955000000000000071e+01 1.148214531562552466e-07
1.960000000000000142e+01 1.132519042298757121e-07
1.965000000000000213e+01 1.116826267025511905e-07
1.970000000000000284e+01 1.101032080697509299e-07
1.975000000000000000e+01 1.085061756791808140e-07
1.980000000000000071e+01 1.068874507944575203e-07
1.985000000000000142e+01 1.052465611331287755e-07
1.990000000000000213e+01 1.035865992916361975e-07
1.995000000000000284e+01 1.019139324094298790e-07
2.000000000000000000e+01 1.002376858089201401e-07
2.005000000000000071e+01 9.856903897110622048e-08
2.010000000000000142e+01 9.692038498593166018e-08
2.015000000000000213e+01 9.530441369474674018e-08
2.020000000000000284e+01 9.373318350485175202e-08
2.025000000000000000e+01 9.221724702605634198e-08
2.030000000000000071e+01 9.076489128383986129e-08
2.035000000000000142e+01 8.938154464991727584e-08
2.040000000000000213e+01 8.806939045010893198e-08
2.045000000000000284e+01 8.682721235089110305e-08
2.050000000000000000e+01 8.565048014131831200e-08
2.055000000000000071e+01 8.453166761003453339e-08
2.060000000000000142e+01 8.346077802736591142e-08
2.065000000000000213e+01 8.242603844073071618e-08
2.070000000000000284e+01 8.141471252383344989e-08
2.075000000000000000e+01 8.041397389790404136e-08
2.080000000000000071e+01 7.941177815269633540e-08
2.085000000000000142e+01 7.839767246929145722e-08
2.090000000000000213e+01 7.736348669588271571e-08
2.095000000000000284e+01 7.630385855785626363e-08
2.100000000000000000e+01 7.521655774963240254e-08
2.105000000000000071e+01 7.410258807360988909e-08
2.110000000000000142e+01 7.296606253425158521e-08
2.115000000000000213e+01 7.181386225100110060e-08
2.120000000000000284e+01 7.065510508977398147e-08
2.125000000000000000e+01 6.950046300875238382e-08
2.130000000000000071e+01 6.836137734062988282e-08
2.135000000000000142e+01 6.724922793223894124e-08
2.140000000000000213e+01 6.617451477211450358e-08
2.145000000000000284e+01 6.514610931878082802e-08
2.150000000000000000e+01 6.417062733169657640e-08
2.155000000000000071e+01 6.325196601413333892e-08
2.160000000000000142e+01 6.239103637275064336e-08
2.165000000000000213e+01 6.158570773640801138e-08
2.170000000000000284e+01 6.083096635791905885e-08
2.175000000000000000e+01 6.011927500649788308e-08
2.180000000000000071e+01 5.944110649535433387e-08
2.185000000000000142e+01 5.878561215287941809e-08
2.190000000000000213e+01 5.814137714573778439e-08
2.195000000000000284e+01 5.749720891667973710e-08
2.200000000000000000e+01 5.684290317050654812e-08
2.205000000000000071e+01 5.616993392122059383e-08
2.210000000000000142e+01 5.547201991893442899e-08
2.215000000000000213e+01 5.474552887647747456e-08
2.220000000000000284e+01 5.398969262736834954e-08
2.225000000000000000e+01 5.320661984526623726e-08
2.230000000000000071e+01 5.240110726262400612e-08
2.235000000000000142e+01 5.158026444303268258e-08
2.240000000000000213e+01 5.075298009467634484e-08
2.245000000000000284e+01 4.992926877040868853e-08
2.250000000000000000e+01 4.911954483675301065e-08
2.255000000000000071e+01 4.833387527514698413e-08
2.260000000000000142e+01 4.758126390106715972e-08
2.265000000000000213e+01 4.686901691885065349e-08
2.270000000000000284e+01 4.620223357915246188e-08
2.275000000000000000e+01 4.558345654977012094e-08
2.280000000000000071e+01 4.501250509968420911e-08
2.285000000000000142e+01 4.448650117299393578e-08
2.290000000000000213e+01 4.400008480958997881e-08
2.295000000000000284e+01 4.354580211910791491e-08
2.300000000000000000e+01 4.311463705460789585e-08
2.305000000000000071e+01 4.269664839605243160e-08
2.310000000000000142e+01 4.228166630218728941e-08
2.315000000000000213e+01 4.185999900814927285e-08
2.320000000000000284e+01 4.142309995646521820e-08
2.325000000000000000e+01 4.096414885157964436e-08
2.330000000000000071e+01 4.047850656955312898e-08
2.335000000000000142e+01 3.996401304201565377e-08
2.340000000000000213e+01 3.942110852557692343e-08
2.345000000000000284e+01 3.885277122185845655e-08
2.350000000000000000e+01 3.826427717024065552e-08
2.355000000000000071e+01 3.766280076038579159e-08
2.360000000000000142e+01 3.705688524879416212e-08
2.365000000000000213e+01 3.645582154839241504e-08
2.370000000000000284e+01 3.586897968634376781e-08
2.375000000000000000e+01 3.530514028290673041e-08
2.380000000000000071e+01 3.477187302019683673e-08
2.385000000000000142e+01 3.427500538817306352e-08
2.390000000000000213e+01 3.381821830930295020e-08
2.395000000000000284e+01 3.340279603749786325e-08
2.400000000000000000e+01 3.302754668009922141e-08
2.405000000000000071e+01 3.268889757803608119e-08
2.410000000000000142e+01 3.238115746904458487e-08
2.415000000000000213e+01 3.209692571192522859e-08
2.420000000000000284e+01 3.182761867519968403e-08
2.425000000000000000e+01 3.156407540487281328e-08
2.430000000000000071e+01 3.129719940647703559e-08
2.435000000000000142e+01 3.101859117766628566e-08
2.440000000000000213e+01 3.072112712391556507e-08
2.445000000000000284e+01 3.039944459170997527e-08
2.450000000000000000e+01 3.005029965162204309e-08
2.455000000000000071e+01 2.967277344942465799e-08
2.460000000000000142e+01 2.926831375458866304e-08
2.465000000000000213e+01 2.884061000743807894e-08
2.470000000000000284e+01 2.839531186351163611e-08
2.475000000000000000e+01 2.793961214713742105e-08
2.480000000000000071e+01 2.748172448941513620e-08
2.485000000000000142e+01 2.703029309262707149e-08
2.490000000000000213e+01 2.659377655475413175e-08
2.495000000000000284e+01 2.617984920291799053e-08
