0.000000000000000000e+00 -4.293176527247304364e-01
5.000000000000000278e-02 -7.445304782901649571e-03
1.000000000000000056e-01 -2.032544247889277525e-03
1.500000000000000222e-01 4.931573892876910939e-04
2.000000000000000111e-01 2.265879978309893756e-03
2.500000000000000000e-01 3.701919293677691670e-03
3.000000000000000444e-01 4.933003309966705122e-03
3.500000000000000333e-01 6.009646561761423401e-03
4.000000000000000222e-01 6.952732305772037560e-03
4.500000000000000111e-01 7.770507935368441838e-03
5.000000000000000000e-01 8.465545970678714158e-03
5.500000000000000444e-01 9.037918223593885414e-03
6.000000000000000888e-01 9.486925249181021522e-03
6.500000000000000222e-01 9.811994743035176020e-03
7.000000000000000666e-01 1.001297487217806502e-02
7.500000000000000000e-01 1.009067146683062695e-02
8.000000000000000444e-01 1.004717863509524411e-02
8.500000000000000888e-01 9.885932854078740076e-03
9.000000000000000222e-01 9.610926455268304497e-03
9.500000000000000666e-01 9.228209724785574677e-03
1.000000000000000000e+00 8.744425909279832099e-03
1.050000000000000044e+00 8.168128835807740920e-03
1.100000000000000089e+00 7.508527674962434117e-03
1.150000000000000133e+00 6.775689634930811590e-03
1.200000000000000178e+00 5.980921588811896096e-03
1.250000000000000000e+00 5.135320382512435430e-03
1.300000000000000044e+00 4.251254659232180447e-03
1.350000000000000089e+00 3.341861144804001045e-03
1.400000000000000133e+00 2.418648004396826458e-03
1.450000000000000178e+00 1.495007347188963579e-03
1.500000000000000000e+00 5.831150727399049636e-04
1.550000000000000044e+00 -3.059403004343162476e-04
1.600000000000000089e+00 -1.160513154555031269e-03
1.650000000000000133e+00 -1.970204766432925077e-03
1.700000000000000178e+00 -2.725497512743907131e-03
1.750000000000000000e+00 -3.418549302531343620e-03
1.800000000000000044e+00 -4.042598083822912698e-03
1.850000000000000089e+00 -4.590784901764974855e-03
1.900000000000000133e+00 -5.059491166362432672e-03
1.950000000000000178e+00 -5.445523272342454868e-03
2.000000000000000000e+00 -5.747252514754866773e-03
2.050000000000000266e+00 -5.964643374956560967e-03
2.100000000000000089e+00 -6.098451856665453377e-03
2.149999999999999911e+00 -6.151529005744512703e-03
2.200000000000000178e+00 -6.127164427404937878e-03
2.250000000000000000e+00 -6.030181035263717203e-03
2.300000000000000266e+00 -5.866113186561195368e-03
2.350000000000000089e+00 -5.641407961004429872e-03
2.400000000000000355e+00 -5.363358372045229187e-03
2.450000000000000178e+00 -5.038908893103548510e-03
2.500000000000000000e+00 -4.676312306986904824e-03
2.550000000000000266e+00 -4.283272575067823516e-03
2.600000000000000089e+00 -3.868361455209344459e-03
2.650000000000000355e+00 -3.438461735464048031e-03
2.700000000000000178e+00 -3.001935796298541275e-03
2.750000000000000000e+00 -2.565500201259945413e-03
2.800000000000000266e+00 -2.135333460285784423e-03
2.850000000000000089e+00 -1.717902287663667076e-03
2.900000000000000355e+00 -1.318154434705155753e-03
2.950000000000000178e+00 -9.405093758767521040e-04
3.000000000000000000e+00 -5.886788801408149698e-04
3.050000000000000266e+00 -2.654756712174903229e-04
3.100000000000000089e+00 2.706312821055036958e-05
3.150000000000000355e+00 2.875409640719928388e-04
3.200000000000000178e+00 5.153405927524171192e-04
3.250000000000000000e+00 7.107878031367871607e-04
3.300000000000000266e+00 8.743271965334159989e-04
3.350000000000000089e+00 1.007283745136839477e-03
3.400000000000000355e+00 1.111288293605995408e-03
3.450000000000000178e+00 1.188360885570788859e-03
3.500000000000000000e+00 1.240798372022922655e-03
3.550000000000000266e+00 1.271106663487717820e-03
3.600000000000000089e+00 1.281881834523492317e-03
3.650000000000000355e+00 1.275755619812732984e-03
3.700000000000000178e+00 1.255326925971959233e-03
3.750000000000000000e+00 1.223172610138172642e-03
3.800000000000000266e+00 1.181654218783878031e-03
3.850000000000000089e+00 1.132918345565716352e-03
3.900000000000000355e+00 1.079041709040390404e-03
3.950000000000000178e+00 1.021760772377556907e-03
4.000000000000000000e+00 9.626000936017315964e-04
4.049999999999999822e+00 9.028908110375581273e-04
4.100000000000000533e+00 8.436060996858459494e-04
4.150000000000000355e+00 7.856366146545138481e-04
4.200000000000000178e+00 7.296112954658683699e-04
4.250000000000000000e+00 6.759308465920114885e-04
4.299999999999999822e+00 6.248794386271320708e-04
4.350000000000000533e+00 5.766367362604022002e-04
4.400000000000000355e+00 5.311942192305565838e-04
4.450000000000000178e+00 4.885079664044854114e-04
4.500000000000000000e+00 4.484976985756490542e-04
4.549999999999999822e+00 4.109782764421552399e-04
4.600000000000000533e+00 3.758278058330726521e-04
4.650000000000000355e+00 3.428332522176962341e-04
4.700000000000000178e+00 3.118806770500217890e-04
4.750000000000000000e+00 2.828033056774098531e-04
4.800000000000000711e+00 2.555003837794288940e-04
4.850000000000000533e+00 2.298575590190580456e-04
4.900000000000000355e+00 2.058617646049421316e-04
4.950000000000000178e+00 1.834198456203556260e-04
5.000000000000000000e+00 1.625221820823174448e-04
5.050000000000000711e+00 1.431887463105382832e-04
5.100000000000000533e+00 1.253940503542393592e-04
5.150000000000000355e+00 1.091510065763850518e-04
5.200000000000000178e+00 9.445320364519292460e-05
5.250000000000000000e+00 8.129205298016133497e-05
5.300000000000000711e+00 6.964112764163587392e-05
5.350000000000000533e+00 5.945769155042550277e-05
5.400000000000000355e+00 5.068188222703469707e-05
5.450000000000000178e+00 4.323345715913578071e-05
5.500000000000000000e+00 3.701386054775365427e-05
5.550000000000000711e+00 3.190990540780788633e-05
5.600000000000000533e+00 2.779314140609684338e-05
5.650000000000000355e+00 2.452800335191629528e-05
5.700000000000000178e+00 2.197300341263828298e-05
5.750000000000000000e+00 1.998699553913010113e-05
5.800000000000000711e+00 1.843253691079238871e-05
5.850000000000000533e+00 1.718577781338785103e-05
5.900000000000000355e+00 1.611633799958316234e-05
5.950000000000000178e+00 1.516291620170683621e-05
6.000000000000000000e+00 1.419303466611328014e-05
6.050000000000000711e+00 1.318564037860928790e-05
6.100000000000000533e+00 1.208345939208802418e-05
6.150000000000000355e+00 1.087024121480857206e-05
6.200000000000000178e+00 9.542608723154305159e-06
6.250000000000000000e+00 8.115376636525718410e-06
6.300000000000000711e+00 6.615001092323757511e-06
6.350000000000000533e+00 5.083937853876594108e-06
6.400000000000000355e+00 3.550887410910789570e-06
6.450000000000000178e+00 2.101877006696496522e-06
6.500000000000000000e+00 7.353341791932303171e-07
6.550000000000000711e+00 -4.689293246132407238e-07
6.600000000000000533e+00 -1.487621896157223686e-06
6.650000000000000355e+00 -2.287752570032810708e-06
6.700000000000000178e+00 -2.851565196285835822e-06
6.750000000000000000e+00 -3.171284897143606159e-06
6.800000000000000711e+00 -3.251066799006293497e-06
6.850000000000000533e+00 -3.106108181172683050e-06
6.900000000000000355e+00 -2.761764348201902398e-06
6.950000000000000178e+00 -2.251921454225399376e-06
7.000000000000000000e+00 -1.617060733052260147e-06
7.050000000000000711e+00 -9.018529763241927431e-07
7.100000000000000533e+00 -1.531177253759432553e-07
7.150000000000000355e+00 5.842255729902571816e-07
7.200000000000000178e+00 1.263484986328426030e-06
7.250000000000000000e+00 1.860879629563018937e-06
7.300000000000000711e+00 2.311239535470857512e-06
7.350000000000000533e+00 2.638986637754048819e-06
7.400000000000000355e+00 2.794495427075912493e-06
7.450000000000000178e+00 2.788925270214217671e-06
7.500000000000000000e+00 2.623330528298652100e-06
7.550000000000000711e+00 2.312636341434895199e-06
7.600000000000000533e+00 1.877940215959586823e-06
7.650000000000000355e+00 1.346946394834924316e-06
7.700000000000000178e+00 7.513230070475657003e-07
7.750000000000000000e+00 1.267496028639949729e-07
7.800000000000000711e+00 -4.958773191679150502e-07
7.850000000000000533e+00 -1.066956426550795481e-06
7.900000000000000355e+00 -1.593097803217053691e-06
7.950000000000000178e+00 -1.999347016180516639e-06
8.000000000000000000e+00 -2.301276899740962027e-06
8.050000000000000711e+00 -2.470957960905521952e-06
8.099999999999999645e+00 -2.506396405838421407e-06
8.150000000000000355e+00 -2.408035210850702820e-06
8.200000000000001066e+00 -2.184800702503320141e-06
8.250000000000000000e+00 -1.851714775964673448e-06
8.300000000000000711e+00 -1.429370914851028164e-06
8.349999999999999645e+00 -9.426486915941593110e-07
8.400000000000000355e+00 -4.188295732491880257e-07
8.450000000000001066e+00 1.121971274819830216e-07
8.500000000000000000e+00 6.259152238640005707e-07
8.550000000000000711e+00 1.080860891952320633e-06
8.599999999999999645e+00 1.489509594172395303e-06
8.650000000000000355e+00 1.783743815625343439e-06
8.700000000000001066e+00 1.986916766576997601e-06
8.750000000000000000e+00 2.075339361471958935e-06
8.800000000000000711e+00 2.051347733916584931e-06
8.849999999999999645e+00 1.918000975776122670e-06
8.900000000000000355e+00 1.685454956415370637e-06
8.950000000000001066e+00 1.368495152218395265e-06
9.000000000000000000e+00 9.860979372892147443e-07
9.050000000000000711e+00 5.602076443754346898e-07
9.099999999999999645e+00 1.144383145834255172e-07
9.150000000000000355e+00 -3.267452562628902616e-07
9.200000000000001066e+00 -7.411315671535888180e-07
9.250000000000000000e+00 -1.103348905929879058e-06
9.300000000000000711e+00 -1.410419489881980202e-06
9.349999999999999645e+00 -1.612136276910979567e-06
9.400000000000000355e+00 -1.746457020162589112e-06
9.450000000000001066e+00 -1.774004216727751568e-06
9.500000000000000000e+00 -1.709769571286386891e-06
9.550000000000000711e+00 -1.555489232947581139e-06
9.600000000000001421e+00 -1.322390298145215746e-06
9.650000000000000355e+00 -1.024209166596283960e-06
9.700000000000001066e+00 -6.785145180909479225e-07
9.750000000000000000e+00 -3.035455535814549287e-07
9.800000000000000711e+00 7.636167318773547993e-08
9.850000000000001421e+00 4.556603732948218031e-07
9.900000000000000355e+00 7.793757644732850272e-07
9.950000000000001066e+00 1.078861899288289907e-06
1.000000000000000000e+01 1.303318731233384632e-06
1.005000000000000071e+01 1.457550323909721570e-06
1.010000000000000142e+01 1.530930136082936042e-06
1.015000000000000036e+01 1.522398268128334270e-06
1.020000000000000107e+01 1.433853642042030113e-06
1.025000000000000000e+01 1.271716410604844266e-06
1.030000000000000071e+01 1.046031598720561058e-06
1.035000000000000142e+01 7.699899142317425834e-07
1.040000000000000036e+01 4.591228789108816112e-07
1.045000000000000107e+01 1.304650272933319724e-07
1.050000000000000000e+01 -1.983651034266453798e-07
1.055000000000000071e+01 -5.101274646832128460e-07
1.060000000000000142e+01 -7.888463971029848391e-07
1.065000000000000036e+01 -1.020509460785585389e-06
1.070000000000000107e+01 -1.194237496685665337e-06
1.075000000000000000e+01 -1.301011374308504734e-06
1.080000000000000071e+01 -1.340668167915075708e-06
1.085000000000000142e+01 -1.297264422648083924e-06
1.090000000000000036e+01 -1.210660758569590971e-06
1.095000000000000107e+01 -1.039364471218789381e-06
1.100000000000000000e+01 -8.254502441144498294e-07
1.105000000000000071e+01 -5.813806557812465211e-07
1.110000000000000142e+01 -2.882244229358566564e-07
1.115000000000000036e+01 -9.682672865338551238e-09
1.120000000000000107e+01 2.758835965637070712e-07
1.125000000000000000e+01 5.383012498104323100e-07
1.130000000000000071e+01 7.683658108370512846e-07
1.135000000000000142e+01 9.535931347846868134e-07
1.140000000000000036e+01 1.085467752256841714e-06
1.145000000000000107e+01 1.158056679647035821e-06
1.150000000000000000e+01 1.168728851065166557e-06
1.155000000000000071e+01 1.118107678475952940e-06
1.160000000000000142e+01 1.010011591394404246e-06
1.165000000000000036e+01 8.511670542105291110e-07
1.170000000000000107e+01 6.508708116614901499e-07
1.175000000000000000e+01 4.202059507771202257e-07
1.180000000000000071e+01 1.723475028313556868e-07
1.185000000000000142e+01 -2.560027175139510036e-08
1.190000000000000036e+01 -1.621610912225426756e-37
1.195000000000000107e+01 -1.027185166836875009e-66
1.200000000000000000e+01 -6.506550657807337068e-96
1.205000000000000071e+01 -4.121477121511388156e-125
1.210000000000000142e+01 -2.610688001246644262e-154
1.215000000000000036e+01 -1.653701212387252689e-183
1.220000000000000107e+01 -1.047512269034163564e-212
1.225000000000000000e+01 -6.635309582377660686e-242
1.230000000000000071e+01 -4.203037464047517416e-271
1.235000000000000142e+01 -2.662351094233523477e-300
1.240000000000000036e+01 -0.000000000000000000e+00
1.245000000000000107e+01 -0.000000000000000000e+00
1.250000000000000000e+01 -0.000000000000000000e+00
1.255000000000000071e+01 -0.000000000000000000e+00
1.260000000000000142e+01 -0.000000000000000000e+00
1.265000000000000036e+01 -0.000000000000000000e+00
1.270000000000000107e+01 -0.000000000000000000e+00
1.275000000000000000e+01 -0.000000000000000000e+00
1.280000000000000071e+01 -0.000000000000000000e+00
1.285000000000000142e+01 -0.000000000000000000e+00
1.290000000000000036e+01 -0.000000000000000000e+00
1.295000000000000107e+01 -0.000000000000000000e+00
1.300000000000000000e+01 -0.000000000000000000e+00
1.305000000000000071e+01 -0.000000000000000000e+00
1.310000000000000142e+01 -0.000000000000000000e+00
1.315000000000000036e+01 -0.000000000000000000e+00
