0.000000000000000000e+00 0.000000000000000000e+00
5.000000000000000278e-02 5.185035915455059270e-14
1.000000000000000056e-01 1.655999473003303446e-12
1.500000000000000222e-01 1.253470050233873866e-11
2.000000000000000111e-01 5.258286352231044040e-11
2.500000000000000000e-01 1.595401993471022954e-10
3.000000000000000444e-01 3.941772927784767254e-10
3.500000000000000333e-01 8.448515498408976111e-10
4.000000000000000222e-01 1.631303805295598198e-09
4.500000000000000111e-01 2.907584246438017711e-09
5.000000000000000000e-01 4.864016777698437411e-09
5.500000000000000444e-01 7.728133527740746902e-09
6.000000000000000888e-01 1.176453534791186997e-08
6.500000000000000222e-01 1.727365929443038311e-08
7.000000000000000666e-01 2.458945963249700495e-08
7.500000000000000000e-01 3.407603424876245049e-08
8.000000000000000444e-01 4.612325291868330849e-08
8.500000000000000888e-01 6.114146708029469139e-08
9.000000000000000222e-01 7.955540208632981216e-08
9.500000000000000666e-01 1.017973518630050746e-07
1.000000000000000000e+00 1.282998120780741605e-07
1.050000000000000044e+00 1.594877009657071357e-07
1.100000000000000089e+00 1.957703266025998356e-07
1.150000000000000133e+00 2.375332654936573880e-07
1.200000000000000178e+00 2.851303197090636733e-07
1.250000000000000000e+00 3.388757185082494204e-07
1.300000000000000044e+00 3.990367254678792254e-07
1.350000000000000089e+00 4.658268037617869489e-07
1.400000000000000133e+00 5.393994806601139440e-07
1.450000000000000178e+00 6.198430378327434243e-07
1.500000000000000000e+00 7.071761370302307379e-07
1.550000000000000044e+00 8.013444715967316608e-07
1.600000000000000089e+00 9.022200832264463423e-07
1.650000000000000133e+00 1.009593490750113039e-06
1.700000000000000178e+00 1.123184562566803751e-06
1.750000000000000000e+00 1.242636140346904027e-06
1.800000000000000044e+00 1.367518406799181191e-06
1.850000000000000089e+00 1.497332375890763208e-06
1.900000000000000133e+00 1.631514431206654555e-06
1.950000000000000178e+00 1.769441832343733669e-06
2.000000000000000000e+00 1.910439092714189688e-06
2.050000000000000266e+00 2.053785117934676549e-06
2.100000000000000089e+00 2.198720982330546031e-06
2.149999999999999911e+00 2.344458212154465130e-06
2.200000000000000178e+00 2.490187438002787013e-06
2.250000000000000000e+00 2.635087275642112895e-06
2.300000000000000266e+00 2.778333293997825675e-06
2.350000000000000089e+00 2.919106931309938649e-06
2.400000000000000355e+00 3.056604225276717260e-06
2.450000000000000178e+00 3.190044230179594372e-06
2.500000000000000000e+00 3.318677003267631703e-06
2.550000000000000266e+00 3.441791053793652791e-06
2.600000000000000089e+00 3.558720160728243125e-06
2.650000000000000355e+00 3.668849479004809820e-06
2.700000000000000178e+00 3.771620868831488958e-06
2.750000000000000000e+00 3.866537397806615268e-06
2.800000000000000266e+00 3.953166980962319827e-06
2.850000000000000089e+00 4.031145139120026035e-06
2.900000000000000355e+00 4.100176870776887072e-06
2.950000000000000178e+00 4.160037646885913835e-06
3.000000000000000000e+00 4.210573551108444206e-06
3.050000000000000266e+00 4.251700600204641407e-06
3.100000000000000089e+00 4.283403290022935334e-06
3.150000000000000355e+00 4.305732421928054928e-06
3.200000000000000178e+00 4.318802272384861950e-06
3.250000000000000000e+00 4.322787174744296100e-06
3.300000000000000266e+00 4.317917587048513114e-06
3.350000000000000089e+00 4.304475722907883643e-06
3.400000000000000355e+00 4.282790824257286743e-06
3.450000000000000178e+00 4.253234155153822573e-06
3.500000000000000000e+00 4.216213794835957387e-06
3.550000000000000266e+00 4.172169306146418844e-06
3.600000000000000089e+00 4.121566352262683104e-06
3.650000000000000355e+00 4.064891330622920237e-06
3.700000000000000178e+00 4.002646088130264259e-06
3.750000000000000000e+00 3.935342776312528467e-06
3.800000000000000266e+00 3.863498899253860720e-06
3.850000000000000089e+00 3.787632600938545590e-06
3.900000000000000355e+00 3.708258232285734951e-06
3.950000000000000178e+00 3.625882231726924423e-06
4.000000000000000000e+00 3.540999346792622959e-06
4.049999999999999822e+00 3.454089217924849705e-06
4.100000000000000533e+00 3.365613339697590728e-06
4.150000000000000355e+00 3.276012408874927613e-06
4.200000000000000178e+00 3.185704063318792993e-06
4.250000000000000000e+00 3.095081010716612488e-06
4.299999999999999822e+00 3.004509541462093297e-06
4.350000000000000533e+00 2.914328415810440745e-06
4.400000000000000355e+00 2.824848111652368864e-06
4.450000000000000178e+00 2.736350415913972675e-06
4.500000000000000000e+00 2.649088339689355563e-06
4.549999999999999822e+00 2.563286334743817604e-06
4.600000000000000533e+00 2.479140786978147767e-06
4.650000000000000355e+00 2.396820760807031388e-06
4.700000000000000178e+00 2.316468967164397185e-06
4.750000000000000000e+00 2.238202926991443426e-06
4.800000000000000711e+00 2.162116301575053384e-06
4.850000000000000533e+00 2.088280360970864391e-06
4.900000000000000355e+00 2.016745561951351084e-06
4.950000000000000178e+00 1.947543207449510347e-06
5.000000000000000000e+00 1.880687160306761302e-06
5.050000000000000711e+00 1.816175585261648610e-06
5.100000000000000533e+00 1.753992694514650896e-06
5.150000000000000355e+00 1.694110473851967115e-06
5.200000000000000178e+00 1.636490368183500923e-06
5.250000000000000000e+00 1.581084907420432830e-06
5.300000000000000711e+00 1.527839255855412643e-06
5.350000000000000533e+00 1.476692670580907551e-06
5.400000000000000355e+00 1.427579856952298903e-06
5.450000000000000178e+00 1.380432211633817397e-06
5.500000000000000000e+00 1.335178946316928187e-06
5.550000000000000711e+00 1.291748087730516900e-06
5.600000000000000533e+00 1.250067352028310011e-06
5.650000000000000355e+00 1.210064893999380385e-06
5.700000000000000178e+00 1.171669933762298131e-06
5.750000000000000000e+00 1.134813265634753647e-06
5.800000000000000711e+00 1.099427256311164320e-06
5.850000000000000533e+00 1.065447693884701876e-06
5.900000000000000355e+00 1.032811715639805830e-06
5.950000000000000178e+00 1.001459403944370030e-06
