0.000000000000000000e+00 0.000000000000000000e+00
5.000000000000000278e-02 1.361373297774413652e-06
1.000000000000000056e-01 2.724724282293880335e-06
1.500000000000000222e-01 4.092034438043985303e-06
2.000000000000000111e-01 5.465292651183836351e-06
2.500000000000000000e-01 6.846498429909855397e-06
3.000000000000000444e-01 8.237664559497288598e-06
3.500000000000000333e-01 9.640819022073417275e-06
4.000000000000000222e-01 1.105800602654014221e-05
4.500000000000000111e-01 1.249128601266957343e-05
5.000000000000000000e-01 1.394273451486502899e-05
5.500000000000000444e-01 1.541443979497574500e-05
6.000000000000000888e-01 1.690849917939089180e-05
6.500000000000000222e-01 1.842701406289945021e-05
7.000000000000000666e-01 1.997208356993708078e-05
7.500000000000000000e-01 2.154579689229259968e-05
8.000000000000000444e-01 2.315022435055052091e-05
8.500000000000000888e-01 2.478740725394974246e-05
9.000000000000000222e-01 2.645934665941365366e-05
9.500000000000000666e-01 2.816799115474986410e-05
1.000000000000000000e+00 2.991522381297552179e-05
1.050000000000000044e+00 3.170284848398941045e-05
1.100000000000000089e+00 3.353257560603540048e-05
1.150000000000000133e+00 3.540600773230404079e-05
1.200000000000000178e+00 3.732462497738447792e-05
1.250000000000000000e+00 3.928977059396734873e-05
1.300000000000000044e+00 4.130263689214573066e-05
1.350000000000000089e+00 4.336425171187149343e-05
1.400000000000000133e+00 4.547546565367876397e-05
1.450000000000000178e+00 4.763694026383359268e-05
1.500000000000000000e+00 4.984913735782075888e-05
1.550000000000000044e+00 5.211230965080942046e-05
1.600000000000000089e+00 5.442649284576374244e-05
1.650000000000000133e+00 5.679149930956188259e-05
1.700000000000000178e+00 5.920691344524151972e-05
1.750000000000000000e+00 6.167208884474307412e-05
1.800000000000000044e+00 6.418614728170995184e-05
1.850000000000000089e+00 6.674797957847758141e-05
1.900000000000000133e+00 6.935624835579598936e-05
1.950000000000000178e+00 7.200939264851567874e-05
2.000000000000000000e+00 7.470563434584504123e-05
2.050000000000000266e+00 7.744298639125993982e-05
2.100000000000000089e+00 8.021926265505823785e-05
2.149999999999999911e+00 8.303208937224601386e-05
2.200000000000000178e+00 8.587891802017537401e-05
2.250000000000000000e+00 8.875703949437417878e-05
2.300000000000000266e+00 9.166359942749352876e-05
2.350000000000000089e+00 9.459561448537416259e-05
2.400000000000000355e+00 9.754998946598922912e-05
2.450000000000000178e+00 1.005235350214846483e-04
2.500000000000000000e+00 1.035129858206875278e-04
2.550000000000000266e+00 1.065150189692337283e-04
2.600000000000000089e+00 1.095262725067638665e-04
2.650000000000000355e+00 1.125433638053128843e-04
2.700000000000000178e+00 1.155629076998945662e-04
2.750000000000000000e+00 1.185815341911562975e-04
2.800000000000000266e+00 1.215959055706103241e-04
2.850000000000000089e+00 1.246027328311120072e-04
2.900000000000000355e+00 1.275987912386685049e-04
2.950000000000000178e+00 1.305809349560792319e-04
3.000000000000000000e+00 1.335461106240553382e-04
3.050000000000000266e+00 1.364913698210755151e-04
3.100000000000000089e+00 1.394138803390644924e-04
3.150000000000000355e+00 1.423109362277719689e-04
3.200000000000000178e+00 1.451799665762652347e-04
3.250000000000000000e+00 1.480185430150197815e-04
3.300000000000000266e+00 1.508243859365040866e-04
3.350000000000000089e+00 1.535953694457454762e-04
3.400000000000000355e+00 1.563295250650019756e-04
3.450000000000000178e+00 1.590250442282149790e-04
3.500000000000000000e+00 1.616802796113075340e-04
3.550000000000000266e+00 1.642937453535472817e-04
3.600000000000000089e+00 1.668641162330736422e-04
3.650000000000000355e+00 1.693902258662719233e-04
3.700000000000000178e+00 1.718710640059731645e-04
3.750000000000000000e+00 1.743057730174855588e-04
3.800000000000000266e+00 1.766936436142581724e-04
3.850000000000000089e+00 1.790341099366093026e-04
3.900000000000000355e+00 1.813267440574707655e-04
3.950000000000000178e+00 1.835712499986042238e-04
4.000000000000000000e+00 1.857674573393153293e-04
4.049999999999999822e+00 1.879153144974246635e-04
4.100000000000000533e+00 1.900148817592471476e-04
4.150000000000000355e+00 1.920663241317021241e-04
4.200000000000000178e+00 1.940699040855002860e-04
4.250000000000000000e+00 1.960259742537590825e-04
4.299999999999999822e+00 1.979349701454705015e-04
4.350000000000000533e+00 1.997974029280757903e-04
4.400000000000000355e+00 2.016138523280897076e-04
4.450000000000000178e+00 2.033849596933407498e-04
4.500000000000000000e+00 2.051114212550194825e-04
4.549999999999999822e+00 2.067939816224412741e-04
4.600000000000000533e+00 2.084334275382734760e-04
4.650000000000000355e+00 2.100305819170209106e-04
4.700000000000000178e+00 2.115862981848278391e-04
4.750000000000000000e+00 2.131014549342028495e-04
4.800000000000000711e+00 2.145769509031112841e-04
4.850000000000000533e+00 2.160137002840402897e-04
4.900000000000000355e+00 2.174126283651376442e-04
4.950000000000000178e+00 2.187746675023591076e-04
5.000000000000000000e+00 2.201007534187428500e-04
5.050000000000000711e+00 2.213918218244504874e-04
5.100000000000000533e+00 2.226488053490675856e-04
5.150000000000000355e+00 2.238726307758446838e-04
5.200000000000000178e+00 2.250642165660364513e-04
5.250000000000000000e+00 2.262244706602894908e-04
5.300000000000000711e+00 2.273542885430701122e-04
5.350000000000000533e+00 2.284545515554407022e-04
5.400000000000000355e+00 2.295261254410214458e-04
5.450000000000000178e+00 2.305698591097238119e-04
5.500000000000000000e+00 2.315865836037720945e-04
5.550000000000000711e+00 2.325771112506308112e-04
5.600000000000000533e+00 2.335422349876888342e-04
5.650000000000000355e+00 2.344827278439214947e-04
5.700000000000000178e+00 2.353993425642137175e-04
5.750000000000000000e+00 2.362928113625793432e-04
5.800000000000000711e+00 2.371638457911285735e-04
5.850000000000000533e+00 2.380131367123061346e-04
5.900000000000000355e+00 2.388413543626278634e-04
5.950000000000000178e+00 2.396491484968745552e-04
6.000000000000000000e+00 2.404371486024438017e-04
6.050000000000000711e+00 2.412059641743066437e-04
6.100000000000000533e+00 2.419561850417501370e-04
6.150000000000000355e+00 2.426883817388218593e-04
6.200000000000000178e+00 2.434031059110812565e-04
6.250000000000000000e+00 2.441008907519574345e-04
6.300000000000000711e+00 2.447822514626510782e-04
6.350000000000000533e+00 2.454476857301418689e-04
6.400000000000000355e+00 2.460976742184434163e-04
6.450000000000000178e+00 2.467326810687937508e-04
6.500000000000000000e+00 2.473531544049794857e-04
6.550000000000000711e+00 2.479595268404650955e-04
6.600000000000000533e+00 2.485522159844316486e-04
6.650000000000000355e+00 2.491316249442339327e-04
6.700000000000000178e+00 2.496981428221422086e-04
6.750000000000000000e+00 2.502521452045729363e-04
6.800000000000000711e+00 2.507939946423067457e-04
6.850000000000000533e+00 2.513240411204593406e-04
6.900000000000000355e+00 2.518426225172180097e-04
6.950000000000000178e+00 2.523500650505554723e-04
7.000000000000000000e+00 2.528466837123372730e-04
7.050000000000000711e+00 2.533327826893876870e-04
7.100000000000000533e+00 2.538086557712362023e-04
7.150000000000000355e+00 2.542745867443811343e-04
7.200000000000000178e+00 2.547308497730220726e-04
7.250000000000000000e+00 2.551777097662961242e-04
7.300000000000000711e+00 2.556154227321396559e-04
7.350000000000000533e+00 2.560442361179506346e-04
7.400000000000000355e+00 2.564643891382897096e-04
7.450000000000000178e+00 2.568761130898957498e-04
7.500000000000000000e+00 2.572796316543264606e-04
7.550000000000000711e+00 2.576751611885646272e-04
7.600000000000000533e+00 2.580629110039447905e-04
7.650000000000000355e+00 2.584430836337761389e-04
7.700000000000000178e+00 2.588158750900421720e-04
7.750000000000000000e+00 2.591814751095618654e-04
7.800000000000000711e+00 2.595400673900055753e-04
7.850000000000000533e+00 2.598918298161451558e-04
7.900000000000000355e+00 2.602369346767291415e-04
7.950000000000000178e+00 2.605755488723536322e-04
8.000000000000000000e+00 2.609078341146991867e-04
8.050000000000000711e+00 2.612339471174959598e-04
8.099999999999999645e+00 2.615540397795650552e-04
8.150000000000000355e+00 2.618682593602755055e-04
8.200000000000001066e+00 2.621767486477462588e-04
8.250000000000000000e+00 2.624796461201076990e-04
8.300000000000000711e+00 2.627770861001283375e-04
8.349999999999999645e+00 2.630691989035013607e-04
8.400000000000000355e+00 2.633561109810673984e-04
8.450000000000001066e+00 2.636379450552471092e-04
8.500000000000000000e+00 2.639148202509391324e-04
8.550000000000000711e+00 2.641868522211317390e-04
8.599999999999999645e+00 2.644541532674608559e-04
8.650000000000000355e+00 2.647168324559409495e-04
8.700000000000001066e+00 2.649749957280866952e-04
8.750000000000000000e+00 2.652287460076236249e-04
8.800000000000000711e+00 2.654781833029882751e-04
8.849999999999999645e+00 2.657234048058034512e-04
8.900000000000000355e+00 2.659645049855028395e-04
8.950000000000001066e+00 2.662015756802773550e-04
9.000000000000000000e+00 2.664347061845044997e-04
9.050000000000000711e+00 2.666639833328095927e-04
9.099999999999999645e+00 2.668894915809117991e-04
9.150000000000000355e+00 2.671113130833884224e-04
9.200000000000001066e+00 2.673295277684932026e-04
9.250000000000000000e+00 2.675442134101546046e-04
9.300000000000000711e+00 2.677554456972725460e-04
9.349999999999999645e+00 2.679632983004330430e-04
9.400000000000000355e+00 2.681678429361434484e-04
9.450000000000001066e+00 2.683691494286973532e-04
9.500000000000000000e+00 2.685672857697684094e-04
9.550000000000000711e+00 2.687623181758250690e-04
9.600000000000001421e+00 2.689543111434591015e-04
9.650000000000000355e+00 2.691433275027112649e-04
9.700000000000001066e+00 2.693294284684816242e-04
9.750000000000000000e+00 2.695126736900953180e-04
9.800000000000000711e+00 2.696931212991055199e-04
9.850000000000001421e+00 2.698708279554024969e-04
9.900000000000000355e+00 2.700458488916945214e-04
9.950000000000001066e+00 2.702182379564305680e-04
1.000000000000000000e+01 2.703880476552236668e-04
1.005000000000000071e+01 2.705553291908345450e-04
1.010000000000000142e+01 2.707201325017750786e-04
1.015000000000000036e+01 2.708825062995811033e-04
1.020000000000000107e+01 2.710424981048134563e-04
1.025000000000000000e+01 2.712001542818277431e-04
1.030000000000000071e+01 2.713555200723702398e-04
1.035000000000000142e+01 2.715086396280374419e-04
1.040000000000000036e+01 2.716595560416470751e-04
1.045000000000000107e+01 2.718083113775603566e-04
1.050000000000000000e+01 2.719549467009967081e-04
1.055000000000000071e+01 2.720995021063775106e-04
1.060000000000000142e+01 2.722420167447366871e-04
1.065000000000000036e+01 2.723825288502325359e-04
1.070000000000000107e+01 2.725210757657934484e-04
1.075000000000000000e+01 2.726576939679325865e-04
1.080000000000000071e+01 2.727924190907580820e-04
1.085000000000000142e+01 2.729252859492124219e-04
1.090000000000000036e+01 2.730563285615655780e-04
1.095000000000000107e+01 2.731855801711922374e-04
1.100000000000000000e+01 2.733130732676566075e-04
1.105000000000000071e+01 2.734388396071316834e-04
1.110000000000000142e+01 2.735629102321766133e-04
1.115000000000000036e+01 2.736853154908922741e-04
1.120000000000000107e+01 2.738060850554826500e-04
1.125000000000000000e+01 2.739252479402376267e-04
1.130000000000000071e+01 2.740428325189617036e-04
1.135000000000000142e+01 2.741588665418651051e-04
1.140000000000000036e+01 2.742733771519382689e-04
1.145000000000000107e+01 2.743863909008273307e-04
1.150000000000000000e+01 2.744979337642254038e-04
1.155000000000000071e+01 2.746080311568017181e-04
1.160000000000000142e+01 2.747167079466775619e-04
1.165000000000000036e+01 2.748239884694723381e-04
1.170000000000000107e+01 2.749298965419262391e-04
1.175000000000000000e+01 2.750344554751209540e-04
1.180000000000000071e+01 2.751376880873084908e-04
1.185000000000000142e+01 2.752396167163598771e-04
1.190000000000000036e+01 2.753402632318520632e-04
1.195000000000000107e+01 2.754396490467982844e-04
1.200000000000000000e+01 2.755377951290384183e-04
1.205000000000000071e+01 2.756347220122999067e-04
1.210000000000000142e+01 2.757304498069375917e-04
1.215000000000000036e+01 2.758249982103662336e-04
1.220000000000000107e+01 2.759183865171936818e-04
1.225000000000000000e+01 2.760106336290664604e-04
1.230000000000000071e+01 2.761017580642325937e-04
1.235000000000000142e+01 2.761917779668377187e-04
1.240000000000000036e+01 2.762807111159571935e-04
1.245000000000000107e+01 2.763685749343748285e-04
1.250000000000000000e+01 2.764553864971175086e-04
1.255000000000000071e+01 2.765411625397508040e-04
1.260000000000000142e+01 2.766259194664453798e-04
1.265000000000000036e+01 2.767096733578211444e-04
1.270000000000000107e+01 2.767924399785746123e-04
1.275000000000000000e+01 2.768742347848982075e-04
1.280000000000000071e+01 2.769550729316956833e-04
1.285000000000000142e+01 2.770349692796032532e-04
1.290000000000000036e+01 2.771139384018202266e-04
1.295000000000000107e+01 2.771919945907532173e-04
1.300000000000000000e+01 2.772691518644854148e-04
1.305000000000000071e+01 2.773454239730685890e-04
1.310000000000000142e+01 2.774208244046519767e-04
1.315000000000000036e+01 2.774953663914438216e-04
1.320000000000000107e+01 2.775690629155180356e-04
1.325000000000000000e+01 2.776419267144667412e-04
1.330000000000000071e+01 2.777139702869048203e-04
1.335000000000000142e+01 2.777852058978295588e-04
1.340000000000000036e+01 2.778556455838414058e-04
1.345000000000000107e+01 2.779253011582287730e-04
1.350000000000000000e+01 2.779941842159216461e-04
1.355000000000000071e+01 2.780623061383167183e-04
1.360000000000000142e+01 2.781296780979784907e-04
1.365000000000000036e+01 2.781963110632225205e-04
1.370000000000000107e+01 2.782622158025772918e-04
1.375000000000000000e+01 2.783274028891370168e-04
1.380000000000000071e+01 2.783918827048021674e-04
1.385000000000000142e+01 2.784556654444128869e-04
1.390000000000000036e+01 2.785187611197792413e-04
1.395000000000000107e+01 2.785811795636104760e-04
1.400000000000000000e+01 2.786429304333457729e-04
1.405000000000000071e+01 2.787040232148901408e-04
1.410000000000000142e+01 2.787644672262574964e-04
1.415000000000000036e+01 2.788242716211235955e-04
1.420000000000000107e+01 2.788834453922925524e-04
1.425000000000000000e+01 2.789419973750774362e-04
1.430000000000000071e+01 2.789999362505979266e-04
1.435000000000000142e+01 2.790572705489985502e-04
1.440000000000000036e+01 2.791140086525890191e-04
1.445000000000000107e+01 2.791701587989074804e-04
1.450000000000000000e+01 2.792257290837106380e-04
1.455000000000000071e+01 2.792807274638928043e-04
1.460000000000000142e+01 2.793351617603334483e-04
1.465000000000000036e+01 2.793890396606781750e-04
1.470000000000000107e+01 2.794423687220528077e-04
1.475000000000000000e+01 2.794951563737143175e-04
1.480000000000000071e+01 2.795474099196372411e-04
1.485000000000000142e+01 2.795991365410412273e-04
1.490000000000000036e+01 2.796503432988582476e-04
1.495000000000000107e+01 2.797010371361417476e-04
1.500000000000000000e+01 2.797512248804216424e-04
1.505000000000000071e+01 2.798009132460017412e-04
1.510000000000000142e+01 2.798501088362064307e-04
1.515000000000000036e+01 2.798988181455748297e-04
1.520000000000000107e+01 2.799470475620033892e-04
1.525000000000000000e+01 2.799948033688411130e-04
1.530000000000000071e+01 2.800420917469360438e-04
1.535000000000000142e+01 2.800889187766351820e-04
1.540000000000000036e+01 2.801352904397388694e-04
1.545000000000000107e+01 2.801812126214116403e-04
1.550000000000000000e+01 2.802266911120496521e-04
1.555000000000000071e+01 2.802717316091049636e-04
1.560000000000000142e+01 2.803163397188714327e-04
1.565000000000000036e+01 2.803605209582289270e-04
1.570000000000000107e+01 2.804042807563488816e-04
1.575000000000000000e+01 2.804476244563620197e-04
1.580000000000000071e+01 2.804905573169904015e-04
1.585000000000000142e+01 2.805330845141417980e-04
1.590000000000000036e+01 2.805752111424698035e-04
1.595000000000000107e+01 2.806169422168998504e-04
1.600000000000000000e+01 2.806582826741222097e-04
1.605000000000000071e+01 2.806992373740510561e-04
1.610000000000000142e+01 2.807398111012539342e-04
1.615000000000000213e+01 2.807800085663481027e-04
1.619999999999999929e+01 2.808198344073691228e-04
1.625000000000000000e+01 2.808592931911075706e-04
1.630000000000000071e+01 2.808983894144192420e-04
1.635000000000000142e+01 2.809371275055058117e-04
1.640000000000000213e+01 2.809755118251688216e-04
1.644999999999999929e+01 2.810135466680372144e-04
1.650000000000000000e+01 2.810512362637686301e-04
1.655000000000000071e+01 2.810885847782248429e-04
1.660000000000000142e+01 2.811255963146238896e-04
1.665000000000000213e+01 2.811622749146664465e-04
1.669999999999999929e+01 2.811986245596392224e-04
1.675000000000000000e+01 2.812346491714954743e-04
1.680000000000000071e+01 2.812703526139136222e-04
1.685000000000000142e+01 2.813057386933318495e-04
1.690000000000000213e+01 2.813408111599642169e-04
1.694999999999999929e+01 2.813755737087931955e-04
1.700000000000000000e+01 2.814100299805431717e-04
1.705000000000000071e+01 2.814441835626344912e-04
1.710000000000000142e+01 2.814780379901162520e-04
1.715000000000000213e+01 2.815115967465808833e-04
1.719999999999999929e+01 2.815448632650619193e-04
1.725000000000000000e+01 2.815778409289104137e-04
1.730000000000000071e+01 2.816105330726557964e-04
1.735000000000000142e+01 2.816429429828493287e-04
1.740000000000000213e+01 2.816750738988891807e-04
1.744999999999999929e+01 2.817069290138302768e-04
1.750000000000000000e+01 2.817385114751783646e-04
1.755000000000000071e+01 2.817698243856662501e-04
1.760000000000000142e+01 2.818008708040170215e-04
1.765000000000000213e+01 2.818316537456899804e-04
1.769999999999999929e+01 2.818621761836138332e-04
1.775000000000000000e+01 2.818924410489043251e-04
1.780000000000000071e+01 2.819224512315672364e-04
1.785000000000000142e+01 2.819522095811889109e-04
1.790000000000000213e+01 2.819817189076129606e-04
1.794999999999999929e+01 2.820109819816031473e-04
1.800000000000000000e+01 2.820400015354939034e-04
1.805000000000000071e+01 2.820687802638280599e-04
1.810000000000000142e+01 2.820973208239828107e-04
1.815000000000000213e+01 2.821256258367823948e-04
1.819999999999999929e+01 2.821536978871004792e-04
1.825000000000000000e+01 2.821815395244505072e-04
1.830000000000000071e+01 2.822091532635630359e-04
1.835000000000000142e+01 2.822365415849558096e-04
1.840000000000000213e+01 2.822637069354892508e-04
1.844999999999999929e+01 2.822906517289135490e-04
1.850000000000000000e+01 2.823173783464049064e-04
1.855000000000000071e+01 2.823438891370911598e-04
1.860000000000000142e+01 2.823701864185689447e-04
1.865000000000000213e+01 2.823962724774089876e-04
1.869999999999999929e+01 2.824221495696540804e-04
1.875000000000000000e+01 2.824478199213068083e-04
1.880000000000000071e+01 2.824732857288079005e-04
1.885000000000000142e+01 2.824985491595058515e-04
1.890000000000000213e+01 2.825236123521191714e-04
1.894999999999999929e+01 2.825484774171879558e-04
1.900000000000000000e+01 2.825731464375190590e-04
1.905000000000000071e+01 2.825976214686213477e-04
1.910000000000000142e+01 2.826219045391340683e-04
1.915000000000000213e+01 2.826459976512487107e-04
1.920000000000000284e+01 2.826699027811192702e-04
1.925000000000000000e+01 2.826936218792698531e-04
1.930000000000000071e+01 2.827171568709906818e-04
1.935000000000000142e+01 2.827405096567301964e-04
1.940000000000000213e+01 2.827636821124777239e-04
1.945000000000000284e+01 2.827866760901406179e-04
1.950000000000000000e+01 2.828094934179146763e-04
1.955000000000000071e+01 2.828321359006468068e-04
1.960000000000000142e+01 2.828546053201927055e-04
1.965000000000000213e+01 2.828769034357665659e-04
1.970000000000000284e+01 2.828990319842861266e-04
1.975000000000000000e+01 2.829209926807107795e-04
1.980000000000000071e+01 2.829427872183737152e-04
1.985000000000000142e+01 2.829644172693082139e-04
1.990000000000000213e+01 2.829858844845687315e-04
1.995000000000000284e+01 2.830071904945457521e-04
2.000000000000000000e+01 2.830283369092752191e-04
2.005000000000000071e+01 2.830493253187430338e-04
2.010000000000000142e+01 2.830701572931841863e-04
2.015000000000000213e+01 2.830908343833749485e-04
2.020000000000000284e+01 2.831113581209237649e-04
2.025000000000000000e+01 2.831317300185531459e-04
2.030000000000000071e+01 2.831519515703787948e-04
2.035000000000000142e+01 2.831720242521843455e-04
2.040000000000000213e+01 2.831919495216894309e-04
2.045000000000000284e+01 2.832117288188156379e-04
2.050000000000000000e+01 2.832313635659449813e-04
2.055000000000000071e+01 2.832508551681777809e-04
2.060000000000000142e+01 2.832702050135821369e-04
2.065000000000000213e+01 2.832894144734419951e-04
2.070000000000000284e+01 2.833084849025000623e-04
2.075000000000000000e+01 2.833274176391961685e-04
2.080000000000000071e+01 2.833462140059032431e-04
2.085000000000000142e+01 2.833648753091564613e-04
2.090000000000000213e+01 2.833834028398822275e-04
2.095000000000000284e+01 2.834017978736195153e-04
2.100000000000000000e+01 2.834200616707415864e-04
2.105000000000000071e+01 2.834381954766698503e-04
2.110000000000000142e+01 2.834562005220871801e-04
2.115000000000000213e+01 2.834740780231467306e-04
2.120000000000000284e+01 2.834918291816771233e-04
2.125000000000000000e+01 2.835094551853845958e-04
2.130000000000000071e+01 2.835269572080513566e-04
2.135000000000000142e+01 2.835443364097311211e-04
2.140000000000000213e+01 2.835615939369416660e-04
2.145000000000000284e+01 2.835787309228536427e-04
2.150000000000000000e+01 2.835957484874765725e-04
2.155000000000000071e+01 2.836126477378417515e-04
2.160000000000000142e+01 2.836294297681829870e-04
2.165000000000000213e+01 2.836460956601126720e-04
2.170000000000000284e+01 2.836626464827966669e-04
2.175000000000000000e+01 2.836790832931259288e-04
2.180000000000000071e+01 2.836954071358851050e-04
2.185000000000000142e+01 2.837116190439179278e-04
2.190000000000000213e+01 2.837277200382916343e-04
2.195000000000000284e+01 2.837437111284573732e-04
2.200000000000000000e+01 2.837595933124077946e-04
2.205000000000000071e+01 2.837753675768337164e-04
2.210000000000000142e+01 2.837910348972765636e-04
2.215000000000000213e+01 2.838065962382799396e-04
2.220000000000000284e+01 2.838220525535379993e-04
2.225000000000000000e+01 2.838374047860397565e-04
2.230000000000000071e+01 2.838526538682166435e-04
2.235000000000000142e+01 2.838678007220805303e-04
2.240000000000000213e+01 2.838828462593644543e-04
2.245000000000000284e+01 2.838977913816602590e-04
2.250000000000000000e+01 2.839126369805531442e-04
2.255000000000000071e+01 2.839273839377547516e-04
2.260000000000000142e+01 2.839420331252341906e-04
2.265000000000000213e+01 2.839565854053462449e-04
2.270000000000000284e+01 2.839710416309601223e-04
2.275000000000000000e+01 2.839854026455812639e-04
2.280000000000000071e+01 2.839996692834781964e-04
2.285000000000000142e+01 2.840138423698009267e-04
2.290000000000000213e+01 2.840279227207004754e-04
2.295000000000000284e+01 2.840419111434485180e-04
2.300000000000000000e+01 2.840558084365500885e-04
2.305000000000000071e+01 2.840696153898602389e-04
2.310000000000000142e+01 2.840833327846940316e-04
2.315000000000000213e+01 2.840969613939392426e-04
2.320000000000000284e+01 2.841105019821630467e-04
2.325000000000000000e+01 2.841239553057210883e-04
2.330000000000000071e+01 2.841373221128619441e-04
2.335000000000000142e+01 2.841506031438314778e-04
2.340000000000000213e+01 2.841637991309753516e-04
2.345000000000000284e+01 2.841769107988405068e-04
2.350000000000000000e+01 2.841899388642740980e-04
2.355000000000000071e+01 2.842028840365208001e-04
2.360000000000000142e+01 2.842157470173208738e-04
2.365000000000000213e+01 2.842285285010040584e-04
2.370000000000000284e+01 2.842412291745837340e-04
2.375000000000000000e+01 2.842538497178492959e-04
2.380000000000000071e+01 2.842663908034567398e-04
2.385000000000000142e+01 2.842788530970189755e-04
2.390000000000000213e+01 2.842912372571931596e-04
2.395000000000000284e+01 2.843035439357691121e-04
2.400000000000000000e+01 2.843157737777532337e-04
2.405000000000000071e+01 2.843279274214551336e-04
2.410000000000000142e+01 2.843400054985687278e-04
2.415000000000000213e+01 2.843520086342563188e-04
2.420000000000000284e+01 2.843639374472281219e-04
2.425000000000000000e+01 2.843757925498227135e-04
2.430000000000000071e+01 2.843875745480852011e-04
2.435000000000000142e+01 2.843992840418451784e-04
2.440000000000000213e+01 2.844109216247922936e-04
2.445000000000000284e+01 2.844224878845520894e-04
2.450000000000000000e+01 2.844339834027603256e-04
2.455000000000000071e+01 2.844454087551355655e-04
2.460000000000000142e+01 2.844567645115519809e-04
2.465000000000000213e+01 2.844680512361089575e-04
2.470000000000000284e+01 2.844792694872030859e-04
2.475000000000000000e+01 2.844904198175961956e-04
2.480000000000000071e+01 2.845015027744828462e-04
2.485000000000000142e+01 2.845125188995593370e-04
2.490000000000000213e+01 2.845234687290874582e-04
2.495000000000000284e+01 2.845343527939617114e-04
