0.000000000000000000e+00 0.000000000000000000e+00
5.000000000000000278e-02 -7.386416401816569128e-11
1.000000000000000056e-01 -1.180115419030181110e-09
1.500000000000000222e-01 -5.959918346129016958e-09
2.000000000000000111e-01 -1.877264705384785850e-08
2.500000000000000000e-01 -4.563252012200115466e-08
3.000000000000000444e-01 -9.412085751210448341e-08
3.500000000000000333e-01 -1.732748794618784429e-07
4.000000000000000222e-01 -2.934544969365581105e-07
4.500000000000000111e-01 -4.661880907107232446e-07
5.000000000000000000e-01 -7.039996033465428773e-07
5.500000000000000444e-01 -1.020218523053056822e-06
6.000000000000000888e-01 -1.428775107276397861e-06
6.500000000000000222e-01 -1.943983235363395137e-06
7.000000000000000666e-01 -2.580313491715348983e-06
7.500000000000000000e-01 -3.352159248285789598e-06
8.000000000000000444e-01 -4.273598657157855328e-06
8.500000000000000888e-01 -5.358155577041420660e-06
9.000000000000000222e-01 -6.618562538684229710e-06
9.500000000000000666e-01 -8.066528900365459978e-06
1.000000000000000000e+00 -9.712517353049607676e-06
1.050000000000000044e+00 -1.156553190299035723e-05
1.100000000000000089e+00 -1.363292038561198225e-05
1.150000000000000133e+00 -1.592019444694453832e-05
1.200000000000000178e+00 -1.843086976698948083e-05
1.250000000000000000e+00 -2.116632909312828788e-05
1.300000000000000044e+00 -2.412571040185330356e-05
1.350000000000000089e+00 -2.730582221536031782e-05
1.400000000000000133e+00 -3.070108776846011206e-05
1.450000000000000178e+00 -3.430351935431238405e-05
1.500000000000000000e+00 -3.810272377903336572e-05
1.550000000000000044e+00 -4.208593943050788666e-05
1.600000000000000089e+00 -4.623810502177147150e-05
1.650000000000000133e+00 -5.054195961085690484e-05
1.700000000000000178e+00 -5.497817303434470018e-05
1.750000000000000000e+00 -5.952550542882044984e-05
1.800000000000000044e+00 -6.416099406111808385e-05
1.850000000000000089e+00 -6.886016525287600050e-05
1.900000000000000133e+00 -7.359726877576450990e-05
1.950000000000000178e+00 -7.834553171875968929e-05
2.000000000000000000e+00 -8.307742849564024666e-05
2.050000000000000266e+00 -8.776496337648062183e-05
2.100000000000000089e+00 -9.237996169754869450e-05
2.149999999999999911e+00 -9.689436573502354928e-05
2.200000000000000178e+00 -1.012805311235651920e-04
2.250000000000000000e+00 -1.055115196640665120e-04
2.300000000000000266e+00 -1.095613843976461907e-04
2.350000000000000089e+00 -1.134054429255101416e-04
2.400000000000000355e+00 -1.170205351257138428e-04
2.450000000000000178e+00 -1.203852616556790235e-04
2.500000000000000000e+00 -1.234801999297805526e-04
2.550000000000000266e+00 -1.262880946192917119e-04
2.600000000000000089e+00 -1.287940201311353389e-04
2.650000000000000355e+00 -1.309855129747840904e-04
2.700000000000000178e+00 -1.328526724148916245e-04
2.750000000000000000e+00 -1.343882283216578735e-04
2.800000000000000266e+00 -1.355875756617775795e-04
2.850000000000000089e+00 -1.364487756099892713e-04
2.900000000000000355e+00 -1.369725237944650388e-04
2.950000000000000178e+00 -1.371620867083919845e-04
3.000000000000000000e+00 -1.370232078152214446e-04
3.050000000000000266e+00 -1.365639853368694158e-04
3.100000000000000089e+00 -1.357947241340355118e-04
3.150000000000000355e+00 -1.347277644580963389e-04
3.200000000000000178e+00 -1.333772906681373802e-04
3.250000000000000000e+00 -1.317591232592796378e-04
3.300000000000000266e+00 -1.298904977355277524e-04
3.350000000000000089e+00 -1.277898339793616769e-04
3.400000000000000355e+00 -1.254764998201049985e-04
3.450000000000000178e+00 -1.229705724841383249e-04
3.500000000000000000e+00 -1.202926015241161139e-04
3.550000000000000266e+00 -1.174633766747381909e-04
3.600000000000000089e+00 -1.145037038738758222e-04
3.650000000000000355e+00 -1.114341924256662662e-04
3.700000000000000178e+00 -1.082750559733367538e-04
3.750000000000000000e+00 -1.050459296015920278e-04
3.800000000000000266e+00 -1.017657050096817093e-04
3.850000000000000089e+00 -9.845238529547694565e-05
3.900000000000000355e+00 -9.512296047700468087e-05
3.950000000000000178e+00 -9.179330445992807386e-05
4.000000000000000000e+00 -8.847809374624433082e-05
4.049999999999999822e+00 -8.519074777944959714e-05
4.100000000000000533e+00 -8.194339044247194424e-05
4.150000000000000355e+00 -7.874683187393636142e-05
4.200000000000000178e+00 -7.561056945205249112e-05
4.250000000000000000e+00 -7.254280651884834031e-05
4.299999999999999822e+00 -6.955048718474503007e-05
4.350000000000000533e+00 -6.663934536755666653e-05
4.400000000000000355e+00 -6.381396608266798592e-05
4.450000000000000178e+00 -6.107778898528079320e-05
4.500000000000000000e+00 -5.843346068425678882e-05
4.549999999999999822e+00 -5.588250970070218174e-05
4.600000000000000533e+00 -5.342571034459991128e-05
4.650000000000000355e+00 -5.106310531702692507e-05
4.700000000000000178e+00 -4.879409719578549196e-05
4.750000000000000000e+00 -4.661753836465024124e-05
4.800000000000000711e+00 -4.453181789534859351e-05
4.850000000000000533e+00 -4.253494409450390501e-05
4.900000000000000355e+00 -4.062462164412247923e-05
4.950000000000000178e+00 -3.879832248772150771e-05
5.000000000000000000e+00 -3.705334983894745585e-05
5.050000000000000711e+00 -3.538689490990792023e-05
5.100000000000000533e+00 -3.379608616726300139e-05
5.150000000000000355e+00 -3.227803112076691144e-05
5.200000000000000178e+00 -3.082985082745882656e-05
5.250000000000000000e+00 -2.944870745181509285e-05
5.300000000000000711e+00 -2.813182535543496955e-05
5.350000000000000533e+00 -2.687650629755973923e-05
5.400000000000000355e+00 -2.568013940905701644e-05
5.450000000000000178e+00 -2.454020665735537438e-05
5.500000000000000000e+00 -2.345428454884586691e-05
5.550000000000000711e+00 -2.242004281981971366e-05
5.600000000000000533e+00 -2.143524084902734777e-05
5.650000000000000355e+00 -2.049772248688841125e-05
5.700000000000000178e+00 -1.960540994111796025e-05
5.750000000000000000e+00 -1.875629728924656293e-05
5.800000000000000711e+00 -1.794844410856038036e-05
5.850000000000000533e+00 -1.717996962682379839e-05
5.900000000000000355e+00 -1.644904770618991455e-05
5.950000000000000178e+00 -1.575390288123703944e-05
