0.000000000000000000e+00 0.000000000000000000e+00
5.000000000000000278e-02 -1.195601829167284902e-05
1.000000000000000056e-01 -4.761146692840983189e-05
1.500000000000000222e-01 -1.063317909723540162e-04
2.000000000000000111e-01 -1.870702250636167331e-04
2.500000000000000000e-01 -2.883838479908324673e-04
3.000000000000000444e-01 -4.084556930319175033e-04
3.500000000000000333e-01 -5.451225558945875125e-04
4.000000000000000222e-01 -6.959071703402880480e-04
4.500000000000000111e-01 -8.580592999557394920e-04
5.000000000000000000e-01 -1.028592497541601933e-03
5.500000000000000444e-01 -1.204334014534135010e-03
6.000000000000000888e-01 -1.381969798985530117e-03
6.500000000000000222e-01 -1.558095981062731714e-03
7.000000000000000666e-01 -1.729269691703727574e-03
7.500000000000000000e-01 -1.892060611370895411e-03
8.000000000000000444e-01 -2.043102099411816652e-03
8.500000000000000888e-01 -2.179143797488696747e-03
9.000000000000000222e-01 -2.297089042467133965e-03
9.500000000000000666e-01 -2.394055782544380825e-03
1.000000000000000000e+00 -2.467408312217454509e-03
1.050000000000000044e+00 -2.514797828138746420e-03
1.100000000000000089e+00 -2.534196005108370602e-03
1.150000000000000133e+00 -2.523923653882360549e-03
1.200000000000000178e+00 -2.482674091294934972e-03
1.250000000000000000e+00 -2.409527918605620673e-03
1.300000000000000044e+00 -2.303977230386071353e-03
1.350000000000000089e+00 -2.165913504942747550e-03
1.400000000000000133e+00 -1.995640087320463708e-03
1.450000000000000178e+00 -1.793863782014140217e-03
1.500000000000000000e+00 -1.561683718349139195e-03
1.550000000000000044e+00 -1.300575174000558965e-03
1.600000000000000089e+00 -1.012367876993940487e-03
1.650000000000000133e+00 -6.992201931555195368e-04
1.700000000000000178e+00 -3.635889020555595642e-04
1.750000000000000000e+00 -8.195428364410386934e-06
1.800000000000000044e+00 3.640110254525331696e-04
1.850000000000000089e+00 7.498927562387817155e-04
1.900000000000000133e+00 1.146165055494344351e-03
1.950000000000000178e+00 1.549442017216221554e-03
2.000000000000000000e+00 1.956264809925706456e-03
2.050000000000000266e+00 2.363167129024937221e-03
2.100000000000000089e+00 2.766702765496332345e-03
2.149999999999999911e+00 3.163490068779243290e-03
2.200000000000000178e+00 3.550252938088241904e-03
2.250000000000000000e+00 3.923857730173919804e-03
2.300000000000000266e+00 4.281342804450059998e-03
2.350000000000000089e+00 4.619957225202598813e-03
2.400000000000000355e+00 4.937186936353326998e-03
2.450000000000000178e+00 5.230770570655568844e-03
2.500000000000000000e+00 5.498740417797701174e-03
2.550000000000000266e+00 5.739411291948512059e-03
2.600000000000000089e+00 5.951409824242930371e-03
2.650000000000000355e+00 6.133677447024464026e-03
2.700000000000000178e+00 6.285473353004079715e-03
2.750000000000000000e+00 6.406373829532129548e-03
2.800000000000000266e+00 6.496266943093206500e-03
2.850000000000000089e+00 6.555343712433551323e-03
2.900000000000000355e+00 6.584085700149001213e-03
2.950000000000000178e+00 6.583249005782047802e-03
3.000000000000000000e+00 6.553845878143786836e-03
3.050000000000000266e+00 6.497123391976831683e-03
3.100000000000000089e+00 6.414539634930531246e-03
3.150000000000000355e+00 6.307738701376252449e-03
3.200000000000000178e+00 6.178523754472970211e-03
3.250000000000000000e+00 6.028829611243726079e-03
3.300000000000000266e+00 5.860694422024280599e-03
3.350000000000000089e+00 5.676231778101904421e-03
3.400000000000000355e+00 5.477601940031670037e-03
3.450000000000000178e+00 5.266985890354925273e-03
3.500000000000000000e+00 5.046556436964718534e-03
3.550000000000000266e+00 4.818456601216731389e-03
3.600000000000000089e+00 4.584774391028417773e-03
3.650000000000000355e+00 4.347521960657571745e-03
3.700000000000000178e+00 4.108616459550987372e-03
3.750000000000000000e+00 3.869862069156040658e-03
3.800000000000000266e+00 3.632940183106994278e-03
3.850000000000000089e+00 3.399390832283323820e-03
3.900000000000000355e+00 3.170607940292011553e-03
3.950000000000000178e+00 2.947830832711262599e-03
4.000000000000000000e+00 2.732144063997524880e-03
4.049999999999999822e+00 2.524466593844759774e-03
4.100000000000000533e+00 2.325566352841476787e-03
4.150000000000000355e+00 2.136050485889304067e-03
4.200000000000000178e+00 1.956376987317938031e-03
4.250000000000000000e+00 1.786860161039187768e-03
4.299999999999999822e+00 1.627679232517571751e-03
4.350000000000000533e+00 1.478887610838256188e-03
4.400000000000000355e+00 1.340424742671982722e-03
4.450000000000000178e+00 1.212127413810702194e-03
4.500000000000000000e+00 1.093741965811394039e-03
4.549999999999999822e+00 9.849372049323317033e-04
4.600000000000000533e+00 8.853194087220034791e-04
4.650000000000000355e+00 7.944366445315022068e-04
4.700000000000000178e+00 7.118033106150660049e-04
4.750000000000000000e+00 6.369037587761567851e-04
4.800000000000000711e+00 5.692053560127263885e-04
4.850000000000000533e+00 5.081686391349538685e-04
4.900000000000000355e+00 4.532564824467987907e-04
4.950000000000000178e+00 4.039421894579214270e-04
5.000000000000000000e+00 3.597164766809193967e-04
5.050000000000000711e+00 3.200940728651767713e-04
5.100000000000000533e+00 2.846147390270119867e-04
5.150000000000000355e+00 2.528523743989930070e-04
5.200000000000000178e+00 2.244134488882361194e-04
5.250000000000000000e+00 1.989393916304739820e-04
5.300000000000000711e+00 1.761069052603424201e-04
5.350000000000000533e+00 1.556276410409623433e-04
5.400000000000000355e+00 1.372462496251272029e-04
5.450000000000000178e+00 1.207398766877900418e-04
5.500000000000000000e+00 1.059144636477027260e-04
5.550000000000000711e+00 9.260266851340081076e-05
5.600000000000000533e+00 8.066016325373660974e-05
5.650000000000000355e+00 6.996506659033251683e-05
5.700000000000000178e+00 6.041068950157866147e-05
5.750000000000000000e+00 5.190537654585836223e-05
5.800000000000000711e+00 4.436883046464730582e-05
5.850000000000000533e+00 3.772989352224718308e-05
5.900000000000000355e+00 3.192229604502625894e-05
5.950000000000000178e+00 2.688593947189497679e-05
