0.000000000000000000e+00 2.183217382158915097e-06
5.000000000000000278e-02 5.489261846561217421e-05
1.000000000000000056e-01 1.098764299654934830e-04
1.500000000000000222e-01 1.650641552325183040e-04
2.000000000000000111e-01 2.205028407965582693e-04
2.500000000000000000e-01 2.762154281801864134e-04
3.000000000000000444e-01 3.321649766458892967e-04
3.500000000000000333e-01 3.882539945435496990e-04
4.000000000000000222e-01 4.443110099990102142e-04
4.500000000000000111e-01 5.000934820478254413e-04
5.000000000000000000e-01 5.552763507788056885e-04
5.500000000000000444e-01 6.094633388209026248e-04
6.000000000000000888e-01 6.621931743824822436e-04
6.500000000000000222e-01 7.129368347795478475e-04
7.000000000000000666e-01 7.611063911128748347e-04
7.500000000000000000e-01 8.060642085188137601e-04
8.000000000000000444e-01 8.471761318330509266e-04
8.500000000000000888e-01 8.837970306406673802e-04
9.000000000000000222e-01 9.152381152801562650e-04
9.500000000000000666e-01 9.408922428304629078e-04
1.000000000000000000e+00 9.601594179019928843e-04
1.050000000000000044e+00 9.725350673297946920e-04
1.100000000000000089e+00 9.775756821173342461e-04
1.150000000000000133e+00 9.749082550320018348e-04
1.200000000000000178e+00 9.642844326473606854e-04
1.250000000000000000e+00 9.455796966416508270e-04
1.300000000000000044e+00 9.187580903520327011e-04
1.350000000000000089e+00 8.839769909303659421e-04
1.400000000000000133e+00 8.414250023743673331e-04
1.450000000000000178e+00 7.915445081813488179e-04
1.500000000000000000e+00 7.347585870942950148e-04
1.550000000000000044e+00 6.716753410479401557e-04
1.600000000000000089e+00 6.030530573095675608e-04
1.650000000000000133e+00 5.296396815035255305e-04
1.700000000000000178e+00 4.523952270869496350e-04
1.750000000000000000e+00 3.721568399513320723e-04
1.800000000000000044e+00 2.899256759533662647e-04
1.850000000000000089e+00 2.067608653445790934e-04
1.900000000000000133e+00 1.236030325853107405e-04
1.950000000000000178e+00 4.146880161107534626e-05
2.000000000000000000e+00 -3.876018297915723865e-05
2.050000000000000266e+00 -1.160710656828891751e-04
2.100000000000000089e+00 -1.897414836777374270e-04
2.149999999999999911e+00 -2.589344582243133632e-04
2.200000000000000178e+00 -3.230709335596304338e-04
2.250000000000000000e+00 -3.814987327705716773e-04
2.300000000000000266e+00 -4.338369423222100067e-04
2.350000000000000089e+00 -4.796993731926290781e-04
2.400000000000000355e+00 -5.188962227063388579e-04
2.450000000000000178e+00 -5.512457340244914829e-04
2.500000000000000000e+00 -5.767618687408620874e-04
2.550000000000000266e+00 -5.955866941795101522e-04
2.600000000000000089e+00 -6.077988754361913094e-04
2.650000000000000355e+00 -6.137245886287055188e-04
2.700000000000000178e+00 -6.137550409457503790e-04
2.750000000000000000e+00 -6.081683616191499572e-04
2.800000000000000266e+00 -5.975194979564718697e-04
2.850000000000000089e+00 -5.822679141081550831e-04
2.900000000000000355e+00 -5.629881210430786069e-04
2.950000000000000178e+00 -5.401178588015617720e-04
3.000000000000000000e+00 -5.142784125109011546e-04
3.050000000000000266e+00 -4.859995886541567029e-04
3.100000000000000089e+00 -4.558255521577355839e-04
3.150000000000000355e+00 -4.242168540173038072e-04
3.200000000000000178e+00 -3.917058958823301852e-04
3.250000000000000000e+00 -3.586706736038336885e-04
3.300000000000000266e+00 -3.255734544937385509e-04
3.350000000000000089e+00 -2.927518742587464006e-04
3.400000000000000355e+00 -2.605348060889848237e-04
3.450000000000000178e+00 -2.292062696588739257e-04
3.500000000000000000e+00 -1.989902154696548584e-04
3.550000000000000266e+00 -1.700898469386920341e-04
3.600000000000000089e+00 -1.426529030208726256e-04
3.650000000000000355e+00 -1.168116966473842330e-04
3.700000000000000178e+00 -9.263730941293970146e-05
3.750000000000000000e+00 -7.017411610863328328e-05
3.800000000000000266e+00 -4.947025807563124467e-05
3.850000000000000089e+00 -3.053074735397226752e-05
3.900000000000000355e+00 -1.332147127146510487e-05
3.950000000000000178e+00 2.191714359500954568e-06
4.000000000000000000e+00 1.603225695647261806e-05
4.049999999999999822e+00 2.830119388597723538e-05
4.100000000000000533e+00 3.903001002263213560e-05
4.150000000000000355e+00 4.830988807999994124e-05
4.200000000000000178e+00 5.623788356963494849e-05
4.250000000000000000e+00 6.286412365746408323e-05
4.299999999999999822e+00 6.829159487187470119e-05
4.350000000000000533e+00 7.262948383035230026e-05
4.400000000000000355e+00 7.593294217362841266e-05
4.450000000000000178e+00 7.831095049518056966e-05
4.500000000000000000e+00 7.984249361858234144e-05
4.549999999999999822e+00 8.060633650779788447e-05
4.600000000000000533e+00 8.070509816632754545e-05
4.650000000000000355e+00 8.020101884499941354e-05
4.700000000000000178e+00 7.918020151279963551e-05
4.750000000000000000e+00 7.771680776075422562e-05
4.800000000000000711e+00 7.588600573623773622e-05
4.850000000000000533e+00 7.374393671798420036e-05
4.900000000000000355e+00 7.136966042086578159e-05
4.950000000000000178e+00 6.881181509374060612e-05
5.000000000000000000e+00 6.612260584846116319e-05
5.050000000000000711e+00 6.335406053355201086e-05
5.100000000000000533e+00 6.054917908709301402e-05
5.150000000000000355e+00 5.774397395363528362e-05
5.200000000000000178e+00 5.496650962692199076e-05
5.250000000000000000e+00 5.224923099872122342e-05
5.300000000000000711e+00 4.960906507717656336e-05
5.350000000000000533e+00 4.706098268677454366e-05
5.400000000000000355e+00 4.461775160639082350e-05
5.450000000000000178e+00 4.228646202640706374e-05
5.500000000000000000e+00 4.006858733254981306e-05
5.550000000000000711e+00 3.796668790318726212e-05
5.600000000000000533e+00 3.597496657601993849e-05
5.650000000000000355e+00 3.408937089280104156e-05
5.700000000000000178e+00 3.230594501293174170e-05
5.750000000000000000e+00 3.061367847671775361e-05
5.800000000000000711e+00 2.900850492739392362e-05
5.850000000000000533e+00 2.748327746206202115e-05
5.900000000000000355e+00 2.602956474495817955e-05
5.950000000000000178e+00 2.464378972130269627e-05
6.000000000000000000e+00 2.331998721817612899e-05
6.050000000000000711e+00 2.205462210683031344e-05
6.100000000000000533e+00 2.084657001849203625e-05
6.150000000000000355e+00 1.969219163335990402e-05
6.200000000000000178e+00 1.859231470043978398e-05
6.250000000000000000e+00 1.754755549524648781e-05
6.300000000000000711e+00 1.655808452563465002e-05
6.350000000000000533e+00 1.562491472313225937e-05
6.400000000000000355e+00 1.474997025998009253e-05
6.450000000000000178e+00 1.393382678041693297e-05
6.500000000000000000e+00 1.317615832830949713e-05
6.550000000000000711e+00 1.247852632634124759e-05
6.600000000000000533e+00 1.183885387058247323e-05
6.650000000000000355e+00 1.125512843410914914e-05
6.700000000000000178e+00 1.072550654208097832e-05
6.750000000000000000e+00 1.024558961302979450e-05
6.800000000000000711e+00 9.811700429034369401e-06
6.850000000000000533e+00 9.418305638900338015e-06
6.900000000000000355e+00 9.060193832585142806e-06
6.950000000000000178e+00 8.731116044129971597e-06
7.000000000000000000e+00 8.425546683246402826e-06
7.050000000000000711e+00 8.136656632450071566e-06
7.100000000000000533e+00 7.860375587137052273e-06
7.150000000000000355e+00 7.590895924721524332e-06
7.200000000000000178e+00 7.324162046998925301e-06
7.250000000000000000e+00 7.056629704357735561e-06
7.300000000000000711e+00 6.786179424354729177e-06
7.350000000000000533e+00 6.511458139509432846e-06
7.400000000000000355e+00 6.231746629963458937e-06
7.450000000000000178e+00 5.948069185943244229e-06
7.500000000000000000e+00 5.661504187119375709e-06
7.550000000000000711e+00 5.374391217961106645e-06
7.600000000000000533e+00 5.089208458076340849e-06
7.650000000000000355e+00 4.809381763515927854e-06
7.700000000000000178e+00 4.538246295400060361e-06
7.750000000000000000e+00 4.278562899477499775e-06
7.800000000000000711e+00 4.034037516775420519e-06
7.850000000000000533e+00 3.805276794046351875e-06
7.900000000000000355e+00 3.602988121768465200e-06
7.950000000000000178e+00 3.395661857601330679e-06
8.000000000000000000e+00 2.212632132665983346e-06
8.050000000000000711e+00 2.170005555553549487e-06
8.099999999999999645e+00 2.128140549139984930e-06
8.150000000000000355e+00 2.086948120491246862e-06
8.200000000000001066e+00 2.046102529482279755e-06
8.250000000000000000e+00 2.006182651202530888e-06
8.300000000000000711e+00 1.966704157846966343e-06
8.349999999999999645e+00 1.927667990921235062e-06
8.400000000000000355e+00 1.889381514182509270e-06
8.450000000000001066e+00 1.851645608691228903e-06
8.500000000000000000e+00 1.814550694226116751e-06
8.550000000000000711e+00 1.778015926401762259e-06
8.599999999999999645e+00 1.742110536356876487e-06
8.650000000000000355e+00 1.706773243822447327e-06
8.700000000000001066e+00 1.671836938359452596e-06
8.750000000000000000e+00 1.637764766745714360e-06
