0.000000000000000000e+00 0.000000000000000000e+00
5.000000000000000278e-02 -2.484349265175642643e-09
1.000000000000000056e-01 -3.965330428981284112e-08
1.500000000000000222e-01 -1.999352545947784009e-07
2.000000000000000111e-01 -6.283303926952249576e-07
2.500000000000000000e-01 -1.522900140098572549e-06
3.000000000000000444e-01 -3.129970786489276943e-06
3.500000000000000333e-01 -5.738165697702488408e-06
4.000000000000000222e-01 -9.671407445232392026e-06
4.500000000000000111e-01 -1.528105422799049088e-05
5.000000000000000000e-01 -2.293735340568366511e-05
5.500000000000000444e-01 -3.302040840937393894e-05
6.000000000000000888e-01 -4.591086347444260835e-05
6.500000000000000222e-01 -6.198051346456409292e-05
7.000000000000000666e-01 -8.158304360526713746e-05
7.500000000000000000e-01 -1.050450964692846358e-04
8.000000000000000444e-01 -1.326578514497881443e-04
8.500000000000000888e-01 -1.646692857478921637e-04
9.000000000000000222e-01 -2.012772662186841188e-04
9.500000000000000666e-01 -2.426235989740573083e-04
1.000000000000000000e+00 -2.887891391872075657e-04
1.050000000000000044e+00 -3.397900378569289879e-04
1.100000000000000089e+00 -3.955751761323821232e-04
1.150000000000000133e+00 -4.560248118945601234e-04
1.200000000000000178e+00 -5.209504383001656433e-04
1.250000000000000000e+00 -5.900958304951882524e-04
1.300000000000000044e+00 -6.631392351794393805e-04
1.350000000000000089e+00 -7.396966385222923050e-04
1.400000000000000133e+00 -8.193260313545077441e-04
1.450000000000000178e+00 -9.015325767407427566e-04
1.500000000000000000e+00 -9.857745740165691113e-04
1.550000000000000044e+00 -1.071470105102013612e-03
1.600000000000000089e+00 -1.158004243249260382e-03
1.650000000000000133e+00 -1.244736701149468756e-03
1.700000000000000178e+00 -1.331009794270190602e-03
1.750000000000000000e+00 -1.416156596151040654e-03
1.800000000000000044e+00 -1.499509164871519864e-03
1.850000000000000089e+00 -1.580406723749228212e-03
1.900000000000000133e+00 -1.658203684278549859e-03
1.950000000000000178e+00 -1.732277405161467693e-03
2.000000000000000000e+00 -1.802035587836647423e-03
2.050000000000000266e+00 -1.866923216048169088e-03
2.100000000000000089e+00 -1.926428954624333353e-03
2.149999999999999911e+00 -1.980090930714946407e-03
2.200000000000000178e+00 -2.027501829252730849e-03
2.250000000000000000e+00 -2.068313243378121918e-03
2.300000000000000266e+00 -2.102239230028832458e-03
2.350000000000000089e+00 -2.129059030882179612e-03
2.400000000000000355e+00 -2.148618929375885420e-03
2.450000000000000178e+00 -2.160833225628384490e-03
2.500000000000000000e+00 -2.165684322707846308e-03
2.550000000000000266e+00 -2.163221929796688321e-03
2.600000000000000089e+00 -2.153561400257430081e-03
2.650000000000000355e+00 -2.136881235271522947e-03
2.700000000000000178e+00 -2.113419796395019871e-03
2.750000000000000000e+00 -2.083471282811619110e-03
2.800000000000000266e+00 -2.047381040988951843e-03
2.850000000000000089e+00 -2.005540285558255094e-03
2.900000000000000355e+00 -1.958380320229879522e-03
2.950000000000000178e+00 -1.906366356119049013e-03
3.000000000000000000e+00 -1.849991031697327754e-03
3.050000000000000266e+00 -1.789767743446884401e-03
3.100000000000000089e+00 -1.726223898965046103e-03
3.150000000000000355e+00 -1.659894204592591432e-03
3.200000000000000178e+00 -1.591314097536452145e-03
3.250000000000000000e+00 -1.521013427917863132e-03
3.300000000000000266e+00 -1.449510489272212363e-03
3.350000000000000089e+00 -1.377306486908704995e-03
3.400000000000000355e+00 -1.304880522435595018e-03
3.450000000000000178e+00 -1.232685159968295628e-03
3.500000000000000000e+00 -1.161142625421994349e-03
3.550000000000000266e+00 -1.090641675252199041e-03
3.600000000000000089e+00 -1.021535155482663267e-03
3.650000000000000355e+00 -9.541382563020486948e-04
3.700000000000000178e+00 -8.887274523674729794e-04
3.750000000000000000e+00 -8.255401046544968069e-04
3.800000000000000266e+00 -7.647746866327746924e-04
3.850000000000000089e+00 -7.065915860677928319e-04
3.900000000000000355e+00 -6.511144241322171407e-04
3.950000000000000178e+00 -5.984318259636969232e-04
4.000000000000000000e+00 -5.485995714591871374e-04
4.049999999999999822e+00 -5.016430519976225379e-04
4.100000000000000533e+00 -4.575599579013626831e-04
4.150000000000000355e+00 -4.163231226741240243e-04
4.200000000000000178e+00 -3.778834532123654505e-04
4.250000000000000000e+00 -3.421728800423477139e-04
4.299999999999999822e+00 -3.091072679037033246e-04
4.350000000000000533e+00 -2.785892343666467887e-04
4.400000000000000355e+00 -2.505108322993378060e-04
4.450000000000000178e+00 -2.247560605560531470e-04
4.500000000000000000e+00 -2.012031759072099998e-04
4.549999999999999822e+00 -1.797267876734522129e-04
4.600000000000000533e+00 -1.601997244866386252e-04
4.650000000000000355e+00 -1.424946698522392774e-04
4.700000000000000178e+00 -1.264855695517575829e-04
4.750000000000000000e+00 -1.120488192749220145e-04
4.800000000000000711e+00 -9.906424513872917950e-05
4.850000000000000533e+00 -8.741589291614544437e-05
4.900000000000000355e+00 -7.699264389257211142e-05
4.950000000000000178e+00 -6.768867636747363196e-05
5.000000000000000000e+00 -5.940379203174328489e-05
5.050000000000000711e+00 -5.204362591514817164e-05
5.100000000000000533e+00 -4.551975746675655674e-05
5.150000000000000355e+00 -3.974973876662462512e-05
5.200000000000000178e+00 -3.465705403023549642e-05
5.250000000000000000e+00 -3.017102260974055986e-05
5.300000000000000711e+00 -2.622665575302443423e-05
5.350000000000000533e+00 -2.276447556614771830e-05
5.400000000000000355e+00 -1.973030302401017008e-05
5.450000000000000178e+00 -1.707502054753972864e-05
5.500000000000000000e+00 -1.475431364455049970e-05
5.550000000000000711e+00 -1.272839540004217823e-05
5.600000000000000533e+00 -1.096171718064126882e-05
5.650000000000000355e+00 -9.422668747661890851e-06
5.700000000000000178e+00 -8.083270999471005915e-06
5.750000000000000000e+00 -6.918864722392160671e-06
5.800000000000000711e+00 -5.907798952236140092e-06
5.850000000000000533e+00 -5.031122768890410773e-06
5.900000000000000355e+00 -4.272284503734655346e-06
5.950000000000000178e+00 -3.616842383635582549e-06
6.000000000000000000e+00 -3.052190529061882562e-06
6.050000000000000711e+00 -2.567303945851001068e-06
6.100000000000000533e+00 -2.152505695019668261e-06
6.150000000000000355e+00 -1.799258803122630709e-06
6.200000000000000178e+00 -1.499984711870123653e-06
6.250000000000000000e+00 -1.247909196827867613e-06
6.300000000000000711e+00 -1.036935756851989232e-06
6.350000000000000533e+00 -8.615455396503716429e-07
6.400000000000000355e+00 -7.167219773093458025e-07
6.450000000000000178e+00 -5.978975094290228135e-07
6.500000000000000000e+00 -5.009191156652104767e-07
6.550000000000000711e+00 -4.220289003037123002e-07
6.600000000000000533e+00 -3.578556943455011923e-07
6.650000000000000355e+00 -3.054135782427458673e-07
6.700000000000000178e+00 -2.621033804864607922e-07
6.750000000000000000e+00 -2.257135602866340674e-07
6.800000000000000711e+00 -1.944174112378863396e-07
6.850000000000000533e+00 -1.667641916088104646e-07
6.900000000000000355e+00 -1.416625524808851206e-07
6.950000000000000178e+00 -1.183554492684853742e-07
7.000000000000000000e+00 -9.638653526238447835e-08
7.050000000000000711e+00 -7.555879918475509837e-08
7.100000000000000533e+00 -5.588687814227010583e-08
7.150000000000000355e+00 -3.754501552772610119e-08
7.200000000000000178e+00 -2.081301225960738245e-08
7.250000000000000000e+00 -6.022721716598926838e-09
7.300000000000000711e+00 6.492342238761746595e-09
7.350000000000000533e+00 1.644187322105939490e-08
7.400000000000000355e+00 2.361602503183223521e-08
7.450000000000000178e+00 2.791341291328338985e-08
7.500000000000000000e+00 2.935878399850848981e-08
7.550000000000000711e+00 2.810989731399549918e-08
7.600000000000000533e+00 2.445379450509731935e-08
7.650000000000000355e+00 1.879326247474960794e-08
7.700000000000000178e+00 1.162484893207739878e-08
7.750000000000000000e+00 3.510256939225177285e-09
7.800000000000000711e+00 -4.956712693045539768e-09
7.850000000000000533e+00 -1.318530099932777209e-08
7.900000000000000355e+00 -2.062259211170509481e-08
7.950000000000000178e+00 -2.678565668080533396e-08
8.000000000000000000e+00 -3.128896015314478468e-08
8.050000000000000711e+00 -3.386532373418442147e-08
8.099999999999999645e+00 -3.437918826277675181e-08
8.150000000000000355e+00 -3.283145964701937353e-08
8.200000000000001066e+00 -2.935577430256628564e-08
8.250000000000000000e+00 -2.420657836316748788e-08
8.300000000000000711e+00 -1.773993057685939050e-08
8.349999999999999645e+00 -1.038838433254532875e-08
8.400000000000000355e+00 -2.631652866726136048e-09
8.450000000000001066e+00 5.035006171995897551e-09
8.500000000000000000e+00 1.213264681517423304e-08
8.550000000000000711e+00 1.822871951947733624e-08
8.599999999999999645e+00 2.296352746420853641e-08
8.650000000000000355e+00 2.607146638945154014e-08
8.700000000000001066e+00 2.739582362420996117e-08
8.750000000000000000e+00 2.689634508038692622e-08
8.800000000000000711e+00 2.464925266705643101e-08
8.849999999999999645e+00 2.083987802595239879e-08
8.900000000000000355e+00 1.574854097750462161e-08
8.950000000000001066e+00 9.730713886233305234e-09
9.000000000000000000e+00 3.192851360207052873e-09
9.050000000000000711e+00 -3.434491407123596540e-09
9.099999999999999645e+00 -9.724492108875846121e-09
9.150000000000000355e+00 -1.528106474051018327e-08
9.200000000000001066e+00 -1.976334165560751055e-08
9.250000000000000000e+00 -2.290613828580180827e-08
9.300000000000000711e+00 -2.453519011460310978e-08
9.349999999999999645e+00 -2.457630739202741146e-08
9.400000000000000355e+00 -2.305799538935439952e-08
9.450000000000001066e+00 -2.010751042397075106e-08
9.500000000000000000e+00 -1.594073735963955432e-08
9.550000000000000711e+00 -1.084665681478421487e-08
9.600000000000001421e+00 -5.167496428840375304e-09
9.650000000000000355e+00 7.240891079704540450e-10
9.700000000000001066e+00 6.449304201704275522e-09
9.750000000000000000e+00 1.164739753359570830e-08
9.800000000000000711e+00 1.599821720509573877e-08
9.850000000000001421e+00 1.924174061986912436e-08
9.900000000000000355e+00 2.119340308460644776e-08
9.950000000000001066e+00 2.175433817449267421e-08
