0.000000000000000000e+00 -3.805829541496093427e+00
5.000000000000000278e-02 -7.234281899048083941e-02
1.000000000000000056e-01 -3.061615918253778393e-02
1.500000000000000222e-01 -1.433594279512988810e-02
2.000000000000000111e-01 -4.519402628057839731e-03
2.500000000000000000e-01 2.595988530650767279e-03
3.000000000000000444e-01 8.241596119570921211e-03
3.500000000000000333e-01 1.292687534476339752e-02
4.000000000000000222e-01 1.689320604373452731e-02
4.500000000000000111e-01 2.026447833001833454e-02
5.000000000000000000e-01 2.310862097596594333e-02
5.500000000000000444e-01 2.546477136990542983e-02
6.000000000000000888e-01 2.735755377247594405e-02
6.500000000000000222e-01 2.880460577849170561e-02
7.000000000000000666e-01 2.982006997597075326e-02
7.500000000000000000e-01 3.041821277708902857e-02
8.000000000000000444e-01 3.061456874292783556e-02
8.500000000000000888e-01 3.042673395324496308e-02
9.000000000000000222e-01 2.987305649412839298e-02
9.500000000000000666e-01 2.897652842785056193e-02
1.000000000000000000e+00 2.776221157737429612e-02
1.050000000000000044e+00 2.625686838187482608e-02
1.100000000000000089e+00 2.449104704826141066e-02
1.150000000000000133e+00 2.249463266714705686e-02
1.200000000000000178e+00 2.030252566816208304e-02
1.250000000000000000e+00 1.794742162984796358e-02
1.300000000000000044e+00 1.546469595072499058e-02
1.350000000000000089e+00 1.289049281077097459e-02
1.400000000000000133e+00 1.025767654484263831e-02
1.450000000000000178e+00 7.603288307087628477e-03
1.500000000000000000e+00 4.958574163617237261e-03
1.550000000000000044e+00 2.356747913198854825e-03
1.600000000000000089e+00 -1.729014072549008810e-04
1.650000000000000133e+00 -2.600843878462220753e-03
1.700000000000000178e+00 -4.900931429325347706e-03
1.750000000000000000e+00 -7.053134686068121550e-03
1.800000000000000044e+00 -9.035385864657907717e-03
1.850000000000000089e+00 -1.082924818518739285e-02
1.900000000000000133e+00 -1.242341523853553349e-02
1.950000000000000178e+00 -1.380511591143052108e-02
2.000000000000000000e+00 -1.496916603822492919e-02
2.050000000000000266e+00 -1.591034959444591335e-02
2.100000000000000089e+00 -1.662803504530488419e-02
2.149999999999999911e+00 -1.712607310795406443e-02
2.200000000000000178e+00 -1.740878216196090414e-02
2.250000000000000000e+00 -1.748420416730501331e-02
2.300000000000000266e+00 -1.736373980948343124e-02
2.350000000000000089e+00 -1.705888239450325389e-02
2.400000000000000355e+00 -1.658660047594788176e-02
2.450000000000000178e+00 -1.596227117514033983e-02
2.500000000000000000e+00 -1.520312302208789990e-02
2.550000000000000266e+00 -1.432876414252245989e-02
2.600000000000000089e+00 -1.335839342499878755e-02
2.650000000000000355e+00 -1.230961906367358458e-02
2.700000000000000178e+00 -1.120405251900268885e-02
2.750000000000000000e+00 -1.005955671159491742e-02
2.800000000000000266e+00 -8.893774932674689340e-03
2.850000000000000089e+00 -7.724084343043408768e-03
2.900000000000000355e+00 -6.566982863657372903e-03
2.950000000000000178e+00 -5.435898251615078371e-03
3.000000000000000000e+00 -4.344420394418611366e-03
3.050000000000000266e+00 -3.303040945841213653e-03
3.100000000000000089e+00 -2.321472836740414575e-03
3.150000000000000355e+00 -1.407627112421007453e-03
3.200000000000000178e+00 -5.672296361222981063e-04
3.250000000000000000e+00 1.961646172876362634e-04
3.300000000000000266e+00 8.794140141981141674e-04
3.350000000000000089e+00 1.481930933343354653e-03
3.400000000000000355e+00 2.003900043819202038e-03
3.450000000000000178e+00 2.447351904747879434e-03
3.500000000000000000e+00 2.814926150324748889e-03
3.550000000000000266e+00 3.110191416106734569e-03
3.600000000000000089e+00 3.337919221679706665e-03
3.650000000000000355e+00 3.502893073300857116e-03
3.700000000000000178e+00 3.610727478544041406e-03
3.750000000000000000e+00 3.667082565974770850e-03
3.800000000000000266e+00 3.677762216770888784e-03
3.850000000000000089e+00 3.648420203844774268e-03
3.900000000000000355e+00 3.584959384367262386e-03
3.950000000000000178e+00 3.492704853021707211e-03
4.000000000000000000e+00 3.376714809762843428e-03
4.049999999999999822e+00 3.242081023900542525e-03
4.100000000000000533e+00 3.092802014746510834e-03
4.150000000000000355e+00 2.933055117395522073e-03
4.200000000000000178e+00 2.766520942099990645e-03
4.250000000000000000e+00 2.596075196487474500e-03
4.299999999999999822e+00 2.424539446469301928e-03
4.350000000000000533e+00 2.254289724834868374e-03
4.400000000000000355e+00 2.087090998960973182e-03
4.450000000000000178e+00 1.924622842808438455e-03
4.500000000000000000e+00 1.768118355306547151e-03
4.549999999999999822e+00 1.618512401134882808e-03
4.600000000000000533e+00 1.476594475398729841e-03
4.650000000000000355e+00 1.342822101373064049e-03
4.700000000000000178e+00 1.217481474941127084e-03
4.750000000000000000e+00 1.100753771176300440e-03
4.800000000000000711e+00 9.926133250972169874e-04
4.850000000000000533e+00 8.929243977658733169e-04
4.900000000000000355e+00 8.014914333738310578e-04
4.950000000000000178e+00 7.180013395080156804e-04
5.000000000000000000e+00 6.420870101812397018e-04
5.050000000000000711e+00 5.733316522643025232e-04
5.100000000000000533e+00 5.112991595558656968e-04
5.150000000000000355e+00 4.555083691979953942e-04
5.200000000000000178e+00 4.054698855709188863e-04
5.250000000000000000e+00 3.607060416845076509e-04
5.300000000000000711e+00 3.207291243572142625e-04
5.350000000000000533e+00 2.850716213863608997e-04
5.400000000000000355e+00 2.532912361373501771e-04
5.450000000000000178e+00 2.249709027625267435e-04
5.500000000000000000e+00 1.997192871566740935e-04
5.550000000000000711e+00 1.771919278961841149e-04
5.600000000000000533e+00 1.570666537172657614e-04
5.650000000000000355e+00 1.390712512434818539e-04
5.700000000000000178e+00 1.229637950779989574e-04
5.750000000000000000e+00 1.085373075119537209e-04
5.800000000000000711e+00 9.562049468160436399e-05
5.850000000000000533e+00 8.406685204758861671e-05
5.900000000000000355e+00 7.375429966186656801e-05
5.950000000000000178e+00 6.458182375560910524e-05
6.000000000000000000e+00 5.646134689592326899e-05
6.050000000000000711e+00 4.931508798954188617e-05
6.100000000000000533e+00 4.307285110988721548e-05
6.150000000000000355e+00 3.766445473412607014e-05
6.200000000000000178e+00 3.302173738916151238e-05
6.250000000000000000e+00 2.907447919737967984e-05
6.300000000000000711e+00 2.574835852623443537e-05
6.350000000000000533e+00 2.296740032937260676e-05
6.400000000000000355e+00 2.065377531999790082e-05
6.450000000000000178e+00 1.872785530269484457e-05
6.500000000000000000e+00 1.711241403773625357e-05
6.550000000000000711e+00 1.573369925781127797e-05
6.600000000000000533e+00 1.452306694503731918e-05
6.650000000000000355e+00 1.342069527108273351e-05
6.700000000000000178e+00 1.237629599173818747e-05
6.750000000000000000e+00 1.135082484648099395e-05
6.800000000000000711e+00 1.031765916719731645e-05
6.850000000000000533e+00 9.261951163006796155e-06
6.900000000000000355e+00 8.181565751097760842e-06
6.950000000000000178e+00 7.081487170235913634e-06
7.000000000000000000e+00 3.850143811080270339e-06
7.050000000000000711e+00 3.469053512293650533e-06
7.100000000000000533e+00 3.122478106985361637e-06
7.150000000000000355e+00 2.807589338984357413e-06
7.200000000000000178e+00 2.521881245171213725e-06
7.250000000000000000e+00 2.262924567054108293e-06
7.300000000000000711e+00 2.028478127029492521e-06
7.350000000000000533e+00 1.816456938617435096e-06
7.400000000000000355e+00 1.624941353434914866e-06
7.450000000000000178e+00 1.452152724628326577e-06
7.500000000000000000e+00 1.296419937094343371e-06
7.550000000000000711e+00 1.156237162124062333e-06
7.600000000000000533e+00 1.030158175006602097e-06
7.650000000000000355e+00 9.169149841564775812e-07
7.700000000000000178e+00 8.153043823351149955e-07
7.750000000000000000e+00 7.242369239500501405e-07
7.800000000000000711e+00 6.426915467668868383e-07
7.850000000000000533e+00 5.697668970685026442e-07
7.900000000000000355e+00 5.046179898996494022e-07
7.950000000000000178e+00 4.464739506855267752e-07
8.000000000000000000e+00 3.946474656672915163e-07
8.050000000000000711e+00 3.484855767725987739e-07
8.099999999999999645e+00 3.074243743830352543e-07
8.150000000000000355e+00 2.709376976610689018e-07
8.200000000000001066e+00 2.385430129268006186e-07
8.250000000000000000e+00 2.098237530858397390e-07
8.300000000000000711e+00 1.843802662983012071e-07
8.349999999999999645e+00 1.618619055455624036e-07
8.400000000000000355e+00 1.419583972305043106e-07
8.450000000000001066e+00 1.243812117552295626e-07
8.500000000000000000e+00 1.088756067041249383e-07
8.550000000000000711e+00 9.521109431613659967e-08
8.599999999999999645e+00 8.318095235639962778e-08
8.650000000000000355e+00 7.260148409370496350e-08
8.700000000000001066e+00 6.330571939575201507e-08
8.750000000000000000e+00 5.514835891006266091e-08
8.800000000000000711e+00 4.799611320850106565e-08
8.849999999999999645e+00 4.173105060137431543e-08
8.900000000000000355e+00 3.624927742177842306e-08
8.950000000000001066e+00 3.145765248215200954e-08
9.000000000000000000e+00 2.727337751220161052e-08
9.050000000000000711e+00 2.362325392749671346e-08
9.099999999999999645e+00 2.044235425573872757e-08
9.150000000000000355e+00 1.767289644119243535e-08
9.200000000000001066e+00 1.526417752762680236e-08
9.250000000000000000e+00 1.317131520296707751e-08
9.300000000000000711e+00 1.135465227132758048e-08
9.349999999999999645e+00 9.779394812596525939e-09
9.400000000000000355e+00 8.414669075469977113e-09
9.450000000000001066e+00 7.233555314561141710e-09
9.500000000000000000e+00 6.212448847411921055e-09
9.550000000000000711e+00 5.330474934813282857e-09
9.600000000000001421e+00 4.569366547052353930e-09
9.650000000000000355e+00 3.913326421569570607e-09
9.700000000000001066e+00 3.348338719211885189e-09
9.750000000000000000e+00 2.862208648938164137e-09
9.800000000000000711e+00 2.444380430997269877e-09
9.850000000000001421e+00 2.085616900977675707e-09
9.900000000000000355e+00 1.777831858025760034e-09
9.950000000000001066e+00 1.514073338082038765e-09
1.000000000000000000e+01 1.288239144034716731e-09
1.005000000000000071e+01 1.095065185877903099e-09
1.010000000000000142e+01 9.300033620271189701e-10
1.015000000000000036e+01 7.890867284923462085e-10
1.020000000000000107e+01 6.688979949508002256e-10
1.025000000000000000e+01 5.664932965227597581e-10
1.030000000000000071e+01 4.793221828370662852e-10
1.035000000000000142e+01 4.051888025203207925e-10
1.040000000000000036e+01 3.422037470786503906e-10
1.045000000000000107e+01 2.887446574976800619e-10
1.050000000000000000e+01 2.434110274499393052e-10
1.055000000000000071e+01 2.050061604284664046e-10
1.060000000000000142e+01 1.725012490511965242e-10
1.065000000000000036e+01 1.450162712252849208e-10
1.070000000000000107e+01 1.217986726069917166e-10
1.075000000000000000e+01 1.022050378426363397e-10
1.080000000000000071e+01 8.568342544797275475e-11
1.085000000000000142e+01 7.176732666649697448e-11
1.090000000000000036e+01 6.005609307800327125e-11
1.095000000000000107e+01 5.020979367765617223e-11
