0.000000000000000000e+00 -0.000000000000000000e+00
5.000000000000000278e-02 -8.767605468365531618e-03
1.000000000000000056e-01 -1.742481259595951570e-02
1.500000000000000222e-01 -2.586300634926617242e-02
2.000000000000000111e-01 -3.397709564387009495e-02
2.500000000000000000e-01 -4.166717078176162409e-02
3.000000000000000444e-01 -4.884003879666261316e-02
3.500000000000000333e-01 -5.541060387538841031e-02
4.000000000000000222e-01 -6.130306389438217735e-02
4.500000000000000111e-01 -6.645190082145020771e-02
5.000000000000000000e-01 -7.080265005297001202e-02
5.500000000000000444e-01 -7.431244029701163101e-02
6.000000000000000888e-01 -7.695030243438881479e-02
6.500000000000000222e-01 -7.869725458189086309e-02
7.000000000000000666e-01 -7.954617329325891495e-02
7.500000000000000000e-01 -7.950146965165469370e-02
8.000000000000000444e-01 -7.857859138211410743e-02
8.500000000000000888e-01 -7.680337583361844522e-02
9.000000000000000222e-01 -7.421128071061615372e-02
9.500000000000000666e-01 -7.084651989314368070e-02
1.000000000000000000e+00 -6.676113156135249360e-02
1.050000000000000044e+00 -6.201400359969874709e-02
1.100000000000000089e+00 -5.666988002534883995e-02
1.150000000000000133e+00 -5.079836710127677568e-02
1.200000000000000178e+00 -4.447295623609310439e-02
1.250000000000000000e+00 -3.777007471081239576e-02
1.300000000000000044e+00 -3.076817345416457336e-02
1.350000000000000089e+00 -2.354685569533036815e-02
1.400000000000000133e+00 -1.618604794987840018e-02
1.450000000000000178e+00 -8.765211980638855024e-03
1.500000000000000000e+00 -1.362594614182310654e-03
1.550000000000000044e+00 5.945488906502924449e-03
1.600000000000000089e+00 1.308534259096973650e-02
1.650000000000000133e+00 1.998655207130628150e-02
1.700000000000000178e+00 2.658262439274921077e-02
1.750000000000000000e+00 3.281160571284011396e-02
1.800000000000000044e+00 3.861667547444753296e-02
1.850000000000000089e+00 4.394671240909788640e-02
1.900000000000000133e+00 4.875682583295669337e-02
1.950000000000000178e+00 5.300884301949719546e-02
2.000000000000000000e+00 5.667174095995448913e-02
2.050000000000000266e+00 5.972201026813941244e-02
2.100000000000000089e+00 6.214393727687701763e-02
2.149999999999999911e+00 6.392979103706661337e-02
2.200000000000000178e+00 6.507990227879820178e-02
2.250000000000000000e+00 6.560262367720279264e-02
2.300000000000000266e+00 6.551416257516430586e-02
2.350000000000000089e+00 6.483828109475915646e-02
2.400000000000000355e+00 6.360586233898236908e-02
2.450000000000000178e+00 6.185434495454752990e-02
2.500000000000000000e+00 5.962703355574975467e-02
2.550000000000000266e+00 5.697229649837320248e-02
2.600000000000000089e+00 5.394266644831929858e-02
2.650000000000000355e+00 5.059386340539698268e-02
2.700000000000000178e+00 4.698376264609591818e-02
2.750000000000000000e+00 4.317133251359694945e-02
2.800000000000000266e+00 3.921556834054808205e-02
2.850000000000000089e+00 3.517444962370327305e-02
2.900000000000000355e+00 3.110394631082924813e-02
2.950000000000000178e+00 2.705709940796612381e-02
3.000000000000000000e+00 2.308319813066177228e-02
3.050000000000000266e+00 1.922707266395921877e-02
3.100000000000000089e+00 1.552851753176564403e-02
3.150000000000000355e+00 1.202185691604462300e-02
3.200000000000000178e+00 8.735656888549990159e-03
3.250000000000000000e+00 5.692586638046173535e-03
3.300000000000000266e+00 2.909424372742895875e-03
3.350000000000000089e+00 3.972002305183497482e-04
3.400000000000000355e+00 -1.838536309978156631e-03
3.450000000000000178e+00 -3.797339795136204111e-03
3.500000000000000000e+00 -5.483401100389109946e-03
3.550000000000000266e+00 -6.905008770302463114e-03
3.600000000000000089e+00 -8.073960232377165938e-03
3.650000000000000355e+00 -9.004944270550735430e-03
3.700000000000000178e+00 -9.714914902686704740e-03
3.750000000000000000e+00 -1.022247612818947930e-02
3.800000000000000266e+00 -1.054729416972599067e-02
3.850000000000000089e+00 -1.070955223173185311e-02
3.900000000000000355e+00 -1.072945917611996085e-02
3.950000000000000178e+00 -1.062682089969480513e-02
4.000000000000000000e+00 -1.042067952813531713e-02
4.049999999999999822e+00 -1.012902345078152064e-02
4.100000000000000533e+00 -9.768567179938280123e-03
4.150000000000000355e+00 -9.354598515360627864e-03
4.200000000000000178e+00 -8.900887731931136915e-03
4.250000000000000000e+00 -8.419652144189450002e-03
4.299999999999999822e+00 -7.921568197494788244e-03
4.350000000000000533e+00 -7.415822473348240677e-03
4.400000000000000355e+00 -6.910192941822775048e-03
4.450000000000000178e+00 -6.411151697079044143e-03
4.500000000000000000e+00 -5.923981618911927823e-03
4.549999999999999822e+00 -5.452899482723358449e-03
4.600000000000000533e+00 -5.001179850380000486e-03
4.650000000000000355e+00 -4.571274739370937909e-03
4.700000000000000178e+00 -4.164925811249982866e-03
4.750000000000000000e+00 -3.783266536740847487e-03
4.800000000000000711e+00 -3.426913177189289898e-03
4.850000000000000533e+00 -3.096044701703672217e-03
4.900000000000000355e+00 -2.790471661691382339e-03
4.950000000000000178e+00 -2.509695642480290045e-03
5.000000000000000000e+00 -2.252960479341987142e-03
5.050000000000000711e+00 -2.019296994077256994e-03
5.100000000000000533e+00 -1.807562901287268747e-03
5.150000000000000355e+00 -1.616479224650940738e-03
5.200000000000000178e+00 -1.444664528155349334e-03
5.250000000000000000e+00 -1.290667539109956879e-03
5.300000000000000711e+00 -1.152998726066108192e-03
5.350000000000000533e+00 -1.030160893944200148e-03
5.400000000000000355e+00 -9.206782736197448866e-04
5.450000000000000178e+00 -8.231238654193782358e-04
5.500000000000000000e+00 -7.361439486299715344e-04
5.550000000000000711e+00 -6.584793273284713028e-04
5.600000000000000533e+00 -5.889822297648594209e-04
5.650000000000000355e+00 -5.266284530542098300e-04
5.700000000000000178e+00 -4.705242129666552665e-04
5.750000000000000000e+00 -4.199075560748561004e-04
5.800000000000000711e+00 -3.741443854867597288e-04
5.850000000000000533e+00 -3.327197281366329486e-04
5.900000000000000355e+00 -2.952245964665895167e-04
5.950000000000000178e+00 -2.613396753851408524e-04
6.000000000000000000e+00 -2.308168565217052668e-04
6.050000000000000711e+00 -2.034596498121436737e-04
6.100000000000000533e+00 -1.791039904577112454e-04
6.150000000000000355e+00 -1.576003733847316981e-04
6.200000000000000178e+00 -1.387984731226621772e-04
6.250000000000000000e+00 -1.225349381330644938e-04
6.300000000000000711e+00 -1.086250744671934904e-04
6.350000000000000533e+00 -9.685858435807065338e-05
6.400000000000000355e+00 -8.699939724397034177e-05
6.450000000000000178e+00 -7.878924638852173460e-05
6.500000000000000000e+00 -7.195450624603108049e-05
6.550000000000000711e+00 -6.621548539232751654e-05
6.600000000000000533e+00 -6.129723601039127655e-05
6.650000000000000355e+00 -5.694098770495261672e-05
6.700000000000000178e+00 -5.291514093239066679e-05
6.750000000000000000e+00 -4.902494252474197308e-05
6.800000000000000711e+00 -4.512006564481300561e-05
6.850000000000000533e+00 -4.109945009540803444e-05
6.900000000000000355e+00 -3.691310073096206145e-05
6.950000000000000178e+00 -3.256056359988729348e-05
7.000000000000000000e+00 -2.808639160454787337e-05
7.050000000000000711e+00 -2.357276805959527118e-05
7.100000000000000533e+00 -1.912990417100813448e-05
7.150000000000000355e+00 -1.488488245491822573e-05
7.200000000000000178e+00 -1.096980308829419039e-05
7.250000000000000000e+00 -7.509929678017990303e-06
7.300000000000000711e+00 -4.612850025691836819e-06
7.350000000000000533e+00 -2.359183636075427583e-06
7.400000000000000355e+00 -7.956807174261694822e-07
7.450000000000000178e+00 6.906976173305853876e-08
7.500000000000000000e+00 2.659930578423612296e-07
7.550000000000000711e+00 -1.361651939491768496e-07
7.600000000000000533e+00 -1.035242943124566868e-06
7.650000000000000355e+00 -2.302514002472467091e-06
7.700000000000000178e+00 -3.791404507331788066e-06
7.750000000000000000e+00 -5.347420843665276772e-06
7.800000000000000711e+00 -6.818559295177298894e-06
7.850000000000000533e+00 -8.065434943758160679e-06
7.900000000000000355e+00 -8.970410076348113004e-06
7.950000000000000178e+00 -9.445138725891646356e-06
8.000000000000000000e+00 -9.435940209450344765e-06
8.050000000000000711e+00 -8.926683414391467912e-06
8.099999999999999645e+00 -7.939072510739284802e-06
8.150000000000000355e+00 -6.530214480807486434e-06
8.200000000000001066e+00 -4.787939122703934959e-06
8.250000000000000000e+00 -2.823885457954133753e-06
8.300000000000000711e+00 -7.651801097597388419e-07
8.349999999999999645e+00 1.254851412328899694e-06
8.400000000000000355e+00 3.106245444340536999e-06
8.450000000000001066e+00 4.671472084125806452e-06
8.500000000000000000e+00 5.853642419358594771e-06
8.550000000000000711e+00 6.582934233162160317e-06
8.599999999999999645e+00 6.821176250340028718e-06
8.650000000000000355e+00 6.564032397132727371e-06
8.700000000000001066e+00 5.840854424979924060e-06
8.750000000000000000e+00 4.712166452516874144e-06
8.800000000000000711e+00 3.265020759156696116e-06
8.849999999999999645e+00 1.606611092703847747e-06
8.900000000000000355e+00 -1.434579711544669008e-07
8.950000000000001066e+00 -1.861580021693880226e-06
