0.000000000000000000e+00 -9.640549790051654449e-06
5.000000000000000278e-02 -1.403451594153816203e-07
1.000000000000000056e-01 -1.112857493546512684e-06
1.500000000000000222e-01 -4.011244550057233863e-06
2.000000000000000111e-01 -9.589627491877234265e-06
2.500000000000000000e-01 -1.871287772199769638e-05
3.000000000000000444e-01 -3.211971700632228438e-05
3.500000000000000333e-01 -5.047913090496424572e-05
4.000000000000000222e-01 -7.435473988406133964e-05
4.500000000000000111e-01 -1.041978358772664020e-04
5.000000000000000000e-01 -1.403325961396573434e-04
5.500000000000000444e-01 -1.829478305999341910e-04
6.000000000000000888e-01 -2.320899658579148809e-04
6.500000000000000222e-01 -2.876535286290923961e-04
7.000000000000000666e-01 -3.493817855335296704e-04
7.500000000000000000e-01 -4.168611675672575199e-04
8.000000000000000444e-01 -4.895291282446880303e-04
8.500000000000000888e-01 -5.666859037330037284e-04
9.000000000000000222e-01 -6.474616277123491134e-04
9.500000000000000666e-01 -7.308885441404355766e-04
1.000000000000000000e+00 -8.158725395041206696e-04
1.050000000000000044e+00 -9.012146074953131768e-04
1.100000000000000089e+00 -9.856474111467484599e-04
1.150000000000000133e+00 -1.067823090695508475e-03
1.200000000000000178e+00 -1.146381086412632394e-03
1.250000000000000000e+00 -1.219917119697920896e-03
1.300000000000000044e+00 -1.287059886590751238e-03
1.350000000000000089e+00 -1.346512724536377088e-03
1.400000000000000133e+00 -1.396931375840054735e-03
1.450000000000000178e+00 -1.437231025223092030e-03
1.500000000000000000e+00 -1.466303626666369151e-03
1.550000000000000044e+00 -1.483211646957293631e-03
1.600000000000000089e+00 -1.487264422667448210e-03
1.650000000000000133e+00 -1.477813846478761997e-03
1.700000000000000178e+00 -1.454587648343058084e-03
1.750000000000000000e+00 -1.417366524807053265e-03
1.800000000000000044e+00 -1.366193397147998003e-03
1.850000000000000089e+00 -1.301388645512481686e-03
1.900000000000000133e+00 -1.223482704793644148e-03
1.950000000000000178e+00 -1.133134990209352932e-03
2.000000000000000000e+00 -1.031350171100455957e-03
2.050000000000000266e+00 -9.191848089816697124e-04
2.100000000000000089e+00 -7.979698750057237370e-04
2.149999999999999911e+00 -6.691626120908136365e-04
2.200000000000000178e+00 -5.343346155003798545e-04
2.250000000000000000e+00 -3.951503599375750077e-04
2.300000000000000266e+00 -2.533183116916261661e-04
2.350000000000000089e+00 -1.106846881869232323e-04
2.400000000000000355e+00 3.105596590792596937e-05
2.450000000000000178e+00 1.701463523265796750e-04
2.500000000000000000e+00 3.048449179199331214e-04
2.550000000000000266e+00 4.336298635718746999e-04
2.600000000000000089e+00 5.550687465780395485e-04
2.650000000000000355e+00 6.677493847595995400e-04
2.700000000000000178e+00 7.706812335817386436e-04
2.750000000000000000e+00 8.627929005159870037e-04
2.800000000000000266e+00 9.432949946931055638e-04
2.850000000000000089e+00 1.011782642722733891e-03
2.900000000000000355e+00 1.067765099603088831e-03
2.950000000000000178e+00 1.111140144160038985e-03
3.000000000000000000e+00 1.141961182426551010e-03
3.050000000000000266e+00 1.160474735362151261e-03
3.100000000000000089e+00 1.167177421105434305e-03
3.150000000000000355e+00 1.162586697490465516e-03
3.200000000000000178e+00 1.147460775165169570e-03
3.250000000000000000e+00 1.122591106857427678e-03
3.300000000000000266e+00 1.088997628603911947e-03
3.350000000000000089e+00 1.047672742994633192e-03
3.400000000000000355e+00 9.996499819493627741e-04
3.450000000000000178e+00 9.460632123431800657e-04
3.500000000000000000e+00 8.879297917835585066e-04
3.550000000000000266e+00 8.263909163569668499e-04
3.600000000000000089e+00 7.624392684092794583e-04
3.650000000000000355e+00 6.970920942576028755e-04
3.700000000000000178e+00 6.312039254751122298e-04
3.750000000000000000e+00 5.656437441244129179e-04
3.800000000000000266e+00 5.011399238239350488e-04
3.850000000000000089e+00 4.383791735178274107e-04
3.900000000000000355e+00 3.778725340211260019e-04
3.950000000000000178e+00 3.201031228195847108e-04
4.000000000000000000e+00 2.654659454716032374e-04
4.049999999999999822e+00 2.141936761032160567e-04
4.100000000000000533e+00 1.665415358164005295e-04
4.150000000000000355e+00 1.225997096090420551e-04
4.200000000000000178e+00 8.236389176502900559e-05
4.250000000000000000e+00 4.593995973257420344e-05
4.299999999999999822e+00 1.318171295296723191e-05
4.350000000000000533e+00 -1.602128205889923152e-05
4.400000000000000355e+00 -4.176579393995992224e-05
4.450000000000000178e+00 -6.425680929585246310e-05
4.500000000000000000e+00 -8.365448515034267884e-05
4.549999999999999822e+00 -1.001765806789317348e-04
4.600000000000000533e+00 -1.140672675602593121e-04
4.650000000000000355e+00 -1.255079087982111270e-04
4.700000000000000178e+00 -1.347022607721531646e-04
4.750000000000000000e+00 -1.418971774558018301e-04
4.800000000000000711e+00 -1.472850739944226871e-04
4.850000000000000533e+00 -1.510477090787417059e-04
4.900000000000000355e+00 -1.533816170768456904e-04
4.950000000000000178e+00 -1.544628101371097806e-04
5.000000000000000000e+00 -1.544435681369767934e-04
5.050000000000000711e+00 -1.534792049623431712e-04
5.100000000000000533e+00 -1.517158381770045486e-04
5.150000000000000355e+00 -1.492779086054541273e-04
5.200000000000000178e+00 -1.462639742146822791e-04
5.250000000000000000e+00 -1.428040131849813560e-04
5.300000000000000711e+00 -1.389843204889435260e-04
5.350000000000000533e+00 -1.348809212486490176e-04
5.400000000000000355e+00 -1.305773745644918838e-04
5.450000000000000178e+00 -1.261340399953845767e-04
5.500000000000000000e+00 -1.216082760511912834e-04
5.550000000000000711e+00 -1.170583092246814405e-04
5.600000000000000533e+00 -1.125044492373813228e-04
5.650000000000000355e+00 -1.079961522057074839e-04
5.700000000000000178e+00 -1.035578409092571421e-04
5.750000000000000000e+00 -9.920016032682128955e-05
5.800000000000000711e+00 -9.495256485790980346e-05
5.850000000000000533e+00 -9.082088260799201017e-05
5.900000000000000355e+00 -8.680831077187539636e-05
5.950000000000000178e+00 -8.292398590635861975e-05
6.000000000000000000e+00 -7.916981204763170684e-05
6.050000000000000711e+00 -7.554203600824799475e-05
6.100000000000000533e+00 -7.204641725914076697e-05
6.150000000000000355e+00 -6.867290736682008976e-05
6.200000000000000178e+00 -6.542470825720864830e-05
6.250000000000000000e+00 -6.229932245944550570e-05
6.300000000000000711e+00 -5.929123016107886086e-05
6.350000000000000533e+00 -5.640088030284095947e-05
6.400000000000000355e+00 -5.362959545235381734e-05
6.450000000000000178e+00 -5.097194738816457192e-05
6.500000000000000000e+00 -4.842729069222672804e-05
6.550000000000000711e+00 -4.600016720596207526e-05
6.600000000000000533e+00 -4.368307349239865798e-05
6.650000000000000355e+00 -4.147761978584931403e-05
6.700000000000000178e+00 -3.938365821314175890e-05
6.750000000000000000e+00 -3.739668339932629085e-05
6.800000000000000711e+00 -3.551534623487259478e-05
6.850000000000000533e+00 -3.373531410037585083e-05
6.900000000000000355e+00 -3.205249513786053952e-05
6.950000000000000178e+00 -3.046259273190666866e-05
7.000000000000000000e+00 -2.896005828653531425e-05
7.050000000000000711e+00 -2.753806405909924176e-05
7.100000000000000533e+00 -2.619261181153602651e-05
7.150000000000000355e+00 -2.491665100165109162e-05
7.200000000000000178e+00 -2.370409741388250797e-05
7.250000000000000000e+00 -2.254978187756125830e-05
7.300000000000000711e+00 -2.144950130220419599e-05
7.350000000000000533e+00 -2.039821956485093356e-05
7.400000000000000355e+00 -1.939166152300433814e-05
7.450000000000000178e+00 -1.842874458865915576e-05
7.500000000000000000e+00 -1.750661677534186736e-05
7.550000000000000711e+00 -1.662345412194346603e-05
7.600000000000000533e+00 -1.577859109276483633e-05
7.650000000000000355e+00 -1.497241374227364340e-05
7.700000000000000178e+00 -1.420464667381820474e-05
7.750000000000000000e+00 -1.347505617898479441e-05
7.800000000000000711e+00 -1.278414883027762566e-05
7.850000000000000533e+00 -1.213230764534627085e-05
7.900000000000000355e+00 -1.151889907904117056e-05
7.950000000000000178e+00 -1.094342697592197020e-05
8.000000000000000000e+00 -1.040506246678984946e-05
8.050000000000000711e+00 -9.901542567822588340e-06
8.099999999999999645e+00 -9.431905532307051577e-06
8.150000000000000355e+00 -8.993302234590844649e-06
8.200000000000001066e+00 -8.582577586592381392e-06
8.250000000000000000e+00 -8.197870692652918289e-06
8.300000000000000711e+00 -7.835020482327475561e-06
8.349999999999999645e+00 -7.491332165087564849e-06
8.400000000000000355e+00 -7.164236956231752202e-06
8.450000000000001066e+00 -6.851060643433270900e-06
8.500000000000000000e+00 -6.549520645646034534e-06
8.550000000000000711e+00 -6.258006850415320709e-06
8.599999999999999645e+00 -5.975183293881085625e-06
8.650000000000000355e+00 -5.700451030246925687e-06
8.700000000000001066e+00 -5.433283940555798360e-06
8.750000000000000000e+00 -5.174546962931884540e-06
8.800000000000000711e+00 -4.924593612017602563e-06
8.849999999999999645e+00 -4.683852116997966280e-06
8.900000000000000355e+00 -4.453807996808688003e-06
8.950000000000001066e+00 -4.235342964299939791e-06
9.000000000000000000e+00 -4.029204629968234955e-06
9.050000000000000711e+00 -3.836431241771372951e-06
9.099999999999999645e+00 -3.657555079079541614e-06
9.150000000000000355e+00 -3.492197469445387527e-06
9.200000000000001066e+00 -3.340478733388893865e-06
9.250000000000000000e+00 -3.201605164758155547e-06
9.300000000000000711e+00 -3.074597689851971729e-06
9.349999999999999645e+00 -2.958330830920814534e-06
9.400000000000000355e+00 -2.850974703450356544e-06
9.450000000000001066e+00 -2.750850184365120247e-06
9.500000000000000000e+00 -2.656391216345860913e-06
9.550000000000000711e+00 -2.565805304043443721e-06
9.600000000000001421e+00 -2.477499983776453121e-06
9.650000000000000355e+00 -2.390403843579064421e-06
9.700000000000001066e+00 -2.303197140079248011e-06
9.750000000000000000e+00 -2.215381022354908476e-06
9.800000000000000711e+00 -2.126639399192357351e-06
9.850000000000001421e+00 -2.037106183880423442e-06
9.900000000000000355e+00 -1.947125757796204730e-06
9.950000000000001066e+00 -1.857456980961548851e-06
1.000000000000000000e+01 -1.769003648240198450e-06
1.005000000000000071e+01 -1.682808632889157358e-06
1.010000000000000142e+01 -1.600020309890446575e-06
1.015000000000000036e+01 -1.521710333253211264e-06
1.020000000000000107e+01 -1.448808664666628150e-06
1.025000000000000000e+01 -1.382028294619623659e-06
1.030000000000000071e+01 -1.321866651225268457e-06
1.035000000000000142e+01 -1.268429266476033014e-06
1.040000000000000036e+01 -1.221679802715027192e-06
1.045000000000000107e+01 -1.181186166738011780e-06
1.050000000000000000e+01 -1.146097758746115581e-06
1.055000000000000071e+01 -1.115606863276010740e-06
1.060000000000000142e+01 -1.088536927234147278e-06
1.065000000000000036e+01 -1.063694981639336214e-06
1.070000000000000107e+01 -1.039884852939002398e-06
1.075000000000000000e+01 -1.016024403711643623e-06
1.080000000000000071e+01 -9.910108361001451750e-07
1.085000000000000142e+01 -9.641299337322498847e-07
1.090000000000000036e+01 -9.348229319322973950e-07
1.095000000000000107e+01 -9.028150215937587916e-07
1.100000000000000000e+01 -8.682257008421846949e-07
1.105000000000000071e+01 -8.312943309841651048e-07
1.110000000000000142e+01 -7.925702397615256885e-07
1.115000000000000036e+01 -7.528493633768644800e-07
1.120000000000000107e+01 -7.130168503104387629e-07
1.125000000000000000e+01 -6.740182920662141483e-07
1.130000000000000071e+01 -6.368683715730857944e-07
1.135000000000000142e+01 -6.024032638207627751e-07
1.140000000000000036e+01 -5.713861839141686801e-07
1.145000000000000107e+01 -5.443890767478350159e-07
1.150000000000000000e+01 -5.217258640115855370e-07
1.155000000000000071e+01 -5.034990606569171503e-07
1.160000000000000142e+01 -4.894975049288232767e-07
1.165000000000000036e+01 -4.792948889297266518e-07
1.170000000000000107e+01 -4.722756098862898516e-07
1.175000000000000000e+01 -4.676414338589346940e-07
1.180000000000000071e+01 -4.644750264659721969e-07
1.185000000000000142e+01 -4.618342134087507668e-07
1.190000000000000036e+01 -4.587836710158455627e-07
1.195000000000000107e+01 -4.544784843402593656e-07
1.200000000000000000e+01 -4.481940033003090272e-07
1.205000000000000071e+01 -4.394428044913973533e-07
1.210000000000000142e+01 -4.279173834328706481e-07
1.215000000000000036e+01 -4.135297630625885466e-07
1.220000000000000107e+01 -3.964662888087761588e-07
1.225000000000000000e+01 -3.771252408848366969e-07
1.230000000000000071e+01 -3.560618336971397258e-07
1.235000000000000142e+01 -3.340007874131855262e-07
1.240000000000000036e+01 -3.117525444604735130e-07
1.245000000000000107e+01 -2.901434454987980942e-07
1.250000000000000000e+01 -2.699742779962576846e-07
1.255000000000000071e+01 -2.519746342414677856e-07
1.260000000000000142e+01 -2.367121196888383647e-07
1.265000000000000036e+01 -2.246031191762110147e-07
1.270000000000000107e+01 -2.158214695117492931e-07
1.275000000000000000e+01 -2.103690070738753763e-07
1.280000000000000071e+01 -2.080007930251363126e-07
1.285000000000000142e+01 -2.083093286855025347e-07
1.290000000000000036e+01 -2.106924441966367011e-07
1.295000000000000107e+01 -2.144468233394691076e-07
1.300000000000000000e+01 -2.188037666351253447e-07
1.305000000000000071e+01 -2.229647518263602695e-07
1.310000000000000142e+01 -2.261687486251610883e-07
1.315000000000000036e+01 -2.277759487071363612e-07
1.320000000000000107e+01 -2.272536303759245369e-07
1.325000000000000000e+01 -2.242461612502719350e-07
1.330000000000000071e+01 -2.185934782814378314e-07
1.335000000000000142e+01 -2.103457149151226084e-07
1.340000000000000036e+01 -1.997240587233010156e-07
1.345000000000000107e+01 -1.871470061280147331e-07
1.350000000000000000e+01 -1.731758123699080972e-07
1.355000000000000071e+01 -1.584499782879720568e-07
1.360000000000000142e+01 -1.436952015432595677e-07
1.365000000000000036e+01 -1.296257077253084048e-07
1.370000000000000107e+01 -1.169076628687761988e-07
1.375000000000000000e+01 -1.061307001236135493e-07
1.380000000000000071e+01 -9.772824148371065900e-08
1.385000000000000142e+01 -9.198206370881105327e-08
1.390000000000000036e+01 -8.900422106968059804e-08
1.395000000000000107e+01 -8.870405926059930834e-08
1.400000000000000000e+01 -9.081871649240041190e-08
1.405000000000000071e+01 -9.493831634574587324e-08
1.410000000000000142e+01 -1.005094111918619082e-07
1.415000000000000036e+01 -1.068942814650949166e-07
1.420000000000000107e+01 -1.134225988420874728e-07
1.425000000000000000e+01 -1.194248673605165648e-07
1.430000000000000071e+01 -1.242755944788309844e-07
1.435000000000000142e+01 -1.274497714608294756e-07
1.440000000000000036e+01 -1.285522877551600289e-07
1.445000000000000107e+01 -1.273365316187119771e-07
1.450000000000000000e+01 -1.237359727662942909e-07
1.455000000000000071e+01 -1.178507330112720880e-07
1.460000000000000142e+01 -1.099446181431664750e-07
1.465000000000000036e+01 -1.004218467514244819e-07
1.470000000000000107e+01 -8.980624937537619673e-08
1.475000000000000000e+01 -7.869207478397550464e-08
1.480000000000000071e+01 -6.770751267615318534e-08
1.485000000000000142e+01 -5.747225650562505061e-08
1.490000000000000036e+01 -4.854142347263890883e-08
1.495000000000000107e+01 -4.138889480341412557e-08
1.500000000000000000e+01 -3.635725775684981766e-08
1.505000000000000071e+01 -3.364077788859325574e-08
1.510000000000000142e+01 -3.327918925644419492e-08
1.515000000000000036e+01 -3.514888826057973026e-08
1.520000000000000107e+01 -3.897266326194268512e-08
1.525000000000000000e+01 -4.435161432164080524e-08
1.530000000000000071e+01 -5.077928762690727871e-08
1.535000000000000142e+01 -5.768929923767207889e-08
1.540000000000000036e+01 -6.449468467822046010e-08
1.545000000000000107e+01 -7.061599219392506911e-08
1.550000000000000000e+01 -7.553766707830271100e-08
1.555000000000000071e+01 -7.883739471301177426e-08
1.560000000000000142e+01 -8.020890576187398844e-08
1.565000000000000036e+01 -7.948612057627497433e-08
1.570000000000000107e+01 -7.665999583305980996e-08
1.575000000000000000e+01 -7.185833332030087439e-08
1.580000000000000071e+01 -6.535607539132678688e-08
1.585000000000000142e+01 -5.754151876851994656e-08
1.590000000000000036e+01 -4.889436073808010830e-08
1.595000000000000107e+01 -3.994688609664609898e-08
1.600000000000000000e+01 -3.124803036626716373e-08
1.605000000000000071e+01 -2.332656519466208578e-08
1.610000000000000142e+01 -1.665146367153557221e-08
1.615000000000000213e+01 -1.160290201248379650e-08
1.619999999999999929e+01 -8.445264631453154504e-09
1.625000000000000000e+01 -7.312067710292320970e-09
1.630000000000000071e+01 -8.194751079048654934e-09
1.635000000000000142e+01 -1.094717706564315142e-08
1.640000000000000213e+01 -1.529877058738310002e-08
1.644999999999999929e+01 -2.086850634638536673e-08
