0.000000000000000000e+00 0.000000000000000000e+00
5.000000000000000278e-02 6.110387202705009572e-04
1.000000000000000056e-01 1.212725157537011432e-03
1.500000000000000222e-01 1.795869205996822315e-03
2.000000000000000111e-01 2.351601882735762563e-03
2.500000000000000000e-01 2.871527883640769083e-03
3.000000000000000444e-01 3.347868735917415919e-03
3.500000000000000333e-01 3.773593745939726220e-03
4.000000000000000222e-01 4.142536215825349394e-03
4.500000000000000111e-01 4.449492732166639153e-03
5.000000000000000000e-01 4.690303707448634229e-03
5.500000000000000444e-01 4.861913769410287911e-03
6.000000000000000888e-01 4.962411035650009759e-03
6.500000000000000222e-01 4.991044769252918345e-03
7.000000000000000666e-01 4.948221374952257653e-03
7.500000000000000000e-01 4.835479153176056206e-03
8.000000000000000444e-01 4.655442670432392849e-03
8.500000000000000888e-01 4.411758018611961797e-03
9.000000000000000222e-01 4.109010613556737281e-03
9.500000000000000666e-01 3.752627516376847664e-03
1.000000000000000000e+00 3.348766542506959910e-03
1.050000000000000044e+00 2.904194647844995231e-03
1.100000000000000089e+00 2.426158244543606159e-03
1.150000000000000133e+00 1.922248198796658704e-03
1.200000000000000178e+00 1.400262298603143288e-03
1.250000000000000000e+00 8.680679519509142909e-04
1.300000000000000044e+00 3.334677876523237865e-04
1.350000000000000089e+00 -1.959293138636002715e-04
1.400000000000000133e+00 -7.128294288932444890e-04
1.450000000000000178e+00 -1.210364948526065649e-03
1.500000000000000000e+00 -1.682194276363395196e-03
1.550000000000000044e+00 -2.122588365025785111e-03
1.600000000000000089e+00 -2.526502921269933952e-03
1.650000000000000133e+00 -2.889635453074937150e-03
1.700000000000000178e+00 -3.208466679857740079e-03
1.750000000000000000e+00 -3.480286170695705804e-03
1.800000000000000044e+00 -3.703202407182774533e-03
1.850000000000000089e+00 -3.876137780083515130e-03
1.900000000000000133e+00 -3.998809315839741384e-03
1.950000000000000178e+00 -4.071696184728427516e-03
2.000000000000000000e+00 -4.095995262604306200e-03
2.050000000000000266e+00 -4.073566199325724148e-03
2.100000000000000089e+00 -4.006867586931356709e-03
2.149999999999999911e+00 -3.898885918317126272e-03
2.200000000000000178e+00 -3.753059082566620203e-03
2.250000000000000000e+00 -3.573196157266939326e-03
2.300000000000000266e+00 -3.363395233103326498e-03
2.350000000000000089e+00 -3.127960944628087065e-03
2.400000000000000355e+00 -2.871323286924664861e-03
2.450000000000000178e+00 -2.597959175108682274e-03
2.500000000000000000e+00 -2.312318056839503862e-03
2.550000000000000266e+00 -2.018752722172494508e-03
2.600000000000000089e+00 -1.721456275226634566e-03
2.650000000000000355e+00 -1.424406043348297631e-03
2.700000000000000178e+00 -1.131315006671776121e-03
2.750000000000000000e+00 -8.455911389197292649e-04
2.800000000000000266e+00 -5.703048633166863616e-04
2.850000000000000089e+00 -3.081646495345701040e-04
2.900000000000000355e+00 -6.150061207646876380e-05
2.950000000000000178e+00 1.677441796970148081e-04
3.000000000000000000e+00 3.780151023036031890e-04
3.050000000000000266e+00 5.681406253775825831e-04
3.100000000000000089e+00 7.373208341305776195e-04
3.150000000000000355e+00 8.851105278753153326e-04
3.200000000000000178e+00 1.011397646755405558e-03
3.250000000000000000e+00 1.116377809850521924e-03
3.300000000000000266e+00 1.200525759562576277e-03
3.350000000000000089e+00 1.264564501002983163e-03
3.400000000000000355e+00 1.309432902676562968e-03
3.450000000000000178e+00 1.336252488021573035e-03
3.500000000000000000e+00 1.346294098418693384e-03
3.550000000000000266e+00 1.340945049330673081e-03
3.600000000000000089e+00 1.321677334523957848e-03
3.650000000000000355e+00 1.290017361078040587e-03
3.700000000000000178e+00 1.247517622255696476e-03
3.750000000000000000e+00 1.195730638313037076e-03
3.800000000000000266e+00 1.136185418835180790e-03
3.850000000000000089e+00 1.070366625860456888e-03
3.900000000000000355e+00 9.996965463555753696e-04
3.950000000000000178e+00 9.255199167465989621e-04
4.000000000000000000e+00 8.490915821770088096e-04
4.049999999999999822e+00 7.715669196966237677e-04
4.100000000000000533e+00 6.939949081922845838e-04
4.150000000000000355e+00 6.173136888402174817e-04
4.200000000000000178e+00 5.423484282729620215e-04
4.250000000000000000e+00 4.698112724076471580e-04
4.299999999999999822e+00 4.003031617116867042e-04
4.350000000000000533e+00 3.343172681835754898e-04
4.400000000000000355e+00 2.722438099846380389e-04
4.450000000000000178e+00 2.143760008699443977e-04
4.500000000000000000e+00 1.609168976689868209e-04
4.549999999999999822e+00 1.119869193564098026e-04
4.600000000000000533e+00 6.763182501181651642e-05
4.650000000000000355e+00 2.783095448001704321e-05
4.700000000000000178e+00 -7.494445884786622329e-06
4.750000000000000000e+00 -3.847297003410008994e-05
4.800000000000000711e+00 -6.527500847907608482e-05
4.850000000000000533e+00 -8.810502986263171992e-05
4.900000000000000355e+00 -1.071942829827386186e-04
4.950000000000000178e+00 -1.227939943299333875e-04
5.000000000000000000e+00 -1.351691171616903765e-04
5.050000000000000711e+00 -1.445926704091052381e-04
5.100000000000000533e+00 -1.513406895136958931e-04
5.150000000000000355e+00 -1.556877967765018752e-04
5.200000000000000178e+00 -1.579033860612407379e-04
5.250000000000000000e+00 -1.582484057677194667e-04
5.300000000000000711e+00 -1.569727148731846157e-04
5.350000000000000533e+00 -1.543129794793530758e-04
5.400000000000000355e+00 -1.504910716189608903e-04
5.450000000000000178e+00 -1.457129279580887779e-04
5.500000000000000000e+00 -1.401678233487058795e-04
5.550000000000000711e+00 -1.340280127946772760e-04
5.600000000000000533e+00 -1.274486951396888159e-04
5.650000000000000355e+00 -1.205682525089913791e-04
5.700000000000000178e+00 -1.135087210808252565e-04
5.750000000000000000e+00 -1.063764509744038838e-04
5.800000000000000711e+00 -9.926291577323855832e-05
5.850000000000000533e+00 -9.224563531905219057e-05
5.900000000000000355e+00 -8.538917878786750489e-05
5.950000000000000178e+00 -7.874621858428345331e-05
6.000000000000000000e+00 -7.235860916434453760e-05
6.050000000000000711e+00 -6.625846843759833718e-05
6.100000000000000533e+00 -6.046924283453132564e-05
6.150000000000000355e+00 -5.500674039962830049e-05
6.200000000000000178e+00 -4.988011933839878566e-05
6.250000000000000000e+00 -4.509282227627520141e-05
6.300000000000000711e+00 -4.064344905626025216e-05
6.350000000000000533e+00 -3.652656319804319692e-05
6.400000000000000355e+00 -3.273342915967816536e-05
6.450000000000000178e+00 -2.925267928646062829e-05
6.500000000000000000e+00 -2.607091080879869865e-05
6.550000000000000711e+00 -2.317321447464252372e-05
6.600000000000000533e+00 -2.054363738904193333e-05
6.650000000000000355e+00 -1.816558340269948819e-05
6.700000000000000178e+00 -1.602215496379621001e-05
6.750000000000000000e+00 -1.409644074449809670e-05
6.800000000000000711e+00 -1.237175359729214419e-05
6.850000000000000533e+00 -1.083182350813081612e-05
6.900000000000000355e+00 -9.460950214042906196e-06
6.950000000000000178e+00 -8.244120061908270263e-06
7.000000000000000000e+00 -7.167091520686393260e-06
7.050000000000000711e+00 -6.216453538075905506e-06
7.100000000000000533e+00 -5.379660669222192706e-06
7.150000000000000355e+00 -4.645048612807107355e-06
7.200000000000000178e+00 -4.001833480019635771e-06
7.250000000000000000e+00 -3.440097804194968748e-06
7.300000000000000711e+00 -2.950765981416678302e-06
7.350000000000000533e+00 -2.525571521666403106e-06
7.400000000000000355e+00 -2.157018191360557233e-06
7.450000000000000178e+00 -1.838336845330705564e-06
7.500000000000000000e+00 -1.563439482290997960e-06
7.550000000000000711e+00 -1.326871814522811802e-06
7.600000000000000533e+00 -1.123765420961227249e-06
7.650000000000000355e+00 -9.497903534673463458e-07
7.700000000000000178e+00 -8.011088886606561531e-07
7.750000000000000000e+00 -6.743309616187965538e-07
7.800000000000000711e+00 -5.664716820716770692e-07
7.850000000000000533e+00 -4.749112171861618835e-07
7.900000000000000355e+00 -3.973572262492674515e-07
7.950000000000000178e+00 -3.318099499987778194e-07
8.000000000000000000e+00 -2.765299894543959217e-07
8.050000000000000711e+00 -2.300087542956975205e-07
8.099999999999999645e+00 -1.909415175781170446e-07
8.150000000000000355e+00 -1.582029803918881418e-07
8.200000000000001066e+00 -1.308252255732579797e-07
8.250000000000000000e+00 -1.079779224505176977e-07
8.300000000000000711e+00 -8.895063369267534638e-08
8.349999999999999645e+00 -7.313706952660491017e-08
8.400000000000000355e+00 -6.002113295335303331e-08
8.450000000000001066e+00 -4.916460127581128424e-08
8.500000000000000000e+00 -4.019629350239260073e-08
8.550000000000000711e+00 -3.280257938929282947e-08
8.599999999999999645e+00 -2.671909346906347579e-08
8.650000000000000355e+00 -2.172352594498913517e-08
8.700000000000001066e+00 -1.762937142183688443e-08
8.750000000000000000e+00 -1.428052579036667280e-08
8.800000000000000711e+00 -1.154663094224074451e-08
8.849999999999999645e+00 -9.319076168031639918e-09
8.900000000000000355e+00 -7.507573941598628414e-09
8.950000000000001066e+00 -6.037236213142028600e-09
9.000000000000000000e+00 -4.846085253052648734e-09
9.050000000000000711e+00 -3.882940443639809896e-09
9.099999999999999645e+00 -3.105629217637078754e-09
9.150000000000000355e+00 -2.479476546540118916e-09
9.200000000000001066e+00 -1.976033027938866819e-09
9.250000000000000000e+00 -1.572006705072244649e-09
9.300000000000000711e+00 -1.248368313795733122e-09
9.349999999999999645e+00 -9.896037183706357613e-10
9.400000000000000355e+00 -7.830908969193552423e-10
9.450000000000001066e+00 -6.185820195640578786e-10
9.500000000000000000e+00 -4.877739490111543604e-10
9.550000000000000711e+00 -3.839529329209975916e-10
9.600000000000001421e+00 -3.017013771784660937e-10
9.650000000000000355e+00 -2.366564274645310601e-10
9.700000000000001066e+00 -1.853116711092329928e-10
9.750000000000000000e+00 -1.448546376415799761e-10
9.800000000000000711e+00 -1.130339398314531187e-10
9.850000000000001421e+00 -8.805089628444738834e-11
9.900000000000000355e+00 -6.847132648781753962e-11
9.950000000000001066e+00 -5.315391964623361197e-11
1.000000000000000000e+01 -4.119219745151751681e-11
1.005000000000000071e+01 -3.186758977668484836e-11
1.010000000000000142e+01 -2.461158113008466980e-11
1.015000000000000036e+01 -1.897523961762678629e-11
1.020000000000000107e+01 -1.460474094781104904e-11
1.025000000000000000e+01 -1.122175143987459112e-11
1.030000000000000071e+01 -8.607736197058528032e-12
1.035000000000000142e+01 -6.591436364248234868e-12
1.040000000000000036e+01 -5.038894436048515207e-12
1.045000000000000107e+01 -3.845526369762991911e-12
1.050000000000000000e+01 -2.929832786642559684e-12
1.055000000000000071e+01 -2.228423091578606745e-12
1.060000000000000142e+01 -1.692081749197004117e-12
1.065000000000000036e+01 -1.282670321676618936e-12
1.070000000000000107e+01 -9.706886255044079023e-13
1.075000000000000000e+01 -7.333597441176748865e-13
1.080000000000000071e+01 -5.531303828334877448e-13
1.085000000000000142e+01 -4.164975199962737842e-13
1.090000000000000036e+01 -3.130926240006613950e-13
1.095000000000000107e+01 -2.349683387505188738e-13
1.100000000000000000e+01 -1.760449202235892297e-13
1.105000000000000071e+01 -1.316788871373715363e-13
1.110000000000000142e+01 -9.833048125483488046e-14
1.115000000000000036e+01 -7.330600025485693253e-14
1.120000000000000107e+01 -5.455981840516890482e-14
1.125000000000000000e+01 -4.054041269253829239e-14
1.130000000000000071e+01 -3.007370327655925434e-14
1.135000000000000142e+01 -2.227254188023499464e-14
1.140000000000000036e+01 -1.646788378396354069e-14
1.145000000000000107e+01 -1.215599928454693553e-14
1.150000000000000000e+01 -8.958306897994833102e-15
1.155000000000000071e+01 -6.591079817609470463e-15
1.160000000000000142e+01 -4.841358945949582279e-15
1.165000000000000036e+01 -3.550552001390577689e-15
1.170000000000000107e+01 -2.599293264120036983e-15
1.175000000000000000e+01 -1.900032356509287143e-15
1.180000000000000071e+01 -1.386481449063621647e-15
1.185000000000000142e+01 -1.010143427216551485e-15
1.190000000000000036e+01 -7.347497704272836495e-16
1.195000000000000107e+01 -5.335348839503310516e-16
1.200000000000000000e+01 -3.869591683625351718e-16
1.205000000000000071e+01 -2.800907837220608526e-16
1.210000000000000142e+01 -2.023766144283911810e-16
1.215000000000000036e+01 -1.459267067585597798e-16
1.220000000000000107e+01 -1.053249730002315731e-16
1.225000000000000000e+01 -7.565529343706435416e-17
1.230000000000000071e+01 -5.436021461010070456e-17
1.235000000000000142e+01 -3.879545219828138885e-17
1.240000000000000036e+01 -2.779678461333611977e-17
1.245000000000000107e+01 -1.992055787253642563e-17
1.250000000000000000e+01 -1.424299105086995449e-17
1.255000000000000071e+01 -1.019260405530269043e-17
1.260000000000000142e+01 -7.151424300823331065e-18
1.265000000000000036e+01 -5.241441371536098782e-18
1.270000000000000107e+01 -3.626026007146810386e-18
1.275000000000000000e+01 -2.566117086094940623e-18
1.280000000000000071e+01 -1.848965992101782079e-18
1.285000000000000142e+01 -1.311092918980638777e-18
1.290000000000000036e+01 -9.566316046229383342e-19
1.295000000000000107e+01 -6.503536780089601311e-19
1.300000000000000000e+01 -5.537997600418649036e-19
1.305000000000000071e+01 -2.952752314007489377e-19
1.310000000000000142e+01 -1.572539605756734474e-19
1.315000000000000036e+01 -3.973120787531699277e-20
1.320000000000000107e+01 -2.467314258479884119e-19
1.325000000000000000e+01 -4.463383192331909685e-20
1.330000000000000071e+01 -7.770855663863452141e-20
1.335000000000000142e+01 -2.554370298482070269e-20
1.340000000000000036e+01 6.974870917594492211e-20
1.345000000000000107e+01 3.783328462483964940e-20
1.350000000000000000e+01 2.249284751326026575e-20
1.355000000000000071e+01 -3.173974564247600115e-20
1.360000000000000142e+01 1.042659645774119626e-19
1.365000000000000036e+01 -3.008646813627333330e-20
1.370000000000000107e+01 -4.739720087249988495e-20
1.375000000000000000e+01 7.583416016517714403e-20
1.380000000000000071e+01 -1.304512078164243782e-19
1.385000000000000142e+01 -3.741338223422576232e-20
1.390000000000000036e+01 -1.966823137978696469e-19
1.395000000000000107e+01 -5.907648969777288321e-20
1.400000000000000000e+01 1.168549727836613771e-19
1.405000000000000071e+01 6.774881549784638665e-20
1.410000000000000142e+01 -3.260749666074236068e-21
1.415000000000000036e+01 -2.974435143963393460e-20
1.420000000000000107e+01 4.828488013875168432e-20
1.425000000000000000e+01 -1.459791773267713900e-19
1.430000000000000071e+01 6.614704009321374117e-20
1.435000000000000142e+01 -1.503875625316142511e-19
1.440000000000000036e+01 -6.268766544286123944e-20
1.445000000000000107e+01 -6.040207986545963227e-20
1.450000000000000000e+01 3.126246482640233599e-21
1.455000000000000071e+01 6.778104179890783628e-20
1.460000000000000142e+01 -8.102838562491562779e-20
1.465000000000000036e+01 -5.316702922177377317e-20
1.470000000000000107e+01 8.027244240455989930e-20
1.475000000000000000e+01 -1.611607154945567967e-19
1.480000000000000071e+01 3.783975330299797440e-20
1.485000000000000142e+01 -8.084018471678759959e-20
1.490000000000000036e+01 2.071975829230223280e-20
1.495000000000000107e+01 2.907491996248730363e-20
1.500000000000000000e+01 -2.096953724013764048e-20
1.505000000000000071e+01 -2.234047104885956428e-20
1.510000000000000142e+01 -3.157474745681353148e-20
1.515000000000000036e+01 2.778330107398301522e-20
1.520000000000000107e+01 -1.050812897866475493e-19
1.525000000000000000e+01 1.884071546803928349e-20
1.530000000000000071e+01 1.954487957230953881e-20
1.535000000000000142e+01 2.332989831821659195e-20
1.540000000000000036e+01 1.669225441724944151e-19
1.545000000000000107e+01 -1.378550765452207936e-19
1.550000000000000000e+01 3.892620928982553400e-20
1.555000000000000071e+01 1.133951061055011870e-20
1.560000000000000142e+01 5.054386291904077428e-20
1.565000000000000036e+01 -3.208739364358679145e-20
1.570000000000000107e+01 -1.997389041759034301e-20
1.575000000000000000e+01 4.698838549274662725e-20
1.580000000000000071e+01 3.162378733586107127e-20
1.585000000000000142e+01 -1.355806232029177032e-20
1.590000000000000036e+01 4.740602534364150090e-20
1.595000000000000107e+01 1.060507203803553613e-19
1.600000000000000000e+01 2.928695476325336071e-20
1.605000000000000071e+01 -2.534880576201792981e-21
1.610000000000000142e+01 -1.666211199870598378e-19
1.615000000000000213e+01 1.584631961143882183e-19
1.619999999999999929e+01 8.035110110563142731e-20
1.625000000000000000e+01 9.721280843893346048e-20
1.630000000000000071e+01 1.770672177728084716e-19
1.635000000000000142e+01 -1.499692039506212111e-20
1.640000000000000213e+01 -1.214199132012995580e-20
1.644999999999999929e+01 -9.465510870745565867e-20
1.650000000000000000e+01 -1.295930733268255607e-20
1.655000000000000071e+01 1.900943826129020866e-20
1.660000000000000142e+01 -4.189135573312513174e-20
1.665000000000000213e+01 5.793139097796244329e-20
1.669999999999999929e+01 1.868734873693681975e-20
1.675000000000000000e+01 -4.907599004978327772e-21
1.680000000000000071e+01 -1.393603746316512074e-19
1.685000000000000142e+01 5.652730014698733069e-21
1.690000000000000213e+01 -4.737650214737345151e-20
1.694999999999999929e+01 -2.538301673825051455e-20
1.700000000000000000e+01 -7.038675197682652563e-20
1.705000000000000071e+01 -7.575534547300426582e-20
1.710000000000000142e+01 -9.042740832120505246e-20
1.715000000000000213e+01 -4.253661166696586941e-20
1.719999999999999929e+01 5.783760181966488020e-20
1.725000000000000000e+01 3.722791026857220406e-20
1.730000000000000071e+01 6.216063939529277780e-20
1.735000000000000142e+01 -7.180517369910947400e-20
1.740000000000000213e+01 7.485031882560884272e-20
1.744999999999999929e+01 7.318076398875612363e-20
1.750000000000000000e+01 -4.650614151795271460e-20
1.755000000000000071e+01 2.321909759657511407e-20
1.760000000000000142e+01 -6.547886665244396859e-21
1.765000000000000213e+01 8.304989639039444552e-20
1.769999999999999929e+01 -1.335163365918007980e-21
1.775000000000000000e+01 7.677315202976826738e-20
1.780000000000000071e+01 -1.075036822232923114e-19
1.785000000000000142e+01 -7.217416004012145123e-20
1.790000000000000213e+01 2.719057804640627938e-20
1.794999999999999929e+01 -1.275692015144976215e-19
1.800000000000000000e+01 6.319528746437572267e-20
1.805000000000000071e+01 -3.071412760720900835e-20
1.810000000000000142e+01 5.384194037017130863e-20
1.815000000000000213e+01 4.968726051816268024e-20
1.819999999999999929e+01 -1.078085018471780950e-20
1.825000000000000000e+01 1.569390987134157751e-20
1.830000000000000071e+01 1.548490543835848712e-20
1.835000000000000142e+01 -1.597228980540117514e-20
1.840000000000000213e+01 3.504349491072064624e-20
1.844999999999999929e+01 -9.759245638466586156e-21
1.850000000000000000e+01 3.643290169076399957e-20
1.855000000000000071e+01 1.115958323808405042e-20
1.860000000000000142e+01 -9.060273056169278669e-20
1.865000000000000213e+01 9.394221325818533763e-20
1.869999999999999929e+01 -3.192181420972610597e-20
1.875000000000000000e+01 1.455927938746319175e-20
1.880000000000000071e+01 -3.554127579219438309e-20
1.885000000000000142e+01 -1.172533712915093755e-20
1.890000000000000213e+01 -1.906328345317182447e-19
1.894999999999999929e+01 -7.148026368821295735e-20
1.900000000000000000e+01 -1.313966274095305836e-19
1.905000000000000071e+01 -1.443854594222346883e-19
1.910000000000000142e+01 -7.488911157979486553e-20
1.915000000000000213e+01 -1.270521981165296605e-19
1.920000000000000284e+01 -8.752785935609396932e-20
1.925000000000000000e+01 -9.568188280999721454e-20
1.930000000000000071e+01 -9.714265571961899252e-20
1.935000000000000142e+01 -8.414362783217733156e-21
1.940000000000000213e+01 -8.855817389047577774e-20
1.945000000000000284e+01 7.849560139703601150e-21
1.950000000000000000e+01 -7.438735752084665832e-20
1.955000000000000071e+01 -7.689538934043333954e-20
1.960000000000000142e+01 -1.068114316157245454e-19
1.965000000000000213e+01 -2.000431950473186061e-20
1.970000000000000284e+01 -3.178446952851432335e-20
1.975000000000000000e+01 -2.426179182419069837e-20
1.980000000000000071e+01 -1.067485520469804122e-19
1.985000000000000142e+01 -2.675601946067275210e-20
1.990000000000000213e+01 -1.038013964300542228e-19
1.995000000000000284e+01 3.501442635273164780e-21
2.000000000000000000e+01 1.335574281964855056e-19
2.005000000000000071e+01 -3.873636822510401740e-20
2.010000000000000142e+01 2.363296072387911000e-20
2.015000000000000213e+01 1.570581142505443494e-20
2.020000000000000284e+01 -4.042393488459834903e-20
2.025000000000000000e+01 -4.383093020470244848e-20
2.030000000000000071e+01 2.922319383789185037e-20
2.035000000000000142e+01 -6.608928547776816783e-20
2.040000000000000213e+01 6.195542032323829230e-20
2.045000000000000284e+01 1.081164709742516082e-19
2.050000000000000000e+01 8.211138706262200034e-20
2.055000000000000071e+01 1.582421663317164035e-19
2.060000000000000142e+01 6.320701745090713104e-20
2.065000000000000213e+01 9.684621475791391589e-20
2.070000000000000284e+01 1.321575661212456638e-19
2.075000000000000000e+01 1.500308059207155707e-19
2.080000000000000071e+01 1.986379343373899828e-19
2.085000000000000142e+01 3.270214019495304768e-19
2.090000000000000213e+01 7.980006316308555310e-20
2.095000000000000284e+01 2.230280926895151271e-19
2.100000000000000000e+01 1.076792860859907146e-19
2.105000000000000071e+01 6.455035385045702010e-20
2.110000000000000142e+01 1.160447545507068366e-19
2.115000000000000213e+01 1.325328575716214647e-19
2.120000000000000284e+01 1.339736490632195843e-19
2.125000000000000000e+01 8.327910675110962528e-20
2.130000000000000071e+01 4.699848874470249491e-20
2.135000000000000142e+01 1.764258399469797970e-19
2.140000000000000213e+01 6.413098065323002420e-20
2.145000000000000284e+01 6.793921839759640413e-20
2.150000000000000000e+01 -6.464988895501033739e-20
2.155000000000000071e+01 1.004277003508103092e-19
2.160000000000000142e+01 1.171750848927387780e-20
2.165000000000000213e+01 -2.683335544378958810e-20
2.170000000000000284e+01 1.316228329686872109e-21
2.175000000000000000e+01 -7.860869313196027670e-21
2.180000000000000071e+01 1.480205018302478339e-20
2.185000000000000142e+01 -1.743305821574606777e-19
2.190000000000000213e+01 -8.918302049904797530e-20
2.195000000000000284e+01 -1.564877114060992549e-19
2.200000000000000000e+01 -1.416910227248206243e-19
2.205000000000000071e+01 -1.862961596762820897e-19
2.210000000000000142e+01 -1.245292270639078806e-19
2.215000000000000213e+01 -6.182317452136234838e-21
2.220000000000000284e+01 -5.016812060986386148e-20
2.225000000000000000e+01 -3.618247296341138726e-20
2.230000000000000071e+01 -9.641315377830298048e-20
2.235000000000000142e+01 -1.354935948870069944e-19
2.240000000000000213e+01 -1.423722048315263692e-19
2.245000000000000284e+01 -1.027665137734359711e-19
2.250000000000000000e+01 -2.052305486504210835e-19
2.255000000000000071e+01 -2.232467891714057885e-19
2.260000000000000142e+01 -9.805020283443419310e-20
2.265000000000000213e+01 -1.506636784947304148e-19
2.270000000000000284e+01 -1.185018630436855994e-19
2.275000000000000000e+01 -1.219942612924266374e-19
2.280000000000000071e+01 -1.510553261937910334e-20
2.285000000000000142e+01 -1.466290268898493891e-19
2.290000000000000213e+01 -4.355459613967900680e-20
2.295000000000000284e+01 -7.578431869244020650e-20
2.300000000000000000e+01 -3.917793656433433131e-20
2.305000000000000071e+01 -1.060487844751345022e-19
2.310000000000000142e+01 -1.532425233023631639e-19
2.315000000000000213e+01 -6.602752997821110717e-20
2.320000000000000284e+01 -1.159221244042834868e-19
2.325000000000000000e+01 -4.432867101461960594e-20
2.330000000000000071e+01 3.651399837780191132e-20
2.335000000000000142e+01 -8.432191915288000478e-20
2.340000000000000213e+01 5.087247886027773877e-20
2.345000000000000284e+01 2.100308062789569342e-21
2.350000000000000000e+01 3.600575897009084304e-20
2.355000000000000071e+01 -5.465078273630943589e-20
2.360000000000000142e+01 6.828106764332367089e-20
2.365000000000000213e+01 -3.071462350012227999e-20
2.370000000000000284e+01 4.629772531173377561e-20
2.375000000000000000e+01 5.114731606563097384e-20
2.380000000000000071e+01 8.718390554271671105e-20
2.385000000000000142e+01 -1.131402035199078533e-20
2.390000000000000213e+01 -4.374305749720196334e-20
2.395000000000000284e+01 1.678015623909569029e-20
2.400000000000000000e+01 1.595529047875437987e-19
2.405000000000000071e+01 2.124259267178353991e-20
2.410000000000000142e+01 2.038598661627171426e-19
2.415000000000000213e+01 1.056141851026115153e-19
2.420000000000000284e+01 -6.272211361618922978e-20
2.425000000000000000e+01 1.959441693558104088e-19
2.430000000000000071e+01 7.300082959493548894e-20
2.435000000000000142e+01 7.994680802584828300e-21
2.440000000000000213e+01 1.078536330915497604e-19
2.445000000000000284e+01 7.627825188663178083e-21
2.450000000000000000e+01 -3.230949651356143409e-20
2.455000000000000071e+01 1.475041081992187354e-19
2.460000000000000142e+01 6.849418341366529843e-20
2.465000000000000213e+01 -3.628069532210634065e-20
2.470000000000000284e+01 5.432333604106302265e-20
2.475000000000000000e+01 2.533447758660058135e-19
2.480000000000000071e+01 2.384796925415621569e-19
2.485000000000000142e+01 6.444640498388196058e-20
2.490000000000000213e+01 -8.696505004739453432e-21
2.495000000000000284e+01 1.045192950030647484e-19
