0.000000000000000000e+00 4.880516553479476993e-01
5.000000000000000278e-02 9.622410231108666570e-03
1.000000000000000056e-01 4.611610232534966471e-03
1.500000000000000222e-01 2.855060822491052239e-03
2.000000000000000111e-01 1.914570134373079924e-03
2.500000000000000000e-01 1.303389260539841938e-03
3.000000000000000444e-01 8.598216892801319742e-04
3.500000000000000333e-01 5.150533499420535417e-04
4.000000000000000222e-01 2.350528942483687668e-04
4.500000000000000111e-01 1.185623377765879481e-06
5.000000000000000000e-01 -1.975297523205271633e-04
5.500000000000000444e-01 -3.679189643560276061e-04
6.000000000000000888e-01 -5.143907648358146765e-04
6.500000000000000222e-01 -6.400237065200824367e-04
7.000000000000000666e-01 -7.469536271496131277e-04
7.500000000000000000e-01 -8.367825380536820113e-04
8.000000000000000444e-01 -9.107329129699555294e-04
8.500000000000000888e-01 -9.698028762237258151e-04
9.000000000000000222e-01 -1.014861338841654319e-03
9.500000000000000666e-01 -1.046707855717950511e-03
1.000000000000000000e+00 -1.066061861766556644e-03
1.050000000000000044e+00 -1.073614664441326690e-03
1.100000000000000089e+00 -1.070096969879879081e-03
1.150000000000000133e+00 -1.056174513591654450e-03
1.200000000000000178e+00 -1.032574924182287418e-03
1.250000000000000000e+00 -1.000032891588602084e-03
1.300000000000000044e+00 -9.592934579684618242e-04
1.350000000000000089e+00 -9.111394898385615773e-04
1.400000000000000133e+00 -8.563023825677695388e-04
1.450000000000000178e+00 -7.956426282409938917e-04
1.500000000000000000e+00 -7.299383715519970313e-04
1.550000000000000044e+00 -6.599974488102567033e-04
1.600000000000000089e+00 -5.866783899498451832e-04
1.650000000000000133e+00 -5.107585761262078755e-04
1.700000000000000178e+00 -4.331690634595521876e-04
1.750000000000000000e+00 -3.545842817211069110e-04
1.800000000000000044e+00 -2.758837297543155031e-04
1.850000000000000089e+00 -1.978487399485366410e-04
1.900000000000000133e+00 -1.212223557673885164e-04
1.950000000000000178e+00 -4.669235317948377276e-05
2.000000000000000000e+00 2.503794338020471499e-05
2.050000000000000266e+00 9.334394795018233031e-05
2.100000000000000089e+00 1.576773546752877574e-04
2.149999999999999911e+00 2.175418940231538712e-04
2.200000000000000178e+00 2.724626374179642849e-04
2.250000000000000000e+00 3.221044250411571959e-04
2.300000000000000266e+00 3.661498893514704184e-04
2.350000000000000089e+00 4.043625823107231481e-04
2.400000000000000355e+00 4.367093605478358591e-04
2.450000000000000178e+00 4.630148483638200940e-04
2.500000000000000000e+00 4.833682735124111493e-04
2.550000000000000266e+00 4.978477537946891492e-04
2.600000000000000089e+00 5.066400194658698215e-04
2.650000000000000355e+00 5.099493514993570656e-04
2.700000000000000178e+00 5.081264236010342612e-04
2.750000000000000000e+00 5.014873510917334902e-04
2.800000000000000266e+00 4.904493140228839828e-04
2.850000000000000089e+00 4.754257854731132782e-04
2.900000000000000355e+00 4.569082103954846276e-04
2.950000000000000178e+00 4.353441297279176964e-04
3.000000000000000000e+00 4.112430188654741712e-04
3.050000000000000266e+00 3.850947355711700510e-04
3.100000000000000089e+00 3.573800318570516887e-04
3.150000000000000355e+00 3.285920970630877656e-04
3.200000000000000178e+00 2.991658374755755412e-04
3.250000000000000000e+00 2.694889513713175197e-04
3.300000000000000266e+00 2.399907717746662132e-04
3.350000000000000089e+00 2.109869837892426993e-04
3.400000000000000355e+00 1.828223871087069523e-04
3.450000000000000178e+00 1.557266273654339282e-04
3.500000000000000000e+00 1.299459187740320510e-04
3.550000000000000266e+00 1.056510350513013342e-04
3.600000000000000089e+00 8.298527672149388326e-05
3.650000000000000355e+00 6.205390976888104941e-05
3.700000000000000178e+00 4.290034030144545575e-05
3.750000000000000000e+00 2.556713409536011869e-05
3.800000000000000266e+00 1.004851659219165778e-05
3.850000000000000089e+00 -3.668267413322978689e-06
3.900000000000000355e+00 -1.566803591172142145e-05
3.950000000000000178e+00 -2.600553807170462301e-05
4.000000000000000000e+00 -3.475619935085216827e-05
4.049999999999999822e+00 -4.204815566240950435e-05
4.100000000000000533e+00 -4.795808757709814498e-05
4.150000000000000355e+00 -5.261311600752835080e-05
4.200000000000000178e+00 -5.613776034047418377e-05
4.250000000000000000e+00 -5.863134644585144635e-05
4.299999999999999822e+00 -6.022127562345183524e-05
4.350000000000000533e+00 -6.101569295855572834e-05
4.400000000000000355e+00 -6.111149493649943641e-05
4.450000000000000178e+00 -6.061974531917337978e-05
4.500000000000000000e+00 -5.962741827602174589e-05
4.549999999999999822e+00 -5.822041488591744559e-05
4.600000000000000533e+00 -5.648343403597534088e-05
4.650000000000000355e+00 -5.448372482754786279e-05
4.700000000000000178e+00 -5.228324060274090393e-05
4.750000000000000000e+00 -4.994137281850219353e-05
4.800000000000000711e+00 -4.751177736079677906e-05
4.850000000000000533e+00 -4.502923747942001829e-05
4.900000000000000355e+00 -4.253836315730545457e-05
4.950000000000000178e+00 -4.006815585284416307e-05
5.000000000000000000e+00 -3.763995960979575606e-05
5.050000000000000711e+00 -3.528206850067990594e-05
5.100000000000000533e+00 -3.300650128899349878e-05
5.150000000000000355e+00 -3.082958840648375329e-05
5.200000000000000178e+00 -2.875429664584711059e-05
5.250000000000000000e+00 -2.679066905206006053e-05
5.300000000000000711e+00 -2.494328228954569349e-05
5.350000000000000533e+00 -2.320962217785516613e-05
5.400000000000000355e+00 -2.158987426667375478e-05
5.450000000000000178e+00 -2.008279293911802401e-05
5.500000000000000000e+00 -1.868355261242634957e-05
5.550000000000000711e+00 -1.738969778490469570e-05
5.600000000000000533e+00 -1.619318475229846051e-05
5.650000000000000355e+00 -1.508754071151238203e-05
5.700000000000000178e+00 -1.406986698682326441e-05
5.750000000000000000e+00 -1.313136084869976233e-05
5.800000000000000711e+00 -1.226888948043391330e-05
5.850000000000000533e+00 -1.147563520732459001e-05
5.900000000000000355e+00 -1.074506800421566329e-05
5.950000000000000178e+00 -1.007317958594606076e-05
6.000000000000000000e+00 -9.455271471604049984e-06
6.050000000000000711e+00 -8.887374404096198095e-06
6.100000000000000533e+00 -8.366204979858252747e-06
6.150000000000000355e+00 -7.885413200878623412e-06
6.200000000000000178e+00 -7.442597601665401753e-06
6.250000000000000000e+00 -7.035690270997513325e-06
6.300000000000000711e+00 -6.660903716980773066e-06
6.350000000000000533e+00 -6.314105352998764678e-06
6.400000000000000355e+00 -5.994063019034571359e-06
6.450000000000000178e+00 -5.697616620432434065e-06
6.500000000000000000e+00 -5.421013287618842993e-06
6.550000000000000711e+00 -5.163992378056069462e-06
6.600000000000000533e+00 -4.923460605510672445e-06
6.650000000000000355e+00 -4.697615131148310036e-06
6.700000000000000178e+00 -4.484264232028377562e-06
6.750000000000000000e+00 -4.282886365179756155e-06
6.800000000000000711e+00 -4.091185770180771810e-06
6.850000000000000533e+00 -3.908286503299415327e-06
6.900000000000000355e+00 -3.732909434691519390e-06
6.950000000000000178e+00 -3.566616574322531998e-06
7.000000000000000000e+00 -3.407072321930175402e-06
7.050000000000000711e+00 -3.253513573330144497e-06
7.100000000000000533e+00 -3.107792144551569227e-06
7.150000000000000355e+00 -2.969217557816260174e-06
7.200000000000000178e+00 -2.838036558085252201e-06
7.250000000000000000e+00 -2.713684812998730536e-06
7.300000000000000711e+00 -2.597294554594002648e-06
7.350000000000000533e+00 -2.488094598620110323e-06
7.400000000000000355e+00 -2.386210953879441639e-06
7.450000000000000178e+00 -2.292044287621796367e-06
7.500000000000000000e+00 -2.204939819825289586e-06
7.550000000000000711e+00 -2.124081950180618002e-06
7.600000000000000533e+00 -2.049510983689615003e-06
7.650000000000000355e+00 -1.980081150566709427e-06
