0.000000000000000000e+00 2.346541022754610054e-06
5.000000000000000278e-02 5.453043494356806089e-05
1.000000000000000056e-01 1.091668364290515137e-04
1.500000000000000222e-01 1.640408261640841200e-04
2.000000000000000111e-01 2.192110578798602460e-04
2.500000000000000000e-01 2.747142290721298757e-04
3.000000000000000444e-01 3.305225944973646168e-04
3.500000000000000333e-01 3.865434130456983273e-04
4.000000000000000222e-01 4.426097663851205166e-04
4.500000000000000111e-01 4.984784087050347749e-04
5.000000000000000000e-01 5.538207679186158555e-04
5.500000000000000444e-01 6.082300298947676195e-04
6.000000000000000888e-01 6.612337344809479612e-04
6.500000000000000222e-01 7.122990609971939545e-04
7.000000000000000666e-01 7.608050526401739354e-04
7.500000000000000000e-01 8.061281012481045496e-04
8.000000000000000444e-01 8.475896731996460315e-04
8.500000000000000888e-01 8.845394124510347475e-04
9.000000000000000222e-01 9.162782347010939256e-04
9.500000000000000666e-01 9.421725953730512252e-04
1.000000000000000000e+00 9.616519655239463837e-04
1.050000000000000044e+00 9.741502509832189243e-04
1.100000000000000089e+00 9.792324668177069050e-04
1.150000000000000133e+00 9.765536935558506758e-04
1.200000000000000178e+00 9.658388755473626972e-04
1.250000000000000000e+00 9.469634920964175358e-04
1.300000000000000044e+00 9.199257147271282156e-04
1.350000000000000089e+00 8.848876436969363565e-04
1.400000000000000133e+00 8.420284493896552447e-04
1.450000000000000178e+00 7.918420432296477927e-04
1.500000000000000000e+00 7.347219185672838968e-04
1.550000000000000044e+00 6.713267259412100067e-04
1.600000000000000089e+00 6.024140906105571527e-04
1.650000000000000133e+00 5.287317127734077367e-04
1.700000000000000178e+00 4.512991359561086251e-04
1.750000000000000000e+00 3.709042693674876505e-04
1.800000000000000044e+00 2.885957463618210313e-04
1.850000000000000089e+00 2.053800865030370624e-04
1.900000000000000133e+00 1.222682226057469890e-04
1.950000000000000178e+00 4.019416618156104721e-05
2.000000000000000000e+00 -3.985192778352639886e-05
2.050000000000000266e+00 -1.169787110323722258e-04
2.100000000000000089e+00 -1.903899350123849368e-04
2.149999999999999911e+00 -2.593755848063763417e-04
2.200000000000000178e+00 -3.232142683349593405e-04
2.250000000000000000e+00 -3.813856604961200184e-04
2.300000000000000266e+00 -4.334860247778578963e-04
2.350000000000000089e+00 -4.791092340920364147e-04
2.400000000000000355e+00 -5.181231091064355827e-04
2.450000000000000178e+00 -5.503151055855461712e-04
2.500000000000000000e+00 -5.757515521287449563e-04
2.550000000000000266e+00 -5.945092068732242899e-04
2.600000000000000089e+00 -6.067757900489098013e-04
2.650000000000000355e+00 -6.127630089240714440e-04
2.700000000000000178e+00 -6.128783340828348244e-04
2.750000000000000000e+00 -6.074528357253347177e-04
2.800000000000000266e+00 -5.969685137491212825e-04
2.850000000000000089e+00 -5.819141526423459191e-04
2.900000000000000355e+00 -5.628404787751098339e-04
2.950000000000000178e+00 -5.402052540149758107e-04
3.000000000000000000e+00 -5.145798047770801893e-04
3.050000000000000266e+00 -4.864684640736876187e-04
3.100000000000000089e+00 -4.564245085626520934e-04
3.150000000000000355e+00 -4.249607362944765035e-04
3.200000000000000178e+00 -3.925154456654256436e-04
3.250000000000000000e+00 -3.595313084066125960e-04
3.300000000000000266e+00 -3.264003899175490055e-04
3.350000000000000089e+00 -2.935312297187472582e-04
3.400000000000000355e+00 -2.612165761522161470e-04
3.450000000000000178e+00 -2.297596723337285470e-04
3.500000000000000000e+00 -1.993995012488962914e-04
3.550000000000000266e+00 -1.703295929375516664e-04
3.600000000000000089e+00 -1.427120714630473650e-04
3.650000000000000355e+00 -1.167076284369994123e-04
3.700000000000000178e+00 -9.235458239172206446e-05
3.750000000000000000e+00 -6.976350556371773716e-05
3.800000000000000266e+00 -4.893985875190115964e-05
3.850000000000000089e+00 -2.990481551512619692e-05
3.900000000000000355e+00 -1.263691323817096517e-05
3.950000000000000178e+00 2.886347436645964185e-06
4.000000000000000000e+00 1.670808476381818730e-05
4.049999999999999822e+00 2.892839697933662532e-05
4.100000000000000533e+00 3.957380793314205540e-05
4.150000000000000355e+00 4.873510669852895922e-05
4.200000000000000178e+00 5.653316184239141277e-05
4.250000000000000000e+00 6.301762139339712923e-05
4.299999999999999822e+00 6.829886152791624315e-05
4.350000000000000533e+00 7.248923645921278214e-05
4.400000000000000355e+00 7.566087955914023325e-05
4.450000000000000178e+00 7.792400496194441058e-05
4.500000000000000000e+00 7.935970157539479490e-05
4.549999999999999822e+00 8.006017383306281501e-05
4.600000000000000533e+00 8.012153595416620733e-05
4.650000000000000355e+00 7.961695773102949738e-05
4.700000000000000178e+00 7.862099739883668815e-05
4.750000000000000000e+00 7.721505810925205493e-05
4.800000000000000711e+00 7.546326953248585438e-05
4.850000000000000533e+00 7.342645648664959874e-05
4.900000000000000355e+00 7.116694186604051236e-05
4.950000000000000178e+00 6.873296742375601840e-05
5.000000000000000000e+00 6.617026183063091894e-05
5.050000000000000711e+00 6.352027682621856608e-05
5.100000000000000533e+00 6.082297291912687617e-05
5.150000000000000355e+00 5.811074477405420076e-05
5.200000000000000178e+00 5.540328948470648121e-05
5.250000000000000000e+00 5.273108509930716560e-05
5.300000000000000711e+00 5.010920568237825832e-05
5.350000000000000533e+00 4.755425231404387731e-05
5.400000000000000355e+00 4.507624237250689803e-05
5.450000000000000178e+00 4.268721326213504268e-05
5.500000000000000000e+00 4.039108675005780729e-05
5.550000000000000711e+00 3.819720207837342389e-05
5.600000000000000533e+00 3.610121702119632091e-05
5.650000000000000355e+00 3.410786589817898883e-05
5.700000000000000178e+00 3.221759736276211370e-05
5.750000000000000000e+00 3.042509109324308413e-05
5.800000000000000711e+00 2.873374086196564187e-05
5.850000000000000533e+00 2.713769119528206171e-05
5.900000000000000355e+00 2.563317224238435683e-05
5.950000000000000178e+00 2.421891470895342526e-05
6.000000000000000000e+00 2.288947429241688198e-05
6.050000000000000711e+00 2.164193476734343699e-05
6.100000000000000533e+00 2.047318147016634609e-05
6.150000000000000355e+00 1.937739941866033119e-05
6.200000000000000178e+00 1.835109979984176880e-05
6.250000000000000000e+00 1.739193459670341344e-05
6.300000000000000711e+00 1.649379043011437631e-05
6.350000000000000533e+00 1.565369453102929072e-05
6.400000000000000355e+00 1.486876333427184678e-05
6.450000000000000178e+00 1.413351393195931151e-05
6.500000000000000000e+00 1.344509977888967350e-05
6.550000000000000711e+00 1.280088379213290475e-05
6.600000000000000533e+00 1.219584719579982904e-05
6.650000000000000355e+00 1.162703239298140329e-05
6.700000000000000178e+00 1.109238662287157557e-05
6.750000000000000000e+00 1.058811295519707660e-05
6.800000000000000711e+00 1.011201512795468093e-05
6.850000000000000533e+00 9.661421492635144246e-06
6.900000000000000355e+00 9.233978715290497568e-06
6.950000000000000178e+00 8.827796694138622522e-06
7.000000000000000000e+00 8.441741100495024278e-06
7.050000000000000711e+00 8.073507674455568587e-06
7.100000000000000533e+00 7.722485419717889976e-06
7.150000000000000355e+00 7.387360972403785770e-06
7.200000000000000178e+00 7.067221337649285981e-06
7.250000000000000000e+00 6.761034072417130772e-06
7.300000000000000711e+00 6.468738128922024830e-06
7.350000000000000533e+00 6.189243599951613820e-06
7.400000000000000355e+00 5.922126005388545671e-06
7.450000000000000178e+00 5.667350936645380710e-06
7.500000000000000000e+00 5.423985546969421534e-06
7.550000000000000711e+00 5.191826886535476769e-06
7.600000000000000533e+00 4.970214969130109191e-06
7.650000000000000355e+00 4.758919558052373197e-06
