0.000000000000000000e+00 0.000000000000000000e+00
5.000000000000000278e-02 -1.609490072775845713e-13
1.000000000000000056e-01 -5.140310132668167849e-12
1.500000000000000222e-01 -3.890723141817033644e-11
2.000000000000000111e-01 -1.632081551207666366e-10
2.500000000000000000e-01 -4.951561252617792750e-10
3.000000000000000444e-01 -1.223291806150933002e-09
3.500000000000000333e-01 -2.621657789368235948e-09
4.000000000000000222e-01 -5.061470437379145430e-09
4.500000000000000111e-01 -9.020025533391068349e-09
5.000000000000000000e-01 -1.508653449621168506e-08
5.500000000000000444e-01 -2.396465581509197578e-08
6.000000000000000888e-01 -3.647156042873736235e-08
6.500000000000000222e-01 -5.353344861560394274e-08
7.000000000000000666e-01 -7.617751802825468397e-08
7.500000000000000000e-01 -1.055204661094873109e-07
8.000000000000000444e-01 -1.427536934820840179e-07
8.500000000000000888e-01 -1.891254561431049534e-07
9.000000000000000222e-01 -2.459200725175770117e-07
9.500000000000000666e-01 -3.144358685055513449e-07
1.000000000000000000e+00 -3.959591778094802567e-07
1.050000000000000044e+00 -4.917389980384882238e-07
1.100000000000000089e+00 -6.029598743543746699e-07
1.150000000000000133e+00 -7.307147610898856760e-07
1.200000000000000178e+00 -8.759782781772701653e-07
1.250000000000000000e+00 -1.039580970964690026e-06
1.300000000000000044e+00 -1.222185170663761398e-06
1.350000000000000089e+00 -1.424263026771706719e-06
1.400000000000000133e+00 -1.646077242729755552e-06
1.450000000000000178e+00 -1.887664992600768712e-06
1.500000000000000000e+00 -2.148825430850603401e-06
1.550000000000000044e+00 -2.429111130944214408e-06
1.600000000000000089e+00 -2.727822512156329549e-06
1.650000000000000133e+00 -3.044012231753584459e-06
1.700000000000000178e+00 -3.376485227940275259e-06
1.750000000000000000e+00 -3.723804158191219251e-06
1.800000000000000044e+00 -4.084311594182722300e-06
1.850000000000000089e+00 -4.456140578088062644e-06
1.900000000000000133e+00 -4.837236798648575570e-06
1.950000000000000178e+00 -5.225382548381460217e-06
2.000000000000000000e+00 -5.618223519024143118e-06
2.050000000000000266e+00 -6.013297915476991192e-06
2.100000000000000089e+00 -6.408067324539563535e-06
2.149999999999999911e+00 -6.799948745078358177e-06
2.200000000000000178e+00 -7.186347171435942692e-06
2.250000000000000000e+00 -7.564688121966987394e-06
2.300000000000000266e+00 -7.932449519196776148e-06
2.350000000000000089e+00 -8.287192356453115032e-06
2.400000000000000355e+00 -8.626589626749665639e-06
2.450000000000000178e+00 -8.948453041687106537e-06
2.500000000000000000e+00 -9.250757129404198439e-06
2.550000000000000266e+00 -9.531660369158558919e-06
2.600000000000000089e+00 -9.789523093820655340e-06
2.650000000000000355e+00 -1.002292196823596502e-05
2.700000000000000178e+00 -1.023066092887813333e-05
2.750000000000000000e+00 -1.041177854639649939e-05
2.800000000000000266e+00 -1.056555184561952733e-05
2.850000000000000089e+00 -1.069149668558674457e-05
2.900000000000000355e+00 -1.078936486377107580e-05
2.950000000000000178e+00 -1.085913816263372388e-05
3.000000000000000000e+00 -1.090101960214521201e-05
3.050000000000000266e+00 -1.091542219834338883e-05
3.100000000000000089e+00 -1.090295555512975981e-05
3.150000000000000355e+00 -1.086441063437193210e-05
3.200000000000000178e+00 -1.080074305829679262e-05
3.250000000000000000e+00 -1.071305529867690661e-05
3.300000000000000266e+00 -1.060257810018105382e-05
3.350000000000000089e+00 -1.047065147137975135e-05
3.400000000000000355e+00 -1.031870555727890225e-05
3.450000000000000178e+00 -1.014824168296954768e-05
3.500000000000000000e+00 -9.960813830119447711e-06
3.550000000000000266e+00 -9.758010777660302865e-06
3.600000000000000089e+00 -9.541439106154985019e-06
3.650000000000000355e+00 -9.312707232889439420e-06
3.700000000000000178e+00 -9.073410612545740979e-06
3.750000000000000000e+00 -8.825118207077147002e-06
3.800000000000000266e+00 -8.569360298697331139e-06
3.850000000000000089e+00 -8.307617692159079668e-06
3.900000000000000355e+00 -8.041312327054623378e-06
3.950000000000000178e+00 -7.771799297928104331e-06
4.000000000000000000e+00 -7.500360259656872518e-06
4.049999999999999822e+00 -7.228198177854242201e-06
4.100000000000000533e+00 -6.956433368924397473e-06
4.150000000000000355e+00 -6.686100761762339748e-06
4.200000000000000178e+00 -6.418148302803481580e-06
4.250000000000000000e+00 -6.153436418034333632e-06
4.299999999999999822e+00 -5.892738439512325892e-06
4.350000000000000533e+00 -5.636741899746553890e-06
4.400000000000000355e+00 -5.386050594803320239e-06
4.450000000000000178e+00 -5.141187316075158238e-06
4.500000000000000000e+00 -4.902597151153128114e-06
4.549999999999999822e+00 -4.670651256044883661e-06
4.600000000000000533e+00 -4.445651003968385544e-06
4.650000000000000355e+00 -4.227832420009561166e-06
4.700000000000000178e+00 -4.017370815949145706e-06
4.750000000000000000e+00 -3.814385545422339771e-06
4.800000000000000711e+00 -3.618944806150543479e-06
4.850000000000000533e+00 -3.431070423144258635e-06
4.900000000000000355e+00 -3.250742554376337642e-06
4.950000000000000178e+00 -3.077904268312368833e-06
5.000000000000000000e+00 -2.912465950699653032e-06
5.050000000000000711e+00 -2.754309505993706128e-06
5.100000000000000533e+00 -2.603292326579091895e-06
5.150000000000000355e+00 -2.459251010362197495e-06
5.200000000000000178e+00 -2.322004814233808469e-06
5.250000000000000000e+00 -2.191358837192471687e-06
5.300000000000000711e+00 -2.067106932482658670e-06
5.350000000000000533e+00 -1.949034352859826520e-06
5.400000000000000355e+00 -1.836920137002651459e-06
5.450000000000000178e+00 -1.730539248138866666e-06
5.500000000000000000e+00 -1.629664478155047198e-06
5.550000000000000711e+00 -1.534068131872196147e-06
5.600000000000000533e+00 -1.443523506865472600e-06
5.650000000000000355e+00 -1.357806184286419673e-06
5.700000000000000178e+00 -1.276695145725306539e-06
5.750000000000000000e+00 -1.199973730354140183e-06
5.800000000000000711e+00 -1.127430445545213513e-06
5.850000000000000533e+00 -1.058859642988241034e-06
5.900000000000000355e+00 -9.940620711439035827e-07
5.950000000000000178e+00 -9.328453137688067382e-07
6.000000000000000000e+00 -8.750241233015286253e-07
6.050000000000000711e+00 -8.204206571643364468e-07
6.100000000000000533e+00 -7.688612512837716039e-07
6.150000000000000355e+00 -7.201898016117443055e-07
6.200000000000000178e+00 -6.742480429064097818e-07
6.250000000000000000e+00 -6.308884360369828856e-07
6.300000000000000711e+00 -5.899708318513851399e-07
6.350000000000000533e+00 -5.513622813947005164e-07
6.400000000000000355e+00 -5.149368025810114740e-07
6.450000000000000178e+00 -4.805751119117325325e-07
6.500000000000000000e+00 -4.481643299563961680e-07
6.550000000000000711e+00 -4.175976692517718568e-07
6.600000000000000533e+00 -3.887741129967869896e-07
6.650000000000000355e+00 -3.615980924063546557e-07
6.700000000000000178e+00 -3.359791698371344389e-07
6.750000000000000000e+00 -3.118317338309709198e-07
6.800000000000000711e+00 -2.890747110728457566e-07
6.850000000000000533e+00 -2.676312989787560651e-07
6.900000000000000355e+00 -2.474287212750913191e-07
6.950000000000000178e+00 -2.283980075710610405e-07
7.000000000000000000e+00 -2.104737966274352191e-07
7.050000000000000711e+00 -1.935941618530759529e-07
7.100000000000000533e+00 -1.777004565731497633e-07
7.150000000000000355e+00 -1.627371758556593520e-07
7.200000000000000178e+00 -1.486518311879496187e-07
7.250000000000000000e+00 -1.353948340781459453e-07
7.300000000000000711e+00 -1.229193847162677432e-07
7.350000000000000533e+00 -1.111813621481821782e-07
7.400000000000000355e+00 -1.001392129586614166e-07
7.450000000000000178e+00 -8.975383618089104419e-08
7.500000000000000000e+00 -7.998846299249301169e-08
7.550000000000000711e+00 -7.080853065987336584e-08
7.600000000000000533e+00 -6.218155108935936174e-08
7.650000000000000355e+00 -5.407697517348861699e-08
7.700000000000000178e+00 -4.646605482859727977e-08
7.750000000000000000e+00 -3.932170516004471967e-08
7.800000000000000711e+00 -3.261824409287080298e-08
7.850000000000000533e+00 -2.633185875037488912e-08
7.900000000000000355e+00 -2.043944617098680070e-08
7.950000000000000178e+00 -1.491929358976654207e-08
8.000000000000000000e+00 -9.750761460411365018e-09
8.050000000000000711e+00 -4.914201649327562501e-09
8.099999999999999645e+00 -3.908906845190241310e-10
8.150000000000000355e+00 3.837022094674392322e-09
8.200000000000001066e+00 7.786552408529195057e-09
8.250000000000000000e+00 1.147390655468875240e-08
8.300000000000000711e+00 1.491449679286265549e-08
8.349999999999999645e+00 1.812294926119186363e-08
8.400000000000000355e+00 2.111310735594151476e-08
8.450000000000001066e+00 2.389803358001842406e-08
8.500000000000000000e+00 2.649001274445577651e-08
8.550000000000000711e+00 2.890055910189844098e-08
8.599999999999999645e+00 3.114048797004769370e-08
8.650000000000000355e+00 3.321965024693762933e-08
8.700000000000001066e+00 3.514751605252998837e-08
8.750000000000000000e+00 3.693268790898337536e-08
8.800000000000000711e+00 3.858317871288850413e-08
8.849999999999999645e+00 4.010643568372357058e-08
8.900000000000000355e+00 4.150939179893007875e-08
8.950000000000001066e+00 4.279852604942285649e-08
9.000000000000000000e+00 4.397992410495901862e-08
9.050000000000000711e+00 4.505933689575851879e-08
9.099999999999999645e+00 4.604223471658234083e-08
9.150000000000000355e+00 4.693385472428709508e-08
9.200000000000001066e+00 4.773924010871267383e-08
9.250000000000000000e+00 4.846326973880190784e-08
9.300000000000000711e+00 4.911067768376127362e-08
9.349999999999999645e+00 4.968606264044178241e-08
9.400000000000000355e+00 5.019388791948664312e-08
9.450000000000001066e+00 5.063847321205336338e-08
9.500000000000000000e+00 5.102397983795197063e-08
9.550000000000000711e+00 5.135439153409305812e-08
9.600000000000001421e+00 5.163349305657821241e-08
9.650000000000000355e+00 5.186501100567947676e-08
9.700000000000001066e+00 5.205178456783675212e-08
9.750000000000000000e+00 5.219737178166781502e-08
9.800000000000000711e+00 5.230442024219521889e-08
9.850000000000001421e+00 5.237547607910698478e-08
9.900000000000000355e+00 5.241282818387523467e-08
9.950000000000001066e+00 5.241852224732784447e-08
1.000000000000000000e+01 5.239438199035804714e-08
1.005000000000000071e+01 5.234203653367225279e-08
1.010000000000000142e+01 5.226295242070268390e-08
1.015000000000000036e+01 5.215846848621536766e-08
1.020000000000000107e+01 5.202983157165654641e-08
1.025000000000000000e+01 5.187823103787323254e-08
1.030000000000000071e+01 5.170483011723156765e-08
1.035000000000000142e+01 5.151079237232591539e-08
1.040000000000000036e+01 5.129730186926893129e-08
1.045000000000000107e+01 5.106557610530869397e-08
1.050000000000000000e+01 5.081687122216512805e-08
1.055000000000000071e+01 5.055247955334072918e-08
1.060000000000000142e+01 5.027372006050464948e-08
1.065000000000000036e+01 4.998192267591780511e-08
1.070000000000000107e+01 4.967840795434456770e-08
1.075000000000000000e+01 4.936446372352865135e-08
1.080000000000000071e+01 4.904132058907563260e-08
1.085000000000000142e+01 4.871012818819170749e-08
1.090000000000000036e+01 4.837193399579744283e-08
1.095000000000000107e+01 4.802766627500048712e-08
1.100000000000000000e+01 4.767812244705910359e-08
1.105000000000000071e+01 4.732396375765628611e-08
1.110000000000000142e+01 4.696571666432686911e-08
1.115000000000000036e+01 4.660378089611016953e-08
1.120000000000000107e+01 4.623844367342711830e-08
1.125000000000000000e+01 4.586989915505974791e-08
1.130000000000000071e+01 4.549827182837095047e-08
1.135000000000000142e+01 4.512364230099984735e-08
1.140000000000000036e+01 4.474607380384520813e-08
1.145000000000000107e+01 4.436563768443198476e-08
1.150000000000000000e+01 4.398243625744768009e-08
1.155000000000000071e+01 4.359662157745306990e-08
1.160000000000000142e+01 4.320840899253838770e-08
1.165000000000000036e+01 4.281808470570814067e-08
1.170000000000000107e+01 4.242600698667888268e-08
1.175000000000000000e+01 4.203260111175737332e-08
1.180000000000000071e+01 4.163834853340668722e-08
1.185000000000000142e+01 4.124377116526288944e-08
1.190000000000000036e+01 4.084941198712295814e-08
1.195000000000000107e+01 4.045581340671080232e-08
1.200000000000000000e+01 4.006349494631160588e-08
1.205000000000000071e+01 3.967293184494377536e-08
1.210000000000000142e+01 3.928453608042169046e-08
1.215000000000000036e+01 3.889864112785570370e-08
1.220000000000000107e+01 3.851549149595832997e-08
1.225000000000000000e+01 3.813523773980697678e-08
1.230000000000000071e+01 3.775793726279061807e-08
1.235000000000000142e+01 3.738356081823766961e-08
1.240000000000000036e+01 3.701200423026753008e-08
1.245000000000000107e+01 3.664310450038294610e-08
1.250000000000000000e+01 3.627665917475813866e-08
1.255000000000000071e+01 3.591244763628758097e-08
1.260000000000000142e+01 3.555025286852915945e-08
1.265000000000000036e+01 3.518988222272290781e-08
1.270000000000000107e+01 3.483118580363774083e-08
1.275000000000000000e+01 3.447407126842249866e-08
1.280000000000000071e+01 3.411851409127388141e-08
1.285000000000000142e+01 3.376456266717404165e-08
1.290000000000000036e+01 3.341233798742820156e-08
1.295000000000000107e+01 3.306202799328434313e-08
1.300000000000000000e+01 3.271387707580553934e-08
1.305000000000000071e+01 3.236817151589021481e-08
1.310000000000000142e+01 3.202522192595086620e-08
1.315000000000000036e+01 3.168534394680742872e-08
1.320000000000000107e+01 3.134883855738512706e-08
1.325000000000000000e+01 3.101597336502695530e-08
1.330000000000000071e+01 3.068696616067468348e-08
1.335000000000000142e+01 3.036197185293120644e-08
1.340000000000000036e+01 3.004107365048716831e-08
1.345000000000000107e+01 2.972427906124582396e-08
1.350000000000000000e+01 2.941152093988278793e-08
1.355000000000000071e+01 2.910266346691192801e-08
1.360000000000000142e+01 2.879751260557646887e-08
1.365000000000000036e+01 2.849583028090804582e-08
1.370000000000000107e+01 2.819735127833668780e-08
1.375000000000000000e+01 2.790180168360208267e-08
1.380000000000000071e+01 2.760891759253483010e-08
1.385000000000000142e+01 2.731846281411891307e-08
1.390000000000000036e+01 2.703024437248952759e-08
1.395000000000000107e+01 2.674657781208663635e-08
1.400000000000000000e+01 2.646241804046633058e-08
1.405000000000000071e+01 2.618027930376851066e-08
1.410000000000000142e+01 2.590022167072086011e-08
1.415000000000000036e+01 2.562236588437532775e-08
1.420000000000000107e+01 2.534688351046987599e-08
1.425000000000000000e+01 2.507398363217806512e-08
1.430000000000000071e+01 2.480389704304404903e-08
1.435000000000000142e+01 2.453685905110337508e-08
1.440000000000000036e+01 2.427309209063007814e-08
1.445000000000000107e+01 2.401278933878084302e-08
1.450000000000000000e+01 2.375610045321753492e-08
1.455000000000000071e+01 2.350312039026157362e-08
1.460000000000000142e+01 2.325388204234836155e-08
1.465000000000000036e+01 2.300835316464328973e-08
1.470000000000000107e+01 2.276643776215248419e-08
1.475000000000000000e+01 2.252798180147150380e-08
1.480000000000000071e+01 2.229278281644923103e-08
1.485000000000000142e+01 2.206060271442231309e-08
1.490000000000000036e+01 2.183118287723947609e-08
1.495000000000000107e+01 2.160426050267292637e-08
1.500000000000000000e+01 2.137958505698445281e-08
1.505000000000000071e+01 2.115693371235228064e-08
1.510000000000000142e+01 2.093612472298949795e-08
1.515000000000000036e+01 2.071702784466127634e-08
1.520000000000000107e+01 2.049957111303349997e-08
1.525000000000000000e+01 2.028374355186160470e-08
1.530000000000000071e+01 2.006959366462740607e-08
1.535000000000000142e+01 1.985747503383609719e-08
1.540000000000000036e+01 1.964696986641578140e-08
1.545000000000000107e+01 1.943857117864656594e-08
1.550000000000000000e+01 1.923247712278675592e-08
1.555000000000000071e+01 1.902888849261085553e-08
1.560000000000000142e+01 1.882799321843001028e-08
1.565000000000000036e+01 1.862995187952504475e-08
1.570000000000000107e+01 1.843488521860182532e-08
1.575000000000000000e+01 1.824286449723940527e-08
1.580000000000000071e+01 1.805390532936910587e-08
1.585000000000000142e+01 1.786796538621473447e-08
1.590000000000000036e+01 1.768494609768409634e-08
1.595000000000000107e+01 1.750469820054420543e-08
1.600000000000000000e+01 1.732703072171882649e-08
1.605000000000000071e+01 1.715172275335450239e-08
1.610000000000000142e+01 1.697684170462858631e-08
1.615000000000000213e+01 1.680552811836590291e-08
1.619999999999999929e+01 1.663587336224670944e-08
1.625000000000000000e+01 1.646767927718813314e-08
1.630000000000000071e+01 1.630078646584712661e-08
1.635000000000000142e+01 1.613508332164829301e-08
1.640000000000000213e+01 1.597051172518487965e-08
1.644999999999999929e+01 1.580706904568902602e-08
1.650000000000000000e+01 1.564472826247721787e-08
1.655000000000000071e+01 1.548560622540623779e-08
1.660000000000000142e+01 1.532597114978620454e-08
1.665000000000000213e+01 1.516799887373075731e-08
1.669999999999999929e+01 1.501179394943469685e-08
1.675000000000000000e+01 1.485794669674268780e-08
1.680000000000000071e+01 1.470577936500273965e-08
1.685000000000000142e+01 1.455587396931770319e-08
1.690000000000000213e+01 1.440803621632819688e-08
1.694999999999999929e+01 1.426297001796852062e-08
1.700000000000000000e+01 1.412034701997646455e-08
1.705000000000000071e+01 1.398012529146137554e-08
1.710000000000000142e+01 1.384221226235858273e-08
1.715000000000000213e+01 1.370647007398549539e-08
1.719999999999999929e+01 1.357270623580098653e-08
1.725000000000000000e+01 1.344074777832694488e-08
1.730000000000000071e+01 1.331037142944253505e-08
1.735000000000000142e+01 1.318136325611576634e-08
1.740000000000000213e+01 1.305352267384505263e-08
1.744999999999999929e+01 1.292667477023407716e-08
1.750000000000000000e+01 1.280073147313131293e-08
1.755000000000000071e+01 1.267549854242796248e-08
1.760000000000000142e+01 1.255097805702319169e-08
1.765000000000000213e+01 1.242717481588419099e-08
1.769999999999999929e+01 1.230414214596729468e-08
1.775000000000000000e+01 1.218197665084023964e-08
1.780000000000000071e+01 1.206081005131308414e-08
1.785000000000000142e+01 1.194079869892456714e-08
1.790000000000000213e+01 1.182211149792508102e-08
1.794999999999999929e+01 1.170491707477418387e-08
1.800000000000000000e+01 1.158937107941237412e-08
1.805000000000000071e+01 1.147560448685827653e-08
1.810000000000000142e+01 1.136371369277477399e-08
1.815000000000000213e+01 1.125375306790567192e-08
1.819999999999999929e+01 1.114573046305308406e-08
1.825000000000000000e+01 1.103960595055156987e-08
1.830000000000000071e+01 1.093529386453864574e-08
1.835000000000000142e+01 1.083268050303717314e-08
1.840000000000000213e+01 1.073158613928303906e-08
1.844999999999999929e+01 1.063183717363516966e-08
1.850000000000000000e+01 1.053321796383268818e-08
1.855000000000000071e+01 1.043558191201713668e-08
1.860000000000000142e+01 1.033873130790651441e-08
1.865000000000000213e+01 1.024251338717221859e-08
1.869999999999999929e+01 1.014680935696396682e-08
1.875000000000000000e+01 1.005154136784208877e-08
1.880000000000000071e+01 9.956676638048500522e-09
1.885000000000000142e+01 9.862228466429092501e-09
1.890000000000000213e+01 9.768254085402313716e-09
1.894999999999999929e+01 9.674849522317588307e-09
1.900000000000000000e+01 9.582141841532917139e-09
1.905000000000000071e+01 9.490279316702176791e-09
1.910000000000000142e+01 9.399420221129568006e-09
1.915000000000000213e+01 9.309721014335762033e-09
1.920000000000000284e+01 9.221324739494927427e-09
1.925000000000000000e+01 9.134350426733534538e-09
1.930000000000000071e+01 9.048884223411881451e-09
1.935000000000000142e+01 8.964972849529900011e-09
1.940000000000000213e+01 8.882619813364360543e-09
1.945000000000000284e+01 8.801785808819114692e-09
1.950000000000000000e+01 8.722385081580991245e-09
1.955000000000000071e+01 8.644302337060675837e-09
1.960000000000000142e+01 8.567388578469421397e-09
1.965000000000000213e+01 8.491476580608634315e-09
1.970000000000000284e+01 8.416390584537001109e-09
1.975000000000000000e+01 8.341957708073080221e-09
1.980000000000000071e+01 8.268019107466009244e-09
1.985000000000000142e+01 8.194440125382928916e-09
1.990000000000000213e+01 8.121118734031949313e-09
1.995000000000000284e+01 8.047991702930898775e-09
2.000000000000000000e+01 7.975029807928173640e-09
2.005000000000000071e+01 7.902266354207124889e-09
2.010000000000000142e+01 7.829761219461663531e-09
2.015000000000000213e+01 7.757612367138517631e-09
2.020000000000000284e+01 7.685945550165456124e-09
2.025000000000000000e+01 7.614904912884363898e-09
2.030000000000000071e+01 7.544642381238518887e-09
2.035000000000000142e+01 7.475306574078479905e-09
2.040000000000000213e+01 7.407053633814032007e-09
2.045000000000000284e+01 7.339947236295314235e-09
2.050000000000000000e+01 7.274075425069111726e-09
2.055000000000000071e+01 7.209523920236422929e-09
2.060000000000000142e+01 7.146247936554943847e-09
2.065000000000000213e+01 7.084220863304387064e-09
2.070000000000000284e+01 7.023371897353699191e-09
2.075000000000000000e+01 6.963572525758675327e-09
2.080000000000000071e+01 6.906713325375420317e-09
2.085000000000000142e+01 6.846551778041212908e-09
2.090000000000000213e+01 6.789006377863058621e-09
2.095000000000000284e+01 6.731887555221518110e-09
2.100000000000000000e+01 6.675048115801951191e-09
2.105000000000000071e+01 6.618364732196316792e-09
2.110000000000000142e+01 6.561745759910967390e-09
2.115000000000000213e+01 6.505136863019176778e-09
2.120000000000000284e+01 6.448510214046416597e-09
2.125000000000000000e+01 6.391926132133285770e-09
2.130000000000000071e+01 6.335430236530803006e-09
2.135000000000000142e+01 6.279115250736198046e-09
2.140000000000000213e+01 6.223108256795643892e-09
2.145000000000000284e+01 6.167551487578569880e-09
2.150000000000000000e+01 6.112592281772165088e-09
2.155000000000000071e+01 6.058398048578437886e-09
2.160000000000000142e+01 6.005026456786478431e-09
2.165000000000000213e+01 5.952655418609492294e-09
2.170000000000000284e+01 5.901336328227822821e-09
2.175000000000000000e+01 5.851108228083173380e-09
2.180000000000000071e+01 5.801970965474319458e-09
2.185000000000000142e+01 5.753884960477845858e-09
2.190000000000000213e+01 5.706773669949638497e-09
2.195000000000000284e+01 5.660528567365044421e-09
2.200000000000000000e+01 5.615017653076853787e-09
2.205000000000000071e+01 5.570081589555169679e-09
2.210000000000000142e+01 5.525586472758368102e-09
2.215000000000000213e+01 5.481361939781505349e-09
2.220000000000000284e+01 5.437276416267954886e-09
2.225000000000000000e+01 5.393215441804970206e-09
2.230000000000000071e+01 5.349094852097476996e-09
2.235000000000000142e+01 5.304866017686424793e-09
2.240000000000000213e+01 5.260518639975115603e-09
2.245000000000000284e+01 5.216080924744808090e-09
2.250000000000000000e+01 5.171617132939754205e-09
2.255000000000000071e+01 5.127222687498315685e-09
2.260000000000000142e+01 5.083017180803549655e-09
2.265000000000000213e+01 5.039135769023057933e-09
2.270000000000000284e+01 4.995719547462829080e-09
2.275000000000000000e+01 4.952911791602252076e-09
2.280000000000000071e+01 4.910817180271856275e-09
2.285000000000000142e+01 4.869555356289377264e-09
2.290000000000000213e+01 4.829191581964591959e-09
2.295000000000000284e+01 4.789762797331229837e-09
2.300000000000000000e+01 4.751268719218057852e-09
2.305000000000000071e+01 4.713671719245059685e-09
2.310000000000000142e+01 4.676899254169941151e-09
2.315000000000000213e+01 4.640848671574132384e-09
2.320000000000000284e+01 4.605394052721009389e-09
2.325000000000000000e+01 4.570394616944883141e-09
2.330000000000000071e+01 4.535704107450071697e-09
2.335000000000000142e+01 4.501180514068304579e-09
2.340000000000000213e+01 4.466695468234056841e-09
2.345000000000000284e+01 4.432142670696672256e-09
2.350000000000000000e+01 4.397444781220659117e-09
2.355000000000000071e+01 4.362558306772579061e-09
2.360000000000000142e+01 4.327476163269737311e-09
2.365000000000000213e+01 4.292227745897577362e-09
2.370000000000000284e+01 4.256876513692015458e-09
2.375000000000000000e+01 4.221515263503451205e-09
2.380000000000000071e+01 4.186259425317127605e-09
2.385000000000000142e+01 4.151238844446721586e-09
2.390000000000000213e+01 4.116588617297522980e-09
2.395000000000000284e+01 4.082439609618318948e-09
2.400000000000000000e+01 4.048909305148657939e-09
2.405000000000000071e+01 4.016093607336243598e-09
2.410000000000000142e+01 3.984060149259743288e-09
2.415000000000000213e+01 3.952843561703477874e-09
2.420000000000000284e+01 3.922457128043394375e-09
2.425000000000000000e+01 3.892822185992288674e-09
2.430000000000000071e+01 3.863911662890449165e-09
2.435000000000000142e+01 3.835613580041216731e-09
2.440000000000000213e+01 3.807808191395365503e-09
2.445000000000000284e+01 3.780361906085546413e-09
2.450000000000000000e+01 3.753136239072644846e-09
2.455000000000000071e+01 3.725997061828308508e-09
2.460000000000000142e+01 3.698823521081973146e-09
2.465000000000000213e+01 3.671516018851461174e-09
2.470000000000000284e+01 3.644002713482766737e-09
2.475000000000000000e+01 3.616244104454557001e-09
2.480000000000000071e+01 3.588235396120462326e-09
2.485000000000000142e+01 3.560006488303643509e-09
2.490000000000000213e+01 3.531619603990263573e-09
2.495000000000000284e+01 3.503164725555465001e-09
2.500000000000000000e+01 3.474753159609987892e-09
2.505000000000000071e+01 3.446470963361021489e-09
2.510000000000000142e+01 3.418563769116217768e-09
2.515000000000000213e+01 3.391040622297355783e-09
2.520000000000000284e+01 3.364052423804709257e-09
2.525000000000000000e+01 3.337690594158964260e-09
2.530000000000000071e+01 3.312019469914887480e-09
2.535000000000000142e+01 3.287071862522090972e-09
2.540000000000000213e+01 3.262846788467230735e-09
2.545000000000000284e+01 3.239309516718497155e-09
2.550000000000000000e+01 3.216393920799060177e-09
2.555000000000000071e+01 3.194006965642754326e-09
2.560000000000000142e+01 3.172035014394598464e-09
2.565000000000000213e+01 3.150372527036582080e-09
2.570000000000000284e+01 3.128856294900582430e-09
2.575000000000000000e+01 3.107369706083272444e-09
2.580000000000000071e+01 3.085798762235367192e-09
2.585000000000000142e+01 3.064050007298908530e-09
2.590000000000000213e+01 3.042056672481650603e-09
2.595000000000000284e+01 3.019782976961995284e-09
2.600000000000000000e+01 2.997226297816253583e-09
2.605000000000000071e+01 2.974373828946909164e-09
2.610000000000000142e+01 2.951380605755828740e-09
2.615000000000000213e+01 2.928285131946170327e-09
2.620000000000000284e+01 2.905210507198489954e-09
2.625000000000000000e+01 2.882232578654659181e-09
2.630000000000000071e+01 2.859501982165012109e-09
2.635000000000000142e+01 2.837138187921134636e-09
2.640000000000000213e+01 2.815247840328602530e-09
2.645000000000000284e+01 2.793917377416342010e-09
2.650000000000000000e+01 2.773207059219288238e-09
2.655000000000000071e+01 2.753146808222047038e-09
2.660000000000000142e+01 2.733734139824378457e-09
2.665000000000000213e+01 2.714934317174469380e-09
2.670000000000000284e+01 2.696682712397175322e-09
2.675000000000000000e+01 2.678889205666666334e-09
2.680000000000000071e+01 2.661444314955844844e-09
2.685000000000000142e+01 2.644226632130672666e-09
2.690000000000000213e+01 2.627111053192426194e-09
2.695000000000000284e+01 2.609977237873369751e-09
2.700000000000000000e+01 2.592717719840754801e-09
2.705000000000000071e+01 2.575245114437810862e-09
2.710000000000000142e+01 2.557497934125090561e-09
2.715000000000000213e+01 2.539444618340924647e-09
2.720000000000000284e+01 2.521085507545141027e-09
2.725000000000000000e+01 2.502452632336153376e-09
2.730000000000000071e+01 2.483607338064602516e-09
2.735000000000000142e+01 2.464635913043908084e-09
2.740000000000000213e+01 2.445643524283118267e-09
2.745000000000000284e+01 2.426746879275324310e-09
2.750000000000000000e+01 2.408066118251600770e-09
2.755000000000000071e+01 2.389716492370859046e-09
2.760000000000000142e+01 2.371800396484049101e-09
2.765000000000000213e+01 2.354400299387029956e-09
2.770000000000000284e+01 2.337573051807871434e-09
2.775000000000000000e+01 2.321345957164272914e-09
2.780000000000000071e+01 2.305714868834568147e-09
2.785000000000000142e+01 2.290644438877303520e-09
2.790000000000000213e+01 2.276070496020991317e-09
2.795000000000000284e+01 2.261904385645281329e-09
2.800000000000000000e+01 2.248038971147073469e-09
2.805000000000000071e+01 2.234355883532176168e-09
2.810000000000000142e+01 2.220733522061488363e-09
2.815000000000000213e+01 2.207055258812670745e-09
2.820000000000000284e+01 2.193217287480664410e-09
2.825000000000000000e+01 2.179135582372733405e-09
2.830000000000000071e+01 2.164751495524017404e-09
2.835000000000000142e+01 2.150035613771349510e-09
2.840000000000000213e+01 2.134989617139380157e-09
2.845000000000000284e+01 2.119646016663410940e-09
2.850000000000000000e+01 2.104065794485552531e-09
2.855000000000000071e+01 2.088334111914733147e-09
2.860000000000000142e+01 2.072554382260143135e-09
2.865000000000000213e+01 2.056841115888112191e-09
2.870000000000000284e+01 2.041312027513756883e-09
2.875000000000000000e+01 2.026079944775224174e-09
2.880000000000000071e+01 2.011245069271466278e-09
2.885000000000000142e+01 1.996888115933786509e-09
2.890000000000000213e+01 1.983064795418007382e-09
2.895000000000000284e+01 1.969802011664416868e-09
2.900000000000000000e+01 1.957096029062289539e-09
2.905000000000000071e+01 1.944912728962780879e-09
2.910000000000000142e+01 1.933189932762475451e-09
2.915000000000000213e+01 1.921841628232770886e-09
2.920000000000000284e+01 1.910763806595206665e-09
2.925000000000000000e+01 1.899841509049915892e-09
2.930000000000000071e+01 1.888956600172445456e-09
2.935000000000000142e+01 1.877995737341671028e-09
2.940000000000000213e+01 1.866909298774800655e-09
2.945000000000000284e+01 1.855517437169041138e-09
2.950000000000000000e+01 1.843807146567843990e-09
2.955000000000000071e+01 1.831749557594164122e-09
2.960000000000000142e+01 1.819346098638297061e-09
2.965000000000000213e+01 1.806628245927039649e-09
2.970000000000000284e+01 1.793655233217720834e-09
2.975000000000000000e+01 1.780509882332096326e-09
2.980000000000000071e+01 1.767292843180470826e-09
2.985000000000000142e+01 1.754115639289876356e-09
2.990000000000000213e+01 1.741092995062951583e-09
2.995000000000000284e+01 1.728334968574043173e-09
3.000000000000000000e+01 1.715939425530535647e-09
3.005000000000000071e+01 1.703985365371684051e-09
3.010000000000000142e+01 1.692527551176857145e-09
3.015000000000000213e+01 1.681592805079306940e-09
3.020000000000000284e+01 1.671178216637706380e-09
3.025000000000000000e+01 1.661251380742793479e-09
3.030000000000000071e+01 1.651752643274650863e-09
3.035000000000000142e+01 1.642599196039234903e-09
3.040000000000000213e+01 1.633690737186405075e-09
3.045000000000000284e+01 1.624916307401901498e-09
3.050000000000000000e+01 1.616161833199265170e-09
3.055000000000000071e+01 1.607317861711042916e-09
3.060000000000000142e+01 1.598286959664092057e-09
3.065000000000000213e+01 1.588990273470971728e-09
3.070000000000000284e+01 1.579372805727823897e-09
3.075000000000000000e+01 1.569407052000019067e-09
3.080000000000000071e+01 1.559094754271665843e-09
3.085000000000000142e+01 1.548466656350709859e-09
3.090000000000000213e+01 1.537580282858794084e-09
3.095000000000000284e+01 1.526515897978765927e-09
3.100000000000000000e+01 1.515370923782687505e-09
3.105000000000000071e+01 1.504236287660448455e-09
3.110000000000000142e+01 1.493255318844017687e-09
3.115000000000000213e+01 1.482518608817969427e-09
3.120000000000000284e+01 1.472120439095974490e-09
3.125000000000000000e+01 1.462136717756472712e-09
3.130000000000000071e+01 1.452619790341347650e-09
3.135000000000000142e+01 1.443594868977534822e-09
3.140000000000000213e+01 1.435058319565426983e-09
3.145000000000000284e+01 1.426977919842730018e-09
3.150000000000000000e+01 1.419295066655704658e-09
3.155000000000000071e+01 1.411928778004316186e-09
3.160000000000000142e+01 1.404781213541389533e-09
3.165000000000000213e+01 1.397744334333035535e-09
3.170000000000000284e+01 1.390707245872929986e-09
3.175000000000000000e+01 1.383572394752428595e-09
3.180000000000000071e+01 1.376227377892436883e-09
3.185000000000000142e+01 1.368605370098551689e-09
3.190000000000000213e+01 1.360653602692354153e-09
3.195000000000000284e+01 1.352346181553310495e-09
3.200000000000000000e+01 1.343685770329111090e-09
3.205000000000000426e+01 1.334703325923752685e-09
3.210000000000000142e+01 1.325455907767873869e-09
3.214999999999999858e+01 1.316017207288269877e-09
3.220000000000000284e+01 1.306494618959265557e-09
3.225000000000000000e+01 1.296988131383259840e-09
3.230000000000000426e+01 1.287606512522043110e-09
3.235000000000000142e+01 1.278459762804425497e-09
3.239999999999999858e+01 1.269628912601982429e-09
3.245000000000000284e+01 1.261193741614662737e-09
3.250000000000000000e+01 1.253205463358367037e-09
3.255000000000000426e+01 1.258391066285015696e-09
3.260000000000000142e+01 1.238639742488929238e-09
3.264999999999999858e+01 1.232026949849708514e-09
3.270000000000000284e+01 1.225792770981998525e-09
3.275000000000000000e+01 1.219857734331857170e-09
3.280000000000000426e+01 1.214125838305425701e-09
3.285000000000000142e+01 1.208491071466799511e-09
3.289999999999999858e+01 1.202844602907477580e-09
3.295000000000000284e+01 1.197082152659550722e-09
3.300000000000000000e+01 1.191141436878918393e-09
3.305000000000000426e+01 1.184843027418843768e-09
3.310000000000000142e+01 1.178252773663464102e-09
3.314999999999999858e+01 1.158534733988547566e-09
3.320000000000000284e+01 1.163988651946841757e-09
3.325000000000000000e+01 1.156351069704493296e-09
3.330000000000000426e+01 1.148440836962781425e-09
3.335000000000000142e+01 1.140335489475698169e-09
3.339999999999999858e+01 1.132105377074860667e-09
3.345000000000000284e+01 1.123902868804061217e-09
3.350000000000000000e+01 1.115797958167842738e-09
3.355000000000000426e+01 1.107908219030458796e-09
3.360000000000000142e+01 1.100322814297045588e-09
3.364999999999999858e+01 1.093115585616147114e-09
3.370000000000000284e+01 1.086337732676496742e-09
3.375000000000000000e+01 1.092882715759646952e-09
3.380000000000000426e+01 1.074185977911566722e-09
3.385000000000000142e+01 1.068734222820023804e-09
3.389999999999999858e+01 1.063646312831170036e-09
3.395000000000000284e+01 1.058845113658252220e-09
3.400000000000000000e+01 1.054237203298412686e-09
3.405000000000000426e+01 1.049703034663352773e-09
3.410000000000000142e+01 1.045176474149883754e-09
3.414999999999999858e+01 1.040523798579713944e-09
3.420000000000000284e+01 1.035673810195740522e-09
3.425000000000000000e+01 1.030538517636330432e-09
3.430000000000000426e+01 1.025068738714943722e-09
3.435000000000000142e+01 1.019238667377155818e-09
3.439999999999999858e+01 1.013049909460772481e-09
3.445000000000000284e+01 1.006491348514638724e-09
3.450000000000000000e+01 9.996929018845812877e-10
3.455000000000000426e+01 9.926982968022330451e-10
3.460000000000000142e+01 9.855968258609647465e-10
3.464999999999999858e+01 9.784898526228744887e-10
3.470000000000000284e+01 9.714801772666720508e-10
3.475000000000000000e+01 9.646701919679135052e-10
3.480000000000000426e+01 9.581478695285679193e-10
3.485000000000000142e+01 9.519972807904567939e-10
3.489999999999999858e+01 9.462352315619034029e-10
3.495000000000000284e+01 9.409072835453946350e-10
3.500000000000000000e+01 9.360111276971407814e-10
3.505000000000000426e+01 9.315214243033899963e-10
3.510000000000000142e+01 9.273764346453734001e-10
3.514999999999999858e+01 9.235045751241642314e-10
3.520000000000000284e+01 9.198145293571662729e-10
3.525000000000000000e+01 9.162051709876146436e-10
3.530000000000000426e+01 9.125724481980117874e-10
3.535000000000000142e+01 9.088420172510006224e-10
3.539999999999999858e+01 9.048667591400273011e-10
3.545000000000000284e+01 9.006062903007729741e-10
3.550000000000000000e+01 8.960108265751337056e-10
3.555000000000000426e+01 8.909926011958634311e-10
3.560000000000000142e+01 8.856795438501216781e-10
3.564999999999999858e+01 8.800603351747460425e-10
3.570000000000000284e+01 8.741612983677635911e-10
3.575000000000000000e+01 8.680498335521838145e-10
3.580000000000000426e+01 8.618265678429296147e-10
3.585000000000000142e+01 8.555807389530515036e-10
3.589999999999999858e+01 8.494878087507285542e-10
3.595000000000000284e+01 8.436032817646398006e-10
3.600000000000000000e+01 8.379290095623934924e-10
3.605000000000000426e+01 8.326041668352379594e-10
3.610000000000000142e+01 8.276777447016146165e-10
3.614999999999999858e+01 8.231736818733694067e-10
3.620000000000000284e+01 8.190892390177653506e-10
3.625000000000000000e+01 8.153951901470266740e-10
3.630000000000000426e+01 8.120378162416295389e-10
3.635000000000000142e+01 8.089378243983507292e-10
3.639999999999999858e+01 8.060146341793845753e-10
3.645000000000000284e+01 8.031285040574447069e-10
3.650000000000000000e+01 8.002813840706222756e-10
3.655000000000000426e+01 7.972357213131250169e-10
3.660000000000000142e+01 7.940275204286824363e-10
3.664999999999999858e+01 7.905462122160643167e-10
3.670000000000000284e+01 7.866444965744428090e-10
3.675000000000000000e+01 7.824339608959841690e-10
3.680000000000000426e+01 7.778644356110552213e-10
3.685000000000000142e+01 7.729639591200580312e-10
3.689999999999999858e+01 7.677849468623445346e-10
3.695000000000000284e+01 7.624005913991194638e-10
3.700000000000000000e+01 7.568998530193888332e-10
3.705000000000000426e+01 7.513813828297471251e-10
3.710000000000000142e+01 7.459120645560891386e-10
3.714999999999999858e+01 7.406554124709670876e-10
3.720000000000000284e+01 7.356561585866403043e-10
3.725000000000000000e+01 7.310639550716401439e-10
3.730000000000000426e+01 7.268068392563772246e-10
3.735000000000000142e+01 7.229302035321868088e-10
3.739999999999999858e+01 7.194837112670977667e-10
3.745000000000000284e+01 7.164439895889672838e-10
3.750000000000000000e+01 7.137414968020591823e-10
3.755000000000000426e+01 7.112912910435821131e-10
3.760000000000000142e+01 7.090099462444001511e-10
3.764999999999999858e+01 7.067755168618163555e-10
3.770000000000000284e+01 7.045243112196330750e-10
3.775000000000000000e+01 7.021442852566708127e-10
3.780000000000000426e+01 6.995482587618926361e-10
3.785000000000000142e+01 6.966654357255460338e-10
3.789999999999999858e+01 6.934461901787360540e-10
3.795000000000000284e+01 6.898654097609567370e-10
3.800000000000000000e+01 6.859242730904564130e-10
3.805000000000000426e+01 6.816496157920084377e-10
3.810000000000000142e+01 6.770930268995404727e-10
3.814999999999999858e+01 6.723265626759942908e-10
3.820000000000000284e+01 6.674380420953066824e-10
3.825000000000000000e+01 6.625250566481303649e-10
3.830000000000000426e+01 6.576883208677183485e-10
3.835000000000000142e+01 6.530248157434344997e-10
3.840000000000000568e+01 6.486211909445546532e-10
3.845000000000000284e+01 6.445478737740222316e-10
3.850000000000000000e+01 6.408094715917402400e-10
3.855000000000000426e+01 6.506645462809961807e-10
3.860000000000000142e+01 6.346545794802091199e-10
3.865000000000000568e+01 6.321335824498395115e-10
3.870000000000000284e+01 6.299845570683045869e-10
3.875000000000000000e+01 6.280614566114140790e-10
3.880000000000000426e+01 6.262989928753361060e-10
3.885000000000000142e+01 6.246052395013740476e-10
3.890000000000000568e+01 6.228800010258537038e-10
3.895000000000000284e+01 6.211330669447795917e-10
3.900000000000000000e+01 6.190654928305515510e-10
3.905000000000000426e+01 6.166000894582394107e-10
3.910000000000000142e+01 6.139075446297601884e-10
3.915000000000000568e+01 5.977440945648782735e-10
3.920000000000000284e+01 6.074364471211570367e-10
3.925000000000000000e+01 6.036843150652424420e-10
3.930000000000000426e+01 5.996468043934408928e-10
3.935000000000000142e+01 5.953948882924588330e-10
3.940000000000000568e+01 5.910153902961032909e-10
3.945000000000000284e+01 5.866050757740799449e-10
3.950000000000000000e+01 5.822634380846300327e-10
3.955000000000000426e+01 5.780885050738645149e-10
3.960000000000000142e+01 5.741662590393457103e-10
3.965000000000000568e+01 5.705674751809086878e-10
3.970000000000000284e+01 5.673422292025453994e-10
3.975000000000000000e+01 5.776308058175217983e-10
3.980000000000000426e+01 5.620972127295427165e-10
3.985000000000000142e+01 5.600380559338097583e-10
3.990000000000000568e+01 5.583097893464734497e-10
3.995000000000000284e+01 5.568349997069397016e-10
