0.000000000000000000e+00 -0.000000000000000000e+00
5.000000000000000278e-02 -4.328112997829385044e-04
1.000000000000000056e-01 -8.587904878398817813e-04
1.500000000000000222e-01 -1.271220563198975292e-03
2.000000000000000111e-01 -1.663606749873256354e-03
2.500000000000000000e-01 -2.029792205242644376e-03
3.000000000000000444e-01 -2.364055148872406045e-03
3.500000000000000333e-01 -2.661204198290150272e-03
4.000000000000000222e-01 -2.916663104938779349e-03
4.500000000000000111e-01 -3.126544579589746620e-03
5.000000000000000000e-01 -3.287711849981602048e-03
5.500000000000000444e-01 -3.397826964273494444e-03
6.000000000000000888e-01 -3.455385035859742746e-03
6.500000000000000222e-01 -3.459733863856721391e-03
7.000000000000000666e-01 -3.411078767949727360e-03
7.500000000000000000e-01 -3.310472547111900556e-03
8.000000000000000444e-01 -3.159790943754599638e-03
8.500000000000000888e-01 -2.961694172100711245e-03
9.000000000000000222e-01 -2.719575269913124954e-03
9.500000000000000666e-01 -2.437496438712716262e-03
1.000000000000000000e+00 -2.120114566837411844e-03
1.050000000000000044e+00 -1.772597414390521568e-03
1.100000000000000089e+00 -1.400532100892689508e-03
1.150000000000000133e+00 -1.009827615692610210e-03
1.200000000000000178e+00 -6.066132300535552946e-04
1.250000000000000000e+00 -1.971321929269903106e-04
1.300000000000000044e+00 2.123503338596076687e-04
1.350000000000000089e+00 6.156740722232940510e-04
1.400000000000000133e+00 1.006858823710106866e-03
1.450000000000000178e+00 1.380210618982913740e-03
1.500000000000000000e+00 1.730406795572316447e-03
1.550000000000000044e+00 2.052575315010327778e-03
1.600000000000000089e+00 2.342364633053930015e-03
1.650000000000000133e+00 2.596003012290226501e-03
1.700000000000000178e+00 2.810346613089448158e-03
1.750000000000000000e+00 2.982915567833125618e-03
1.800000000000000044e+00 3.111917579837329261e-03
1.850000000000000089e+00 3.196259316706162937e-03
1.900000000000000133e+00 3.235545243180877606e-03
1.950000000000000178e+00 3.230064509321638622e-03
2.000000000000000000e+00 3.180763230148194853e-03
2.050000000000000266e+00 3.089220916854903357e-03
2.100000000000000089e+00 2.957593201919548904e-03
2.149999999999999911e+00 2.788558270292753900e-03
2.200000000000000178e+00 2.585256874138452780e-03
2.250000000000000000e+00 2.351237839148702727e-03
2.300000000000000266e+00 2.090373110845529341e-03
2.350000000000000089e+00 1.806787338669197957e-03
2.400000000000000355e+00 1.504781754503890529e-03
2.450000000000000178e+00 1.188757757466465774e-03
2.500000000000000000e+00 8.631434602578442333e-04
2.550000000000000266e+00 5.323189242557059813e-04
2.600000000000000089e+00 2.005498589519038601e-04
2.650000000000000355e+00 -1.280762697658806119e-04
2.700000000000000178e+00 -4.497073538315327947e-04
2.750000000000000000e+00 -7.607770840118486090e-04
2.800000000000000266e+00 -1.058047868845766060e-03
2.850000000000000089e+00 -1.338645463264962051e-03
2.900000000000000355e+00 -1.600086806922723865e-03
2.950000000000000178e+00 -1.840297402612871931e-03
3.000000000000000000e+00 -2.057619824283208210e-03
3.050000000000000266e+00 -2.250818969504849148e-03
3.100000000000000089e+00 -2.419074093783933534e-03
3.150000000000000355e+00 -2.561966456857735393e-03
3.200000000000000178e+00 -2.679460085448641480e-03
3.250000000000000000e+00 -2.771876446828051930e-03
3.300000000000000266e+00 -2.839864551449646900e-03
3.350000000000000089e+00 -2.884366812845119959e-03
3.400000000000000355e+00 -2.906580003628697791e-03
3.450000000000000178e+00 -2.907924011246693346e-03
3.500000000000000000e+00 -2.889989065441339773e-03
3.550000000000000266e+00 -2.854503231696836184e-03
3.600000000000000089e+00 -2.803290118147078874e-03
3.650000000000000355e+00 -2.738229944100902501e-03
3.700000000000000178e+00 -2.661222308278055407e-03
3.750000000000000000e+00 -2.574155300813689776e-03
3.800000000000000266e+00 -2.478866037792171011e-03
3.850000000000000089e+00 -2.377124007511173965e-03
3.900000000000000355e+00 -2.270601200431608940e-03
3.950000000000000178e+00 -2.160854424108508975e-03
4.000000000000000000e+00 -2.049308284576853954e-03
4.049999999999999822e+00 -1.937253596504464638e-03
4.100000000000000533e+00 -1.825821732098746467e-03
4.150000000000000355e+00 -1.716000359503650234e-03
4.200000000000000178e+00 -1.608624484301133823e-03
4.250000000000000000e+00 -1.504382001553462508e-03
4.299999999999999822e+00 -1.403819731655636628e-03
4.350000000000000533e+00 -1.307354101194409344e-03
4.400000000000000355e+00 -1.215278998350839473e-03
4.450000000000000178e+00 -1.127779981610492954e-03
4.500000000000000000e+00 -1.044946519061685066e-03
4.549999999999999822e+00 -9.667875875255568362e-04
4.600000000000000533e+00 -8.932400947359409949e-04
4.650000000000000355e+00 -8.241895512232636683e-04
4.700000000000000178e+00 -7.594795250480385453e-04
4.750000000000000000e+00 -6.989220352033024457e-04
4.800000000000000711e+00 -6.423112087729414364e-04
4.850000000000000533e+00 -5.894290152292393486e-04
4.900000000000000355e+00 -5.400601494649820335e-04
4.950000000000000178e+00 -4.939916609354988702e-04
5.000000000000000000e+00 -4.510216539041797361e-04
5.050000000000000711e+00 -4.109622335757915344e-04
5.100000000000000533e+00 -3.736418117829098506e-04
5.150000000000000355e+00 -3.389061344954199932e-04
5.200000000000000178e+00 -3.066182648267717697e-04
5.250000000000000000e+00 -2.766587778110661988e-04
5.300000000000000711e+00 -2.489176929641970129e-04
5.350000000000000533e+00 -2.233062329413903178e-04
5.400000000000000355e+00 -1.997361044957260098e-04
5.450000000000000178e+00 -1.781304098931792981e-04
5.500000000000000000e+00 -1.584163624607940813e-04
5.550000000000000711e+00 -1.405212060677341979e-04
5.600000000000000533e+00 -1.243702225775489788e-04
5.650000000000000355e+00 -1.098866136402720708e-04
5.700000000000000178e+00 -9.698830272723752463e-05
5.750000000000000000e+00 -8.558730543945899569e-05
5.800000000000000711e+00 -7.558918647120019979e-05
5.850000000000000533e+00 -6.689314821834083775e-05
5.900000000000000355e+00 -5.939248254902658523e-05
5.950000000000000178e+00 -5.297564967777276796e-05
