0.000000000000000000e+00 -0.000000000000000000e+00
5.000000000000000278e-02 -1.065623518712041987e-04
1.000000000000000056e-01 -2.090972984556113744e-04
1.500000000000000222e-01 -3.036539037559434829e-04
2.000000000000000111e-01 -3.864328402369822889e-04
2.500000000000000000e-01 -4.538588862500053125e-04
3.000000000000000444e-01 -5.026495070935314228e-04
3.500000000000000333e-01 -5.298783007049155148e-04
4.000000000000000222e-01 -5.330321632238265057e-04
4.500000000000000111e-01 -5.100611225081949076e-04
5.000000000000000000e-01 -4.594198989114725747e-04
5.500000000000000444e-01 -3.801003817978652649e-04
6.000000000000000888e-01 -2.716543566000905732e-04
6.500000000000000222e-01 -1.342059795216190687e-04
7.000000000000000666e-01 3.154632641841813924e-05
7.500000000000000000e-01 2.243386916060376905e-04
8.000000000000000444e-01 4.423612758971841156e-04
8.500000000000000888e-01 6.832881360566740595e-04
9.000000000000000222e-01 9.443170138818404117e-04
9.500000000000000666e-01 1.222218370240455440e-03
1.000000000000000000e+00 1.513392792990114885e-03
1.050000000000000044e+00 1.813935721226895940e-03
1.100000000000000089e+00 2.119708259554490843e-03
1.150000000000000133e+00 2.426412709016315464e-03
1.200000000000000178e+00 2.729671320679288599e-03
1.250000000000000000e+00 3.025106687841780991e-03
1.300000000000000044e+00 3.308422137071317937e-03
1.350000000000000089e+00 3.575480459571026871e-03
1.400000000000000133e+00 3.822379344585165404e-03
1.450000000000000178e+00 4.045521936465830935e-03
1.500000000000000000e+00 4.241681036257150678e-03
1.550000000000000044e+00 4.408055605624473447e-03
1.600000000000000089e+00 4.542318402873674575e-03
1.650000000000000133e+00 4.642653783719201573e-03
1.700000000000000178e+00 4.707784928352927098e-03
1.750000000000000000e+00 4.736990005295701328e-03
1.800000000000000044e+00 4.730107044785614341e-03
1.850000000000000089e+00 4.687527562838899112e-03
1.900000000000000133e+00 4.610179244076121133e-03
1.950000000000000178e+00 4.499498249354781827e-03
2.000000000000000000e+00 4.357391955817351871e-03
2.050000000000000266e+00 4.186193155246335264e-03
2.100000000000000089e+00 3.988606925419108974e-03
2.149999999999999911e+00 3.767651543204921481e-03
2.200000000000000178e+00 3.526594923284938603e-03
2.250000000000000000e+00 3.268888139697956070e-03
2.300000000000000266e+00 2.998097617364443770e-03
2.350000000000000089e+00 2.717837567162948841e-03
2.400000000000000355e+00 2.431704182260508579e-03
2.450000000000000178e+00 2.143213017802585076e-03
2.500000000000000000e+00 1.855740844546389023e-03
2.550000000000000266e+00 1.572473104450970239e-03
2.600000000000000089e+00 1.296357908382866908e-03
2.650000000000000355e+00 1.030067309392936146e-03
2.700000000000000178e+00 7.759663663339389904e-04
2.750000000000000000e+00 5.360902889639934926e-04
2.800000000000000266e+00 3.121297340914819577e-04
2.850000000000000089e+00 1.054241094192729576e-04
2.900000000000000355e+00 -8.303745634100175488e-05
2.950000000000000178e+00 -2.526079964089730876e-04
3.000000000000000000e+00 -4.029681144755386623e-04
3.050000000000000266e+00 -5.341057164776258142e-04
3.100000000000000089e+00 -6.462909578459392771e-04
3.150000000000000355e+00 -7.400473613673984319e-04
3.200000000000000178e+00 -8.161200919243663792e-04
3.250000000000000000e+00 -8.754423747056554314e-04
3.300000000000000266e+00 -9.191010150130937088e-04
3.350000000000000089e+00 -9.483019233590834476e-04
3.400000000000000355e+00 -9.643364727234729874e-04
3.450000000000000178e+00 -9.685494197108748598e-04
3.500000000000000000e+00 -9.623090123774330137e-04
3.550000000000000266e+00 -9.469797893037996484e-04
3.600000000000000089e+00 -9.238984516898572120e-04
3.650000000000000355e+00 -8.943530672624588071e-04
3.700000000000000178e+00 -8.595657457071707776e-04
3.750000000000000000e+00 -8.206788137763875628e-04
3.800000000000000266e+00 -7.787444172344895220e-04
3.850000000000000089e+00 -7.347173887760573199e-04
3.900000000000000355e+00 -6.894511477085195654e-04
3.950000000000000178e+00 -6.436963395417233218e-04
4.000000000000000000e+00 -5.981018820106078588e-04
4.049999999999999822e+00 -5.532180581772750240e-04
4.100000000000000533e+00 -5.095012862543201468e-04
4.150000000000000355e+00 -4.673201983230181825e-04
4.200000000000000178e+00 -4.269626744699624881e-04
4.250000000000000000e+00 -3.886435030448130929e-04
4.299999999999999822e+00 -3.525123695987512646e-04
4.350000000000000533e+00 -3.186619143921856981e-04
4.400000000000000355e+00 -2.871356389994021599e-04
4.450000000000000178e+00 -2.579354844579783345e-04
4.500000000000000000e+00 -2.310289447885484056e-04
4.549999999999999822e+00 -2.063556189853470266e-04
4.600000000000000533e+00 -1.838331404914160809e-04
4.650000000000000355e+00 -1.633624547886376971e-04
4.700000000000000178e+00 -1.448324424426056765e-04
4.750000000000000000e+00 -1.281239064502985082e-04
4.800000000000000711e+00 -1.131129590364941373e-04
4.850000000000000533e+00 -9.967385437480418692e-05
4.900000000000000355e+00 -8.768132051677015085e-05
4.950000000000000178e+00 -7.701244669661780611e-05
5.000000000000000000e+00 -6.754818183891908264e-05
5.050000000000000711e+00 -5.917449727901476615e-05
5.100000000000000533e+00 -5.178326215922226383e-05
5.150000000000000355e+00 -4.527287439325509033e-05
5.200000000000000178e+00 -3.954868412610495657e-05
5.250000000000000000e+00 -3.452324078361514783e-05
5.300000000000000711e+00 -3.011638951293943095e-05
5.350000000000000533e+00 -2.625523834355910407e-05
5.400000000000000355e+00 -2.287401390514283328e-05
5.450000000000000178e+00 -1.991382106398773496e-05
5.500000000000000000e+00 -1.732232032432959299e-05
5.550000000000000711e+00 -1.505333614419326854e-05
5.600000000000000533e+00 -1.306640924005818567e-05
5.650000000000000355e+00 -1.132630626961805460e-05
5.700000000000000178e+00 -9.802500747043387588e-06
5.750000000000000000e+00 -8.468639432446100495e-06
5.800000000000000711e+00 -7.302008549479113302e-06
5.850000000000000533e+00 -6.283013870021925812e-06
5.900000000000000355e+00 -5.394687865143531128e-06
5.950000000000000178e+00 -4.622235718431982304e-06
6.000000000000000000e+00 -3.952630051459033330e-06
6.050000000000000711e+00 -3.374261795403947512e-06
6.100000000000000533e+00 -2.876651876528414142e-06
6.150000000000000355e+00 -2.450225418488099711e-06
6.200000000000000178e+00 -2.086147173519665028e-06
6.250000000000000000e+00 -1.776214055109794833e-06
6.300000000000000711e+00 -1.512798126152748970e-06
6.350000000000000533e+00 -1.288831347036742327e-06
6.400000000000000355e+00 -1.097821923843865792e-06
6.450000000000000178e+00 -9.338912944485557624e-07
6.500000000000000000e+00 -7.918206816726929611e-07
6.550000000000000711e+00 -6.670967137650410834e-07
6.600000000000000533e+00 -5.559468051526237988e-07
6.650000000000000355e+00 -4.553567073373092603e-07
6.700000000000000178e+00 -3.630647519521914513e-07
6.750000000000000000e+00 -2.775296641692978215e-07
6.800000000000000711e+00 -1.978712620979420851e-07
6.850000000000000533e+00 -1.237857135109484969e-07
6.900000000000000355e+00 -5.543914261161945250e-08
6.950000000000000178e+00 6.654865565364809592e-09
7.000000000000000000e+00 6.176703083337245262e-08
7.050000000000000711e+00 1.090858359920411615e-07
7.100000000000000533e+00 1.478449248999956678e-07
7.150000000000000355e+00 1.774370756597272646e-07
7.200000000000000178e+00 1.975082892858105557e-07
7.250000000000000000e+00 2.080268787019208192e-07
7.300000000000000711e+00 2.093241215537086581e-07
7.350000000000000533e+00 2.021049288473275021e-07
7.400000000000000355e+00 1.874289452454630966e-07
7.450000000000000178e+00 1.666644002740305220e-07
7.500000000000000000e+00 1.414187449453954441e-07
7.550000000000000711e+00 1.134515237766778406e-07
7.600000000000000533e+00 8.457595934231498443e-08
7.650000000000000355e+00 5.655630512009349091e-08
7.700000000000000178e+00 3.100812372320452402e-08
7.750000000000000000e+00 9.308275424433884440e-09
7.800000000000000711e+00 -7.479408644831003677e-09
7.850000000000000533e+00 -1.865797971072997104e-08
7.900000000000000355e+00 -2.392743580016080365e-08
7.950000000000000178e+00 -2.338934050931080408e-08
8.000000000000000000e+00 -1.752606864265703874e-08
8.050000000000000711e+00 -7.156436479902421004e-09
8.099999999999999645e+00 6.628994407748297613e-09
8.150000000000000355e+00 2.254837081233399769e-08
8.200000000000001066e+00 3.921923946724471042e-08
8.250000000000000000e+00 5.525339080087808598e-08
8.300000000000000711e+00 6.934961577943032325e-08
8.349999999999999645e+00 8.037839702165223107e-08
8.400000000000000355e+00 8.745320295484363217e-08
8.450000000000001066e+00 8.998403765055060107e-08
8.500000000000000000e+00 8.771014728464306590e-08
8.550000000000000711e+00 8.071020941321929580e-08
8.599999999999999645e+00 6.938983637439020577e-08
8.650000000000000355e+00 5.444770898305498889e-08
8.700000000000001066e+00 3.682302471161302471e-08
8.750000000000000000e+00 1.762810890309941670e-08
8.800000000000000711e+00 -1.929073418113338100e-09
8.849999999999999645e+00 -2.062720606692306020e-08
8.900000000000000355e+00 -3.731320721597372241e-08
8.950000000000001066e+00 -5.097776740757809631e-08
9.000000000000000000e+00 -6.081999959707807170e-08
9.050000000000000711e+00 -6.629717006268910291e-08
9.099999999999999645e+00 -6.715653464318047999e-08
9.150000000000000355e+00 -6.344753300256423356e-08
9.200000000000001066e+00 -5.551391109687676431e-08
9.250000000000000000e+00 -4.396666129254721398e-08
9.300000000000000711e+00 -2.963990487188360871e-08
9.349999999999999645e+00 -1.353291441395025577e-08
9.400000000000000355e+00 3.257682701136132051e-09
9.450000000000001066e+00 1.961091390279454043e-08
9.500000000000000000e+00 3.445482427317538810e-08
9.550000000000000711e+00 4.683539947437286148e-08
9.600000000000001421e+00 5.597663262771746335e-08
9.650000000000000355e+00 6.132797590614985847e-08
9.700000000000001066e+00 6.259630642083279375e-08
9.750000000000000000e+00 5.976059472480122040e-08
9.800000000000000711e+00 5.306862109640441157e-08
9.850000000000001421e+00 4.301626294590991923e-08
9.900000000000000355e+00 3.031099950973304127e-08
9.950000000000001066e+00 1.582227578159900289e-08
1.000000000000000000e+01 5.221743004584681557e-10
1.005000000000000071e+01 -1.457958779873534323e-08
1.010000000000000142e+01 -2.850202060268245342e-08
1.015000000000000036e+01 -4.035625253223302183e-08
1.020000000000000107e+01 -4.940188799372112869e-08
1.025000000000000000e+01 -5.509279391019821833e-08
1.030000000000000071e+01 -5.710952233515983285e-08
1.035000000000000142e+01 -5.537648899409285779e-08
1.040000000000000036e+01 -5.006304614145721315e-08
1.045000000000000107e+01 -4.156864496372823191e-08
1.050000000000000000e+01 -3.049330902161050681e-08
1.055000000000000071e+01 -1.759557021317083575e-08
1.060000000000000142e+01 -3.740794115570627746e-09
1.065000000000000036e+01 1.015660506537986696e-08
1.070000000000000107e+01 2.319322186319113860e-08
1.075000000000000000e+01 3.453506667326090789e-08
1.080000000000000071e+01 4.347057012229234171e-08
1.085000000000000142e+01 4.945484156704018540e-08
1.090000000000000036e+01 5.214245699438881178e-08
1.095000000000000107e+01 5.140683569190943965e-08
1.100000000000000000e+01 4.734516164819070538e-08
1.105000000000000071e+01 4.026875516284633859e-08
1.110000000000000142e+01 3.067974060558230525e-08
1.115000000000000036e+01 1.923572727662534009e-08
1.120000000000000107e+01 6.704966954790555841e-09
1.125000000000000000e+01 -6.084972084749772913e-09
1.130000000000000071e+01 -1.830160339029467664e-08
1.135000000000000142e+01 -2.916143583662672917e-08
1.140000000000000036e+01 -3.797993047370701136e-08
1.145000000000000107e+01 -4.421433638271900860e-08
1.150000000000000000e+01 -4.749674765838585931e-08
1.155000000000000071e+01 -4.765539341361191400e-08
1.160000000000000142e+01 -4.472296025470746262e-08
1.165000000000000036e+01 -3.893159958390299139e-08
1.170000000000000107e+01 -3.069513457482502057e-08
1.175000000000000000e+01 -2.057979817830689877e-08
1.180000000000000071e+01 -9.265552325623528784e-09
1.185000000000000142e+01 2.499385116177177939e-09
1.190000000000000036e+01 1.394777995696122321e-08
1.195000000000000107e+01 2.434316334967434557e-08
1.200000000000000000e+01 3.302694222610162465e-08
1.205000000000000071e+01 3.945984271830253419e-08
1.210000000000000142e+01 4.325509758840033101e-08
1.215000000000000036e+01 4.420135592752332894e-08
1.220000000000000107e+01 4.227398238380781997e-08
1.225000000000000000e+01 3.763417796269238936e-08
1.230000000000000071e+01 3.061614491988344581e-08
1.235000000000000142e+01 2.170328335501602259e-08
1.240000000000000036e+01 1.149509816808733514e-08
1.245000000000000107e+01 6.670687721695066189e-10
1.250000000000000000e+01 -1.007384471870537752e-08
1.255000000000000071e+01 -2.003514108460217588e-08
1.260000000000000142e+01 -2.858319206286161405e-08
1.265000000000000036e+01 -3.518329725120598078e-08
1.270000000000000107e+01 -3.943286370936227934e-08
1.275000000000000000e+01 -4.108566861035461880e-08
1.280000000000000071e+01 -4.006576228012808915e-08
1.285000000000000142e+01 -3.647025238560834383e-08
1.290000000000000036e+01 -3.056093302876566900e-08
1.295000000000000107e+01 -2.274543825532184953e-08
1.300000000000000000e+01 -1.354926228836739080e-08
1.305000000000000071e+01 -3.580556957220082527e-09
1.310000000000000142e+01 6.509944793103331847e-09
1.315000000000000036e+01 1.607124807703172568e-08
1.320000000000000107e+01 2.449391642190110290e-08
1.325000000000000000e+01 3.124871839411951380e-08
1.330000000000000071e+01 3.591966251462423558e-08
1.335000000000000142e+01 3.822937234306835201e-08
1.340000000000000036e+01 3.805526956492583361e-08
1.345000000000000107e+01 3.543564031277323364e-08
1.350000000000000000e+01 3.056531885999983535e-08
1.355000000000000071e+01 2.378139045223924332e-08
1.360000000000000142e+01 1.553994865287023056e-08
1.365000000000000036e+01 6.385502121560241159e-09
1.370000000000000107e+01 -3.084923571469788810e-09
1.375000000000000000e+01 -1.226062908491990414e-08
1.380000000000000071e+01 -2.055650962520240578e-08
1.385000000000000142e+01 -2.745023182184233479e-08
1.390000000000000036e+01 -3.251496637693578207e-08
1.395000000000000107e+01 -3.544563580978858233e-08
1.400000000000000000e+01 -3.607707521623250321e-08
1.405000000000000071e+01 -3.439303955456625291e-08
1.410000000000000142e+01 -3.052558817304603115e-08
1.415000000000000036e+01 -2.474499729380458102e-08
1.420000000000000107e+01 -1.744095412699356102e-08
1.425000000000000000e+01 -9.096333984391497019e-09
1.430000000000000071e+01 -2.553199302126827163e-10
1.435000000000000142e+01 8.512034982505361616e-09
1.440000000000000036e+01 1.664650026258202637e-08
1.445000000000000107e+01 2.363525934470675744e-08
1.450000000000000000e+01 2.904414124552162240e-08
1.455000000000000071e+01 3.254447430465574383e-08
1.460000000000000142e+01 3.393290991846119516e-08
1.465000000000000036e+01 3.314303132691496765e-08
1.470000000000000107e+01 3.024809973848219005e-08
1.475000000000000000e+01 2.545486234578430404e-08
1.480000000000000071e+01 1.908891724480071721e-08
1.485000000000000142e+01 1.157266263393955847e-08
1.490000000000000036e+01 3.397318461828944078e-09
1.495000000000000107e+01 -4.909130541936862337e-09
