0.000000000000000000e+00 -0.000000000000000000e+00
5.000000000000000278e-02 5.912029433023712093e-07
1.000000000000000056e-01 4.721238452757715803e-06
1.500000000000000222e-01 1.588212602056904933e-05
2.000000000000000111e-01 3.747409794813826185e-05
2.500000000000000000e-01 7.276093988564476451e-05
3.000000000000000444e-01 1.248257570567605544e-04
3.500000000000000333e-01 1.965302496565861118e-04
4.000000000000000222e-01 2.904753604443504732e-04
4.500000000000000111e-01 4.089650307407369538e-04
5.000000000000000000e-01 5.539864591320373122e-04
5.500000000000000444e-01 7.271143973210236885e-04
6.000000000000000888e-01 9.296173733361496336e-04
6.500000000000000222e-01 1.162306197448078173e-03
7.000000000000000666e-01 1.425579910634853066e-03
7.500000000000000000e-01 1.719404974787110303e-03
8.000000000000000444e-01 2.043305780971333644e-03
8.500000000000000888e-01 2.396365816267837304e-03
9.000000000000000222e-01 2.777229347704045660e-03
9.500000000000000666e-01 3.184112705851002006e-03
1.000000000000000000e+00 3.614819094601438680e-03
1.050000000000000044e+00 4.066759687552558809e-03
1.100000000000000089e+00 4.536979659327792028e-03
1.150000000000000133e+00 5.022189736230180807e-03
1.200000000000000178e+00 5.518802625105152272e-03
1.250000000000000000e+00 6.022974694056608576e-03
1.300000000000000044e+00 6.530650160127069413e-03
1.350000000000000089e+00 7.037611091864686037e-03
1.400000000000000133e+00 7.539529687131669815e-03
1.450000000000000178e+00 8.032023268834845992e-03
1.500000000000000000e+00 8.510707167581782820e-03
1.550000000000000044e+00 8.971260158309365615e-03
1.600000000000000089e+00 9.409472577493378093e-03
1.650000000000000133e+00 9.821310240961785010e-03
1.700000000000000178e+00 1.020296518692439050e-02
1.750000000000000000e+00 1.055090798012948798e-02
1.800000000000000044e+00 1.086193929688678353e-02
1.850000000000000089e+00 1.113323125521250082e-02
1.900000000000000133e+00 1.136236728419484296e-02
1.950000000000000178e+00 1.154737474261037511e-02
2.000000000000000000e+00 1.168675098317576919e-02
2.050000000000000266e+00 1.177948218548721324e-02
2.100000000000000089e+00 1.182505456355643046e-02
2.149999999999999911e+00 1.182345771492913228e-02
2.200000000000000178e+00 1.177517980387706061e-02
2.250000000000000000e+00 1.168119595727018685e-02
2.300000000000000266e+00 1.154294643681255152e-02
2.350000000000000089e+00 1.136231061197914144e-02
2.400000000000000355e+00 1.114157539995805878e-02
2.450000000000000178e+00 1.088338615713325269e-02
2.500000000000000000e+00 1.059071395359765209e-02
2.550000000000000266e+00 1.026679873437471267e-02
2.600000000000000089e+00 9.915093797488882046e-03
2.650000000000000355e+00 9.539231993787819844e-03
2.700000000000000178e+00 9.142939216763144861e-03
2.750000000000000000e+00 8.730000271214889002e-03
2.800000000000000266e+00 8.304199758878760135e-03
2.850000000000000089e+00 7.869273673604066169e-03
2.900000000000000355e+00 7.428847468197824835e-03
2.950000000000000178e+00 6.986412513002228375e-03
3.000000000000000000e+00 6.545272083157299171e-03
3.050000000000000266e+00 6.108510640175220281e-03
3.100000000000000089e+00 5.678965130106194276e-03
3.150000000000000355e+00 5.259202827672876564e-03
3.200000000000000178e+00 4.851502506398327509e-03
3.250000000000000000e+00 4.457846931643536306e-03
3.300000000000000266e+00 4.079916012074911655e-03
3.350000000000000089e+00 3.719088013640764034e-03
3.400000000000000355e+00 3.376446115809492166e-03
3.450000000000000178e+00 3.052787800638698517e-03
3.500000000000000000e+00 2.748639653292777284e-03
3.550000000000000266e+00 2.464275798058996637e-03
3.600000000000000089e+00 2.199737893984013339e-03
3.650000000000000355e+00 1.954856328736050142e-03
3.700000000000000178e+00 1.729280056045089499e-03
3.750000000000000000e+00 1.522492374741366917e-03
3.800000000000000266e+00 1.333841545001805511e-03
3.850000000000000089e+00 1.162563578133571753e-03
3.900000000000000355e+00 1.007805850831307174e-03
3.950000000000000178e+00 8.686491397275026638e-04
4.000000000000000000e+00 7.441282788608679245e-04
4.049999999999999822e+00 6.332509323494125422e-04
4.100000000000000533e+00 5.350144044877710742e-04
4.150000000000000355e+00 4.484203375960658954e-04
4.200000000000000178e+00 3.724874237831422180e-04
4.250000000000000000e+00 3.062619283939547587e-04
4.299999999999999822e+00 2.488263398349462138e-04
4.350000000000000533e+00 1.993078529837154743e-04
4.400000000000000355e+00 1.568747479446648779e-04
4.450000000000000178e+00 1.207573193697983305e-04
4.500000000000000000e+00 9.023254845549073930e-05
4.549999999999999822e+00 6.463389580199011117e-05
4.600000000000000533e+00 4.334949488144607224e-05
4.650000000000000355e+00 2.582131444723081902e-05
4.700000000000000178e+00 1.154364942342123132e-05
4.750000000000000000e+00 6.107876266822213225e-08
4.800000000000000711e+00 -9.033947102713309310e-06
4.850000000000000533e+00 -1.610389108127649636e-05
4.900000000000000355e+00 -2.146874980145952605e-05
4.950000000000000178e+00 -2.541035861892861268e-05
5.000000000000000000e+00 -2.817307527540092597e-05
5.050000000000000711e+00 -2.996928391482346534e-05
5.100000000000000533e+00 -3.098116406967225695e-05
5.150000000000000355e+00 -3.136416941454433697e-05
5.200000000000000178e+00 -3.124968995383292929e-05
5.250000000000000000e+00 -3.074791882684852488e-05
5.300000000000000711e+00 -2.995045609693496575e-05
5.350000000000000533e+00 -2.893233168987522223e-05
5.400000000000000355e+00 -2.775647982921792688e-05
5.450000000000000178e+00 -2.647102977485495283e-05
5.500000000000000000e+00 -2.511748803712223382e-05
5.550000000000000711e+00 -2.372667804864060019e-05
5.600000000000000533e+00 -2.232438165572432935e-05
5.650000000000000355e+00 -2.093013477411551399e-05
5.700000000000000178e+00 -1.955954721502475491e-05
5.750000000000000000e+00 -1.822466071089947801e-05
5.800000000000000711e+00 -1.693492251791062109e-05
5.850000000000000533e+00 -1.569764675046483795e-05
5.900000000000000355e+00 -1.451844801109690859e-05
5.950000000000000178e+00 -1.340153542558421938e-05
6.000000000000000000e+00 -1.234991694560224304e-05
6.050000000000000711e+00 -1.136552154227760009e-05
6.100000000000000533e+00 -1.044912504661398967e-05
6.150000000000000355e+00 -9.601140211484007896e-06
6.200000000000000178e+00 -8.812632010003642227e-06
6.250000000000000000e+00 -8.104489552998110885e-06
6.300000000000000711e+00 -7.451402021287523592e-06
6.350000000000000533e+00 -6.857489336062198745e-06
6.400000000000000355e+00 -6.318632783177388993e-06
6.450000000000000178e+00 -5.830204951233080129e-06
6.500000000000000000e+00 -5.387212195112584381e-06
6.550000000000000711e+00 -4.984467951772646285e-06
6.600000000000000533e+00 -4.616778090969405841e-06
6.650000000000000355e+00 -4.279352468818890284e-06
6.700000000000000178e+00 -3.966807670221197520e-06
6.750000000000000000e+00 -3.674728553522581923e-06
6.800000000000000711e+00 -3.402106302839588581e-06
6.850000000000000533e+00 -3.143248918943816233e-06
6.900000000000000355e+00 -2.896855428222282885e-06
6.950000000000000178e+00 -2.661617506456238030e-06
7.000000000000000000e+00 -2.436753460078574862e-06
7.050000000000000711e+00 -2.222132802666252459e-06
7.100000000000000533e+00 -2.018121122149585557e-06
7.150000000000000355e+00 -1.825444371042475149e-06
7.200000000000000178e+00 -1.645130473134729309e-06
7.250000000000000000e+00 -1.477811703276486013e-06
7.300000000000000711e+00 -1.325081171138328332e-06
7.350000000000000533e+00 -1.187243491125371828e-06
7.400000000000000355e+00 -1.064237617476723792e-06
7.450000000000000178e+00 -9.566888903440311360e-07
7.500000000000000000e+00 -8.639468237731432128e-07
7.550000000000000711e+00 -7.852821225879341147e-07
7.600000000000000533e+00 -7.190684721291394989e-07
7.650000000000000355e+00 -6.640160194871010112e-07
7.700000000000000178e+00 -6.181075973549578244e-07
7.750000000000000000e+00 -5.792989383712168129e-07
7.800000000000000711e+00 -5.455033962799470806e-07
7.850000000000000533e+00 -5.149003219579413615e-07
7.900000000000000355e+00 -4.851430954698288131e-07
7.950000000000000178e+00 -4.552294911817406470e-07
8.000000000000000000e+00 -4.238436166072191297e-07
8.050000000000000711e+00 -3.901969858833824746e-07
8.099999999999999645e+00 -3.539354619875508996e-07
8.150000000000000355e+00 -3.152488803025430503e-07
8.200000000000001066e+00 -2.746080173030853310e-07
8.250000000000000000e+00 -2.328397382527307971e-07
8.300000000000000711e+00 -1.910216126322075746e-07
8.349999999999999645e+00 -1.503824820602360112e-07
8.400000000000000355e+00 -1.120752545378760041e-07
8.450000000000001066e+00 -7.742475580098456168e-08
8.500000000000000000e+00 -4.783493716999914289e-08
8.550000000000000711e+00 -2.369596920478909385e-08
8.599999999999999645e+00 -5.677232917370951623e-09
8.650000000000000355e+00 5.979134530737120834e-09
8.700000000000001066e+00 1.135701230697754243e-08
8.750000000000000000e+00 1.106029541766450085e-08
8.800000000000000711e+00 5.825550525294184894e-09
8.849999999999999645e+00 -3.320454367738900837e-09
8.900000000000000355e+00 -1.508723237884506362e-08
8.950000000000001066e+00 -2.819347472483950969e-08
9.000000000000000000e+00 -4.151837024134517088e-08
9.050000000000000711e+00 -5.320214281959373958e-08
9.099999999999999645e+00 -6.275775964362090771e-08
9.150000000000000355e+00 -6.912037077679445239e-08
9.200000000000001066e+00 -7.173035633620355186e-08
9.250000000000000000e+00 -7.027200410941531898e-08
9.300000000000000711e+00 -6.473547194541164672e-08
9.349999999999999645e+00 -5.555378507607148303e-08
9.400000000000000355e+00 -4.331929181574660986e-08
9.450000000000001066e+00 -2.897259368908217738e-08
9.500000000000000000e+00 -1.322945755381602403e-08
9.550000000000000711e+00 2.711546714527437668e-09
9.600000000000001421e+00 1.797457533445274991e-08
9.650000000000000355e+00 3.103327362150957969e-08
9.700000000000001066e+00 4.157998982544907759e-08
9.750000000000000000e+00 4.879410569510308646e-08
9.800000000000000711e+00 5.232128569669554171e-08
9.850000000000001421e+00 5.192337849523144706e-08
9.900000000000000355e+00 4.773241139173402614e-08
9.950000000000001066e+00 4.023595487158451057e-08
