0.000000000000000000e+00 3.772319656429479889e-02
5.000000000000000278e-02 4.190979412389874564e-02
1.000000000000000056e-01 4.124503012562107801e-02
1.500000000000000222e-01 4.006584852756790716e-02
2.000000000000000111e-01 3.846219855240046170e-02
2.500000000000000000e-01 3.644228764414225719e-02
3.000000000000000444e-01 3.403647902542166620e-02
3.500000000000000333e-01 3.129702172720351394e-02
4.000000000000000222e-01 2.825523640742881940e-02
4.500000000000000111e-01 2.494935721393815031e-02
5.000000000000000000e-01 2.144180869951180582e-02
5.500000000000000444e-01 1.777771138546587956e-02
6.000000000000000888e-01 1.401078839038501049e-02
6.500000000000000222e-01 1.019366400506240868e-02
7.000000000000000666e-01 6.383269841720656292e-03
7.500000000000000000e-01 2.612686028283283616e-03
8.000000000000000444e-01 -1.059369501647729108e-03
8.500000000000000888e-01 -4.593468941134533877e-03
9.000000000000000222e-01 -7.948106582329675721e-03
9.500000000000000666e-01 -1.109457632641319691e-02
1.000000000000000000e+00 -1.399887832086513240e-02
1.050000000000000044e+00 -1.663918953427960881e-02
1.100000000000000089e+00 -1.899962107162608826e-02
1.150000000000000133e+00 -2.106400422958827276e-02
1.200000000000000178e+00 -2.282559791312567532e-02
1.250000000000000000e+00 -2.427847544216198833e-02
1.300000000000000044e+00 -2.542804672006881983e-02
1.350000000000000089e+00 -2.628256905867702026e-02
1.400000000000000133e+00 -2.684539580908461981e-02
1.450000000000000178e+00 -2.713102097156469550e-02
1.500000000000000000e+00 -2.715792924373122350e-02
1.550000000000000044e+00 -2.694403801374721866e-02
1.600000000000000089e+00 -2.651030960228070027e-02
1.650000000000000133e+00 -2.587267844644406539e-02
1.700000000000000178e+00 -2.505474993518628027e-02
1.750000000000000000e+00 -2.408219531603905325e-02
1.800000000000000044e+00 -2.297515692478351024e-02
1.850000000000000089e+00 -2.175545285081284877e-02
1.900000000000000133e+00 -2.044162071453425183e-02
1.950000000000000178e+00 -1.905610416526593368e-02
2.000000000000000000e+00 -1.761754505359240316e-02
2.050000000000000266e+00 -1.614573380683554521e-02
2.100000000000000089e+00 -1.465480628614538108e-02
2.149999999999999911e+00 -1.316135284119999277e-02
2.200000000000000178e+00 -1.167920112377738781e-02
2.250000000000000000e+00 -1.022055686554070551e-02
2.300000000000000266e+00 -8.795843051830704029e-03
2.350000000000000089e+00 -7.416052171325566815e-03
2.400000000000000355e+00 -6.090496833321113433e-03
2.450000000000000178e+00 -4.825820263659577440e-03
2.500000000000000000e+00 -3.628159917897937070e-03
2.550000000000000266e+00 -2.502899661192305170e-03
2.600000000000000089e+00 -1.455269455602484913e-03
2.650000000000000355e+00 -4.872058623553223995e-04
2.700000000000000178e+00 3.988182391509518111e-04
2.750000000000000000e+00 1.200440600551092463e-03
2.800000000000000266e+00 1.918961006924796518e-03
2.850000000000000089e+00 2.553506061151393936e-03
2.900000000000000355e+00 3.104963664741232192e-03
2.950000000000000178e+00 3.576331841875678413e-03
3.000000000000000000e+00 3.969700100658273868e-03
3.050000000000000266e+00 4.288424213655334626e-03
3.100000000000000089e+00 4.536201780888099097e-03
3.150000000000000355e+00 4.717130468323637617e-03
3.200000000000000178e+00 4.836321016711045070e-03
3.250000000000000000e+00 4.898860832326273548e-03
3.300000000000000266e+00 4.909783908873579725e-03
3.350000000000000089e+00 4.874731282720317846e-03
3.400000000000000355e+00 4.799064804490616939e-03
3.450000000000000178e+00 4.688410169917876270e-03
3.500000000000000000e+00 4.548121165773846494e-03
3.550000000000000266e+00 4.383430009552882582e-03
3.600000000000000089e+00 4.199424350010397614e-03
3.650000000000000355e+00 4.000555350044256858e-03
3.700000000000000178e+00 3.791238616802351108e-03
3.750000000000000000e+00 3.575362361989319060e-03
3.800000000000000266e+00 3.356439873654961867e-03
3.850000000000000089e+00 3.137334378890797512e-03
3.900000000000000355e+00 2.920835781698861988e-03
3.950000000000000178e+00 2.709041513475359160e-03
4.000000000000000000e+00 2.503653018844781853e-03
4.049999999999999822e+00 2.306205485184608609e-03
4.100000000000000533e+00 2.117530205037148564e-03
4.150000000000000355e+00 1.938457476225263418e-03
4.200000000000000178e+00 1.769510981011472106e-03
4.250000000000000000e+00 1.610759367413658544e-03
4.299999999999999822e+00 1.462322720095061979e-03
4.350000000000000533e+00 1.324125285601370676e-03
4.400000000000000355e+00 1.195863609623121215e-03
4.450000000000000178e+00 1.077289311097158172e-03
4.500000000000000000e+00 9.680229817009606717e-04
4.549999999999999822e+00 8.676469533861357920e-04
4.600000000000000533e+00 7.757835001150966293e-04
4.650000000000000355e+00 6.919824525872065929e-04
4.700000000000000178e+00 6.158166411332384460e-04
4.750000000000000000e+00 5.468844223209388304e-04
4.800000000000000711e+00 4.847575183771772231e-04
4.850000000000000533e+00 4.290148996711704845e-04
4.900000000000000355e+00 3.792596364811031827e-04
4.950000000000000178e+00 3.350708425021756381e-04
5.000000000000000000e+00 2.960305280827006929e-04
5.050000000000000711e+00 2.617193127693198218e-04
5.100000000000000533e+00 2.317183652178379663e-04
5.150000000000000355e+00 2.056002298529187181e-04
5.200000000000000178e+00 1.829376539231472533e-04
5.250000000000000000e+00 1.633171723431773355e-04
5.300000000000000711e+00 1.463278904769249416e-04
5.350000000000000533e+00 1.315786635096335814e-04
5.400000000000000355e+00 1.187058727287632493e-04
5.450000000000000178e+00 1.073712267949283362e-04
5.500000000000000000e+00 9.727309020715413986e-05
5.550000000000000711e+00 8.815351037602526369e-05
5.600000000000000533e+00 7.979155909621928164e-05
5.650000000000000355e+00 7.201779725583457741e-05
5.700000000000000178e+00 6.470411358412034937e-05
5.750000000000000000e+00 5.776571225692408106e-05
5.800000000000000711e+00 5.115803589977310425e-05
5.850000000000000533e+00 4.486911932970682158e-05
5.900000000000000355e+00 3.891444738762009473e-05
5.950000000000000178e+00 3.333051176395975614e-05
6.000000000000000000e+00 2.816516067087150032e-05
6.050000000000000711e+00 2.347100832184502659e-05
6.100000000000000533e+00 1.929877649402291336e-05
6.150000000000000355e+00 1.568877865250261632e-05
6.200000000000000178e+00 1.266805174367037476e-05
6.250000000000000000e+00 1.024532796464845813e-05
6.300000000000000711e+00 8.408267425300399733e-06
6.350000000000000533e+00 7.124069799299103783e-06
6.400000000000000355e+00 6.339809073363485597e-06
6.450000000000000178e+00 5.984463784510121320e-06
6.500000000000000000e+00 5.973522105853466688e-06
6.550000000000000711e+00 6.213047092708491177e-06
6.600000000000000533e+00 6.604629848679064732e-06
6.650000000000000355e+00 7.051521097771579183e-06
6.700000000000000178e+00 7.463376758680326862e-06
6.750000000000000000e+00 7.761283351173476562e-06
6.800000000000000711e+00 7.881876142732486076e-06
6.850000000000000533e+00 7.780153660979019842e-06
6.900000000000000355e+00 7.431401770894460838e-06
6.950000000000000178e+00 6.831715778700273070e-06
7.000000000000000000e+00 5.997160168330319426e-06
7.050000000000000711e+00 4.961835944339423490e-06
7.100000000000000533e+00 3.774812097925220859e-06
7.150000000000000355e+00 2.496275654291220218e-06
7.200000000000000178e+00 1.193072193464563998e-06
7.250000000000000000e+00 -6.599541308543387948e-08
7.300000000000000711e+00 -1.214895879471959333e-06
7.350000000000000533e+00 -2.194669127990528647e-06
7.400000000000000355e+00 -2.957227667856036827e-06
7.450000000000000178e+00 -3.468327164697472093e-06
7.500000000000000000e+00 -3.709503533784035529e-06
7.550000000000000711e+00 -3.678999042238174198e-06
7.600000000000000533e+00 -3.391556667278668225e-06
7.650000000000000355e+00 -2.877149716809512227e-06
7.700000000000000178e+00 -2.178778027486965828e-06
7.750000000000000000e+00 -1.349469229503464561e-06
7.800000000000000711e+00 -4.487177256934817723e-07
7.850000000000000533e+00 4.614397469626219350e-07
7.900000000000000355e+00 1.320346978400072544e-06
7.950000000000000178e+00 2.072538200339669248e-06
8.000000000000000000e+00 2.671118961472787317e-06
8.050000000000000711e+00 3.080448093351971038e-06
8.099999999999999645e+00 3.278171003707671216e-06
8.150000000000000355e+00 3.256220625299742952e-06
8.200000000000001066e+00 3.020990227894182379e-06
8.250000000000000000e+00 2.592507278027044588e-06
8.300000000000000711e+00 2.002852147744633093e-06
8.349999999999999645e+00 1.293755363655583569e-06
8.400000000000000355e+00 5.136573077795715180e-07
8.450000000000001066e+00 -2.855003166886767400e-07
8.500000000000000000e+00 -1.051737894484225287e-06
8.550000000000000711e+00 -1.736362922595118338e-06
8.599999999999999645e+00 -2.297017166476837622e-06
8.650000000000000355e+00 -2.700245307017102150e-06
8.700000000000001066e+00 -2.923436564979816699e-06
8.750000000000000000e+00 -2.956037236100730559e-06
8.800000000000000711e+00 -2.799933690559921069e-06
8.849999999999999645e+00 -2.469083946473727103e-06
8.900000000000000355e+00 -1.988325289350743030e-06
8.950000000000001066e+00 -1.391574535542569283e-06
9.000000000000000000e+00 -7.194554292894437051e-07
9.050000000000000711e+00 -1.652139474507568010e-08
9.099999999999999645e+00 6.716325265976908964e-07
9.150000000000000355e+00 1.301296989967487301e-06
9.200000000000001066e+00 1.833479508944112974e-06
9.250000000000000000e+00 2.236206840681521978e-06
9.300000000000000711e+00 2.486462664069821688e-06
9.349999999999999645e+00 2.571469502503134583e-06
9.400000000000000355e+00 2.489265772920577818e-06
9.450000000000001066e+00 2.248632974839150380e-06
9.500000000000000000e+00 1.868287087879199901e-06
9.550000000000000711e+00 1.375496102660606974e-06
9.600000000000001421e+00 8.041605921515127529e-07
9.650000000000000355e+00 1.924812459590071330e-07
9.700000000000001066e+00 -4.194989099263208731e-07
9.750000000000000000e+00 -9.925502057725791016e-07
9.800000000000000711e+00 -1.490736369479539316e-06
9.850000000000001421e+00 -1.883606957656262483e-06
9.900000000000000355e+00 -2.148060907618489046e-06
9.950000000000001066e+00 -2.269665863942332620e-06
1.000000000000000000e+01 -2.243406762588474184e-06
1.005000000000000071e+01 -2.073825871876287652e-06
1.010000000000000142e+01 -1.774532946051194660e-06
1.015000000000000036e+01 -1.367172821788164153e-06
1.020000000000000107e+01 -8.798811418221352852e-07
1.025000000000000000e+01 -3.453645668437259287e-07
1.030000000000000071e+01 2.012737254196282892e-07
1.035000000000000142e+01 7.248155479417370488e-07
1.040000000000000036e+01 1.192198340083830753e-06
1.045000000000000107e+01 1.574555535196409882e-06
1.050000000000000000e+01 1.848983732888496761e-06
1.055000000000000071e+01 1.999920981254980941e-06
1.060000000000000142e+01 2.019972235234830471e-06
1.065000000000000036e+01 1.910237008958710784e-06
1.070000000000000107e+01 1.680115007662524322e-06
1.075000000000000000e+01 1.346405685674390813e-06
1.080000000000000071e+01 9.326745491471004902e-07
1.085000000000000142e+01 4.655160634032877530e-07
1.090000000000000036e+01 -1.941681436896348676e-08
1.095000000000000107e+01 -4.437261847679485926e-168
1.100000000000000000e+01 -0.000000000000000000e+00
1.105000000000000071e+01 -0.000000000000000000e+00
1.110000000000000142e+01 -0.000000000000000000e+00
1.115000000000000036e+01 -0.000000000000000000e+00
1.120000000000000107e+01 -0.000000000000000000e+00
1.125000000000000000e+01 -0.000000000000000000e+00
1.130000000000000071e+01 -0.000000000000000000e+00
1.135000000000000142e+01 -0.000000000000000000e+00
1.140000000000000036e+01 -0.000000000000000000e+00
1.145000000000000107e+01 -0.000000000000000000e+00
1.150000000000000000e+01 -0.000000000000000000e+00
1.155000000000000071e+01 -0.000000000000000000e+00
1.160000000000000142e+01 -0.000000000000000000e+00
1.165000000000000036e+01 -0.000000000000000000e+00
1.170000000000000107e+01 -0.000000000000000000e+00
1.175000000000000000e+01 -0.000000000000000000e+00
1.180000000000000071e+01 -0.000000000000000000e+00
1.185000000000000142e+01 -0.000000000000000000e+00
1.190000000000000036e+01 -0.000000000000000000e+00
1.195000000000000107e+01 -0.000000000000000000e+00
1.200000000000000000e+01 -0.000000000000000000e+00
1.205000000000000071e+01 -0.000000000000000000e+00
1.210000000000000142e+01 -0.000000000000000000e+00
1.215000000000000036e+01 -0.000000000000000000e+00
1.220000000000000107e+01 -0.000000000000000000e+00
1.225000000000000000e+01 -0.000000000000000000e+00
1.230000000000000071e+01 -0.000000000000000000e+00
1.235000000000000142e+01 -0.000000000000000000e+00
1.240000000000000036e+01 -0.000000000000000000e+00
1.245000000000000107e+01 -0.000000000000000000e+00
1.250000000000000000e+01 -0.000000000000000000e+00
1.255000000000000071e+01 -0.000000000000000000e+00
1.260000000000000142e+01 -0.000000000000000000e+00
1.265000000000000036e+01 -0.000000000000000000e+00
1.270000000000000107e+01 -0.000000000000000000e+00
1.275000000000000000e+01 -0.000000000000000000e+00
1.280000000000000071e+01 -0.000000000000000000e+00
1.285000000000000142e+01 -0.000000000000000000e+00
1.290000000000000036e+01 -0.000000000000000000e+00
1.295000000000000107e+01 -0.000000000000000000e+00
1.300000000000000000e+01 -0.000000000000000000e+00
1.305000000000000071e+01 -0.000000000000000000e+00
1.310000000000000142e+01 -0.000000000000000000e+00
1.315000000000000036e+01 -0.000000000000000000e+00
