0.000000000000000000e+00 -0.000000000000000000e+00
5.000000000000000278e-02 -7.130405624006007498e-09
1.000000000000000056e-01 -5.689509712604022514e-08
1.500000000000000222e-01 -1.911904403951570311e-07
2.000000000000000111e-01 -4.504500599558425507e-07
2.500000000000000000e-01 -8.729459537610655372e-07
3.000000000000000444e-01 -1.494127865472294332e-06
3.500000000000000333e-01 -2.346012475739072781e-06
4.000000000000000222e-01 -3.456632987664130568e-06
4.500000000000000111e-01 -4.849558490849093882e-06
5.000000000000000000e-01 -6.543491119672958975e-06
5.500000000000000444e-01 -8.551947505066395604e-06
6.000000000000000888e-01 -1.088302938835649342e-05
6.500000000000000222e-01 -1.353928655633577069e-05
7.000000000000000666e-01 -1.651767350547183650e-05
7.500000000000000000e-01 -1.980959948749534018e-05
8.000000000000000444e-01 -2.340106986542248366e-05
8.500000000000000888e-01 -2.727291505402248956e-05
9.000000000000000222e-01 -3.140110176534083026e-05
9.500000000000000666e-01 -3.575711985877274483e-05
1.000000000000000000e+00 -4.030843683343344059e-05
1.050000000000000044e+00 -4.501901092117009326e-05
1.100000000000000089e+00 -4.984985285991898882e-05
1.150000000000000133e+00 -5.475962576275309959e-05
1.200000000000000178e+00 -5.970527205632860155e-05
1.250000000000000000e+00 -6.464265624681220397e-05
1.300000000000000044e+00 -6.952721227995267662e-05
1.350000000000000089e+00 -7.431458448805373452e-05
1.400000000000000133e+00 -7.896125154892499204e-05
1.450000000000000178e+00 -8.342512350495457642e-05
1.500000000000000000e+00 -8.766610268511800127e-05
1.550000000000000044e+00 -9.164660031673677390e-05
1.600000000000000089e+00 -9.533200168239628909e-05
1.650000000000000133e+00 -9.869107384406750581e-05
1.700000000000000178e+00 -1.016963111934763664e-04
1.750000000000000000e+00 -1.043242153670223923e-04
1.800000000000000044e+00 -1.065555073571884464e-04
1.850000000000000089e+00 -1.083752709334037960e-04
1.900000000000000133e+00 -1.097730277281906415e-04
1.950000000000000178e+00 -1.107427455255668362e-04
2.000000000000000000e+00 -1.112827823869980257e-04
2.050000000000000266e+00 -1.113957702473550331e-04
2.100000000000000089e+00 -1.110884424941349251e-04
2.149999999999999911e+00 -1.103714107956992464e-04
2.200000000000000178e+00 -1.092588970599309796e-04
2.250000000000000000e+00 -1.077684268783647849e-04
2.300000000000000266e+00 -1.059204911407042398e-04
2.350000000000000089e+00 -1.037381826920833329e-04
2.400000000000000355e+00 -1.012468149548219413e-04
2.450000000000000178e+00 -9.847352935483350369e-05
2.500000000000000000e+00 -9.544689818969419109e-05
2.550000000000000266e+00 -9.219652926215650402e-05
2.600000000000000089e+00 -8.875267819264891060e-05
2.650000000000000355e+00 -8.514587383138255011e-05
2.700000000000000178e+00 -8.140656163020895957e-05
2.750000000000000000e+00 -7.756476922190549668e-05
2.800000000000000266e+00 -7.364979780571279556e-05
2.850000000000000089e+00 -6.968994226799411610e-05
2.900000000000000355e+00 -6.571224229049406145e-05
2.950000000000000178e+00 -6.174226602956612588e-05
3.000000000000000000e+00 -5.780392730049549324e-05
3.050000000000000266e+00 -5.391933658287114257e-05
3.100000000000000089e+00 -5.010868558556816333e-05
3.150000000000000355e+00 -4.639016458138791427e-05
3.200000000000000178e+00 -4.277991124820364226e-05
3.250000000000000000e+00 -3.929198934033935521e-05
3.300000000000000266e+00 -3.593839516399097351e-05
3.350000000000000089e+00 -3.272908954532525414e-05
3.400000000000000355e+00 -2.967205275953670919e-05
3.450000000000000178e+00 -2.677335973231462807e-05
3.500000000000000000e+00 -2.403727272938613340e-05
3.550000000000000266e+00 -2.146634871151976057e-05
3.600000000000000089e+00 -1.906155854718777560e-05
3.650000000000000355e+00 -1.682241533789484723e-05
3.700000000000000178e+00 -1.474710921635945134e-05
3.750000000000000000e+00 -1.283264611931781340e-05
3.800000000000000266e+00 -1.107498820855760798e-05
3.850000000000000089e+00 -9.469193809703071860e-06
3.900000000000000355e+00 -8.009554952195446502e-06
3.950000000000000178e+00 -6.689730820010331340e-06
4.000000000000000000e+00 -5.502875655425854034e-06
4.049999999999999822e+00 -4.441759892529076435e-06
4.100000000000000533e+00 -3.498883528539363940e-06
4.150000000000000355e+00 -2.666580965390045013e-06
4.200000000000000178e+00 -1.937116767872460872e-06
4.250000000000000000e+00 -1.302771985119771054e-06
4.299999999999999822e+00 -7.559208669881981083e-07
4.350000000000000533e+00 -2.890979742497603938e-07
4.400000000000000355e+00 1.049441697467654428e-07
4.450000000000000178e+00 4.331866088367134991e-07
4.500000000000000000e+00 7.023042781623759937e-07
4.549999999999999822e+00 9.186346449449504580e-07
4.600000000000000533e+00 1.088154116267129642e-06
4.650000000000000355e+00 1.216461610152044100e-06
4.700000000000000178e+00 1.308768648865242731e-06
4.750000000000000000e+00 1.369895311395431232e-06
4.800000000000000711e+00 1.404271374009694473e-06
4.850000000000000533e+00 1.415941972058918624e-06
4.900000000000000355e+00 1.408577131207069380e-06
4.950000000000000178e+00 1.385484540341516637e-06
5.000000000000000000e+00 1.349624969987774046e-06
5.050000000000000711e+00 1.303629777552437872e-06
5.100000000000000533e+00 1.249819982691178824e-06
5.150000000000000355e+00 1.190226441182270629e-06
5.200000000000000178e+00 1.126610692642200869e-06
5.250000000000000000e+00 1.060486105134095210e-06
5.300000000000000711e+00 9.931389872185346485e-07
5.350000000000000533e+00 9.256493844401127831e-07
5.400000000000000355e+00 8.589113219316884182e-07
5.450000000000000178e+00 7.936522971821677601e-07
5.500000000000000000e+00 7.304518666103495206e-07
5.550000000000000711e+00 6.697592060917537471e-07
5.600000000000000533e+00 6.119095587795906648e-07
5.650000000000000355e+00 5.571395133243168502e-07
5.700000000000000178e+00 5.056010818925865693e-07
5.750000000000000000e+00 4.573745702535627336e-07
5.800000000000000711e+00 4.124802517377556474e-07
5.850000000000000533e+00 3.708888732304547910e-07
5.900000000000000355e+00 3.325310347273272526e-07
5.950000000000000178e+00 2.973054945736959641e-07
6.000000000000000000e+00 2.650864605693572531e-07
6.050000000000000711e+00 2.357299329005736868e-07
6.100000000000000533e+00 2.090791686154149009e-07
6.150000000000000355e+00 1.849693393444172869e-07
6.200000000000000178e+00 1.632314544344076168e-07
6.250000000000000000e+00 1.436956208477000549e-07
6.300000000000000711e+00 1.261937093074314832e-07
6.350000000000000533e+00 1.105614934500437669e-07
6.400000000000000355e+00 9.664032536973130903e-08
6.450000000000000178e+00 8.427840707760085998e-08
6.500000000000000000e+00 7.333171320328855813e-08
6.550000000000000711e+00 6.366461587191945124e-08
6.600000000000000533e+00 5.515025820778978525e-08
6.650000000000000355e+00 4.767071844563043919e-08
6.700000000000000178e+00 4.111700224857765805e-08
6.750000000000000000e+00 3.538889660379627287e-08
6.800000000000000711e+00 3.039471464081747238e-08
6.850000000000000533e+00 2.605095693134908044e-08
6.900000000000000355e+00 2.228191130759512651e-08
6.950000000000000178e+00 1.901920999478762448e-08
7.000000000000000000e+00 1.620135990074570451e-08
7.050000000000000711e+00 1.377325923972290234e-08
7.100000000000000533e+00 1.168571128646296776e-08
7.150000000000000355e+00 9.894943947166777127e-09
7.200000000000000178e+00 8.362141985408204416e-09
7.250000000000000000e+00 7.052997136130107906e-09
7.300000000000000711e+00 5.937279962246943720e-09
7.350000000000000533e+00 4.988436137658233448e-09
7.400000000000000355e+00 4.183208857952533142e-09
7.450000000000000178e+00 3.501288267342110246e-09
7.500000000000000000e+00 2.924988128051763001e-09
7.550000000000000711e+00 2.438949428875935046e-09
7.600000000000000533e+00 2.029870216024515682e-09
7.650000000000000355e+00 1.686260615224217516e-09
7.700000000000000178e+00 1.398221785645266170e-09
7.750000000000000000e+00 1.157247389118988816e-09
7.800000000000000711e+00 9.560460612089491228e-10
7.850000000000000533e+00 7.883833225988574772e-10
7.900000000000000355e+00 6.489413609198870803e-10
7.950000000000000178e+00 5.331951358732745484e-10
8.000000000000000000e+00 4.373033074526938812e-10
8.050000000000000711e+00 3.580125519924777871e-10
8.099999999999999645e+00 2.925739083174388946e-10
8.150000000000000355e+00 2.386698825183748947e-10
8.200000000000001066e+00 1.943511307698362900e-10
8.250000000000000000e+00 1.579816326505550809e-10
8.300000000000000711e+00 1.281913602301323823e-10
8.349999999999999645e+00 1.038355387546070262e-10
8.400000000000000355e+00 8.395968221174113491e-11
8.450000000000001066e+00 6.776966983308308763e-11
8.500000000000000000e+00 5.460620761077206378e-11
8.550000000000000711e+00 4.392309138395782359e-11
8.599999999999999645e+00 3.526875476003862338e-11
8.650000000000000355e+00 2.827064658775015121e-11
8.700000000000001066e+00 2.262203798379222193e-11
8.750000000000000000e+00 1.807090934900521375e-11
8.800000000000000711e+00 1.441061280519317249e-11
8.849999999999999645e+00 1.147204568456131052e-11
8.900000000000000355e+00 9.117106420047479912e-12
8.950000000000001066e+00 7.233235956787125240e-12
9.000000000000000000e+00 5.728875139858483112e-12
9.050000000000000711e+00 4.529693512724341102e-12
9.099999999999999645e+00 3.575465490705881172e-12
9.150000000000000355e+00 2.817488869997074836e-12
9.200000000000001066e+00 2.216456268122378018e-12
9.250000000000000000e+00 1.740703954111053215e-12
9.300000000000000711e+00 1.364774415871104886e-12
9.349999999999999645e+00 1.068238974740473612e-12
9.400000000000000355e+00 8.347355262107648988e-13
9.450000000000001066e+00 6.511838531446097552e-13
9.500000000000000000e+00 5.071470131327021978e-13
9.550000000000000711e+00 3.943128156962436795e-13
9.600000000000001421e+00 3.060736166884438170e-13
9.650000000000000355e+00 2.371865664984756745e-13
9.700000000000001066e+00 1.834993805082677878e-13
9.750000000000000000e+00 1.417296063759885514e-13
9.800000000000000711e+00 1.092871634679129660e-13
9.850000000000001421e+00 8.413203339174668191e-14
9.900000000000000355e+00 6.466038923501380433e-14
9.950000000000001066e+00 4.961363128291417732e-14
1.000000000000000000e+01 3.800584640665194370e-14
1.005000000000000071e+01 2.906615383363489049e-14
1.010000000000000142e+01 2.219287220488234696e-14
1.015000000000000036e+01 1.691721936946589001e-14
1.020000000000000107e+01 1.287464134886206050e-14
1.025000000000000000e+01 9.782111216251888818e-15
1.030000000000000071e+01 7.420321019586018872e-15
1.035000000000000142e+01 5.619605067640035747e-15
1.040000000000000036e+01 4.248961345146587786e-15
1.045000000000000107e+01 3.207417235754900904e-15
1.050000000000000000e+01 2.417259417625569167e-15
1.055000000000000071e+01 1.818811484306010855e-15
1.060000000000000142e+01 1.366311976560214570e-15
1.065000000000000036e+01 1.024727195556485064e-15
1.070000000000000107e+01 7.673044045312867165e-16
1.075000000000000000e+01 5.736201298599881514e-16
1.080000000000000071e+01 4.281388685369010572e-16
1.085000000000000142e+01 3.190388601955593693e-16
1.090000000000000036e+01 2.373580394794231287e-16
1.095000000000000107e+01 1.763070883628503943e-16
1.100000000000000000e+01 1.307506336683856724e-16
1.105000000000000071e+01 9.680557806445436758e-17
1.110000000000000142e+01 7.155927042361486126e-17
1.115000000000000036e+01 5.281764612341304303e-17
1.120000000000000107e+01 3.891845781975994206e-17
1.125000000000000000e+01 2.863109927169443228e-17
1.130000000000000071e+01 2.102909710482007611e-17
1.135000000000000142e+01 1.542210878795356391e-17
1.140000000000000036e+01 1.128935976315789194e-17
1.145000000000000107e+01 8.254336839879681741e-18
1.150000000000000000e+01 6.025225859929150981e-18
1.155000000000000071e+01 4.389331647568481179e-18
1.160000000000000142e+01 3.195887688212707920e-18
1.165000000000000036e+01 2.320170116667244860e-18
1.170000000000000107e+01 1.681233098264308464e-18
1.175000000000000000e+01 1.218606632624652699e-18
1.180000000000000071e+01 8.810842018366357869e-19
1.185000000000000142e+01 6.371868951485995418e-19
1.190000000000000036e+01 4.589040017165046038e-19
1.195000000000000107e+01 3.291716787524728024e-19
1.200000000000000000e+01 2.356556009672479177e-19
1.205000000000000071e+01 1.699621741292233254e-19
1.210000000000000142e+01 1.208102592675733691e-19
1.215000000000000036e+01 8.226137891507713691e-20
1.220000000000000107e+01 5.778468966447870207e-20
1.225000000000000000e+01 4.246123360146040843e-20
1.230000000000000071e+01 3.231652206919917066e-20
1.235000000000000142e+01 2.593619437130030154e-20
1.240000000000000036e+01 1.633823223176546337e-20
1.245000000000000107e+01 1.059190714285975895e-20
1.250000000000000000e+01 7.854491288881184837e-21
1.255000000000000071e+01 2.297354826276285079e-21
1.260000000000000142e+01 5.649840460584908568e-21
1.265000000000000036e+01 5.726533304609792026e-21
1.270000000000000107e+01 3.442561205224493535e-21
1.275000000000000000e+01 2.222033123515556435e-21
1.280000000000000071e+01 2.339406347464227779e-21
1.285000000000000142e+01 3.177883830733043122e-22
1.290000000000000036e+01 5.855600432607817988e-22
1.295000000000000107e+01 -7.968000810511626855e-22
1.300000000000000000e+01 2.905548739921308552e-22
1.305000000000000071e+01 -3.050170733570288069e-22
1.310000000000000142e+01 4.768155231067728170e-22
1.315000000000000036e+01 -1.602196154135502019e-21
1.320000000000000107e+01 6.007625747295258360e-22
1.325000000000000000e+01 -2.847080769871557936e-22
1.330000000000000071e+01 3.039052378823987264e-21
1.335000000000000142e+01 -1.624003968146022615e-21
1.340000000000000036e+01 -8.804484730159281428e-22
1.345000000000000107e+01 -3.292121894908431431e-22
1.350000000000000000e+01 6.174914109212570152e-22
1.355000000000000071e+01 -2.101250027212587785e-21
1.360000000000000142e+01 6.084672254474004225e-22
1.365000000000000036e+01 -1.358832325093688077e-21
1.370000000000000107e+01 -3.687938406234642411e-22
1.375000000000000000e+01 2.879581502302238429e-21
1.380000000000000071e+01 1.345031317387108838e-21
1.385000000000000142e+01 2.419964764437059757e-21
1.390000000000000036e+01 1.671115772372282119e-21
1.395000000000000107e+01 -1.148257135023137574e-22
1.400000000000000000e+01 5.772905805225592319e-21
1.405000000000000071e+01 -2.083916177100237742e-22
1.410000000000000142e+01 1.082384662757571810e-21
1.415000000000000036e+01 1.351239616219139537e-21
1.420000000000000107e+01 -2.585629511248436338e-22
1.425000000000000000e+01 -1.501320728418387908e-21
1.430000000000000071e+01 7.384932701394288722e-22
1.435000000000000142e+01 2.034485782250409431e-21
1.440000000000000036e+01 -1.672125066945033943e-21
1.445000000000000107e+01 6.797392534351172355e-22
1.450000000000000000e+01 1.616336614802383740e-22
1.455000000000000071e+01 2.381316615882612967e-21
1.460000000000000142e+01 -1.370236674900738894e-21
1.465000000000000036e+01 9.850521696738838369e-22
1.470000000000000107e+01 -7.461844870624380372e-22
1.475000000000000000e+01 -3.315846180879529024e-21
1.480000000000000071e+01 -5.398158592902088732e-22
1.485000000000000142e+01 3.275580661592688522e-23
1.490000000000000036e+01 1.659753162101755838e-21
1.495000000000000107e+01 3.948950266533620991e-22
1.500000000000000000e+01 -2.671730277532136236e-21
1.505000000000000071e+01 -1.143643537640513307e-21
1.510000000000000142e+01 -1.901402822202642280e-22
1.515000000000000036e+01 4.171488172597561203e-23
1.520000000000000107e+01 -5.607827811377217449e-23
1.525000000000000000e+01 6.280948323465754619e-22
1.530000000000000071e+01 -2.517292535329275571e-21
1.535000000000000142e+01 5.202499991583217014e-22
1.540000000000000036e+01 2.389897529566314915e-21
1.545000000000000107e+01 -1.008750912983629567e-21
1.550000000000000000e+01 -1.123021021958104363e-22
1.555000000000000071e+01 -3.361588363991961315e-21
1.560000000000000142e+01 1.293490729146337755e-21
1.565000000000000036e+01 -9.852390653515470414e-23
1.570000000000000107e+01 -2.148848362974835864e-21
1.575000000000000000e+01 -3.435116120034466196e-21
1.580000000000000071e+01 3.204416651190446081e-21
1.585000000000000142e+01 -2.598490856505505123e-21
1.590000000000000036e+01 1.195894499378032294e-22
1.595000000000000107e+01 -1.432447484432155285e-21
1.600000000000000000e+01 6.235885542139181289e-22
1.605000000000000071e+01 5.422089733901672153e-22
1.610000000000000142e+01 4.602897065806141505e-22
1.615000000000000213e+01 4.346996852106952631e-21
1.619999999999999929e+01 -1.976038583849847332e-21
1.625000000000000000e+01 1.845465316574599364e-21
1.630000000000000071e+01 -2.457990445863626020e-22
1.635000000000000142e+01 -1.742772152973286930e-21
1.640000000000000213e+01 2.390668061432732570e-22
1.644999999999999929e+01 2.506495805955342264e-21
1.650000000000000000e+01 -2.315126545785562677e-22
1.655000000000000071e+01 -2.420874514111914764e-21
1.660000000000000142e+01 1.636051839096972557e-21
1.665000000000000213e+01 -1.002109749871590615e-21
1.669999999999999929e+01 -7.747379951403333935e-22
1.675000000000000000e+01 -8.192485482743622065e-22
1.680000000000000071e+01 -1.079022028260315103e-21
1.685000000000000142e+01 -5.283841645037133997e-22
1.690000000000000213e+01 1.082963979323250435e-21
1.694999999999999929e+01 -1.184320463317308345e-22
1.700000000000000000e+01 2.213098687062261062e-21
1.705000000000000071e+01 1.303651011845103088e-21
1.710000000000000142e+01 -6.719896788255503599e-22
1.715000000000000213e+01 1.288574298742758634e-21
1.719999999999999929e+01 -1.656943399851438447e-21
1.725000000000000000e+01 2.014625496319519263e-21
1.730000000000000071e+01 2.099544619180848779e-22
1.735000000000000142e+01 1.898822879092875096e-21
1.740000000000000213e+01 1.942655290616657549e-21
1.744999999999999929e+01 1.614837444926488858e-21
1.750000000000000000e+01 4.904201226762131664e-21
1.755000000000000071e+01 -2.325376040464979776e-21
1.760000000000000142e+01 2.248401636907072414e-21
1.765000000000000213e+01 5.310990447739403274e-21
1.769999999999999929e+01 9.556803051714535692e-22
1.775000000000000000e+01 4.814951301947114081e-22
1.780000000000000071e+01 3.141960211069263316e-22
1.785000000000000142e+01 3.570973200195366656e-22
1.790000000000000213e+01 2.145340207490381226e-21
1.794999999999999929e+01 2.913088493717622613e-21
1.800000000000000000e+01 1.167227580102657291e-21
1.805000000000000071e+01 -1.521508647940046366e-21
1.810000000000000142e+01 -1.304844125680669729e-22
1.815000000000000213e+01 2.514789882004252404e-22
1.819999999999999929e+01 2.293015175078333715e-21
1.825000000000000000e+01 -7.099985189766349246e-22
1.830000000000000071e+01 -2.295600555643413481e-22
1.835000000000000142e+01 1.042824992361789567e-21
1.840000000000000213e+01 2.386458434359316134e-21
1.844999999999999929e+01 -6.519350797372478284e-22
1.850000000000000000e+01 3.488042057802085656e-21
1.855000000000000071e+01 -8.170648596493868025e-22
1.860000000000000142e+01 2.982720472041292177e-21
1.865000000000000213e+01 -1.275734044640630179e-21
1.869999999999999929e+01 5.432077415492287283e-22
1.875000000000000000e+01 -1.869504628737442174e-21
1.880000000000000071e+01 1.301807246558417978e-21
1.885000000000000142e+01 9.329046646144246088e-22
1.890000000000000213e+01 -1.085700126252725732e-21
1.894999999999999929e+01 2.179329388532119180e-21
1.900000000000000000e+01 -2.508067068414757430e-22
1.905000000000000071e+01 4.146529884592641217e-22
1.910000000000000142e+01 1.035205936789555563e-21
1.915000000000000213e+01 2.126588817562913789e-21
1.920000000000000284e+01 -1.407709656066866164e-22
1.925000000000000000e+01 1.454967947886075265e-21
1.930000000000000071e+01 -1.702620956356383606e-21
1.935000000000000142e+01 -2.468504107667779329e-21
1.940000000000000213e+01 -2.190306582256252978e-22
1.945000000000000284e+01 1.382319401389214504e-21
1.950000000000000000e+01 1.125921878463834224e-22
1.955000000000000071e+01 3.223547237935709427e-22
1.960000000000000142e+01 3.215722041004672116e-22
1.965000000000000213e+01 2.024031365963003701e-21
1.970000000000000284e+01 -1.375759379077314818e-21
1.975000000000000000e+01 4.657709365389474498e-23
1.980000000000000071e+01 1.314558802280019637e-21
1.985000000000000142e+01 1.124128116420513321e-21
1.990000000000000213e+01 9.181612236995145303e-22
1.995000000000000284e+01 1.387287917975207438e-21
2.000000000000000000e+01 -1.626622415956632027e-21
2.005000000000000071e+01 1.395035474710000945e-21
2.010000000000000142e+01 1.008812650498515447e-21
2.015000000000000213e+01 -3.737912529135291139e-21
2.020000000000000284e+01 -6.552734841146555458e-22
2.025000000000000000e+01 4.121978676567730210e-21
2.030000000000000071e+01 -8.885200616479559204e-23
2.035000000000000142e+01 2.640236372232464953e-21
2.040000000000000213e+01 2.552199320997219324e-21
2.045000000000000284e+01 5.694635570728686880e-21
2.050000000000000000e+01 -1.032717559525956034e-22
2.055000000000000071e+01 3.142182752332974963e-21
2.060000000000000142e+01 -1.083229014189089117e-22
2.065000000000000213e+01 1.960703447366893176e-23
2.070000000000000284e+01 3.926630285212962985e-22
2.075000000000000000e+01 -7.542312891979674181e-22
2.080000000000000071e+01 -1.135055831313446653e-21
2.085000000000000142e+01 -1.385401099129234550e-21
2.090000000000000213e+01 -1.626696826685464024e-21
2.095000000000000284e+01 -2.647055135646501643e-21
2.100000000000000000e+01 -5.076155189078995601e-21
2.105000000000000071e+01 -1.661435205335377311e-21
2.110000000000000142e+01 -5.596486204199642324e-21
2.115000000000000213e+01 -4.146754993494905428e-22
2.120000000000000284e+01 -2.132489703990650966e-21
2.125000000000000000e+01 -7.627164512628471242e-22
2.130000000000000071e+01 -1.727515601038637532e-22
2.135000000000000142e+01 -2.129585914133318200e-21
2.140000000000000213e+01 -2.796965504142158381e-21
2.145000000000000284e+01 -1.886249939158434955e-21
2.150000000000000000e+01 -2.452410439135795601e-21
2.155000000000000071e+01 -3.911065352684888137e-21
2.160000000000000142e+01 -4.225877324334304147e-21
2.165000000000000213e+01 -2.751179806904314636e-21
2.170000000000000284e+01 -4.320906859934607095e-21
2.175000000000000000e+01 -2.573279741770947192e-21
2.180000000000000071e+01 -1.893187832202613834e-21
2.185000000000000142e+01 -3.879047263083217136e-21
2.190000000000000213e+01 -2.707232099087432366e-21
2.195000000000000284e+01 8.003695487188061270e-22
2.200000000000000000e+01 -5.216124228354522655e-21
2.205000000000000071e+01 -1.929334518148444664e-21
2.210000000000000142e+01 -3.497408553463816802e-21
2.215000000000000213e+01 -2.462905986506283670e-21
2.220000000000000284e+01 -1.045984412240039364e-21
2.225000000000000000e+01 7.879670146473800064e-22
2.230000000000000071e+01 1.594529158430896013e-21
2.235000000000000142e+01 4.267775259290121223e-22
2.240000000000000213e+01 1.076526535741911593e-21
2.245000000000000284e+01 3.095610426837930268e-21
2.250000000000000000e+01 1.242025793853974607e-21
2.255000000000000071e+01 2.883870135089004844e-21
2.260000000000000142e+01 2.066717112375918951e-21
2.265000000000000213e+01 4.211476820648879724e-21
2.270000000000000284e+01 5.989949508537502291e-21
2.275000000000000000e+01 5.796534816853424618e-21
2.280000000000000071e+01 3.778533806969309910e-21
2.285000000000000142e+01 3.620620580581798111e-21
2.290000000000000213e+01 4.527377177458243942e-21
2.295000000000000284e+01 9.225425081240944989e-21
2.300000000000000000e+01 6.059340784221366959e-21
2.305000000000000071e+01 5.487479812872310136e-21
2.310000000000000142e+01 4.842858578009620864e-21
2.315000000000000213e+01 3.548402056050074316e-21
2.320000000000000284e+01 7.506380581666236072e-21
2.325000000000000000e+01 1.408455587040426314e-21
2.330000000000000071e+01 5.591618170289644060e-21
2.335000000000000142e+01 5.972177651065751114e-21
2.340000000000000213e+01 7.416722492247382129e-21
2.345000000000000284e+01 5.883179549324391102e-21
2.350000000000000000e+01 2.543898542884058543e-21
2.355000000000000071e+01 1.169556321254425528e-21
2.360000000000000142e+01 5.523723858124240354e-21
2.365000000000000213e+01 5.579017409943932666e-21
2.370000000000000284e+01 1.897122646861908232e-21
2.375000000000000000e+01 6.427225489051370337e-22
2.380000000000000071e+01 4.245859521465761385e-21
2.385000000000000142e+01 7.454160685528127519e-22
2.390000000000000213e+01 -5.456218940601583664e-22
2.395000000000000284e+01 -1.392881965460566896e-21
2.400000000000000000e+01 -8.129903877049679428e-22
2.405000000000000071e+01 -9.338364261728959195e-22
2.410000000000000142e+01 -5.850854574862132944e-21
2.415000000000000213e+01 -2.811679554928763811e-21
2.420000000000000284e+01 -2.685888788518180252e-21
2.425000000000000000e+01 -4.393890795148439054e-21
2.430000000000000071e+01 -4.964288340357700850e-21
2.435000000000000142e+01 -5.952409395698348486e-21
2.440000000000000213e+01 -6.783612043061841495e-21
2.445000000000000284e+01 -5.256187800172764015e-21
2.450000000000000000e+01 -6.941179152965730538e-21
2.455000000000000071e+01 -4.946922617431030645e-21
2.460000000000000142e+01 -8.360822727178814445e-21
2.465000000000000213e+01 -9.917126306028240211e-21
2.470000000000000284e+01 -6.238296270545359856e-21
2.475000000000000000e+01 -5.340887724693042934e-21
2.480000000000000071e+01 -6.114629774361077185e-21
2.485000000000000142e+01 -6.796050797341865987e-21
2.490000000000000213e+01 -7.249644650127219779e-21
2.495000000000000284e+01 -7.173486003724758273e-21
