0.000000000000000000e+00 -2.833104114018640887e-02
5.000000000000000278e-02 -2.832690863266664957e-02
1.000000000000000056e-01 -2.831450324579468797e-02
1.500000000000000222e-01 -2.829380164050970120e-02
2.000000000000000111e-01 -2.826476575920971318e-02
2.500000000000000000e-01 -2.822734406814275676e-02
3.000000000000000444e-01 -2.818147325949956622e-02
3.500000000000000333e-01 -2.812708037701338801e-02
4.000000000000000222e-01 -2.806408532001514883e-02
4.500000000000000111e-01 -2.799240366734484856e-02
5.000000000000000000e-01 -2.791194986906791672e-02
5.500000000000000444e-01 -2.782264023345692658e-02
6.000000000000000888e-01 -2.772439663747222269e-02
6.500000000000000222e-01 -2.761715022281703916e-02
7.000000000000000666e-01 -2.750084441387878539e-02
7.500000000000000000e-01 -2.737543850851941254e-02
8.000000000000000444e-01 -2.724091442922477527e-02
8.500000000000000888e-01 -2.709726605786411460e-02
9.000000000000000222e-01 -2.694451921063617181e-02
9.500000000000000666e-01 -2.678273348184923366e-02
1.000000000000000000e+00 -2.661198823270580216e-02
1.050000000000000044e+00 -2.643239747131032394e-02
1.100000000000000089e+00 -2.624410747182913048e-02
1.150000000000000133e+00 -2.604729799630823781e-02
1.200000000000000178e+00 -2.584218222475079263e-02
1.250000000000000000e+00 -2.562900695947431182e-02
1.300000000000000044e+00 -2.540805187355995101e-02
1.350000000000000089e+00 -2.517962859218593821e-02
1.400000000000000133e+00 -2.494407931204456128e-02
1.450000000000000178e+00 -2.470177471005218645e-02
1.500000000000000000e+00 -2.445311202950571638e-02
1.550000000000000044e+00 -2.419851245086806699e-02
1.600000000000000089e+00 -2.393841834113987627e-02
1.650000000000000133e+00 -2.367329038958183168e-02
1.700000000000000178e+00 -2.340360418940216208e-02
1.750000000000000000e+00 -2.312984740857585222e-02
1.800000000000000044e+00 -2.285251592791628927e-02
1.850000000000000089e+00 -2.257211102469540778e-02
1.900000000000000133e+00 -2.228913544246345288e-02
1.950000000000000178e+00 -2.200409082782857698e-02
2.000000000000000000e+00 -2.171747378133787043e-02
2.050000000000000266e+00 -2.142977353497196522e-02
2.100000000000000089e+00 -2.114146878089200043e-02
2.149999999999999911e+00 -2.085302512584601489e-02
2.200000000000000178e+00 -2.056489270151587792e-02
2.250000000000000000e+00 -2.027750404377647031e-02
2.300000000000000266e+00 -1.999127211777253568e-02
2.350000000000000089e+00 -1.970658886074506955e-02
2.400000000000000355e+00 -1.942382372363097784e-02
2.450000000000000178e+00 -1.914332262189528608e-02
2.500000000000000000e+00 -1.886540715181210179e-02
2.550000000000000266e+00 -1.859037408478150105e-02
2.600000000000000089e+00 -1.831849477756183897e-02
2.650000000000000355e+00 -1.805001581848717992e-02
2.700000000000000178e+00 -1.778515828857153355e-02
2.750000000000000000e+00 -1.752411871138115362e-02
2.800000000000000266e+00 -1.726706936278891991e-02
2.850000000000000089e+00 -1.701415907915998504e-02
2.900000000000000355e+00 -1.676551398175366372e-02
2.950000000000000178e+00 -1.652123834049281162e-02
3.000000000000000000e+00 -1.628141597708518754e-02
3.050000000000000266e+00 -1.604611102186109459e-02
3.100000000000000089e+00 -1.581536927969118267e-02
3.150000000000000355e+00 -1.558921939018013438e-02
3.200000000000000178e+00 -1.536767432165573807e-02
3.250000000000000000e+00 -1.515073207813993558e-02
3.300000000000000266e+00 -1.493837760651057882e-02
3.350000000000000089e+00 -1.473058368020234953e-02
3.400000000000000355e+00 -1.452731219708015137e-02
3.450000000000000178e+00 -1.432851531253010596e-02
3.500000000000000000e+00 -1.413413678698120096e-02
3.550000000000000266e+00 -1.394411273500634034e-02
3.600000000000000089e+00 -1.375837283051589525e-02
3.650000000000000355e+00 -1.357684133326343343e-02
3.700000000000000178e+00 -1.339943789276887287e-02
3.750000000000000000e+00 -1.322607841146190323e-02
3.800000000000000266e+00 -1.305667585496239277e-02
3.850000000000000089e+00 -1.289114080059694002e-02
3.900000000000000355e+00 -1.272938222579688729e-02
3.950000000000000178e+00 -1.257130825585923116e-02
4.000000000000000000e+00 -1.241682629329540592e-02
4.049999999999999822e+00 -1.226584356009809487e-02
4.100000000000000533e+00 -1.211826777420503369e-02
4.150000000000000355e+00 -1.197400734569597017e-02
4.200000000000000178e+00 -1.183297157787507187e-02
4.250000000000000000e+00 -1.169507105189249857e-02
4.299999999999999822e+00 -1.156021781473364277e-02
4.350000000000000533e+00 -1.142832556282711610e-02
4.400000000000000355e+00 -1.129930979210897607e-02
4.450000000000000178e+00 -1.117308787911967631e-02
4.500000000000000000e+00 -1.104957932763559261e-02
4.549999999999999822e+00 -1.092870561180658492e-02
4.600000000000000533e+00 -1.081039036931958318e-02
4.650000000000000355e+00 -1.069455939601166375e-02
4.700000000000000178e+00 -1.058114067985321295e-02
4.750000000000000000e+00 -1.047006430815480837e-02
4.800000000000000711e+00 -1.036126260661514135e-02
4.850000000000000533e+00 -1.025467000806545327e-02
4.900000000000000355e+00 -1.015022305027371737e-02
4.950000000000000178e+00 -1.004786033809482865e-02
5.000000000000000000e+00 -9.947522499999059825e-03
5.050000000000000711e+00 -9.849152140135083999e-03
5.100000000000000533e+00 -9.752693822572237534e-03
5.150000000000000355e+00 -9.658093873780741745e-03
5.200000000000000178e+00 -9.565300541632359294e-03
5.250000000000000000e+00 -9.474263771990100447e-03
5.300000000000000711e+00 -9.384935295620282225e-03
5.350000000000000533e+00 -9.297268396434247434e-03
5.400000000000000355e+00 -9.211217975748701298e-03
5.450000000000000178e+00 -9.126740464929339325e-03
5.500000000000000000e+00 -9.043793770199004892e-03
5.550000000000000711e+00 -8.962337218682560683e-03
5.600000000000000533e+00 -8.882331505857271256e-03
5.650000000000000355e+00 -8.803738644531568930e-03
5.700000000000000178e+00 -8.726521915435015223e-03
5.750000000000000000e+00 -8.650645819467684891e-03
5.800000000000000711e+00 -8.576076031628647803e-03
5.850000000000000533e+00 -8.502779356619288159e-03
5.900000000000000355e+00 -8.430723686099076200e-03
5.950000000000000178e+00 -8.359877957557481157e-03
