0.000000000000000000e+00 -1.436200433329904158e-01
5.000000000000000278e-02 -1.520027771111822634e-01
1.000000000000000056e-01 -1.506346052334847918e-01
1.500000000000000222e-01 -1.482732353115429336e-01
2.000000000000000111e-01 -1.449962871293106470e-01
2.500000000000000000e-01 -1.408918354553478913e-01
3.000000000000000444e-01 -1.360218849058640600e-01
3.500000000000000333e-01 -1.304263530709799390e-01
4.000000000000000222e-01 -1.241913003158203604e-01
4.500000000000000111e-01 -1.174134404331718118e-01
5.000000000000000000e-01 -1.101147487428399963e-01
5.500000000000000444e-01 -1.024549799838279790e-01
6.000000000000000888e-01 -9.448832949006409632e-02
6.500000000000000222e-01 -8.630919313426030359e-02
7.000000000000000666e-01 -7.799622517265503152e-02
7.500000000000000000e-01 -6.960596448606852504e-02
8.000000000000000444e-01 -6.122025945721452922e-02
8.500000000000000888e-01 -5.289785647915787314e-02
9.000000000000000222e-01 -4.469049613039883379e-02
9.500000000000000666e-01 -3.661806896012453905e-02
1.000000000000000000e+00 -2.872758480751413934e-02
1.050000000000000044e+00 -2.104651591027010410e-02
1.100000000000000089e+00 -1.358978674842590412e-02
1.150000000000000133e+00 -6.362179879461956310e-03
1.200000000000000178e+00 6.138635420602165651e-04
1.250000000000000000e+00 7.368039729942983500e-03
1.300000000000000044e+00 1.388201841322536829e-02
1.350000000000000089e+00 2.017465184314131202e-02
1.400000000000000133e+00 2.622212484631555526e-02
1.450000000000000178e+00 3.205185871553662552e-02
1.500000000000000000e+00 3.763916701093884126e-02
1.550000000000000044e+00 4.299810608450130300e-02
1.600000000000000089e+00 4.812483959363533098e-02
1.650000000000000133e+00 5.298885248826462613e-02
1.700000000000000178e+00 5.757196555788596237e-02
1.750000000000000000e+00 6.186248579487817895e-02
1.800000000000000044e+00 6.584164167904374421e-02
1.850000000000000089e+00 6.946255826389130528e-02
1.900000000000000133e+00 7.270458922738458341e-02
1.950000000000000178e+00 7.552925617609829168e-02
2.000000000000000000e+00 7.791104760882887337e-02
2.050000000000000266e+00 7.981613840929485670e-02
2.100000000000000089e+00 8.122123449427082198e-02
2.149999999999999911e+00 8.209538472139400744e-02
2.200000000000000178e+00 8.241901332352788434e-02
2.250000000000000000e+00 8.219429612779224903e-02
2.300000000000000266e+00 8.139243968903306370e-02
2.350000000000000089e+00 8.002768613560773403e-02
2.400000000000000355e+00 7.811292510007540602e-02
2.450000000000000178e+00 7.566118596041655764e-02
2.500000000000000000e+00 7.269821605402984610e-02
2.550000000000000266e+00 6.926193268250344093e-02
2.600000000000000089e+00 6.539439130690768986e-02
2.650000000000000355e+00 6.114123382612252078e-02
2.700000000000000178e+00 5.655422902888375403e-02
2.750000000000000000e+00 5.169731848975209904e-02
2.800000000000000266e+00 4.662571205574075200e-02
2.850000000000000089e+00 4.140745835082007553e-02
2.900000000000000355e+00 3.610843377977250579e-02
2.950000000000000178e+00 3.079062992182508840e-02
3.000000000000000000e+00 2.551241675172485901e-02
3.050000000000000266e+00 2.033722451027438968e-02
3.100000000000000089e+00 1.531577853608632328e-02
3.150000000000000355e+00 1.050468924104886771e-02
3.200000000000000178e+00 5.941140085683841235e-03
3.250000000000000000e+00 1.662195342808201739e-03
3.300000000000000266e+00 -2.295388882111519448e-03
3.350000000000000089e+00 -5.914400630662761810e-03
3.400000000000000355e+00 -9.173660279346603288e-03
3.450000000000000178e+00 -1.206367902464059241e-02
3.500000000000000000e+00 -1.458209203474686300e-02
3.550000000000000266e+00 -1.672981190172325577e-02
3.600000000000000089e+00 -1.851650358136215299e-02
3.650000000000000355e+00 -1.995282160933921703e-02
3.700000000000000178e+00 -2.105741656486920937e-02
3.750000000000000000e+00 -2.185105349152955539e-02
3.800000000000000266e+00 -2.235594376242658679e-02
3.850000000000000089e+00 -2.259676545641943479e-02
3.900000000000000355e+00 -2.260154475820148542e-02
3.950000000000000178e+00 -2.239689279631113666e-02
4.000000000000000000e+00 -2.200837245988629745e-02
4.049999999999999822e+00 -2.146578432354212182e-02
4.100000000000000533e+00 -2.079142358559068690e-02
4.150000000000000355e+00 -2.001126509580746643e-02
4.200000000000000178e+00 -1.914945152900239533e-02
4.250000000000000000e+00 -1.822459103172789641e-02
4.299999999999999822e+00 -1.725709662055176577e-02
4.350000000000000533e+00 -1.626435558333056211e-02
4.400000000000000355e+00 -1.526020536197536179e-02
4.450000000000000178e+00 -1.425867967599261064e-02
4.500000000000000000e+00 -1.327036049198568844e-02
4.549999999999999822e+00 -1.230436118800317183e-02
4.600000000000000533e+00 -1.136869673199352240e-02
4.650000000000000355e+00 -1.046915236171619759e-02
4.700000000000000178e+00 -9.610010139315020017e-03
4.750000000000000000e+00 -8.795113790311274993e-03
4.800000000000000711e+00 -8.026456439417083838e-03
4.850000000000000533e+00 -7.305246330248578099e-03
4.900000000000000355e+00 -6.632167002804992793e-03
4.950000000000000178e+00 -6.006903256540364541e-03
5.000000000000000000e+00 -5.428674556551272602e-03
5.050000000000000711e+00 -4.896138249453159917e-03
5.100000000000000533e+00 -4.407816989240376411e-03
5.150000000000000355e+00 -3.961698275048414208e-03
5.200000000000000178e+00 -3.555550502911228924e-03
5.250000000000000000e+00 -3.187152179381956725e-03
5.300000000000000711e+00 -2.854003196588571298e-03
5.350000000000000533e+00 -2.553577326717104343e-03
5.400000000000000355e+00 -2.283406465268943142e-03
5.450000000000000178e+00 -2.040983000982334560e-03
5.500000000000000000e+00 -1.823799411856841246e-03
5.550000000000000711e+00 -1.629606136505668554e-03
5.600000000000000533e+00 -1.456043814627122233e-03
5.650000000000000355e+00 -1.301060821558163013e-03
5.700000000000000178e+00 -1.162653049260421083e-03
5.750000000000000000e+00 -1.039000875145143412e-03
5.800000000000000711e+00 -9.284687634875397931e-04
5.850000000000000533e+00 -8.295584091481542554e-04
5.900000000000000355e+00 -7.409442616376853662e-04
5.950000000000000178e+00 -6.614618766255967808e-04
6.000000000000000000e+00 -5.901337178860734589e-04
6.050000000000000711e+00 -5.260194527194899002e-04
6.100000000000000533e+00 -4.684322002739649640e-04
6.150000000000000355e+00 -4.166841447970147209e-04
6.200000000000000178e+00 -3.702621830373232538e-04
6.250000000000000000e+00 -3.286397798463564185e-04
6.300000000000000711e+00 -2.914617579194288439e-04
6.350000000000000533e+00 -2.583091075899201778e-04
6.400000000000000355e+00 -2.288704075683776161e-04
6.450000000000000178e+00 -2.028159219777102035e-04
6.500000000000000000e+00 -1.798506002026971210e-04
6.550000000000000711e+00 -1.596867586598801458e-04
6.600000000000000533e+00 -1.420342892132978171e-04
6.650000000000000355e+00 -1.266205633862842433e-04
6.700000000000000178e+00 -1.131741063956920453e-04
6.750000000000000000e+00 -1.014345138077042604e-04
6.800000000000000711e+00 -9.115818082169695451e-05
6.850000000000000533e+00 -8.211376076982942150e-05
6.900000000000000355e+00 -7.410097854022776852e-05
6.950000000000000178e+00 -6.691141136717914121e-05
7.000000000000000000e+00 -6.045552687487238785e-05
7.050000000000000711e+00 -5.451777133308519216e-05
7.100000000000000533e+00 -4.906794662879081968e-05
7.150000000000000355e+00 -4.400814489527618654e-05
7.200000000000000178e+00 -3.930013346764740887e-05
7.250000000000000000e+00 -3.492330919551884269e-05
7.300000000000000711e+00 -3.085639374878177972e-05
7.350000000000000533e+00 -2.714652986594548640e-05
7.400000000000000355e+00 -2.375128740940662101e-05
7.450000000000000178e+00 -2.074293545598887076e-05
7.500000000000000000e+00 -1.808042052427464287e-05
7.550000000000000711e+00 -1.582890479231336301e-05
7.600000000000000533e+00 -1.394707775242197024e-05
7.650000000000000355e+00 -1.243987123261081572e-05
7.700000000000000178e+00 -1.127875528759228654e-05
7.750000000000000000e+00 -1.042947355246021294e-05
7.800000000000000711e+00 -9.845901565179225078e-06
7.850000000000000533e+00 -9.474620029766498338e-06
7.900000000000000355e+00 -9.256770330834286569e-06
7.950000000000000178e+00 -9.131824254684138838e-06
8.000000000000000000e+00 -9.041196886300078225e-06
8.050000000000000711e+00 -8.930980936991617241e-06
8.099999999999999645e+00 -8.755856231813181740e-06
8.150000000000000355e+00 -8.480724610805989206e-06
8.200000000000001066e+00 -8.082653205120784467e-06
8.250000000000000000e+00 -7.551993203308084393e-06
8.300000000000000711e+00 -6.891709551460586911e-06
8.349999999999999645e+00 -6.116998031823952358e-06
8.400000000000000355e+00 -5.253450247571118970e-06
8.450000000000001066e+00 -4.334557758812553886e-06
8.500000000000000000e+00 -3.399061012781199657e-06
8.550000000000000711e+00 -2.487859257975215127e-06
8.599999999999999645e+00 -1.640923560979351513e-06
8.650000000000000355e+00 -8.943754704670308036e-07
8.700000000000001066e+00 -2.779476216903316635e-07
8.750000000000000000e+00 1.869964895125456610e-07
8.800000000000000711e+00 4.888499136595254642e-07
8.849999999999999645e+00 6.263934525172977526e-07
8.900000000000000355e+00 6.085800696302297818e-07
8.950000000000001066e+00 4.537802793273098731e-07
9.000000000000000000e+00 1.882644183014469078e-07
9.050000000000000711e+00 -1.558274837484723935e-07
9.099999999999999645e+00 -5.427746307569244136e-07
9.150000000000000355e+00 -9.358139961937376671e-07
9.200000000000001066e+00 -1.299749979660040847e-06
9.250000000000000000e+00 -1.603218578129268036e-06
9.300000000000000711e+00 -1.820749387450332791e-06
9.349999999999999645e+00 -1.934332637614238615e-06
9.400000000000000355e+00 -1.934363844732685815e-06
9.450000000000001066e+00 -1.820066969338849477e-06
9.500000000000000000e+00 -1.599225150108014743e-06
9.550000000000000711e+00 -1.287347232723853142e-06
9.600000000000001421e+00 -9.063268928502572231e-07
9.650000000000000355e+00 -4.826696460337474402e-07
9.700000000000001066e+00 -4.550328003259903290e-08
9.750000000000000000e+00 3.756021969699371369e-07
9.800000000000000711e+00 7.527511031318056238e-07
9.850000000000001421e+00 1.061643048886460651e-06
9.900000000000000355e+00 1.283224180417366479e-06
9.950000000000001066e+00 1.404905370076549211e-06
1.000000000000000000e+01 1.421298533536692278e-06
1.005000000000000071e+01 1.334429693063512347e-06
1.010000000000000142e+01 1.153420338911588421e-06
1.015000000000000036e+01 8.936889562358956868e-07
1.020000000000000107e+01 5.757241065717293871e-07
1.025000000000000000e+01 2.235372798997985253e-07
1.030000000000000071e+01 -1.370951550685954851e-07
1.035000000000000142e+01 -4.804657507047136795e-07
1.040000000000000036e+01 -7.827374695799733160e-07
1.045000000000000107e+01 -1.023539472627021072e-06
1.050000000000000000e+01 -1.187306400533813265e-06
1.055000000000000071e+01 -1.264260300295754149e-06
1.060000000000000142e+01 -1.250933976787915728e-06
1.065000000000000036e+01 -1.150269683692435092e-06
1.070000000000000107e+01 -9.712555183576441214e-07
1.075000000000000000e+01 -7.281556280807177394e-07
1.080000000000000071e+01 -4.394002331561332940e-07
1.085000000000000142e+01 -1.261795751175902513e-07
1.090000000000000036e+01 1.890764648595467812e-07
1.095000000000000107e+01 4.842999841487967000e-07
1.100000000000000000e+01 7.393254872043798164e-07
1.105000000000000071e+01 9.372293300339978779e-07
1.110000000000000142e+01 1.065458371058677234e-06
1.115000000000000036e+01 1.116598899204795582e-06
1.120000000000000107e+01 1.088773903156018543e-06
1.125000000000000000e+01 9.856555982263782565e-07
1.130000000000000071e+01 8.160815180000017868e-07
1.135000000000000142e+01 5.933335951108730106e-07
1.140000000000000036e+01 3.341086412279291667e-07
1.145000000000000107e+01 5.727687353282680986e-08
1.150000000000000000e+01 -2.174677382525717796e-07
1.155000000000000071e+01 -4.710044840940061870e-07
1.160000000000000142e+01 -6.861029215642916462e-07
1.165000000000000036e+01 -8.485817909643555079e-07
1.170000000000000107e+01 -9.482304274511120942e-07
1.175000000000000000e+01 -9.794387325140621719e-07
1.180000000000000071e+01 -9.414840647309862660e-07
1.185000000000000142e+01 -8.384839121629716580e-07
1.190000000000000036e+01 -6.790068809508396422e-07
1.195000000000000107e+01 -4.753826395238922105e-07
1.200000000000000000e+01 -2.427687595756083804e-07
1.205000000000000071e+01 1.969613897460608653e-09
1.210000000000000142e+01 2.414603600463936639e-07
1.215000000000000036e+01 4.590419731084907559e-07
1.220000000000000107e+01 6.399236062223624343e-07
1.225000000000000000e+01 7.721604867343559823e-07
1.230000000000000071e+01 8.474369534473108285e-07
1.235000000000000142e+01 8.615714225480750259e-07
1.240000000000000036e+01 8.147258614403189714e-07
1.245000000000000107e+01 7.113103495100304371e-07
1.250000000000000000e+01 5.595939056576412780e-07
1.255000000000000071e+01 3.710518196842108327e-07
1.260000000000000142e+01 1.595113453212852206e-07
1.265000000000000036e+01 -5.985771781750184318e-08
1.270000000000000107e+01 -2.716221425738163101e-07
1.275000000000000000e+01 -4.611626566962859984e-07
1.280000000000000071e+01 -6.156735059647152735e-07
1.285000000000000142e+01 -7.250218033766773967e-07
1.290000000000000036e+01 -7.823955555543704517e-07
1.295000000000000107e+01 -7.847183822810160532e-07
1.300000000000000000e+01 -7.327939991297042892e-07
1.305000000000000071e+01 -6.311780913312675198e-07
1.310000000000000142e+01 -4.877940631710963909e-07
1.315000000000000036e+01 -3.133179174717127180e-07
1.320000000000000107e+01 -1.203911401192999989e-07
1.325000000000000000e+01 7.728936390428413379e-08
1.330000000000000071e+01 2.659520403197442017e-07
1.335000000000000142e+01 4.326951809168342744e-07
1.340000000000000036e+01 5.663712589238077151e-07
1.345000000000000107e+01 6.583305890033919553e-07
1.350000000000000000e+01 7.029711585769655640e-07
1.355000000000000071e+01 6.980749507803007400e-07
1.360000000000000142e+01 6.449023171982700826e-07
1.365000000000000036e+01 5.480401242433574915e-07
1.370000000000000107e+01 4.150263994593570233e-07
1.375000000000000000e+01 2.557705045772751834e-07
1.380000000000000071e+01 8.183170579147774013e-08
1.385000000000000142e+01 -9.441878287142209294e-08
1.390000000000000036e+01 -2.606703770032693969e-07
1.395000000000000107e+01 -4.055212928298333832e-07
1.400000000000000000e+01 -5.192573112037506971e-07
1.405000000000000071e+01 -5.944983443129255338e-07
1.410000000000000142e+01 -6.266650501370858533e-07
1.415000000000000036e+01 -6.142541927611756205e-07
1.420000000000000107e+01 -5.588873867726942034e-07
1.425000000000000000e+01 -4.651459422297976592e-07
1.430000000000000071e+01 -3.402036039947563761e-07
1.435000000000000142e+01 -1.932845458978715112e-07
1.440000000000000036e+01 -3.498898263954269511e-08
1.445000000000000107e+01 1.234643890680758076e-07
1.450000000000000000e+01 2.710304083546320585e-07
1.455000000000000071e+01 3.975968959587082853e-07
1.460000000000000142e+01 4.946708771157290794e-07
1.465000000000000036e+01 5.559537630108277714e-07
1.470000000000000107e+01 5.776936287456246393e-07
1.475000000000000000e+01 5.590875580091682264e-07
1.480000000000000071e+01 5.016063212736410328e-07
1.485000000000000142e+01 4.114048911898356993e-07
1.490000000000000036e+01 2.893119974040578827e-07
1.495000000000000107e+01 1.663718074716852691e-07
1.500000000000000000e+01 -9.392814488420401218e-06
1.505000000000000071e+01 -1.098204299244858197e-07
1.510000000000000142e+01 -1.284016351359178052e-09
1.515000000000000036e+01 -1.501267169890659916e-11
1.520000000000000107e+01 -1.755275697063037842e-13
1.525000000000000000e+01 -2.052261567830332799e-15
1.530000000000000071e+01 -2.399496220551818058e-17
1.535000000000000142e+01 -2.805481325850564181e-19
1.540000000000000036e+01 -3.280157865830051996e-21
1.545000000000000107e+01 -3.835147422630151882e-23
1.550000000000000000e+01 -4.484038508786354222e-25
1.555000000000000071e+01 -5.242719576646874510e-27
1.560000000000000142e+01 -6.129766150129970165e-29
1.565000000000000036e+01 -7.166896581256567232e-31
1.570000000000000107e+01 -8.379506081131399365e-33
1.575000000000000000e+01 -9.797283153476000718e-35
1.580000000000000071e+01 -1.145494095163470804e-36
1.585000000000000142e+01 -1.339306790300936192e-38
1.590000000000000036e+01 -1.565911728817591155e-40
1.595000000000000107e+01 -1.830857171666220374e-42
1.600000000000000000e+01 -2.140630182975781983e-44
1.605000000000000071e+01 -2.502815346267441123e-46
1.610000000000000142e+01 -2.926280575133897972e-48
1.615000000000000213e+01 -3.421394125593244086e-50
1.619999999999999929e+01 -4.000278025703848806e-52
1.625000000000000000e+01 -4.677106881117317821e-54
1.630000000000000071e+01 -5.468452057691163818e-56
1.635000000000000142e+01 -6.393688949343334457e-58
1.640000000000000213e+01 -7.475472486567604998e-60
1.644999999999999929e+01 -8.740287480655883393e-62
