0.000000000000000000e+00 -1.042440150591206552e-02
5.000000000000000278e-02 -1.043013793750954647e-02
1.000000000000000056e-01 -1.044721981319116262e-02
1.500000000000000222e-01 -1.047526684647119566e-02
2.000000000000000111e-01 -1.051365368954361793e-02
2.500000000000000000e-01 -1.056151893421712097e-02
3.000000000000000444e-01 -1.061778439343711959e-02
3.500000000000000333e-01 -1.068117134959313541e-02
4.000000000000000222e-01 -1.075022468359690397e-02
4.500000000000000111e-01 -1.082333842432795304e-02
5.000000000000000000e-01 -1.089878311405917920e-02
5.500000000000000444e-01 -1.097473868121776053e-02
6.000000000000000888e-01 -1.104932157697918402e-02
6.500000000000000222e-01 -1.112061796735241449e-02
7.000000000000000666e-01 -1.118671624641383831e-02
7.500000000000000000e-01 -1.124573681468027386e-02
8.000000000000000444e-01 -1.129586196036810007e-02
8.500000000000000888e-01 -1.133536359374952111e-02
9.000000000000000222e-01 -1.136262875032213217e-02
9.500000000000000666e-01 -1.137618242246207084e-02
1.000000000000000000e+00 -1.137470738994301490e-02
1.050000000000000044e+00 -1.135706098479078406e-02
1.100000000000000089e+00 -1.132228752438310670e-02
1.150000000000000133e+00 -1.126962874019370349e-02
1.200000000000000178e+00 -1.119853003527393823e-02
1.250000000000000000e+00 -1.110864229218122036e-02
1.300000000000000044e+00 -1.099982143843485777e-02
1.350000000000000089e+00 -1.087212479978334236e-02
1.400000000000000133e+00 -1.072580419010686105e-02
1.450000000000000178e+00 -1.056129631951377087e-02
1.500000000000000000e+00 -1.037921121639422649e-02
1.550000000000000044e+00 -1.018031839270787386e-02
1.600000000000000089e+00 -9.965531498399436000e-03
1.650000000000000133e+00 -9.735891547371674018e-03
1.700000000000000178e+00 -9.492550060064101902e-03
1.750000000000000000e+00 -9.236749891992043424e-03
1.800000000000000044e+00 -8.969807704935694667e-03
1.850000000000000089e+00 -8.693095459335702796e-03
1.900000000000000133e+00 -8.408022870579484609e-03
1.950000000000000178e+00 -8.116019723400478766e-03
2.000000000000000000e+00 -7.818519764034300573e-03
2.050000000000000266e+00 -7.516946100340237032e-03
2.100000000000000089e+00 -7.212693488714724994e-03
2.149999999999999911e+00 -6.907120658468509852e-03
2.200000000000000178e+00 -6.601535372834321097e-03
2.250000000000000000e+00 -6.297184619424442235e-03
2.300000000000000266e+00 -5.995246820167892884e-03
2.350000000000000089e+00 -5.696823406532137979e-03
2.400000000000000355e+00 -5.402936141109479680e-03
2.450000000000000178e+00 -5.114516846007109360e-03
2.500000000000000000e+00 -4.832410349048747895e-03
2.550000000000000266e+00 -4.557369381975239116e-03
2.600000000000000089e+00 -4.290055111944730479e-03
2.650000000000000355e+00 -4.031037360246055544e-03
2.700000000000000178e+00 -3.780795985013022525e-03
2.750000000000000000e+00 -3.539723794868137718e-03
2.800000000000000266e+00 -3.308128966475507287e-03
2.850000000000000089e+00 -3.086239420957243625e-03
2.900000000000000355e+00 -2.874207092676453468e-03
2.950000000000000178e+00 -2.672112840752777652e-03
3.000000000000000000e+00 -2.479971462673404882e-03
3.050000000000000266e+00 -2.297737590885964940e-03
3.100000000000000089e+00 -2.125310909058091436e-03
3.150000000000000355e+00 -1.962541975205019107e-03
3.200000000000000178e+00 -1.809238232103012713e-03
3.250000000000000000e+00 -1.665169215523057715e-03
3.300000000000000266e+00 -1.530073389654426413e-03
3.350000000000000089e+00 -1.403657927455217221e-03
3.400000000000000355e+00 -1.285612333678969651e-03
3.450000000000000178e+00 -1.175607211911916137e-03
3.500000000000000000e+00 -1.073298979397926131e-03
3.550000000000000266e+00 -9.783386572824843367e-04
3.600000000000000089e+00 -8.903677479876637591e-04
3.650000000000000355e+00 -8.090277219084516689e-04
3.700000000000000178e+00 -7.339602628244553143e-04
3.750000000000000000e+00 -6.648101031021160911e-04
3.800000000000000266e+00 -6.012289341951783384e-04
3.850000000000000089e+00 -5.428744432151461638e-04
3.900000000000000355e+00 -4.894138234001172523e-04
3.950000000000000178e+00 -4.405245717576574131e-04
4.000000000000000000e+00 -3.958955238830675185e-04
4.049999999999999822e+00 -3.552276580001260172e-04
4.100000000000000533e+00 -3.182346939050898307e-04
4.150000000000000355e+00 -2.846434381220894487e-04
4.200000000000000178e+00 -2.541944128033751002e-04
4.250000000000000000e+00 -2.266412471187255755e-04
4.299999999999999822e+00 -2.017514215629248272e-04
4.350000000000000533e+00 -1.793058110548104351e-04
4.400000000000000355e+00 -1.590985842568275025e-04
4.450000000000000178e+00 -1.409369574687161083e-04
4.500000000000000000e+00 -1.246397421538386933e-04
4.549999999999999822e+00 -1.100423774896863071e-04
4.600000000000000533e+00 -9.698637878491435979e-05
4.650000000000000355e+00 -8.532843537319950819e-05
4.700000000000000178e+00 -7.493444230865809472e-05
4.750000000000000000e+00 -6.568460755088993100e-05
4.800000000000000711e+00 -5.746384780954817386e-05
4.850000000000000533e+00 -5.017004856179046237e-05
4.900000000000000355e+00 -4.370900678801402340e-05
4.950000000000000178e+00 -3.799498897856184803e-05
5.000000000000000000e+00 -3.295006678714131618e-05
5.050000000000000711e+00 -2.850355785303812457e-05
5.100000000000000533e+00 -2.459147613586222563e-05
5.150000000000000355e+00 -2.115599702754063306e-05
5.200000000000000178e+00 -1.814494215114367270e-05
5.250000000000000000e+00 -1.551128823245828095e-05
5.300000000000000711e+00 -1.321295865188351592e-05
5.350000000000000533e+00 -1.121150990344120693e-05
5.400000000000000355e+00 -9.472798338192350880e-06
5.450000000000000178e+00 -7.966026529959286450e-06
5.500000000000000000e+00 -6.663756376699410972e-06
5.550000000000000711e+00 -5.541287926599802907e-06
5.600000000000000533e+00 -4.576513269891477503e-06
5.650000000000000355e+00 -3.749338852285381229e-06
5.700000000000000178e+00 -3.042871292897822906e-06
5.750000000000000000e+00 -2.441298014470532333e-06
5.800000000000000711e+00 -1.930183170317381023e-06
5.850000000000000533e+00 -1.497558697372309794e-06
5.900000000000000355e+00 -1.132587583063592401e-06
5.950000000000000178e+00 -8.260922713946478307e-07
6.000000000000000000e+00 -5.692963160043884505e-07
6.050000000000000711e+00 -3.555333447037716330e-07
6.100000000000000533e+00 -1.785235520245120818e-07
6.150000000000000355e+00 -3.300217225397305714e-08
6.200000000000000178e+00 8.552570578557022119e-08
6.250000000000000000e+00 1.808867998277471808e-07
6.300000000000000711e+00 2.563359848558108768e-07
6.350000000000000533e+00 3.146463229660244275e-07
6.400000000000000355e+00 3.581014597370787623e-07
6.450000000000000178e+00 3.889345237917727015e-07
6.500000000000000000e+00 4.086133912245139407e-07
6.550000000000000711e+00 4.196294234316322446e-07
6.600000000000000533e+00 4.221074416763937072e-07
6.650000000000000355e+00 4.181052713333263917e-07
6.700000000000000178e+00 4.086591657644443196e-07
6.750000000000000000e+00 3.948684525708604333e-07
6.800000000000000711e+00 3.777503181397565649e-07
6.850000000000000533e+00 3.582405520001617313e-07
6.900000000000000355e+00 3.371896557664522509e-07
6.950000000000000178e+00 3.153560896522941304e-07
