0.000000000000000000e+00 8.407705744684466909e-02
5.000000000000000278e-02 8.407365416647674672e-02
1.000000000000000056e-01 8.406354548392014348e-02
1.500000000000000222e-01 8.404703097293693415e-02
2.000000000000000111e-01 8.402459701520902102e-02
2.500000000000000000e-01 8.399689778025702658e-02
3.000000000000000444e-01 8.396472927235408557e-02
3.500000000000000333e-01 8.392899709967396871e-02
4.000000000000000222e-01 8.389067878042692772e-02
4.500000000000000111e-01 8.385078154045368104e-02
5.000000000000000000e-01 8.381029667332544342e-02
5.500000000000000444e-01 8.377015162467563170e-02
6.000000000000000888e-01 8.373116102516510451e-02
6.500000000000000222e-01 8.369397792975413752e-02
7.000000000000000666e-01 8.365904652415948051e-02
7.500000000000000000e-01 8.362655753258721458e-02
8.000000000000000444e-01 8.359640750487597194e-02
8.500000000000000888e-01 8.356816307758029028e-02
9.000000000000000222e-01 8.354103119446201764e-02
9.500000000000000666e-01 8.351383614012795886e-02
1.000000000000000000e+00 8.348500408946313289e-02
1.050000000000000044e+00 8.345255570880651119e-02
1.100000000000000089e+00 8.341410716656880164e-02
1.150000000000000133e+00 8.336687972550325954e-02
1.200000000000000178e+00 8.330771790051293146e-02
1.250000000000000000e+00 8.323311597912459725e-02
1.300000000000000044e+00 8.313925252088083528e-02
1.350000000000000089e+00 8.302203228097419785e-02
1.400000000000000133e+00 8.287713484624932569e-02
1.450000000000000178e+00 8.270006913159405615e-02
1.500000000000000000e+00 8.248623276462942189e-02
1.550000000000000044e+00 8.223097528884902585e-02
1.600000000000000089e+00 8.192966404173220030e-02
1.650000000000000133e+00 8.157775151603378905e-02
1.700000000000000178e+00 8.117084298998422653e-02
1.750000000000000000e+00 8.070476321545091980e-02
1.800000000000000044e+00 8.017562098154404349e-02
1.850000000000000089e+00 7.957987042346954809e-02
1.900000000000000133e+00 7.891436802088833136e-02
1.950000000000000178e+00 7.817642432442882539e-02
2.000000000000000000e+00 7.736384956072653307e-02
2.050000000000000266e+00 7.647499239252275594e-02
2.100000000000000089e+00 7.550877124780799865e-02
2.149999999999999911e+00 7.446469777745963470e-02
2.200000000000000178e+00 7.334289215095597669e-02
2.250000000000000000e+00 7.214409005121860674e-02
2.300000000000000266e+00 7.086964137922330265e-02
2.350000000000000089e+00 6.952150082366585770e-02
2.400000000000000355e+00 6.810221058786211645e-02
2.450000000000000178e+00 6.661487569267184050e-02
2.500000000000000000e+00 6.506313238838425106e-02
2.550000000000000266e+00 6.345111030837503885e-02
2.600000000000000089e+00 6.178338908153274689e-02
2.650000000000000355e+00 6.006495018795321439e-02
2.700000000000000178e+00 5.830112489263440667e-02
2.750000000000000000e+00 5.649753912468457456e-02
2.800000000000000266e+00 5.466005618509457015e-02
2.850000000000000089e+00 5.279471816498834680e-02
2.900000000000000355e+00 5.090768693934693417e-02
2.950000000000000178e+00 4.900518556968492395e-02
3.000000000000000000e+00 4.709344090446385828e-02
3.050000000000000266e+00 4.517862810977652660e-02
3.100000000000000089e+00 4.326681779678933498e-02
3.150000000000000355e+00 4.136392633844537120e-02
3.200000000000000178e+00 3.947566988791451764e-02
3.250000000000000000e+00 3.760752252713091964e-02
3.300000000000000266e+00 3.576467888734709277e-02
3.350000000000000089e+00 3.395202149673548497e-02
3.400000000000000355e+00 3.217409302434882934e-02
3.450000000000000178e+00 3.043507350672877698e-02
3.500000000000000000e+00 2.873876256448209404e-02
3.550000000000000266e+00 2.708856654239437389e-02
3.600000000000000089e+00 2.548749043909438045e-02
3.650000000000000355e+00 2.393813443169473879e-02
3.700000000000000178e+00 2.244269474778419829e-02
3.750000000000000000e+00 2.100296859201192246e-02
3.800000000000000266e+00 1.962036279747026921e-02
3.850000000000000089e+00 1.829590584316416121e-02
3.900000000000000355e+00 1.703026285790126132e-02
3.950000000000000178e+00 1.582375321766160345e-02
4.000000000000000000e+00 1.467637033749176305e-02
4.049999999999999822e+00 1.358780325970408362e-02
4.100000000000000533e+00 1.255745964704650317e-02
4.150000000000000355e+00 1.158448980188429150e-02
4.200000000000000178e+00 1.066781134960062896e-02
4.250000000000000000e+00 9.806134245653500350e-03
4.299999999999999822e+00 8.997985790289209085e-03
4.350000000000000533e+00 8.241735362089205874e-03
4.400000000000000355e+00 7.535618610613920541e-03
4.450000000000000178e+00 6.877760878742226677e-03
4.500000000000000000e+00 6.266199656265572342e-03
4.549999999999999822e+00 5.698905897310284005e-03
4.600000000000000533e+00 5.173804064718226167e-03
4.650000000000000355e+00 4.688790794158673690e-03
4.700000000000000178e+00 4.241752099084079158e-03
4.750000000000000000e+00 3.830579064349687660e-03
4.800000000000000711e+00 3.453182001125656812e-03
4.850000000000000533e+00 3.107503058435424209e-03
4.900000000000000355e+00 2.791527307106180574e-03
4.950000000000000178e+00 2.503292330022882563e-03
5.000000000000000000e+00 2.240896368291121592e-03
5.050000000000000711e+00 2.002505086236849603e-03
5.100000000000000533e+00 1.786357029144287813e-03
5.150000000000000355e+00 1.590767856332356246e-03
5.200000000000000178e+00 1.414133438702986408e-03
5.250000000000000000e+00 1.254931914392421952e-03
5.300000000000000711e+00 1.111724798772799555e-03
5.350000000000000533e+00 9.831572459534855708e-04
5.400000000000000355e+00 8.679575583000401348e-04
5.450000000000000178e+00 7.649360385091669070e-04
5.500000000000000000e+00 6.729832756409353601e-04
5.550000000000000711e+00 5.910679524031414028e-04
5.600000000000000533e+00 5.182342560925200323e-04
5.650000000000000355e+00 4.535989701014033317e-04
5.700000000000000178e+00 3.963483169654136943e-04
5.750000000000000000e+00 3.457346177145474210e-04
5.800000000000000711e+00 3.010728259407203784e-04
5.850000000000000533e+00 2.617369886376924256e-04
5.900000000000000355e+00 2.271566796179629044e-04
5.950000000000000178e+00 1.968134452616251517e-04
6.000000000000000000e+00 1.702372965846960689e-04
6.050000000000000711e+00 1.470032761921508981e-04
6.100000000000000533e+00 1.267281236513175891e-04
6.150000000000000355e+00 1.090670582168663366e-04
6.200000000000000178e+00 9.371069367698756417e-05
6.250000000000000000e+00 8.038209637739683047e-05
6.300000000000000711e+00 6.883399420959911141e-05
6.350000000000000533e+00 5.884614150661148765e-05
6.400000000000000355e+00 5.022284235092270535e-05
6.450000000000000178e+00 4.279063273558219259e-05
6.500000000000000000e+00 3.639612029764480617e-05
6.550000000000000711e+00 3.090397892723538745e-05
6.600000000000000533e+00 2.619509440889024028e-05
6.650000000000000355e+00 2.216485633770397043e-05
6.700000000000000178e+00 1.872159083709989329e-05
6.750000000000000000e+00 1.578512805503458233e-05
6.800000000000000711e+00 1.328549800274373247e-05
6.850000000000000533e+00 1.116174800014078519e-05
6.900000000000000355e+00 9.360874783390097772e-06
6.950000000000000178e+00 7.836864197146412950e-06
7.000000000000000000e+00 6.549831323558326607e-06
7.050000000000000711e+00 5.465253883622509609e-06
7.100000000000000533e+00 4.553291778127669592e-06
7.150000000000000355e+00 3.788185712051954723e-06
7.200000000000000178e+00 3.147727966576862435e-06
7.250000000000000000e+00 2.612798546715680388e-06
7.300000000000000711e+00 2.166960140292203498e-06
7.350000000000000533e+00 1.796105575999656687e-06
7.400000000000000355e+00 1.488151764181721748e-06
7.450000000000000178e+00 1.232774442189329559e-06
7.500000000000000000e+00 1.021178424041134822e-06
7.550000000000000711e+00 8.458984672039650790e-07
7.600000000000000533e+00 7.006263115242725843e-07
7.650000000000000355e+00 5.800599093482285935e-07
7.700000000000000178e+00 4.797713428099480035e-07
7.750000000000000000e+00 3.960904042926319152e-07
7.800000000000000711e+00 3.260012892804173493e-07
7.850000000000000533e+00 2.670503062149933706e-07
7.900000000000000355e+00 2.172629360767905354e-07
7.950000000000000178e+00 1.750689656012799923e-07
8.000000000000000000e+00 1.392347645805602797e-07
8.050000000000000711e+00 1.088020731919082022e-07
8.099999999999999645e+00 8.303290538880780235e-08
8.150000000000000355e+00 6.136035691459401155e-08
8.200000000000001066e+00 4.334523136074033358e-08
8.250000000000000000e+00 2.863846735132469732e-08
8.300000000000000711e+00 1.694936850210142102e-08
8.349999999999999645e+00 8.019611813855550230e-09
8.400000000000000355e+00 1.602947035608567589e-09
8.450000000000001066e+00 -2.549591298984410063e-09
8.500000000000000000e+00 -4.699246755160135136e-09
8.550000000000000711e+00 -5.124283889019901578e-09
8.599999999999999645e+00 -4.120432374351113970e-09
8.650000000000000355e+00 -1.997659301845902848e-09
8.700000000000001066e+00 9.260161137584702831e-10
8.750000000000000000e+00 4.332888697834494008e-09
8.800000000000000711e+00 7.915304847834698048e-09
8.849999999999999645e+00 1.138596155902495606e-08
8.900000000000000355e+00 1.448799021305722691e-08
8.950000000000001066e+00 1.700411375344302378e-08
9.000000000000000000e+00 1.876426074030495490e-08
9.050000000000000711e+00 1.965113946171629938e-08
9.099999999999999645e+00 1.960341397478185041e-08
9.150000000000000355e+00 1.861627488446041893e-08
9.200000000000001066e+00 1.673935299988683034e-08
9.250000000000000000e+00 1.407207670865296418e-08
9.300000000000000711e+00 1.075671584165383982e-08
9.349999999999999645e+00 6.969479716073188138e-09
9.400000000000000355e+00 2.910138768175003557e-09
9.450000000000001066e+00 -1.209286726785692958e-09
9.500000000000000000e+00 -5.176184011092329308e-09
9.550000000000000711e+00 -8.788753430954290614e-09
9.600000000000001421e+00 -1.186658531043720927e-08
9.650000000000000355e+00 -1.425988248870675678e-08
9.700000000000001066e+00 -1.585688097628992928e-08
9.750000000000000000e+00 -1.658912152049591550e-08
9.800000000000000711e+00 -1.643434188057839967e-08
9.850000000000001421e+00 -1.541688650689298230e-08
9.900000000000000355e+00 -1.360566072400268091e-08
9.950000000000001066e+00 -1.110978303090103598e-08
1.000000000000000000e+01 -8.072205842233627393e-09
1.005000000000000071e+01 -4.661675297275052539e-09
1.010000000000000142e+01 -1.063480339926144142e-09
1.015000000000000036e+01 2.530504018653795832e-09
1.020000000000000107e+01 5.931946857166064379e-09
1.025000000000000000e+01 8.965833040057786571e-09
1.030000000000000071e+01 1.147937276469561164e-08
1.035000000000000142e+01 1.334959920317708663e-08
1.040000000000000036e+01 1.448928058118940004e-08
1.045000000000000107e+01 1.485086747427169275e-08
1.050000000000000000e+01 1.442830323675135099e-08
1.055000000000000071e+01 1.325663964433086569e-08
1.060000000000000142e+01 1.140951518189701853e-08
1.065000000000000036e+01 8.994663569004906292e-09
1.070000000000000107e+01 6.147719834821169480e-09
1.075000000000000000e+01 3.024675237954778394e-09
1.080000000000000071e+01 -2.066032475757365082e-10
1.085000000000000142e+01 -3.375331618906584220e-09
1.090000000000000036e+01 -6.316771152525901310e-09
1.095000000000000107e+01 -8.880727625151392113e-09
1.100000000000000000e+01 -1.093915254559776897e-08
1.105000000000000071e+01 -1.239246552110806986e-08
1.110000000000000142e+01 -1.317428961522351707e-08
1.115000000000000036e+01 -1.325437920509329104e-08
1.120000000000000107e+01 -1.263961749254729279e-08
1.125000000000000000e+01 -1.137306312666248019e-08
1.130000000000000071e+01 -9.531127219013206586e-09
1.135000000000000142e+01 -7.219057913404471174e-09
1.140000000000000036e+01 -4.564994688161395023e-09
1.145000000000000107e+01 -1.712924810133539457e-09
1.150000000000000000e+01 1.185074043431189775e-09
1.155000000000000071e+01 3.976889985032908285e-09
1.160000000000000142e+01 6.518308034235335255e-09
1.165000000000000036e+01 8.680405524327576229e-09
1.170000000000000107e+01 1.035603551368911283e-08
1.175000000000000000e+01 1.146507526300127953e-08
1.180000000000000071e+01 1.195818609657209741e-08
1.185000000000000142e+01 1.181891229100711075e-08
1.190000000000000036e+01 1.106403567085237584e-08
1.195000000000000107e+01 9.742194415271419633e-09
