0.000000000000000000e+00 0.000000000000000000e+00
5.000000000000000278e-02 7.291037039968907465e-05
1.000000000000000056e-01 1.457638924384499696e-04
1.500000000000000222e-01 2.185022527421921681e-04
2.000000000000000111e-01 2.910645137987988664e-04
2.500000000000000000e-01 3.633855939605542748e-04
3.000000000000000444e-01 4.353950941094303058e-04
3.500000000000000333e-01 5.070164428213363474e-04
4.000000000000000222e-01 5.781658982941470255e-04
4.500000000000000111e-01 6.487519164371177444e-04
5.000000000000000000e-01 7.186747064029609579e-04
5.500000000000000444e-01 7.878260209580998817e-04
6.000000000000000888e-01 8.560891598465016853e-04
6.500000000000000222e-01 9.233394336645261817e-04
7.000000000000000666e-01 9.894442895890880833e-04
7.500000000000000000e-01 1.054264536096708978e-03
8.000000000000000444e-01 1.117655121209364111e-03
8.500000000000000888e-01 1.179466295571051900e-03
9.000000000000000222e-01 1.239545196053008129e-03
9.500000000000000666e-01 1.297737210332503780e-03
1.000000000000000000e+00 1.353887673884784579e-03
1.050000000000000044e+00 1.407843906946876526e-03
1.100000000000000089e+00 1.459456636722891460e-03
1.150000000000000133e+00 1.508582258752888972e-03
1.200000000000000178e+00 1.555084444131930432e-03
1.250000000000000000e+00 1.598835985468077424e-03
1.300000000000000044e+00 1.639720577357034687e-03
1.350000000000000089e+00 1.677634352184060240e-03
1.400000000000000133e+00 1.712487336990268106e-03
1.450000000000000178e+00 1.744204780747995835e-03
1.500000000000000000e+00 1.772727961837894037e-03
1.550000000000000044e+00 1.798015510013799235e-03
1.600000000000000089e+00 1.820043637322342174e-03
1.650000000000000133e+00 1.838806463275124330e-03
1.700000000000000178e+00 1.854316538163914858e-03
1.750000000000000000e+00 1.866604295467769398e-03
1.800000000000000044e+00 1.875717902032802455e-03
1.850000000000000089e+00 1.881722597683489675e-03
1.900000000000000133e+00 1.884699884242546902e-03
1.950000000000000178e+00 1.884746479565516282e-03
2.000000000000000000e+00 1.881973145054813105e-03
2.050000000000000266e+00 1.876503318127784384e-03
2.100000000000000089e+00 1.868471696992359465e-03
2.149999999999999911e+00 1.858022466177970547e-03
2.200000000000000178e+00 1.845307762929635290e-03
2.250000000000000000e+00 1.830486059668697593e-03
2.300000000000000266e+00 1.813720413652053368e-03
2.350000000000000089e+00 1.795176528192633618e-03
2.400000000000000355e+00 1.775021421231855060e-03
2.450000000000000178e+00 1.753421659946038588e-03
2.500000000000000000e+00 1.730541889402024405e-03
2.550000000000000266e+00 1.706543048991539593e-03
2.600000000000000089e+00 1.681583015629507837e-03
2.650000000000000355e+00 1.655811650404744040e-03
2.700000000000000178e+00 1.629373523789748486e-03
2.750000000000000000e+00 1.602405369141168909e-03
2.800000000000000266e+00 1.575035321226892762e-03
2.850000000000000089e+00 1.547383611009972917e-03
2.900000000000000355e+00 1.519560534075796486e-03
2.950000000000000178e+00 1.491667090287014750e-03
3.000000000000000000e+00 1.463794967415382644e-03
3.050000000000000266e+00 1.436026419268875880e-03
3.100000000000000089e+00 1.408434411407421443e-03
3.150000000000000355e+00 1.381082985076029918e-03
3.200000000000000178e+00 1.354027512964446145e-03
3.250000000000000000e+00 1.327315187165036426e-03
3.300000000000000266e+00 1.300985615188226261e-03
3.350000000000000089e+00 1.275071177925339192e-03
3.400000000000000355e+00 1.249597771106834279e-03
3.450000000000000178e+00 1.224585260874313511e-03
3.500000000000000000e+00 1.200048421512970795e-03
3.550000000000000266e+00 1.175997076800824404e-03
3.600000000000000089e+00 1.152437037352434159e-03
3.650000000000000355e+00 1.129370603466141191e-03
3.700000000000000178e+00 1.106796989781784913e-03
3.750000000000000000e+00 1.084712964706521744e-03
3.800000000000000266e+00 1.063113255691021169e-03
3.850000000000000089e+00 1.041990995402999843e-03
3.900000000000000355e+00 1.021338013814110119e-03
3.950000000000000178e+00 1.001145332390910962e-03
4.000000000000000000e+00 9.814033288966354535e-04
4.049999999999999822e+00 9.621020641772792120e-04
4.100000000000000533e+00 9.432313022183141720e-04
4.150000000000000355e+00 9.247809111842100532e-04
4.200000000000000178e+00 9.067409272794559744e-04
4.250000000000000000e+00 8.891015586934645359e-04
4.299999999999999822e+00 8.718533298168845399e-04
4.350000000000000533e+00 8.549871191719956003e-04
4.400000000000000355e+00 8.384941177989312664e-04
4.450000000000000178e+00 8.223661167347975486e-04
4.500000000000000000e+00 8.065950903954950289e-04
4.549999999999999822e+00 7.911734429568362996e-04
4.600000000000000533e+00 7.760939601722356088e-04
4.650000000000000355e+00 7.613497239367937900e-04
4.700000000000000178e+00 7.469340706877067608e-04
4.750000000000000000e+00 7.328407462397216110e-04
4.800000000000000711e+00 7.190636046774946362e-04
4.850000000000000533e+00 7.055966947142868146e-04
4.900000000000000355e+00 6.924342526931008372e-04
4.950000000000000178e+00 6.795706994522732278e-04
5.000000000000000000e+00 6.670005795963325750e-04
5.050000000000000711e+00 6.547183638199034457e-04
5.100000000000000533e+00 6.427187669404909546e-04
5.150000000000000355e+00 6.309964972213490423e-04
5.200000000000000178e+00 6.195462986554001140e-04
5.250000000000000000e+00 6.083629383816176227e-04
5.300000000000000711e+00 5.974411966084469585e-04
5.350000000000000533e+00 5.867759083587802214e-04
5.400000000000000355e+00 5.763617613775052660e-04
5.450000000000000178e+00 5.661935599603987873e-04
5.500000000000000000e+00 5.562661373253011176e-04
5.550000000000000711e+00 5.465741972387469028e-04
5.600000000000000533e+00 5.371125883800062463e-04
5.650000000000000355e+00 5.278760354784589690e-04
5.700000000000000178e+00 5.188593108685315329e-04
5.750000000000000000e+00 5.100571524930559014e-04
5.800000000000000711e+00 5.014644419918510730e-04
5.850000000000000533e+00 4.930760206430881030e-04
5.900000000000000355e+00 4.848866351543638020e-04
5.950000000000000178e+00 4.768912299876096436e-04
6.000000000000000000e+00 4.690847008993342146e-04
6.050000000000000711e+00 4.614621395175628072e-04
6.100000000000000533e+00 4.540185631132581602e-04
6.150000000000000355e+00 4.467491374229213782e-04
6.200000000000000178e+00 4.396490019665038555e-04
6.250000000000000000e+00 4.327134970534105723e-04
6.300000000000000711e+00 4.259380225688040849e-04
6.350000000000000533e+00 4.193180315445731187e-04
6.400000000000000355e+00 4.128491528400388740e-04
6.450000000000000178e+00 4.065270684459751848e-04
6.500000000000000000e+00 4.003475819325202998e-04
6.550000000000000711e+00 3.943066579049581350e-04
6.600000000000000533e+00 3.884002207582977722e-04
6.650000000000000355e+00 3.826244557120050526e-04
6.700000000000000178e+00 3.769756129038484842e-04
6.750000000000000000e+00 3.714500545680804715e-04
6.800000000000000711e+00 3.660442541846675030e-04
6.850000000000000533e+00 3.607547954144594182e-04
6.900000000000000355e+00 3.555783698266424576e-04
6.950000000000000178e+00 3.505117766650905496e-04
7.000000000000000000e+00 3.455519193922684112e-04
7.050000000000000711e+00 3.406958043604430149e-04
7.100000000000000533e+00 3.359405384513221705e-04
7.150000000000000355e+00 3.312833267640178411e-04
7.200000000000000178e+00 3.267214702087264792e-04
7.250000000000000000e+00 3.222523630087327506e-04
7.300000000000000711e+00 3.178734901091271486e-04
7.350000000000000533e+00 3.135824244888551658e-04
7.400000000000000355e+00 3.093768243732861471e-04
7.450000000000000178e+00 3.052544303471590873e-04
7.500000000000000000e+00 3.012130622543936881e-04
7.550000000000000711e+00 2.972506167186689599e-04
7.600000000000000533e+00 2.933650628282340645e-04
7.650000000000000355e+00 2.895544401276880109e-04
7.700000000000000178e+00 2.858168548235652745e-04
7.750000000000000000e+00 2.821504767081247441e-04
7.800000000000000711e+00 2.785535360120592967e-04
7.850000000000000533e+00 2.750243203397804330e-04
7.900000000000000355e+00 2.715611717222888113e-04
7.950000000000000178e+00 2.681624838197512015e-04
8.000000000000000000e+00 2.648266993011998073e-04
8.050000000000000711e+00 2.615523074225062534e-04
8.099999999999999645e+00 2.583378418163640431e-04
8.150000000000000355e+00 2.551818785522038551e-04
8.200000000000001066e+00 2.520830289213034543e-04
8.250000000000000000e+00 2.490399642664557983e-04
8.300000000000000711e+00 2.460513623128308394e-04
8.349999999999999645e+00 2.431159579652959215e-04
8.400000000000000355e+00 2.402325162874746319e-04
8.450000000000001066e+00 2.373998366931983489e-04
8.500000000000000000e+00 2.346167520352744856e-04
8.550000000000000711e+00 2.318821277377203986e-04
8.599999999999999645e+00 2.291948609446665800e-04
8.650000000000000355e+00 2.265538796636191521e-04
8.700000000000001066e+00 2.239581418863716155e-04
8.750000000000000000e+00 2.214066346771586754e-04
8.800000000000000711e+00 2.188983732563616949e-04
8.849999999999999645e+00 2.164323999036415504e-04
8.900000000000000355e+00 2.140077830386208412e-04
8.950000000000001066e+00 2.116236163430148772e-04
9.000000000000000000e+00 2.092790174386641871e-04
9.050000000000000711e+00 2.069731270921783869e-04
9.099999999999999645e+00 2.047051082135726641e-04
9.150000000000000355e+00 2.024741449600296432e-04
9.200000000000001066e+00 2.002794419135210332e-04
9.250000000000000000e+00 1.981202233438398490e-04
9.300000000000000711e+00 1.959957325640123500e-04
9.349999999999999645e+00 1.939052313799687814e-04
9.400000000000000355e+00 1.918479996310890404e-04
9.450000000000001066e+00 1.898233346944206855e-04
9.500000000000000000e+00 1.878305516449882027e-04
9.550000000000000711e+00 1.858689824461393645e-04
9.600000000000001421e+00 1.839379756534462824e-04
9.650000000000000355e+00 1.820368968810435301e-04
9.700000000000001066e+00 1.801651278047085823e-04
9.750000000000000000e+00 1.783220674260587596e-04
9.800000000000000711e+00 1.765071290628527538e-04
9.850000000000001421e+00 1.747197427688603258e-04
9.900000000000000355e+00 1.729593535877100099e-04
9.950000000000001066e+00 1.712254213915516182e-04
