0.000000000000000000e+00 -0.000000000000000000e+00
5.000000000000000278e-02 -2.890330183423158480e-04
1.000000000000000056e-01 -5.742085878921297142e-04
1.500000000000000222e-01 -8.517278583427335178e-04
2.000000000000000111e-01 -1.117908146579428422e-03
2.500000000000000000e-01 -1.369238466617320573e-03
3.000000000000000444e-01 -1.602432052886850920e-03
3.500000000000000333e-01 -1.814474969461890271e-03
4.000000000000000222e-01 -2.002669976296884372e-03
4.500000000000000111e-01 -2.164674918218709946e-03
5.000000000000000000e-01 -2.298535011161218639e-03
5.500000000000000444e-01 -2.402708520486498880e-03
6.000000000000000888e-01 -2.476085455514755087e-03
6.500000000000000222e-01 -2.517999039716972264e-03
7.000000000000000666e-01 -2.528229854439611405e-03
7.500000000000000000e-01 -2.507002692526212519e-03
8.000000000000000444e-01 -2.454976293816154339e-03
8.500000000000000888e-01 -2.373226264388038787e-03
9.000000000000000222e-01 -2.263221602905658280e-03
9.500000000000000666e-01 -2.126795368089779044e-03
1.000000000000000000e+00 -1.966110119045013076e-03
1.050000000000000044e+00 -1.783618843122490062e-03
1.100000000000000089e+00 -1.582022152775874619e-03
1.150000000000000133e+00 -1.364222582449754664e-03
1.200000000000000178e+00 -1.133276848319912915e-03
1.250000000000000000e+00 -8.923469474961388641e-04
1.300000000000000044e+00 -6.446509693231592579e-04
1.350000000000000089e+00 -3.934144702901446345e-04
1.400000000000000133e+00 -1.418232267673851031e-04
1.450000000000000178e+00 1.070218723549253611e-04
1.500000000000000000e+00 3.501470964422815496e-04
1.550000000000000044e+00 5.847446874161311764e-04
1.600000000000000089e+00 8.082076838516173917e-04
1.650000000000000133e+00 1.018160314510113424e-03
1.700000000000000178e+00 1.212483619266803946e-03
1.750000000000000000e+00 1.389336056411884191e-03
1.800000000000000044e+00 1.547168956788064816e-03
1.850000000000000089e+00 1.684736785033890370e-03
1.900000000000000133e+00 1.801102264320793072e-03
1.950000000000000178e+00 1.895636511565157011e-03
2.000000000000000000e+00 1.968014413537471762e-03
2.050000000000000266e+00 2.018205549189284673e-03
2.100000000000000089e+00 2.046461028743836157e-03
2.149999999999999911e+00 2.053296674789139090e-03
2.200000000000000178e+00 2.039473014192066773e-03
2.250000000000000000e+00 2.005972581814676695e-03
2.300000000000000266e+00 1.953975057724691069e-03
2.350000000000000089e+00 1.884830769070164423e-03
2.400000000000000355e+00 1.800033086488307763e-03
2.450000000000000178e+00 1.701190233504927410e-03
2.500000000000000000e+00 1.589997006700679836e-03
2.550000000000000266e+00 1.468206875471592902e-03
2.600000000000000089e+00 1.337604894110288462e-03
2.650000000000000355e+00 1.199981816882371346e-03
2.700000000000000178e+00 1.057109760022194355e-03
2.750000000000000000e+00 9.107197043946435719e-04
2.800000000000000266e+00 7.624810802243011266e-04
2.850000000000000089e+00 6.139836219988959853e-04
2.900000000000000355e+00 4.667216285635218892e-04
2.950000000000000178e+00 3.220807116009547898e-04
3.000000000000000000e+00 1.813270661008610659e-04
3.050000000000000266e+00 4.559924989614425918e-05
3.100000000000000089e+00 -8.409758340321179908e-05
3.150000000000000355e+00 -2.068950921472998718e-04
3.200000000000000178e+00 -3.220629227395859872e-04
3.250000000000000000e+00 -4.290078103106812596e-04
3.300000000000000266e+00 -5.272707834966941032e-04
3.350000000000000089e+00 -6.165226708710456636e-04
3.400000000000000355e+00 -6.965581194089087670e-04
3.450000000000000178e+00 -7.672883431846994930e-04
3.500000000000000000e+00 -8.287328235918287348e-04
3.550000000000000266e+00 -8.810101810839081728e-04
3.600000000000000089e+00 -9.243284331836488675e-04
3.650000000000000355e+00 -9.589748447523951209e-04
3.700000000000000178e+00 -9.853055647548233237e-04
3.750000000000000000e+00 -1.003735229502513522e-03
3.800000000000000266e+00 -1.014726696134588858e-03
3.850000000000000089e+00 -1.018781052403411975e-03
3.900000000000000355e+00 -1.016428030170098834e-03
3.950000000000000178e+00 -1.008216930842447540e-03
4.000000000000000000e+00 -9.947081517353948289e-04
4.049999999999999822e+00 -9.764653833885743968e-04
4.100000000000000533e+00 -9.540485295781086714e-04
4.150000000000000355e+00 -9.280073844027963851e-04
4.200000000000000178e+00 -8.988760846503696719e-04
4.250000000000000000e+00 -8.671683408489980899e-04
4.299999999999999822e+00 -8.333734371249732539e-04
4.350000000000000533e+00 -7.979529783145388562e-04
4.400000000000000355e+00 -7.613383527670585871e-04
4.450000000000000178e+00 -7.239288709387656446e-04
4.500000000000000000e+00 -6.860905331856047024e-04
4.549999999999999822e+00 -6.481553750633241252e-04
4.600000000000000533e+00 -6.104213348495196286e-04
4.650000000000000355e+00 -5.731525858106556849e-04
4.700000000000000178e+00 -5.365802748254084589e-04
4.750000000000000000e+00 -5.009036092101068656e-04
4.800000000000000711e+00 -4.662912348309380321e-04
4.850000000000000533e+00 -4.328828506859280518e-04
4.900000000000000355e+00 -4.007910079521567336e-04
4.950000000000000178e+00 -3.701030448785361531e-04
5.000000000000000000e+00 -3.408831127256125855e-04
5.050000000000000711e+00 -3.131742520835385530e-04
5.100000000000000533e+00 -2.870004832197991726e-04
5.150000000000000355e+00 -2.623688785127209228e-04
5.200000000000000178e+00 -2.392715894209265293e-04
5.250000000000000000e+00 -2.176878047406878157e-04
5.300000000000000711e+00 -1.975856210434622754e-04
5.350000000000000533e+00 -1.789238101081084382e-04
5.400000000000000355e+00 -1.616534718217614759e-04
5.450000000000000178e+00 -1.457195643868969097e-04
5.500000000000000000e+00 -1.310623067171199502e-04
5.550000000000000711e+00 -1.176184506175679970e-04
5.600000000000000533e+00 -1.053224227229958819e-04
5.650000000000000355e+00 -9.410733821049514466e-05
5.700000000000000178e+00 -8.390589002354907286e-05
5.750000000000000000e+00 -7.465111875413696363e-05
5.800000000000000711e+00 -6.627706944837931445e-05
5.850000000000000533e+00 -5.871934245042646669e-05
5.900000000000000355e+00 -5.191554600277674381e-05
5.950000000000000178e+00 -4.580565870424380505e-05
6.000000000000000000e+00 -4.033231011517279856e-05
6.050000000000000711e+00 -3.544098781913651965e-05
6.100000000000000533e+00 -3.108017912643953900e-05
6.150000000000000355e+00 -2.720145536159399510e-05
6.200000000000000178e+00 -2.375950633737152360e-05
6.250000000000000000e+00 -2.071213220327975752e-05
6.300000000000000711e+00 -1.802019938575155164e-05
6.350000000000000533e+00 -1.564756682837622944e-05
6.400000000000000355e+00 -1.356098820852684502e-05
6.450000000000000178e+00 -1.172999526514998201e-05
6.500000000000000000e+00 -1.012676683264864866e-05
6.550000000000000711e+00 -8.725987647248256623e-06
6.600000000000000533e+00 -7.504700482688640501e-06
6.650000000000000355e+00 -6.442154687629754994e-06
6.700000000000000178e+00 -5.519653742341555850e-06
6.750000000000000000e+00 -4.720404030334268163e-06
6.800000000000000711e+00 -4.029366633570422795e-06
6.850000000000000533e+00 -3.433113608845773860e-06
6.900000000000000355e+00 -2.919689887928420136e-06
6.950000000000000178e+00 -2.478481664566671868e-06
7.000000000000000000e+00 -2.100091886311798776e-06
7.050000000000000711e+00 -1.776223256648632961e-06
7.100000000000000533e+00 -1.499568971200173367e-06
7.150000000000000355e+00 -1.263711258564839939e-06
7.200000000000000178e+00 -1.063027669280440034e-06
7.250000000000000000e+00 -8.926049530561366912e-07
7.300000000000000711e+00 -7.481602823001799146e-07
7.350000000000000533e+00 -6.259695166890155405e-07
7.400000000000000355e+00 -5.228021567454889255e-07
7.450000000000000178e+00 -4.358626018813231159e-07
7.500000000000000000e+00 -3.627373080588443382e-07
7.550000000000000711e+00 -3.013474301978450091e-07
7.600000000000000533e+00 -2.499065329468069818e-07
7.650000000000000355e+00 -2.068829588696721463e-07
7.700000000000000178e+00 -1.709664540502925576e-07
7.750000000000000000e+00 -1.410386663399932307e-07
7.800000000000000711e+00 -1.161471498848299915e-07
7.850000000000000533e+00 -9.548253022119129648e-08
7.900000000000000355e+00 -7.835850633729130068e-08
7.950000000000000178e+00 -6.419438898425705281e-08
8.000000000000000000e+00 -5.249989764219126107e-08
8.050000000000000711e+00 -4.286196145284242292e-08
8.099999999999999645e+00 -3.493329177114982909e-08
8.150000000000000355e+00 -2.842251549482983518e-08
8.200000000000001066e+00 -2.308567879472989591e-08
8.250000000000000000e+00 -1.871895016144358078e-08
8.300000000000000711e+00 -1.515236970361404078e-08
8.349999999999999645e+00 -1.224450833854166692e-08
8.400000000000000355e+00 -9.877915898775485333e-09
8.450000000000001066e+00 -7.955251234005219388e-09
8.500000000000000000e+00 -6.396000177820093930e-09
8.550000000000000711e+00 -5.133698800778199727e-09
8.599999999999999645e+00 -4.113589765262854162e-09
8.650000000000000355e+00 -3.290648895544287060e-09
8.700000000000001066e+00 -2.627927356340508580e-09
8.750000000000000000e+00 -2.095162182106636104e-09
8.800000000000000711e+00 -1.667614377449325575e-09
8.849999999999999645e+00 -1.325099514926207957e-09
8.900000000000000355e+00 -1.051180750924541337e-09
8.950000000000001066e+00 -8.324985390574158835e-10
9.000000000000000000e+00 -6.582151103235959095e-10
9.050000000000000711e+00 -5.195550751140917754e-10
9.099999999999999645e+00 -4.094263368371510920e-10
9.150000000000000355e+00 -3.221079502393912445e-10
9.200000000000001066e+00 -2.529936488027346428e-10
9.250000000000000000e+00 -1.983815594649500726e-10
9.300000000000000711e+00 -1.553021502196868242e-10
9.349999999999999645e+00 -1.213777510138138638e-10
9.400000000000000355e+00 -9.470809351040431954e-11
9.450000000000001066e+00 -7.377724208055352378e-11
9.500000000000000000e+00 -5.737807286671698143e-11
9.550000000000000711e+00 -4.455111784636498193e-11
9.600000000000001421e+00 -3.453514077052600125e-11
9.650000000000000355e+00 -2.672727520489991588e-11
9.700000000000001066e+00 -2.065093925541756977e-11
9.750000000000000000e+00 -1.593006044753753939e-11
9.800000000000000711e+00 -1.226841144289174362e-11
9.850000000000001421e+00 -9.433075959036644577e-12
9.900000000000000355e+00 -7.241244128838496805e-12
9.950000000000001066e+00 -5.549689467531445676e-12
1.000000000000000000e+01 -4.246396503018767130e-12
1.005000000000000071e+01 -3.243915375592264480e-12
1.010000000000000142e+01 -2.474094721537545461e-12
1.015000000000000036e+01 -1.883916531091813553e-12
1.020000000000000107e+01 -1.432208526999992232e-12
1.025000000000000000e+01 -1.087053053017096897e-12
1.030000000000000071e+01 -8.237507729122818023e-13
1.035000000000000142e+01 -6.232211618089300879e-13
1.040000000000000036e+01 -4.707501690732007153e-13
1.045000000000000107e+01 -3.550105032787243341e-13
1.050000000000000000e+01 -2.672977231732210758e-13
1.055000000000000071e+01 -2.009337545230054918e-13
1.060000000000000142e+01 -1.508048166498781186e-13
1.065000000000000036e+01 -1.130009526202696076e-13
1.070000000000000107e+01 -8.453858170830152890e-14
1.075000000000000000e+01 -6.314427642209500598e-14
1.080000000000000071e+01 -4.708904513201418704e-14
1.085000000000000142e+01 -3.505999389540722860e-14
1.090000000000000036e+01 -2.606229217747973034e-14
1.095000000000000107e+01 -1.934295794125363904e-14
1.100000000000000000e+01 -1.433311955917086988e-14
1.105000000000000071e+01 -1.060395379764701565e-14
1.110000000000000142e+01 -7.832532143009802446e-15
1.115000000000000036e+01 -5.776391563978663845e-15
1.120000000000000107e+01 -4.253183535939550273e-15
1.125000000000000000e+01 -3.126720267159516199e-15
1.130000000000000071e+01 -2.294937881464004909e-15
1.135000000000000142e+01 -1.681756923523141451e-15
1.140000000000000036e+01 -1.230471250688193011e-15
1.145000000000000107e+01 -8.988356119003170402e-16
1.150000000000000000e+01 -6.556000206576340315e-16
1.155000000000000071e+01 -4.773745433148682442e-16
1.160000000000000142e+01 -3.470929487979442514e-16
1.165000000000000036e+01 -2.518547369432175606e-16
1.170000000000000107e+01 -1.826647235151838977e-16
1.175000000000000000e+01 -1.320932023447498644e-16
1.180000000000000071e+01 -9.545783576334727972e-17
1.185000000000000142e+01 -6.889837660681744569e-17
1.190000000000000036e+01 -4.962744189539592171e-17
1.195000000000000107e+01 -3.570449194093789220e-17
1.200000000000000000e+01 -2.554522769923896567e-17
1.205000000000000071e+01 -1.835224766742442500e-17
1.210000000000000142e+01 -1.310086310073227644e-17
1.215000000000000036e+01 -9.400324453604747028e-18
1.220000000000000107e+01 -6.617836792872170184e-18
1.225000000000000000e+01 -4.737068305204186958e-18
1.230000000000000071e+01 -3.331225722662011642e-18
1.235000000000000142e+01 -2.486635300890284486e-18
1.240000000000000036e+01 -1.729000105239826211e-18
1.245000000000000107e+01 -1.210931356436293045e-18
1.250000000000000000e+01 -7.942104557879670649e-19
1.255000000000000071e+01 -5.453774483784506630e-19
1.260000000000000142e+01 -4.069095339394180183e-19
1.265000000000000036e+01 -2.196215041528708665e-19
1.270000000000000107e+01 -1.701025535242120068e-19
1.275000000000000000e+01 -1.524384217219969274e-19
1.280000000000000071e+01 -3.560018684480328619e-20
1.285000000000000142e+01 -2.803157451557613652e-20
1.290000000000000036e+01 1.542953540111712796e-20
1.295000000000000107e+01 2.416036529622231270e-21
1.300000000000000000e+01 6.494138270072664089e-21
1.305000000000000071e+01 6.556056068780377687e-21
1.310000000000000142e+01 -3.505965819402223904e-20
1.315000000000000036e+01 -1.250331941233527972e-20
1.320000000000000107e+01 9.652009418431855855e-20
1.325000000000000000e+01 9.171171393188346143e-21
1.330000000000000071e+01 2.065092912372315627e-20
1.335000000000000142e+01 4.020924157207968529e-21
1.340000000000000036e+01 -2.761616562102701219e-20
1.345000000000000107e+01 4.314319754831681787e-21
1.350000000000000000e+01 1.246073431155117512e-20
1.355000000000000071e+01 5.649084706137250853e-20
1.360000000000000142e+01 -1.798832981609765329e-20
1.365000000000000036e+01 2.433471928938349855e-20
1.370000000000000107e+01 3.146662220897677810e-21
1.375000000000000000e+01 -1.301684942458172367e-20
1.380000000000000071e+01 4.970360508593441370e-20
1.385000000000000142e+01 1.446936304729716084e-20
1.390000000000000036e+01 7.370785027457685042e-20
1.395000000000000107e+01 4.341326272026310204e-20
1.400000000000000000e+01 -5.711201331880045019e-20
1.405000000000000071e+01 -3.153582376786325762e-20
1.410000000000000142e+01 -1.128850377422133079e-20
1.415000000000000036e+01 -1.299516824883340963e-20
1.420000000000000107e+01 -4.090704749584861482e-20
1.425000000000000000e+01 9.731683732733713127e-20
1.430000000000000071e+01 -2.260383281011586040e-20
1.435000000000000142e+01 8.581705214126315599e-20
1.440000000000000036e+01 5.484886249180432076e-20
1.445000000000000107e+01 4.354174524536964859e-20
1.450000000000000000e+01 6.751833277387552983e-21
1.455000000000000071e+01 -4.857896210813867003e-20
1.460000000000000142e+01 4.073109055648304526e-20
1.465000000000000036e+01 3.605761224048538025e-20
1.470000000000000107e+01 -4.585173145792792318e-20
1.475000000000000000e+01 8.742411980928441752e-20
1.480000000000000071e+01 1.172438085312082324e-20
1.485000000000000142e+01 4.226063763413403787e-20
1.490000000000000036e+01 -3.289577507227241328e-20
1.495000000000000107e+01 3.005789724727587880e-22
1.500000000000000000e+01 3.563943392774858508e-20
1.505000000000000071e+01 2.492414484371353546e-20
1.510000000000000142e+01 2.739630163772458312e-20
1.515000000000000036e+01 -1.098877347304308564e-20
1.520000000000000107e+01 9.203346761015875718e-20
1.525000000000000000e+01 -1.232837883316346175e-20
1.530000000000000071e+01 9.590716188800535029e-21
1.535000000000000142e+01 -1.780857788301067835e-20
1.540000000000000036e+01 -1.035296699637682117e-19
1.545000000000000107e+01 1.062142433976750440e-19
1.550000000000000000e+01 -1.206402334079450124e-21
1.555000000000000071e+01 5.258174352521697745e-21
1.560000000000000142e+01 -2.470529410770453003e-20
1.565000000000000036e+01 -4.537061468251101977e-21
1.570000000000000107e+01 -1.903077430454763945e-21
1.575000000000000000e+01 -5.751336992609607131e-20
1.580000000000000071e+01 -3.947957119909103473e-20
1.585000000000000142e+01 -1.642417468260449976e-20
1.590000000000000036e+01 -3.044591662839136395e-20
1.595000000000000107e+01 -9.277905735314842900e-20
1.600000000000000000e+01 -6.870818108434867419e-20
1.605000000000000071e+01 -4.731933389183360958e-20
1.610000000000000142e+01 4.817104948194313847e-20
1.615000000000000213e+01 -1.474300404779051957e-19
1.619999999999999929e+01 -4.802357226665283999e-20
1.625000000000000000e+01 -8.004736735084090580e-20
1.630000000000000071e+01 -9.577208048688627104e-20
1.635000000000000142e+01 6.178920112974706439e-21
1.640000000000000213e+01 -4.692446183223873274e-20
1.644999999999999929e+01 4.449041549749723913e-20
1.650000000000000000e+01 -3.784748298492967405e-20
1.655000000000000071e+01 -2.588624893821359843e-20
1.660000000000000142e+01 -4.521988746931801008e-21
1.665000000000000213e+01 -4.816208917128732286e-20
1.669999999999999929e+01 -2.361464911986498078e-20
1.675000000000000000e+01 -1.354438333811833577e-20
1.680000000000000071e+01 5.642576707204879460e-20
1.685000000000000142e+01 -2.794170821088865625e-20
1.690000000000000213e+01 -1.439227512013218380e-20
1.694999999999999929e+01 -6.033179164837116156e-22
1.700000000000000000e+01 1.148185292231677786e-20
1.705000000000000071e+01 8.180739186045236702e-21
1.710000000000000142e+01 3.556755985403104432e-20
1.715000000000000213e+01 1.853678919063733677e-21
1.719999999999999929e+01 -2.141912425148787315e-20
1.725000000000000000e+01 -3.393027899324940824e-20
1.730000000000000071e+01 -3.656684681266924830e-20
1.735000000000000142e+01 3.415151535101790082e-20
1.740000000000000213e+01 -6.188567276283875224e-20
1.744999999999999929e+01 -2.746001900907797478e-20
1.750000000000000000e+01 1.733769967984026722e-20
1.755000000000000071e+01 2.199012117586467237e-20
1.760000000000000142e+01 1.365441582627723416e-20
1.765000000000000213e+01 -5.100962663905632109e-20
1.769999999999999929e+01 9.328034124735731249e-21
1.775000000000000000e+01 -1.772602852262052369e-20
1.780000000000000071e+01 7.572971735796727242e-20
1.785000000000000142e+01 4.384955985009896248e-20
1.790000000000000213e+01 -1.115354807701938829e-20
1.794999999999999929e+01 5.486916494926858766e-20
1.800000000000000000e+01 -9.265375585444603606e-21
1.805000000000000071e+01 8.939201164200442464e-20
1.810000000000000142e+01 7.083653547527460774e-21
1.815000000000000213e+01 -1.368677944484363765e-20
1.819999999999999929e+01 3.835776086880214605e-21
1.825000000000000000e+01 3.850496505146926412e-20
1.830000000000000071e+01 2.513580050778902471e-20
1.835000000000000142e+01 4.441348291150921802e-20
1.840000000000000213e+01 2.307306311708920299e-21
1.844999999999999929e+01 3.605382966660155605e-20
1.850000000000000000e+01 -2.124650976101914950e-20
1.855000000000000071e+01 2.766535727374811268e-20
1.860000000000000142e+01 5.365528074431857454e-20
1.865000000000000213e+01 -3.586047883165281435e-20
1.869999999999999929e+01 2.887589199441525607e-20
1.875000000000000000e+01 1.063510785881123805e-20
1.880000000000000071e+01 4.615630156791026228e-20
1.885000000000000142e+01 2.854772140432418092e-22
1.890000000000000213e+01 1.140817993745983787e-19
1.894999999999999929e+01 4.034700998303839624e-20
1.900000000000000000e+01 7.287751023290200071e-20
1.905000000000000071e+01 7.435946533942363692e-20
1.910000000000000142e+01 1.252766367806546079e-20
1.915000000000000213e+01 5.827252172573616368e-20
1.920000000000000284e+01 5.398260668344573886e-20
1.925000000000000000e+01 3.656815775056603479e-20
1.930000000000000071e+01 4.604705879438492916e-20
1.935000000000000142e+01 3.567292718798169551e-20
1.940000000000000213e+01 2.869846317844684329e-20
1.945000000000000284e+01 -2.002164564519690283e-20
1.950000000000000000e+01 2.955875566629619736e-20
1.955000000000000071e+01 2.299933338164888873e-20
1.960000000000000142e+01 -4.242970516177558646e-22
1.965000000000000213e+01 -2.772004101000925113e-20
1.970000000000000284e+01 2.629849395051243309e-20
1.975000000000000000e+01 -1.033629460152964676e-20
1.980000000000000071e+01 -4.603599758841457802e-21
1.985000000000000142e+01 4.030653363901717400e-21
1.990000000000000213e+01 2.997472755752047831e-20
1.995000000000000284e+01 -3.488836267084334645e-20
2.000000000000000000e+01 -9.827516091848438257e-20
2.005000000000000071e+01 -2.265952793105081484e-20
2.010000000000000142e+01 -4.752430880471692117e-20
2.015000000000000213e+01 -3.089601933381511726e-20
2.020000000000000284e+01 -6.191328966208371665e-21
2.025000000000000000e+01 -2.407071883150155494e-20
2.030000000000000071e+01 -7.218990710387752558e-20
2.035000000000000142e+01 -1.688336428890195875e-20
2.040000000000000213e+01 -7.119538312780553024e-20
2.045000000000000284e+01 -8.808262378236905435e-20
2.050000000000000000e+01 -5.964059628770153107e-20
2.055000000000000071e+01 -1.097033952441667374e-19
2.060000000000000142e+01 -8.187120103478056131e-20
2.065000000000000213e+01 -5.402540910695339880e-20
2.070000000000000284e+01 -6.509368607666774621e-20
2.075000000000000000e+01 -1.031463724472670973e-19
2.080000000000000071e+01 -9.962908721932926491e-20
2.085000000000000142e+01 -1.769817136546696248e-19
2.090000000000000213e+01 -5.008057802564274715e-20
2.095000000000000284e+01 -1.229642083862604421e-19
2.100000000000000000e+01 -5.884657687146033645e-20
2.105000000000000071e+01 -3.490374967503078872e-20
2.110000000000000142e+01 -4.838039708593514116e-20
2.115000000000000213e+01 -5.852951579117471568e-20
2.120000000000000284e+01 -4.482375753644484536e-20
2.125000000000000000e+01 -3.984391025276899499e-20
2.130000000000000071e+01 -3.378643765349196757e-20
2.135000000000000142e+01 -8.433650732600843299e-20
2.140000000000000213e+01 -3.889909207659242325e-20
2.145000000000000284e+01 3.103977205322962990e-20
2.150000000000000000e+01 6.087173445735654809e-20
2.155000000000000071e+01 2.889084228756058911e-20
2.160000000000000142e+01 2.763587235371071847e-20
2.165000000000000213e+01 3.931660239272849103e-20
2.170000000000000284e+01 4.449194579456347782e-20
2.175000000000000000e+01 4.839467101035789316e-20
2.180000000000000071e+01 2.326868189994545686e-20
2.185000000000000142e+01 1.232371141713321144e-19
2.190000000000000213e+01 8.904737283270230825e-20
2.195000000000000284e+01 1.250066879563530908e-19
2.200000000000000000e+01 1.208806579412650821e-19
2.205000000000000071e+01 1.359525506475389431e-19
2.210000000000000142e+01 1.402758383266769791e-19
2.215000000000000213e+01 2.154244581252196719e-20
2.220000000000000284e+01 6.752382496105652514e-20
2.225000000000000000e+01 7.418204354883473586e-20
2.230000000000000071e+01 9.133521415334236972e-20
2.235000000000000142e+01 9.743830027537917111e-20
2.240000000000000213e+01 8.751052972517844403e-20
2.245000000000000284e+01 7.961094134751963637e-20
2.250000000000000000e+01 1.168954147948174003e-19
2.255000000000000071e+01 1.412304122761291855e-19
2.260000000000000142e+01 7.215564239510875707e-20
2.265000000000000213e+01 1.008942956843000541e-19
2.270000000000000284e+01 7.574386593182754427e-20
2.275000000000000000e+01 6.353971756175114498e-20
2.280000000000000071e+01 5.983192309623376827e-21
2.285000000000000142e+01 1.083493963916654275e-19
2.290000000000000213e+01 2.180127610042521888e-20
2.295000000000000284e+01 2.457270335614426410e-20
2.300000000000000000e+01 1.175690091244422659e-20
2.305000000000000071e+01 4.187827435749661120e-20
2.310000000000000142e+01 7.074625156351136300e-20
2.315000000000000213e+01 1.175747955152113966e-20
2.320000000000000284e+01 1.761294769596688022e-20
2.325000000000000000e+01 8.423056453221990176e-21
2.330000000000000071e+01 -4.358650516380694514e-20
2.335000000000000142e+01 1.859091561101584777e-20
2.340000000000000213e+01 -3.705307045546356316e-20
2.345000000000000284e+01 -4.759809535663917418e-20
2.350000000000000000e+01 -4.894776232422437086e-20
2.355000000000000071e+01 1.079691179619459380e-20
2.360000000000000142e+01 -6.496538583036966918e-20
2.365000000000000213e+01 -2.443685501403732368e-20
2.370000000000000284e+01 -4.292125697754780745e-20
2.375000000000000000e+01 -4.518086748343880612e-20
2.380000000000000071e+01 -8.712483864738989884e-20
2.385000000000000142e+01 -1.220878066571481461e-20
2.390000000000000213e+01 -8.205813504585497938e-21
2.395000000000000284e+01 -3.282453163956824434e-20
2.400000000000000000e+01 -7.230451951826467735e-20
2.405000000000000071e+01 -1.524889281381509422e-20
2.410000000000000142e+01 -9.150336671139152997e-20
2.415000000000000213e+01 -5.475438632939734094e-20
2.420000000000000284e+01 2.800272039951602454e-20
2.425000000000000000e+01 -9.907256056296684200e-20
2.430000000000000071e+01 -2.234460535364764160e-20
2.435000000000000142e+01 2.637353723884169322e-20
2.440000000000000213e+01 -5.492872146895323751e-20
2.445000000000000284e+01 2.256508360333176680e-20
2.450000000000000000e+01 3.272065435539333117e-20
2.455000000000000071e+01 -3.756912034995320205e-20
2.460000000000000142e+01 -3.839321911990847206e-21
2.465000000000000213e+01 1.557547929822732561e-20
2.470000000000000284e+01 -1.643418112285164922e-20
2.475000000000000000e+01 -6.872653926257678649e-20
2.480000000000000071e+01 -8.556425874512160508e-20
2.485000000000000142e+01 -1.113520297690652267e-20
2.490000000000000213e+01 5.155579658017123009e-20
2.495000000000000284e+01 -3.519321483900951925e-20
2.500000000000000000e+01 2.968003028893989034e-20
2.505000000000000071e+01 7.387902280141437311e-20
2.510000000000000142e+01 4.330473640370176602e-20
2.515000000000000213e+01 -2.491680497953734135e-20
2.520000000000000284e+01 2.915464485882952268e-20
2.525000000000000000e+01 -6.725753291376318842e-20
2.530000000000000071e+01 7.610374660305003680e-21
2.535000000000000142e+01 -2.887534804179110671e-20
2.540000000000000213e+01 -3.249439556366508677e-21
2.545000000000000284e+01 1.297214108756572235e-20
2.550000000000000000e+01 -3.234377430373737664e-20
2.555000000000000071e+01 3.983723547902627009e-20
2.560000000000000142e+01 -2.888531980996043797e-20
2.565000000000000213e+01 -8.651050637886950791e-20
2.570000000000000284e+01 -2.084931615842426250e-20
2.575000000000000000e+01 -6.439720203500762257e-20
2.580000000000000071e+01 -4.619699713585549307e-20
2.585000000000000142e+01 -2.535130025841165799e-20
2.590000000000000213e+01 -6.753102207456587676e-20
2.595000000000000284e+01 5.405746302383224725e-20
2.600000000000000000e+01 -1.015931469592427192e-20
2.605000000000000071e+01 1.604903811304925401e-20
2.610000000000000142e+01 4.264650717967827302e-20
2.615000000000000213e+01 -1.537530599566980853e-20
2.620000000000000284e+01 4.981704890297211019e-20
2.625000000000000000e+01 -5.990984195857526918e-20
2.630000000000000071e+01 -1.010820833069954176e-20
2.635000000000000142e+01 -2.351436309998118807e-20
2.640000000000000213e+01 1.243485375218951201e-20
2.645000000000000284e+01 1.159751453962537161e-20
2.650000000000000000e+01 -5.234077398311620099e-20
2.655000000000000071e+01 -2.344653735009551064e-20
2.660000000000000142e+01 1.756215654367234160e-20
2.665000000000000213e+01 1.727810916823573962e-20
2.670000000000000284e+01 6.806289539462658176e-20
2.675000000000000000e+01 -5.881719759115683688e-20
2.680000000000000071e+01 7.372942979727084085e-20
2.685000000000000142e+01 4.392550631925604370e-20
2.690000000000000213e+01 4.764620031019647994e-20
2.695000000000000284e+01 5.479160570093977819e-20
2.700000000000000000e+01 5.157668213248993716e-20
2.705000000000000071e+01 1.074494234753879691e-19
2.710000000000000142e+01 5.672969990006473049e-20
2.715000000000000213e+01 2.488262622454718291e-20
2.720000000000000284e+01 1.295564570467400127e-19
2.725000000000000000e+01 1.031720308516094858e-19
2.730000000000000071e+01 9.706629123921741603e-20
2.735000000000000142e+01 1.265978800524088228e-19
2.740000000000000213e+01 7.005416922065860238e-20
2.745000000000000284e+01 7.631896914216977330e-20
2.750000000000000000e+01 4.055990882225288353e-20
2.755000000000000071e+01 1.034036331645989438e-19
2.760000000000000142e+01 4.050549122523845505e-20
2.765000000000000213e+01 6.815571038477079704e-20
2.770000000000000284e+01 4.514211372996122791e-20
2.775000000000000000e+01 6.170324601674980430e-20
2.780000000000000071e+01 1.790129919716419012e-20
2.785000000000000142e+01 9.668125479340033649e-20
2.790000000000000213e+01 -2.504986546175851719e-20
2.795000000000000284e+01 -3.010552438962383428e-20
2.800000000000000000e+01 -5.208557422095789221e-21
2.805000000000000071e+01 1.607543365217232952e-20
2.810000000000000142e+01 -3.219725944567094075e-20
2.815000000000000213e+01 -4.688571419803907659e-20
2.820000000000000284e+01 -1.393365938309012637e-20
2.825000000000000000e+01 -3.615896138573416163e-20
2.830000000000000071e+01 -8.263763497121866788e-20
2.835000000000000142e+01 -2.926673540590469044e-20
2.840000000000000213e+01 -4.321067101144626317e-20
2.845000000000000284e+01 -2.363590054666746504e-20
2.850000000000000000e+01 -1.307845133288362013e-19
2.855000000000000071e+01 -6.443822390032529464e-20
2.860000000000000142e+01 -6.077852709601739117e-20
2.865000000000000213e+01 -1.609924124787448131e-19
2.870000000000000284e+01 -7.560802358581082260e-20
2.875000000000000000e+01 -2.167327986805244575e-19
2.880000000000000071e+01 -1.021135571151203569e-19
2.885000000000000142e+01 -8.276804778443791768e-20
2.890000000000000213e+01 -1.424293674282765680e-19
2.895000000000000284e+01 -8.981840553116487425e-20
2.900000000000000000e+01 -6.926459601622637143e-20
2.905000000000000071e+01 -1.608985174068162413e-19
2.910000000000000142e+01 -6.808217420815567220e-20
2.915000000000000213e+01 -5.345456333263538341e-20
2.920000000000000284e+01 -8.785271074105350065e-20
2.925000000000000000e+01 -6.141250277658532747e-20
2.930000000000000071e+01 -5.407971070714358274e-20
2.935000000000000142e+01 -5.643568637810800093e-20
2.940000000000000213e+01 -1.457033015590030858e-20
2.945000000000000284e+01 -1.388566357720527640e-21
2.950000000000000000e+01 -4.778771593539857640e-20
2.955000000000000071e+01 -2.369430861185334655e-20
2.960000000000000142e+01 5.843347525119287739e-20
2.965000000000000213e+01 2.110595871886807649e-20
2.970000000000000284e+01 -4.246477736883837615e-20
2.975000000000000000e+01 1.489107372255779782e-20
2.980000000000000071e+01 2.421305231380020318e-20
2.985000000000000142e+01 -6.507484469314870356e-21
2.990000000000000213e+01 3.224379858875449180e-20
2.995000000000000284e+01 2.246360159136583228e-20
3.000000000000000000e+01 -6.252771644080711140e-21
3.005000000000000071e+01 4.703999599193121755e-20
3.010000000000000142e+01 3.982866708959756374e-20
3.015000000000000213e+01 -3.324589490188370685e-20
3.020000000000000284e+01 1.024566452283385206e-19
3.025000000000000000e+01 6.683882308235024710e-20
3.030000000000000071e+01 6.744075559354060735e-20
3.035000000000000142e+01 1.230480339784260871e-19
3.040000000000000213e+01 7.270459435634442672e-20
3.045000000000000284e+01 2.548458459586693631e-20
3.050000000000000000e+01 5.554750337063305299e-20
3.055000000000000071e+01 4.833264099454102673e-20
3.060000000000000142e+01 9.572415380440090735e-20
3.065000000000000213e+01 2.310527915800953894e-20
3.070000000000000284e+01 7.695348684988078866e-20
3.075000000000000000e+01 7.980170798480033271e-20
3.080000000000000071e+01 4.457536587704811302e-20
3.085000000000000142e+01 5.125354917804276587e-20
3.090000000000000213e+01 6.278004731978192226e-20
3.095000000000000284e+01 6.510448321383561119e-20
3.100000000000000000e+01 4.938877890543744340e-20
3.105000000000000071e+01 8.382987366751129669e-20
3.110000000000000142e+01 7.359065120699817172e-21
3.115000000000000213e+01 9.937252236379399297e-21
3.120000000000000284e+01 -9.899977950761930924e-21
3.125000000000000000e+01 4.119397329700101335e-21
3.130000000000000071e+01 5.311972961745514625e-21
3.135000000000000142e+01 4.641172189127331673e-20
3.140000000000000213e+01 4.118294538298044533e-20
3.145000000000000284e+01 1.817454677665059391e-20
3.150000000000000000e+01 2.215189419846648252e-20
3.155000000000000071e+01 1.061614034181667453e-20
3.160000000000000142e+01 5.594876452247968691e-21
3.165000000000000213e+01 8.227298605814674204e-21
3.170000000000000284e+01 3.199769320109823801e-20
3.175000000000000000e+01 -2.394658202227875261e-20
3.180000000000000071e+01 3.779896850439205927e-20
3.185000000000000142e+01 4.123666487002235549e-20
3.190000000000000213e+01 3.891321823391616225e-20
3.195000000000000284e+01 2.217881321000186237e-20
3.200000000000000000e+01 -5.968400465155943198e-21
3.205000000000000426e+01 1.060654749578656152e-19
3.210000000000000142e+01 -3.095934811250234333e-20
3.214999999999999858e+01 1.751737400617607297e-20
3.220000000000000284e+01 7.782442832706012252e-20
3.225000000000000000e+01 5.540617213155519196e-20
3.230000000000000426e+01 3.026734612358194848e-20
3.235000000000000142e+01 -1.566141547049468997e-20
3.239999999999999858e+01 -2.233769613597871578e-20
3.245000000000000284e+01 2.069105748429756518e-20
3.250000000000000000e+01 3.020348453612392475e-20
3.255000000000000426e+01 1.346698473304457895e-20
3.260000000000000142e+01 4.904278480421244194e-20
3.264999999999999858e+01 -1.618394086113408402e-20
3.270000000000000284e+01 3.577266319015215508e-20
3.275000000000000000e+01 -5.217813634952471232e-20
3.280000000000000426e+01 -5.780106751788377180e-20
3.285000000000000142e+01 -3.068573226412448654e-20
3.289999999999999858e+01 -8.986115938421582043e-20
3.295000000000000284e+01 -2.801831284599329065e-20
3.300000000000000000e+01 4.372065093544699012e-21
3.305000000000000426e+01 -6.235847222101578243e-21
3.310000000000000142e+01 1.878559483987116027e-20
3.314999999999999858e+01 9.388347805745343775e-21
3.320000000000000284e+01 -1.701157414868014229e-20
3.325000000000000000e+01 -2.893468883199149252e-20
3.330000000000000426e+01 -2.437406673876031939e-20
3.335000000000000142e+01 6.337423723698895106e-20
3.339999999999999858e+01 -6.426116053809391148e-20
3.345000000000000284e+01 -1.975688744049394331e-22
3.350000000000000000e+01 -3.539221206568799281e-20
3.355000000000000426e+01 -8.124925794666686040e-21
3.360000000000000142e+01 7.134935777788086427e-21
3.364999999999999858e+01 -5.227387482847904803e-20
3.370000000000000284e+01 1.994787783916143148e-20
3.375000000000000000e+01 -4.424542317316416214e-20
3.380000000000000426e+01 -1.608330291326179920e-20
3.385000000000000142e+01 -3.624915936327522461e-20
3.389999999999999858e+01 7.260541284276408804e-21
3.395000000000000284e+01 1.759682140129029074e-20
3.400000000000000000e+01 -3.032997101899550372e-20
3.405000000000000426e+01 -4.678746425033247111e-20
3.410000000000000142e+01 -3.326942586643559486e-20
3.414999999999999858e+01 -8.800112380987978897e-20
3.420000000000000284e+01 1.796463916989807423e-20
3.425000000000000000e+01 5.570126842765209009e-20
3.430000000000000426e+01 -7.355381198149080321e-20
3.435000000000000142e+01 -2.482934033199094386e-20
3.439999999999999858e+01 -1.397872893708825458e-20
3.445000000000000284e+01 5.984726541097816965e-20
3.450000000000000000e+01 9.357069836751779638e-21
3.455000000000000426e+01 2.186140513671998317e-20
3.460000000000000142e+01 2.904721363584892970e-20
3.464999999999999858e+01 -1.527000349629117154e-20
3.470000000000000284e+01 3.799912811368790437e-20
3.475000000000000000e+01 3.392096782118092384e-20
3.480000000000000426e+01 8.264930520020952799e-20
3.485000000000000142e+01 1.638050413911358999e-20
3.489999999999999858e+01 2.342188647604160152e-20
3.495000000000000284e+01 2.716845654680732120e-20
