0.000000000000000000e+00 0.000000000000000000e+00
5.000000000000000278e-02 5.236051145286208472e-07
1.000000000000000056e-01 1.047970877805338900e-06
1.500000000000000222e-01 1.573859399247686916e-06
2.000000000000000111e-01 2.102035635070706647e-06
2.500000000000000000e-01 2.633268626888406443e-06
3.000000000000000444e-01 3.168332522883571234e-06
3.500000000000000333e-01 3.708007316182080928e-06
4.000000000000000222e-01 4.253079240976978880e-06
4.500000000000000111e-01 4.804340774103681697e-06
5.000000000000000000e-01 5.362590198025014930e-06
5.500000000000000444e-01 5.928630690375284325e-06
6.000000000000000888e-01 6.503268915150341632e-06
6.500000000000000222e-01 7.087313101115174331e-06
7.000000000000000666e-01 7.681570603821953624e-06
7.500000000000000000e-01 8.286844958574081491e-06
8.000000000000000444e-01 8.903932442519431250e-06
8.500000000000000888e-01 9.533618174596057660e-06
9.000000000000000222e-01 1.017667179208218048e-05
9.500000000000000666e-01 1.083384275182687198e-05
1.000000000000000000e+00 1.150585531268289482e-05
1.050000000000000044e+00 1.219340326307285213e-05
1.100000000000000089e+00 1.289714446385976446e-05
1.150000000000000133e+00 1.361769528165540382e-05
1.200000000000000178e+00 1.435562499130173426e-05
1.250000000000000000e+00 1.511145022844897950e-05
1.300000000000000044e+00 1.588562957390220149e-05
1.350000000000000089e+00 1.667855835071980073e-05
1.400000000000000133e+00 1.749056371295338848e-05
1.450000000000000178e+00 1.832190010147445377e-05
1.500000000000000000e+00 1.917274513762338235e-05
1.550000000000000044e+00 2.004319601954208401e-05
1.600000000000000089e+00 2.093326647913990276e-05
1.650000000000000133e+00 2.184288434983149200e-05
1.700000000000000178e+00 2.277188978663134409e-05
1.750000000000000000e+00 2.372003417105502694e-05
1.800000000000000044e+00 2.468697972373460833e-05
1.850000000000000089e+00 2.567229983787598112e-05
1.900000000000000133e+00 2.667548013684463475e-05
1.950000000000000178e+00 2.769592024942910043e-05
2.000000000000000000e+00 2.873293628686347505e-05
2.050000000000000266e+00 2.978576399663843474e-05
2.100000000000000089e+00 3.085356255963778014e-05
2.149999999999999911e+00 3.193541898932540402e-05
2.200000000000000178e+00 3.303035308468285701e-05
2.250000000000000000e+00 3.413732288245159211e-05
2.300000000000000266e+00 3.525523054903599189e-05
2.350000000000000089e+00 3.638292864822084010e-05
2.400000000000000355e+00 3.751922671768816609e-05
2.450000000000000178e+00 3.866289808518642873e-05
2.500000000000000000e+00 3.981268685411058604e-05
2.550000000000000266e+00 4.096731498816682534e-05
2.600000000000000089e+00 4.212548942567844563e-05
2.650000000000000355e+00 4.328590915588957975e-05
2.700000000000000178e+00 4.444727219226717578e-05
2.750000000000000000e+00 4.560828238121396685e-05
2.800000000000000266e+00 4.676765598869628683e-05
2.850000000000000089e+00 4.792412801196614360e-05
2.900000000000000355e+00 4.907645816871863801e-05
2.950000000000000178e+00 5.022343652156892910e-05
3.000000000000000000e+00 5.136388870155976006e-05
3.050000000000000266e+00 5.249668070041363149e-05
3.100000000000000089e+00 5.362072320733251950e-05
3.150000000000000355e+00 5.473497547221998908e-05
3.200000000000000178e+00 5.583844868317890461e-05
3.250000000000000000e+00 5.693020885193068935e-05
3.300000000000000266e+00 5.800937920634771883e-05
3.350000000000000089e+00 5.907514209451748041e-05
3.400000000000000355e+00 6.012674040961613195e-05
3.450000000000000178e+00 6.116347854931346805e-05
3.500000000000000000e+00 6.218472292742595689e-05
3.550000000000000266e+00 6.318990205905666347e-05
3.600000000000000089e+00 6.417850624348987178e-05
3.650000000000000355e+00 6.515008687164302865e-05
3.700000000000000178e+00 6.610425538691279206e-05
3.750000000000000000e+00 6.704068192980214530e-05
3.800000000000000266e+00 6.795909369779160893e-05
3.850000000000000089e+00 6.885927305254205613e-05
3.900000000000000355e+00 6.974105540671951791e-05
3.950000000000000178e+00 7.060432692254005479e-05
4.000000000000000000e+00 7.144902205358283668e-05
4.049999999999999822e+00 7.227512096054795583e-05
4.100000000000000533e+00 7.308264683047969719e-05
4.150000000000000355e+00 7.387166312757777653e-05
4.200000000000000178e+00 7.464227080211549461e-05
4.250000000000000000e+00 7.539460548221501505e-05
4.299999999999999822e+00 7.612883467133482913e-05
4.350000000000000533e+00 7.684515497233684346e-05
4.400000000000000355e+00 7.754378935695755066e-05
4.450000000000000178e+00 7.822498449743873323e-05
4.500000000000000000e+00 7.888900817500752870e-05
4.549999999999999822e+00 7.953614677786201910e-05
4.600000000000000533e+00 8.016670289933593564e-05
4.650000000000000355e+00 8.078099304500802275e-05
4.700000000000000178e+00 8.137934545570299212e-05
4.750000000000000000e+00 8.196209805161649411e-05
4.800000000000000711e+00 8.252959650119661751e-05
4.850000000000000533e+00 8.308219241693861256e-05
4.900000000000000355e+00 8.362024167889906370e-05
4.950000000000000178e+00 8.414410288552269198e-05
5.000000000000000000e+00 8.465413593028576469e-05
5.050000000000000711e+00 8.515070070171176450e-05
5.100000000000000533e+00 8.563415590348753500e-05
5.150000000000000355e+00 8.610485799070947293e-05
5.200000000000000178e+00 8.656316021770634828e-05
5.250000000000000000e+00 8.700941179241907246e-05
5.300000000000000711e+00 8.744395713195005462e-05
5.350000000000000533e+00 8.786713521363102679e-05
5.400000000000000355e+00 8.827927901577748229e-05
5.450000000000000178e+00 8.868071504220145882e-05
5.500000000000000000e+00 8.907176292452775369e-05
5.550000000000000711e+00 8.945273509639652424e-05
5.600000000000000533e+00 8.982393653372647572e-05
5.650000000000000355e+00 9.018566455535439498e-05
5.700000000000000178e+00 9.053820867854373022e-05
5.750000000000000000e+00 9.088185052406897921e-05
5.800000000000000711e+00 9.121686376581867900e-05
5.850000000000000533e+00 9.154351412011774928e-05
5.900000000000000355e+00 9.186205937024150676e-05
5.950000000000000178e+00 9.217274942187481535e-05
6.000000000000000000e+00 9.247582638555538863e-05
6.050000000000000711e+00 9.277152468242562281e-05
6.100000000000000533e+00 9.306007116990389365e-05
6.150000000000000355e+00 9.334168528416224731e-05
6.200000000000000178e+00 9.361657919656972654e-05
6.250000000000000000e+00 9.388495798152208290e-05
6.300000000000000711e+00 9.414701979332730129e-05
6.350000000000000533e+00 9.440295605005452118e-05
6.400000000000000355e+00 9.465295162247820682e-05
6.450000000000000178e+00 9.489718502645911615e-05
6.500000000000000000e+00 9.513582861729983243e-05
6.550000000000000711e+00 9.536904878479423935e-05
6.600000000000000533e+00 9.559700614785835869e-05
6.650000000000000355e+00 9.581985574778225886e-05
6.700000000000000178e+00 9.603774723928549194e-05
6.750000000000000000e+00 9.625082507868193925e-05
6.800000000000000711e+00 9.645922870857951965e-05
6.850000000000000533e+00 9.666309273863822669e-05
6.900000000000000355e+00 9.686254712200690177e-05
6.950000000000000178e+00 9.705771732713672532e-05
7.000000000000000000e+00 9.724872450474509873e-05
7.050000000000000711e+00 9.743568564976449499e-05
7.100000000000000533e+00 9.761871375816777636e-05
7.150000000000000355e+00 9.779791797860812547e-05
7.200000000000000178e+00 9.797340375885462977e-05
7.250000000000000000e+00 9.814527298703699064e-05
7.300000000000000711e+00 9.831362412774605902e-05
7.350000000000000533e+00 9.847855235305798748e-05
7.400000000000000355e+00 9.864014966857296315e-05
7.450000000000000178e+00 9.879850503457527483e-05
7.500000000000000000e+00 9.895370448243332600e-05
7.550000000000000711e+00 9.910583122637101256e-05
7.600000000000000533e+00 9.925496577074807768e-05
7.650000000000000355e+00 9.940118601299081013e-05
7.700000000000000178e+00 9.954456734232395296e-05
7.750000000000000000e+00 9.968518273444693697e-05
7.800000000000000711e+00 9.982310284230979183e-05
7.850000000000000533e+00 9.995839608313270323e-05
7.900000000000000355e+00 1.000911287218189308e-04
7.950000000000000178e+00 1.002213649509052723e-04
8.000000000000000000e+00 1.003491669671919417e-04
8.050000000000000711e+00 1.004745950451907204e-04
8.099999999999999645e+00 1.005977076075249827e-04
8.150000000000000355e+00 1.007185612924136372e-04
8.200000000000001066e+00 1.008372110183639259e-04
8.250000000000000000e+00 1.009537100461952011e-04
8.300000000000000711e+00 1.010681100385108980e-04
8.349999999999999645e+00 1.011804611167313499e-04
8.400000000000000355e+00 1.012908119157952033e-04
8.450000000000001066e+00 1.013992096366335015e-04
8.500000000000000000e+00 1.015057000965151010e-04
8.550000000000000711e+00 1.016103277773583810e-04
8.599999999999999645e+00 1.017131358721003073e-04
8.650000000000000355e+00 1.018141663292080273e-04
8.700000000000001066e+00 1.019134598954179565e-04
8.750000000000000000e+00 1.020110561567782933e-04
8.800000000000000711e+00 1.021069935780725063e-04
8.849999999999999645e+00 1.022013095406936205e-04
8.900000000000000355e+00 1.022940403790395693e-04
8.950000000000001066e+00 1.023852214154912643e-04
9.000000000000000000e+00 1.024748869940401828e-04
9.050000000000000711e+00 1.025630705126189917e-04
9.099999999999999645e+00 1.026498044541968458e-04
9.150000000000000355e+00 1.027351204166878496e-04
9.200000000000001066e+00 1.028190491417281820e-04
9.250000000000000000e+00 1.029016205423670941e-04
9.300000000000000711e+00 1.029828637297201902e-04
9.349999999999999645e+00 1.030628070386281967e-04
9.400000000000000355e+00 1.031414780523629211e-04
9.450000000000001066e+00 1.032189036264220339e-04
9.500000000000000000e+00 1.032951099114493059e-04
9.550000000000000711e+00 1.033701223753173394e-04
9.600000000000001421e+00 1.034439658244072863e-04
9.650000000000000355e+00 1.035166644241198111e-04
9.700000000000001066e+00 1.035882417186467921e-04
9.750000000000000000e+00 1.036587206500366504e-04
9.800000000000000711e+00 1.037281235765790576e-04
9.850000000000001421e+00 1.037964722905393937e-04
9.900000000000000355e+00 1.038637880352671184e-04
9.950000000000001066e+00 1.039300915217040365e-04
1.000000000000000000e+01 1.039954029443167845e-04
1.005000000000000071e+01 1.040597419964748292e-04
1.010000000000000142e+01 1.041231278852980196e-04
1.015000000000000036e+01 1.041855793459928165e-04
1.020000000000000107e+01 1.042471146556974321e-04
1.025000000000000000e+01 1.043077516468568326e-04
1.030000000000000071e+01 1.043675077201423488e-04
1.035000000000000142e+01 1.044263998569374568e-04
1.040000000000000036e+01 1.044844446314027118e-04
1.045000000000000107e+01 1.045416582221385789e-04
1.050000000000000000e+01 1.045980564234602140e-04
1.055000000000000071e+01 1.046536546562990217e-04
1.060000000000000142e+01 1.047084679787448546e-04
1.065000000000000036e+01 1.047625110962432194e-04
1.070000000000000107e+01 1.048157983714589957e-04
1.075000000000000000e+01 1.048683438338201662e-04
1.080000000000000071e+01 1.049201611887531595e-04
1.085000000000000142e+01 1.049712638266201456e-04
1.090000000000000036e+01 1.050216648313714293e-04
1.095000000000000107e+01 1.050713769889200996e-04
1.100000000000000000e+01 1.051204127952524444e-04
1.105000000000000071e+01 1.051687844642814501e-04
1.110000000000000142e+01 1.052165039354525342e-04
1.115000000000000036e+01 1.052635828811124475e-04
1.120000000000000107e+01 1.053100327136471731e-04
1.125000000000000000e+01 1.053558645923990820e-04
1.130000000000000071e+01 1.054010894303699319e-04
1.135000000000000142e+01 1.054457179007173252e-04
1.140000000000000036e+01 1.054897604430532460e-04
1.145000000000000107e+01 1.055332272695489587e-04
1.150000000000000000e+01 1.055761283708558901e-04
1.155000000000000071e+01 1.056184735218467646e-04
1.160000000000000142e+01 1.056602722871836871e-04
1.165000000000000036e+01 1.057015340267200988e-04
1.170000000000000107e+01 1.057422679007408351e-04
1.175000000000000000e+01 1.057824828750465458e-04
1.180000000000000071e+01 1.058221877258878446e-04
1.185000000000000142e+01 1.058613910447537697e-04
1.190000000000000036e+01 1.059001012430200295e-04
1.195000000000000107e+01 1.059383265564608557e-04
1.200000000000000000e+01 1.059760750496301963e-04
1.205000000000000071e+01 1.060133546201153258e-04
1.210000000000000142e+01 1.060501730026683191e-04
1.215000000000000036e+01 1.060865377732177895e-04
1.220000000000000107e+01 1.061224563527669070e-04
1.225000000000000000e+01 1.061579360111794193e-04
1.230000000000000071e+01 1.061929838708586743e-04
1.235000000000000142e+01 1.062276069103221943e-04
1.240000000000000036e+01 1.062618119676757988e-04
1.245000000000000107e+01 1.062956057439903384e-04
1.250000000000000000e+01 1.063289948065836155e-04
1.255000000000000071e+01 1.063619855922117872e-04
1.260000000000000142e+01 1.063945844101712686e-04
1.265000000000000036e+01 1.064267974453158769e-04
1.270000000000000107e+01 1.064586307609903168e-04
1.275000000000000000e+01 1.064900903018839228e-04
1.280000000000000071e+01 1.065211818968060268e-04
1.285000000000000142e+01 1.065519112613858927e-04
1.290000000000000036e+01 1.065822840007000903e-04
1.295000000000000107e+01 1.066123056118282585e-04
1.300000000000000000e+01 1.066419814863404274e-04
1.305000000000000071e+01 1.066713169127186380e-04
1.310000000000000142e+01 1.067003170787123311e-04
1.315000000000000036e+01 1.067289870736322610e-04
1.320000000000000107e+01 1.067573318905838307e-04
1.325000000000000000e+01 1.067853564286410387e-04
1.330000000000000071e+01 1.068130654949634112e-04
1.335000000000000142e+01 1.068404638068575716e-04
1.340000000000000036e+01 1.068675559937850883e-04
1.345000000000000107e+01 1.068943465993188224e-04
1.350000000000000000e+01 1.069208400830467734e-04
1.355000000000000071e+01 1.069470408224293986e-04
1.360000000000000142e+01 1.069729531146071546e-04
1.365000000000000036e+01 1.069985811781625016e-04
1.370000000000000107e+01 1.070239291548373344e-04
1.375000000000000000e+01 1.070490011112065293e-04
1.380000000000000071e+01 1.070738010403084488e-04
1.385000000000000142e+01 1.070983328632356830e-04
1.390000000000000036e+01 1.071226004306843611e-04
1.395000000000000107e+01 1.071466075244656240e-04
1.400000000000000000e+01 1.071703578589791903e-04
1.405000000000000071e+01 1.071938550826500333e-04
1.410000000000000142e+01 1.072171027793297928e-04
1.415000000000000036e+01 1.072401044696629245e-04
1.420000000000000107e+01 1.072628636124202688e-04
1.425000000000000000e+01 1.072853836057990765e-04
1.430000000000000071e+01 1.073076677886915530e-04
1.435000000000000142e+01 1.073297194419224609e-04
1.440000000000000036e+01 1.073515417894573015e-04
1.445000000000000107e+01 1.073731379995797032e-04
1.450000000000000000e+01 1.073945111860425875e-04
1.455000000000000071e+01 1.074156644091895589e-04
1.460000000000000142e+01 1.074366006770513179e-04
1.465000000000000036e+01 1.074573229464146983e-04
1.470000000000000107e+01 1.074778341238665093e-04
1.475000000000000000e+01 1.074981370668132554e-04
1.480000000000000071e+01 1.075182345844758640e-04
1.485000000000000142e+01 1.075381294388619990e-04
1.490000000000000036e+01 1.075578243457146554e-04
1.495000000000000107e+01 1.075773219754391796e-04
1.500000000000000000e+01 1.075966249540082938e-04
1.505000000000000071e+01 1.076157358638468319e-04
1.510000000000000142e+01 1.076346572446948186e-04
1.515000000000000036e+01 1.076533915944518597e-04
1.520000000000000107e+01 1.076719413700012983e-04
1.525000000000000000e+01 1.076903089880158044e-04
1.530000000000000071e+01 1.077084968257446270e-04
1.535000000000000142e+01 1.077265072217827821e-04
1.540000000000000036e+01 1.077443424768226348e-04
1.545000000000000107e+01 1.077620048543891779e-04
1.550000000000000000e+01 1.077794965815575032e-04
1.555000000000000071e+01 1.077968198496557709e-04
1.560000000000000142e+01 1.078139768149505604e-04
1.565000000000000036e+01 1.078309695993188056e-04
1.570000000000000107e+01 1.078478002909033566e-04
1.575000000000000000e+01 1.078644709447545573e-04
1.580000000000000071e+01 1.078809835834579030e-04
1.585000000000000142e+01 1.078973401977468318e-04
1.590000000000000036e+01 1.079135427471037382e-04
1.595000000000000107e+01 1.079295931603461474e-04
1.600000000000000000e+01 1.079454933362008947e-04
1.605000000000000071e+01 1.079612451438657699e-04
1.610000000000000142e+01 1.079768504235591669e-04
1.615000000000000213e+01 1.079923109870569397e-04
1.619999999999999929e+01 1.080076286182188642e-04
1.625000000000000000e+01 1.080228050735029295e-04
1.630000000000000071e+01 1.080378420824689768e-04
1.635000000000000142e+01 1.080527413482715234e-04
1.640000000000000213e+01 1.080675045481418128e-04
1.644999999999999929e+01 1.080821333338604723e-04
1.650000000000000000e+01 1.080966293322186788e-04
1.655000000000000071e+01 1.081109941454710569e-04
1.660000000000000142e+01 1.081252293517784399e-04
1.665000000000000213e+01 1.081393365056408868e-04
1.669999999999999929e+01 1.081533171383227299e-04
1.675000000000000000e+01 1.081671727582674182e-04
1.680000000000000071e+01 1.081809048515051903e-04
1.685000000000000142e+01 1.081945148820507603e-04
1.690000000000000213e+01 1.082080042922939285e-04
1.694999999999999929e+01 1.082213745033819795e-04
1.700000000000000000e+01 1.082346269155935693e-04
1.705000000000000071e+01 1.082477629087056059e-04
1.710000000000000142e+01 1.082607838423523233e-04
1.715000000000000213e+01 1.082736910563772545e-04
1.719999999999999929e+01 1.082864858711776550e-04
1.725000000000000000e+01 1.082991695880424626e-04
1.730000000000000071e+01 1.083117434894830330e-04
1.735000000000000142e+01 1.083242088395574789e-04
1.740000000000000213e+01 1.083365668841881517e-04
1.744999999999999929e+01 1.083488188514731594e-04
1.750000000000000000e+01 1.083609659519916787e-04
1.755000000000000071e+01 1.083730093791024352e-04
1.760000000000000142e+01 1.083849503092373191e-04
1.765000000000000213e+01 1.083967899021884550e-04
1.769999999999999929e+01 1.084085293013899181e-04
1.775000000000000000e+01 1.084201696341940025e-04
1.780000000000000071e+01 1.084317120121412010e-04
1.785000000000000142e+01 1.084431575312264990e-04
1.790000000000000213e+01 1.084545072721588373e-04
1.794999999999999929e+01 1.084657623006166316e-04
1.800000000000000000e+01 1.084769236674977219e-04
1.805000000000000071e+01 1.084879924091646999e-04
1.810000000000000142e+01 1.084989695476856975e-04
1.815000000000000213e+01 1.085098560910701727e-04
1.819999999999999929e+01 1.085206530335002114e-04
1.825000000000000000e+01 1.085313613555578436e-04
1.830000000000000071e+01 1.085419820244472235e-04
1.835000000000000142e+01 1.085525159942137468e-04
1.840000000000000213e+01 1.085629642059574219e-04
1.844999999999999929e+01 1.085733275880436247e-04
1.850000000000000000e+01 1.085836070563095179e-04
1.855000000000000071e+01 1.085938035142658203e-04
1.860000000000000142e+01 1.086039178532957584e-04
1.865000000000000213e+01 1.086139509528495720e-04
1.869999999999999929e+01 1.086239036806362150e-04
1.875000000000000000e+01 1.086337768928103526e-04
1.880000000000000071e+01 1.086435714341567983e-04
1.885000000000000142e+01 1.086532881382714668e-04
1.890000000000000213e+01 1.086629278277381533e-04
1.894999999999999929e+01 1.086724913143031850e-04
1.900000000000000000e+01 1.086819793990458441e-04
1.905000000000000071e+01 1.086913928725465815e-04
1.910000000000000142e+01 1.087007325150515720e-04
1.915000000000000213e+01 1.087099990966340434e-04
1.920000000000000284e+01 1.087191933773535999e-04
1.925000000000000000e+01 1.087283161074114799e-04
1.930000000000000071e+01 1.087373680273041469e-04
1.935000000000000142e+01 1.087463498679731806e-04
1.940000000000000213e+01 1.087552623509529718e-04
1.945000000000000284e+01 1.087641061885156806e-04
1.950000000000000000e+01 1.087728820838133892e-04
1.955000000000000071e+01 1.087815907310180443e-04
1.960000000000000142e+01 1.087902328154587454e-04
1.965000000000000213e+01 1.087988090137563882e-04
1.970000000000000284e+01 1.088073199939561952e-04
1.975000000000000000e+01 1.088157664156580234e-04
1.980000000000000071e+01 1.088241489301437168e-04
1.985000000000000142e+01 1.088324681805031321e-04
1.990000000000000213e+01 1.088407248017571815e-04
1.995000000000000284e+01 1.088489194209791417e-04
2.000000000000000000e+01 1.088570526574135771e-04
2.005000000000000071e+01 1.088651251225935152e-04
2.010000000000000142e+01 1.088731374204554260e-04
2.015000000000000213e+01 1.088810901474518981e-04
2.020000000000000284e+01 1.088889838926629584e-04
2.025000000000000000e+01 1.088968192379050352e-04
2.030000000000000071e+01 1.089045967578380230e-04
2.035000000000000142e+01 1.089123170200709376e-04
2.040000000000000213e+01 1.089199805852651595e-04
2.045000000000000284e+01 1.089275880072367557e-04
2.050000000000000000e+01 1.089351398330558465e-04
2.055000000000000071e+01 1.089426366031453222e-04
2.060000000000000142e+01 1.089500788513777575e-04
2.065000000000000213e+01 1.089574671051700346e-04
2.070000000000000284e+01 1.089648018855769376e-04
2.075000000000000000e+01 1.089720837073831740e-04
2.080000000000000071e+01 1.089793130791935123e-04
2.085000000000000142e+01 1.089864905035216596e-04
2.090000000000000213e+01 1.089936164768777162e-04
2.095000000000000284e+01 1.090006914898536649e-04
2.100000000000000000e+01 1.090077160272082910e-04
2.105000000000000071e+01 1.090146905679499205e-04
2.110000000000000142e+01 1.090216155854181691e-04
2.115000000000000213e+01 1.090284915473641188e-04
2.120000000000000284e+01 1.090353189160297629e-04
2.125000000000000000e+01 1.090420981482248622e-04
2.130000000000000071e+01 1.090488296954043575e-04
2.135000000000000142e+01 1.090555140037427451e-04
2.140000000000000213e+01 1.090621515142083320e-04
2.145000000000000284e+01 1.090687426626360800e-04
2.150000000000000000e+01 1.090752878797987161e-04
2.155000000000000071e+01 1.090817875914776259e-04
2.160000000000000142e+01 1.090882422185319713e-04
2.165000000000000213e+01 1.090946521769664665e-04
2.170000000000000284e+01 1.091010178779987211e-04
2.175000000000000000e+01 1.091073397281254031e-04
2.180000000000000071e+01 1.091136181291865861e-04
2.185000000000000142e+01 1.091198534784299347e-04
2.190000000000000213e+01 1.091260461685737232e-04
2.195000000000000284e+01 1.091321965878682424e-04
2.200000000000000000e+01 1.091383051201568535e-04
2.205000000000000071e+01 1.091443721449360260e-04
2.210000000000000142e+01 1.091503980374140608e-04
2.215000000000000213e+01 1.091563831685692440e-04
2.220000000000000284e+01 1.091623279052068352e-04
2.225000000000000000e+01 1.091682326100153243e-04
2.230000000000000071e+01 1.091740976416218746e-04
2.235000000000000142e+01 1.091799233546463297e-04
2.240000000000000213e+01 1.091857100997555864e-04
2.245000000000000284e+01 1.091914582237154738e-04
2.250000000000000000e+01 1.091971680694435128e-04
2.255000000000000071e+01 1.092028399760595762e-04
2.260000000000000142e+01 1.092084742789362219e-04
2.265000000000000213e+01 1.092140713097485943e-04
2.270000000000000284e+01 1.092196313965230635e-04
2.275000000000000000e+01 1.092251548636851202e-04
2.280000000000000071e+01 1.092306420321070539e-04
2.285000000000000142e+01 1.092360932191540848e-04
2.290000000000000213e+01 1.092415087387309448e-04
2.295000000000000284e+01 1.092468889013263020e-04
2.300000000000000000e+01 1.092522340140577284e-04
2.305000000000000071e+01 1.092575443807153931e-04
2.310000000000000142e+01 1.092628203018053624e-04
2.315000000000000213e+01 1.092680620745920060e-04
2.320000000000000284e+01 1.092732699931396302e-04
2.325000000000000000e+01 1.092784443483542063e-04
2.330000000000000071e+01 1.092835854280237704e-04
2.335000000000000142e+01 1.092886935168582409e-04
2.340000000000000213e+01 1.092937688965289105e-04
2.345000000000000284e+01 1.092988118457079383e-04
2.350000000000000000e+01 1.093038226401053348e-04
2.355000000000000071e+01 1.093088015525079521e-04
2.360000000000000142e+01 1.093137488528156561e-04
2.365000000000000213e+01 1.093186648080785142e-04
2.370000000000000284e+01 1.093235496825322085e-04
2.375000000000000000e+01 1.093284037376343560e-04
2.380000000000000071e+01 1.093332272320987565e-04
2.385000000000000142e+01 1.093380204219303846e-04
2.390000000000000213e+01 1.093427835604589326e-04
2.395000000000000284e+01 1.093475168983726781e-04
2.400000000000000000e+01 1.093522206837513219e-04
2.405000000000000071e+01 1.093568951620981346e-04
2.410000000000000142e+01 1.093615405763725772e-04
2.415000000000000213e+01 1.093661571670216214e-04
2.420000000000000284e+01 1.093707451720108662e-04
2.425000000000000000e+01 1.093753048268549492e-04
2.430000000000000071e+01 1.093798363646481762e-04
2.435000000000000142e+01 1.093843400160942952e-04
2.440000000000000213e+01 1.093888160095354996e-04
2.445000000000000284e+01 1.093932645709815385e-04
2.450000000000000000e+01 1.093976859241386107e-04
2.455000000000000071e+01 1.094020802904368227e-04
2.460000000000000142e+01 1.094064478890584041e-04
2.465000000000000213e+01 1.094107889369649492e-04
2.470000000000000284e+01 1.094151036489242638e-04
2.475000000000000000e+01 1.094193922375369827e-04
2.480000000000000071e+01 1.094236549132626853e-04
2.485000000000000142e+01 1.094278918844458488e-04
2.490000000000000213e+01 1.094321033573412999e-04
2.495000000000000284e+01 1.094362895361391782e-04
2.500000000000000000e+01 1.094404506229897106e-04
2.505000000000000071e+01 1.094445868180276871e-04
2.510000000000000142e+01 1.094486983193967332e-04
2.515000000000000213e+01 1.094527853232724171e-04
2.520000000000000284e+01 1.094568480238865900e-04
2.525000000000000000e+01 1.094608866135493005e-04
2.530000000000000071e+01 1.094649012826726743e-04
2.535000000000000142e+01 1.094688922197926658e-04
2.540000000000000213e+01 1.094728596115912843e-04
2.545000000000000284e+01 1.094768036429188474e-04
2.550000000000000000e+01 1.094807244968148112e-04
2.555000000000000071e+01 1.094846223545294811e-04
2.560000000000000142e+01 1.094884973955451677e-04
2.565000000000000213e+01 1.094923497975963667e-04
2.570000000000000284e+01 1.094961797366901816e-04
2.575000000000000000e+01 1.094999873871267757e-04
2.580000000000000071e+01 1.095037729215187785e-04
2.585000000000000142e+01 1.095075365108113299e-04
2.590000000000000213e+01 1.095112783243007697e-04
2.595000000000000284e+01 1.095149985296545051e-04
2.600000000000000000e+01 1.095186972929288323e-04
2.605000000000000071e+01 1.095223747785882898e-04
2.610000000000000142e+01 1.095260311495234256e-04
2.615000000000000213e+01 1.095296665670689710e-04
2.620000000000000284e+01 1.095332811910217980e-04
2.625000000000000000e+01 1.095368751796583747e-04
2.630000000000000071e+01 1.095404486897518550e-04
2.635000000000000142e+01 1.095440018765895482e-04
2.640000000000000213e+01 1.095475348939897102e-04
2.645000000000000284e+01 1.095510478943179691e-04
2.650000000000000000e+01 1.095545410285039817e-04
2.655000000000000071e+01 1.095580144460575877e-04
2.660000000000000142e+01 1.095614682950846392e-04
2.665000000000000213e+01 1.095649027223029656e-04
2.670000000000000284e+01 1.095683178730580539e-04
2.675000000000000000e+01 1.095717138913382952e-04
2.680000000000000071e+01 1.095750909197900144e-04
2.685000000000000142e+01 1.095784490997326086e-04
2.690000000000000213e+01 1.095817885711734412e-04
2.695000000000000284e+01 1.095851094728221938e-04
2.700000000000000000e+01 1.095884119421054764e-04
2.705000000000000071e+01 1.095916961151808129e-04
2.710000000000000142e+01 1.095949621269511022e-04
2.715000000000000213e+01 1.095982101110778994e-04
2.720000000000000284e+01 1.096014401999955107e-04
2.725000000000000000e+01 1.096046525249243556e-04
2.730000000000000071e+01 1.096078472158843711e-04
2.735000000000000142e+01 1.096110244017078591e-04
2.740000000000000213e+01 1.096141842100530522e-04
2.745000000000000284e+01 1.096173267674163795e-04
2.750000000000000000e+01 1.096204521991454221e-04
2.755000000000000071e+01 1.096235606294512056e-04
2.760000000000000142e+01 1.096266521814208444e-04
2.765000000000000213e+01 1.096297269770295631e-04
2.770000000000000284e+01 1.096327851371526089e-04
2.775000000000000000e+01 1.096358267815774354e-04
2.780000000000000071e+01 1.096388520290148428e-04
2.785000000000000142e+01 1.096418609971113378e-04
2.790000000000000213e+01 1.096448538024600975e-04
2.795000000000000284e+01 1.096478305606123809e-04
2.800000000000000000e+01 1.096507913860885196e-04
2.805000000000000071e+01 1.096537363923891939e-04
2.810000000000000142e+01 1.096566656920062337e-04
2.815000000000000213e+01 1.096595793964331902e-04
2.820000000000000284e+01 1.096624776161761363e-04
2.825000000000000000e+01 1.096653604607641166e-04
2.830000000000000071e+01 1.096682280387595141e-04
2.835000000000000142e+01 1.096710804577678768e-04
2.840000000000000213e+01 1.096739178244488400e-04
2.845000000000000284e+01 1.096767402445251533e-04
2.850000000000000000e+01 1.096795478227935758e-04
2.855000000000000071e+01 1.096823406631332527e-04
2.860000000000000142e+01 1.096851188685166780e-04
2.865000000000000213e+01 1.096878825410183152e-04
2.870000000000000284e+01 1.096906317818243949e-04
2.875000000000000000e+01 1.096933666912419274e-04
2.880000000000000071e+01 1.096960873687081219e-04
2.885000000000000142e+01 1.096987939127989518e-04
2.890000000000000213e+01 1.097014864212386546e-04
2.895000000000000284e+01 1.097041649909082838e-04
2.900000000000000000e+01 1.097068297178543147e-04
2.905000000000000071e+01 1.097094806972975892e-04
2.910000000000000142e+01 1.097121180236411355e-04
2.915000000000000213e+01 1.097147417904795056e-04
2.920000000000000284e+01 1.097173520906065820e-04
2.925000000000000000e+01 1.097199490160235462e-04
2.930000000000000071e+01 1.097225326579473898e-04
2.935000000000000142e+01 1.097251031068188971e-04
2.940000000000000213e+01 1.097276604523103426e-04
2.945000000000000284e+01 1.097302047833334602e-04
2.950000000000000000e+01 1.097327361880470460e-04
2.955000000000000071e+01 1.097352547538648460e-04
2.960000000000000142e+01 1.097377605674627524e-04
2.965000000000000213e+01 1.097402537147865962e-04
2.970000000000000284e+01 1.097427342810593438e-04
2.975000000000000000e+01 1.097452023507882525e-04
2.980000000000000071e+01 1.097476580077723926e-04
2.985000000000000142e+01 1.097501013351097349e-04
2.990000000000000213e+01 1.097525324152035474e-04
2.995000000000000284e+01 1.097549513297702429e-04
3.000000000000000000e+01 1.097573581598458158e-04
3.005000000000000071e+01 1.097597529857924424e-04
3.010000000000000142e+01 1.097621358873053927e-04
3.015000000000000213e+01 1.097645069434200100e-04
3.020000000000000284e+01 1.097668662325174436e-04
3.025000000000000000e+01 1.097692138323318992e-04
3.030000000000000071e+01 1.097715498199566836e-04
3.035000000000000142e+01 1.097738742718505064e-04
3.040000000000000213e+01 1.097761872638440805e-04
3.045000000000000284e+01 1.097784888711456780e-04
3.050000000000000000e+01 1.097807791683477307e-04
3.055000000000000071e+01 1.097830582294329830e-04
3.060000000000000142e+01 1.097853261277798991e-04
3.065000000000000213e+01 1.097875829361692767e-04
3.070000000000000284e+01 1.097898287267894379e-04
3.075000000000000000e+01 1.097920635712424221e-04
3.080000000000000071e+01 1.097942875405493943e-04
3.085000000000000142e+01 1.097965007051567292e-04
3.090000000000000213e+01 1.097987031349410673e-04
3.095000000000000284e+01 1.098008948992151146e-04
3.100000000000000000e+01 1.098030760667331453e-04
3.105000000000000071e+01 1.098052467056961787e-04
3.110000000000000142e+01 1.098074068837576851e-04
3.115000000000000213e+01 1.098095566680282339e-04
3.120000000000000284e+01 1.098116961250814028e-04
3.125000000000000000e+01 1.098138253209582772e-04
3.130000000000000071e+01 1.098159443211734810e-04
3.135000000000000142e+01 1.098180531907187951e-04
3.140000000000000213e+01 1.098201519940696357e-04
3.145000000000000284e+01 1.098222407951888622e-04
3.150000000000000000e+01 1.098243196575323885e-04
3.155000000000000071e+01 1.098263886440535732e-04
3.160000000000000142e+01 1.098284478172082079e-04
3.165000000000000213e+01 1.098304972389589889e-04
3.170000000000000284e+01 1.098325369707804639e-04
3.175000000000000000e+01 1.098345670736634638e-04
3.180000000000000071e+01 1.098365876081196701e-04
3.185000000000000142e+01 1.098385986341863038e-04
3.190000000000000213e+01 1.098406002114302453e-04
3.195000000000000284e+01 1.098425923989529001e-04
3.200000000000000000e+01 1.098445752553939660e-04
3.205000000000000426e+01 1.098465488389363802e-04
3.210000000000000142e+01 1.098485132073101815e-04
3.214999999999999858e+01 1.098504684177968740e-04
3.220000000000000284e+01 1.098524145272335205e-04
3.225000000000000000e+01 1.098543515920169706e-04
3.230000000000000426e+01 1.098562796681080484e-04
3.235000000000000142e+01 1.098581988110349813e-04
3.239999999999999858e+01 1.098601090758984686e-04
3.245000000000000284e+01 1.098620105173746226e-04
3.250000000000000000e+01 1.098639031897194815e-04
3.255000000000000426e+01 1.098657871467725872e-04
3.260000000000000142e+01 1.098676624419610509e-04
3.264999999999999858e+01 1.098695291283029147e-04
3.270000000000000284e+01 1.098713872584116232e-04
3.275000000000000000e+01 1.098732368844989649e-04
3.280000000000000426e+01 1.098750780583791786e-04
3.285000000000000142e+01 1.098769108314725580e-04
3.289999999999999858e+01 1.098787352548089079e-04
3.295000000000000284e+01 1.098805513790309865e-04
3.300000000000000000e+01 1.098823592543985035e-04
3.305000000000000426e+01 1.098841589307908981e-04
3.310000000000000142e+01 1.098859504577115269e-04
3.314999999999999858e+01 1.098877338842905099e-04
3.320000000000000284e+01 1.098895092592883896e-04
3.325000000000000000e+01 1.098912766310991128e-04
3.330000000000000426e+01 1.098930360477540149e-04
3.335000000000000142e+01 1.098947875569241777e-04
3.339999999999999858e+01 1.098965312059244689e-04
3.345000000000000284e+01 1.098982670417161160e-04
3.350000000000000000e+01 1.098999951109106376e-04
3.355000000000000426e+01 1.099017154597718211e-04
3.360000000000000142e+01 1.099034281342200874e-04
3.364999999999999858e+01 1.099051331798343877e-04
3.370000000000000284e+01 1.099068306418564189e-04
3.375000000000000000e+01 1.099085205651925473e-04
3.380000000000000426e+01 1.099102029944171974e-04
3.385000000000000142e+01 1.099118779737762804e-04
3.389999999999999858e+01 1.099135455471892406e-04
3.395000000000000284e+01 1.099152057582525251e-04
3.400000000000000000e+01 1.099168586502421719e-04
3.405000000000000426e+01 1.099185042661168056e-04
3.410000000000000142e+01 1.099201426485201980e-04
3.414999999999999858e+01 1.099217738397842778e-04
3.420000000000000284e+01 1.099233978819318401e-04
3.425000000000000000e+01 1.099250148166790950e-04
3.430000000000000426e+01 1.099266246854380119e-04
3.435000000000000142e+01 1.099282275293202767e-04
3.439999999999999858e+01 1.099298233891381595e-04
3.445000000000000284e+01 1.099314123054084174e-04
3.450000000000000000e+01 1.099329943183543817e-04
3.455000000000000426e+01 1.099345694679083435e-04
3.460000000000000142e+01 1.099361377937145209e-04
3.464999999999999858e+01 1.099376993351310793e-04
3.470000000000000284e+01 1.099392541312331663e-04
3.475000000000000000e+01 1.099408022208145656e-04
3.480000000000000426e+01 1.099423436423908277e-04
3.485000000000000142e+01 1.099438784342013972e-04
3.489999999999999858e+01 1.099454066342120796e-04
3.495000000000000284e+01 1.099469282801170610e-04
