0.000000000000000000e+00 0.000000000000000000e+00
5.000000000000000278e-02 4.435681499254228415e-12
1.000000000000000056e-01 7.099393611208983846e-11
1.500000000000000222e-01 3.595987580291923909e-10
2.000000000000000111e-01 1.137343222382367428e-09
2.500000000000000000e-01 2.779267315524134921e-09
3.000000000000000444e-01 5.769343280967450577e-09
3.500000000000000333e-01 1.070156493209286150e-08
4.000000000000000222e-01 1.828100819254994753e-08
4.500000000000000111e-01 2.932470172625229934e-08
5.000000000000000000e-01 4.476211958248802972e-08
5.500000000000000444e-01 6.563508320540616643e-08
6.000000000000000888e-01 9.309683904713502909e-08
6.500000000000000222e-01 1.284100616555467824e-07
7.000000000000000666e-01 1.729435218661711003e-07
7.500000000000000000e-01 2.281671570298866523e-07
8.000000000000000444e-01 2.956452864116514775e-07
8.500000000000000888e-01 3.770277312004099110e-07
9.000000000000000222e-01 4.740386259169843858e-07
9.500000000000000666e-01 5.884627469798420208e-07
1.000000000000000000e+00 7.221292349312686756e-07
1.050000000000000044e+00 8.768926489717709725e-07
1.100000000000000089e+00 1.054611365075598610e-06
1.150000000000000133e+00 1.257123410567410224e-06
1.200000000000000178e+00 1.486219916567248531e-06
1.250000000000000000e+00 1.743616462574288890e-06
1.300000000000000044e+00 2.030922681625883988e-06
1.350000000000000089e+00 2.349610586556421861e-06
1.400000000000000133e+00 2.700982164288455533e-06
1.450000000000000178e+00 3.086136862139162932e-06
1.500000000000000000e+00 3.505939654225721391e-06
1.550000000000000044e+00 3.960990423859269556e-06
1.600000000000000089e+00 4.451595426395479686e-06
1.650000000000000133e+00 4.977741603989660631e-06
1.700000000000000178e+00 5.539074507409515017e-06
1.750000000000000000e+00 6.134880539615858323e-06
1.800000000000000044e+00 6.764074171233920610e-06
1.850000000000000089e+00 7.425190690224644546e-06
1.900000000000000133e+00 8.116384938861583400e-06
1.950000000000000178e+00 8.835436363232485152e-06
2.000000000000000000e+00 9.579760557418318361e-06
2.050000000000000266e+00 1.034642733043473245e-05
2.100000000000000089e+00 1.113218516365783499e-05
2.149999999999999911e+00 1.193349176485753822e-05
2.200000000000000178e+00 1.274655026734624862e-05
2.250000000000000000e+00 1.356735047429756905e-05
2.300000000000000266e+00 1.439171441393127575e-05
2.350000000000000089e+00 1.521534535549198736e-05
2.400000000000000355e+00 1.603387934264949443e-05
2.450000000000000178e+00 1.684293823322744382e-05
2.500000000000000000e+00 1.763818319424810080e-05
2.550000000000000266e+00 1.841536759041283652e-05
2.600000000000000089e+00 1.917038822255519211e-05
2.650000000000000355e+00 1.989933391952425422e-05
2.700000000000000178e+00 2.059853056061843073e-05
2.750000000000000000e+00 2.126458170343914581e-05
2.800000000000000266e+00 2.189440411042557037e-05
2.850000000000000089e+00 2.248525760228844080e-05
2.900000000000000355e+00 2.303476881352786536e-05
2.950000000000000178e+00 2.354094857935536879e-05
3.000000000000000000e+00 2.400220283969953334e-05
3.050000000000000266e+00 2.441733709969876829e-05
3.100000000000000089e+00 2.478555463258254446e-05
3.150000000000000355e+00 2.510644874594536414e-05
3.200000000000000178e+00 2.537998955252370215e-05
3.250000000000000000e+00 2.560650578876793934e-05
3.300000000000000266e+00 2.578666230658424713e-05
3.350000000000000089e+00 2.592143392422829352e-05
3.400000000000000355e+00 2.601207636089389690e-05
3.450000000000000178e+00 2.606009499627203629e-05
3.500000000000000000e+00 2.606721219220380653e-05
3.550000000000000266e+00 2.603533389011265147e-05
3.600000000000000089e+00 2.596651615732317988e-05
3.650000000000000355e+00 2.586293230023053359e-05
3.700000000000000178e+00 2.572684109545799876e-05
3.750000000000000000e+00 2.556055661467751886e-05
3.800000000000000266e+00 2.536642003776264610e-05
3.850000000000000089e+00 2.514677376540463014e-05
3.900000000000000355e+00 2.490393805907387123e-05
3.950000000000000178e+00 2.464019035578822160e-05
4.000000000000000000e+00 2.435774732974570897e-05
4.049999999999999822e+00 2.405874970426962121e-05
4.100000000000000533e+00 2.374524975704592704e-05
4.150000000000000355e+00 2.341920141020676412e-05
4.200000000000000178e+00 2.308245275490169876e-05
4.250000000000000000e+00 2.273674082766829831e-05
4.299999999999999822e+00 2.238368843287732375e-05
4.350000000000000533e+00 2.202480279119503959e-05
4.400000000000000355e+00 2.166147578754527533e-05
4.450000000000000178e+00 2.129498559246378238e-05
4.500000000000000000e+00 2.092649943690747251e-05
4.549999999999999822e+00 2.055707733135692455e-05
4.600000000000000533e+00 2.018767653429229717e-05
4.650000000000000355e+00 1.981915659175183798e-05
4.700000000000000178e+00 1.945228478772109785e-05
4.750000000000000000e+00 1.908774186370109440e-05
4.800000000000000711e+00 1.872612788426397960e-05
4.850000000000000533e+00 1.836796814317585621e-05
4.900000000000000355e+00 1.801371902135200516e-05
4.950000000000000178e+00 1.766377372325266299e-05
5.000000000000000000e+00 1.731846783219629784e-05
5.050000000000000711e+00 1.697808463742989991e-05
5.100000000000000533e+00 1.664286019670558730e-05
5.150000000000000355e+00 1.631298810767099799e-05
5.200000000000000178e+00 1.598862396972745278e-05
5.250000000000000000e+00 1.566988952529209053e-05
5.300000000000000711e+00 1.535687647576217018e-05
5.350000000000000533e+00 1.504964997304627403e-05
5.400000000000000355e+00 1.474825179239782971e-05
5.450000000000000178e+00 1.445270319652874324e-05
5.500000000000000000e+00 1.416300750463499845e-05
5.550000000000000711e+00 1.387915238304283000e-05
5.600000000000000533e+00 1.360111187667916413e-05
5.650000000000000355e+00 1.332884820246257689e-05
5.700000000000000178e+00 1.306231332698263500e-05
5.750000000000000000e+00 1.280145035147041855e-05
5.800000000000000711e+00 1.254619472706219454e-05
5.850000000000000533e+00 1.229647532273949870e-05
5.900000000000000355e+00 1.205221536713631125e-05
5.950000000000000178e+00 1.181333328370505389e-05
6.000000000000000000e+00 1.157974343661771644e-05
6.050000000000000711e+00 1.135135680235840427e-05
6.100000000000000533e+00 1.112808157936294558e-05
6.150000000000000355e+00 1.090982374541213424e-05
6.200000000000000178e+00 1.069648756991894192e-05
6.250000000000000000e+00 1.048797608588903537e-05
6.300000000000000711e+00 1.028419152428393211e-05
6.350000000000000533e+00 1.008503571186209113e-05
6.400000000000000355e+00 9.890410432368203461e-06
6.450000000000000178e+00 9.700217750213617593e-06
6.500000000000000000e+00 9.514360295532416518e-06
6.550000000000000711e+00 9.332741509672641712e-06
6.600000000000000533e+00 9.155265850728754786e-06
6.650000000000000355e+00 8.981838959553745778e-06
6.700000000000000178e+00 8.812367787708404824e-06
6.750000000000000000e+00 8.646760689904954724e-06
6.800000000000000711e+00 8.484927484573947013e-06
6.850000000000000533e+00 8.326779487129163491e-06
6.900000000000000355e+00 8.172229521238861722e-06
6.950000000000000178e+00 8.021191913868882327e-06
7.000000000000000000e+00 7.873582480001330969e-06
7.050000000000000711e+00 7.729318502736907059e-06
7.100000000000000533e+00 7.588318713969742882e-06
7.150000000000000355e+00 7.450503280016171664e-06
7.200000000000000178e+00 7.315793795539325307e-06
7.250000000000000000e+00 7.184113287912958354e-06
7.300000000000000711e+00 7.055386232893958850e-06
7.350000000000000533e+00 6.929538581211373239e-06
7.400000000000000355e+00 6.806497794516028790e-06
7.450000000000000178e+00 6.686192888146701944e-06
7.500000000000000000e+00 6.568554477418730764e-06
7.550000000000000711e+00 6.453514823675415821e-06
7.600000000000000533e+00 6.341007876184687195e-06
7.650000000000000355e+00 6.230969306116292091e-06
7.700000000000000178e+00 6.123336529277662634e-06
7.750000000000000000e+00 6.018048714980066373e-06
7.800000000000000711e+00 5.915046779293410180e-06
7.850000000000000533e+00 5.814273361959922745e-06
7.900000000000000355e+00 5.715672787296397831e-06
7.950000000000000178e+00 5.619191010445303561e-06
8.000000000000000000e+00 5.524775551261338422e-06
8.050000000000000711e+00 5.432375418878657185e-06
8.099999999999999645e+00 5.341941030542178609e-06
8.150000000000000355e+00 5.253424128570994895e-06
8.200000000000001066e+00 5.166777699335921321e-06
8.250000000000000000e+00 5.081955897881598885e-06
8.300000000000000711e+00 4.998913981328400929e-06
8.349999999999999645e+00 4.917608253490574711e-06
8.400000000000000355e+00 4.837996022297401169e-06
8.450000000000001066e+00 4.760035570666842169e-06
8.500000000000000000e+00 4.683686140523213794e-06
8.550000000000000711e+00 4.608907928740322039e-06
8.599999999999999645e+00 4.535662092991076581e-06
8.650000000000000355e+00 4.463910764848600196e-06
8.700000000000001066e+00 4.393617067052709093e-06
8.750000000000000000e+00 4.324745131655216186e-06
8.800000000000000711e+00 4.257260115796696466e-06
8.849999999999999645e+00 4.191128212138171239e-06
8.900000000000000355e+00 4.126316651448514257e-06
8.950000000000001066e+00 4.062793695494943357e-06
9.000000000000000000e+00 4.000528619149003911e-06
9.050000000000000711e+00 3.939491681448044785e-06
9.099999999999999645e+00 3.879654086181908783e-06
9.150000000000000355e+00 3.820987933347091746e-06
9.200000000000001066e+00 3.763466163473358666e-06
9.250000000000000000e+00 3.707062497334644779e-06
9.300000000000000711e+00 3.651751373875217569e-06
9.349999999999999645e+00 3.597507889294232985e-06
9.400000000000000355e+00 3.544307740132835742e-06
9.450000000000001066e+00 3.492127172909580701e-06
9.500000000000000000e+00 3.440942942376387644e-06
9.550000000000000711e+00 3.390732279856026198e-06
9.600000000000001421e+00 3.341472872418569337e-06
9.650000000000000355e+00 3.293142852909924173e-06
9.700000000000001066e+00 3.245720800114060364e-06
9.750000000000000000e+00 3.199185747662709975e-06
9.800000000000000711e+00 3.153517199748449947e-06
9.850000000000001421e+00 3.108695151286255496e-06
9.900000000000000355e+00 3.064700109930979350e-06
9.950000000000001066e+00 3.021513117307216136e-06
1.000000000000000000e+01 2.979115766943833783e-06
1.005000000000000071e+01 2.937490216714725465e-06
1.010000000000000142e+01 2.896619194045388573e-06
1.015000000000000036e+01 2.856485992716107167e-06
1.020000000000000107e+01 2.817074460735176097e-06
1.025000000000000000e+01 2.778368979422451931e-06
1.030000000000000071e+01 2.740354434487508689e-06
1.035000000000000142e+01 2.703016180462899304e-06
1.040000000000000036e+01 2.666340000321803525e-06
1.045000000000000107e+01 2.630312062440141575e-06
1.050000000000000000e+01 2.594918877234791711e-06
1.055000000000000071e+01 2.560147255813140043e-06
1.060000000000000142e+01 2.525984272807309381e-06
1.065000000000000036e+01 2.492417235253668582e-06
1.070000000000000107e+01 2.459433658939360414e-06
1.075000000000000000e+01 2.427021253105648013e-06
1.080000000000000071e+01 2.395167913812248189e-06
1.085000000000000142e+01 2.363861725669451964e-06
1.090000000000000036e+01 2.333090971078188041e-06
1.095000000000000107e+01 2.302844145621582999e-06
