0.000000000000000000e+00 0.000000000000000000e+00
5.000000000000000278e-02 4.081261805964478950e-10
1.000000000000000056e-01 3.258201211425124239e-09
1.500000000000000222e-01 1.095824124289981371e-08
2.000000000000000111e-01 2.584890127324100367e-08
2.500000000000000000e-01 5.017104653840613116e-08
3.000000000000000444e-01 8.603480220522094129e-08
3.500000000000000333e-01 1.353905345517975239e-07
4.000000000000000222e-01 2.000021838979314965e-07
4.500000000000000111e-01 2.814233296289829435e-07
5.000000000000000000e-01 3.809763215206223517e-07
5.500000000000000444e-01 4.997347601162836980e-07
6.000000000000000888e-01 6.385095531285153703e-07
6.500000000000000222e-01 7.978387157988909298e-07
7.000000000000000666e-01 9.779810219795513289e-07
7.500000000000000000e-01 1.178913550541029669e-06
8.000000000000000444e-01 1.400333109716907612e-06
8.500000000000000888e-01 1.641661461295900958e-06
9.000000000000000222e-01 1.902054208251432922e-06
9.500000000000000666e-01 2.180413154476405615e-06
1.000000000000000000e+00 2.475401894698690730e-06
1.050000000000000044e+00 2.785464347218999735e-06
1.100000000000000089e+00 3.108845902545674353e-06
1.150000000000000133e+00 3.443616827878134408e-06
1.200000000000000178e+00 3.787697541149595802e-06
1.250000000000000000e+00 4.138885349272264754e-06
1.300000000000000044e+00 4.494882233478897367e-06
1.350000000000000089e+00 4.853323260221588761e-06
1.400000000000000133e+00 5.211805198828552619e-06
1.450000000000000178e+00 5.567914936754103750e-06
1.500000000000000000e+00 5.919257299384633025e-06
1.550000000000000044e+00 6.263481903469797019e-06
1.600000000000000089e+00 6.598308700723429457e-06
1.650000000000000133e+00 6.921551900291251796e-06
1.700000000000000178e+00 7.231141994857608761e-06
1.750000000000000000e+00 7.525145654361235808e-06
1.800000000000000044e+00 7.801783292783764193e-06
1.850000000000000089e+00 8.059444156427620300e-06
1.900000000000000133e+00 8.296698825686482919e-06
1.950000000000000178e+00 8.512309065728133203e-06
2.000000000000000000e+00 8.705235003996414958e-06
2.050000000000000266e+00 8.874639653288251528e-06
2.100000000000000089e+00 9.019890837732663525e-06
2.149999999999999911e+00 9.140560614725695322e-06
2.200000000000000178e+00 9.236422318276497868e-06
2.250000000000000000e+00 9.307445377901933168e-06
2.300000000000000266e+00 9.353788091869009449e-06
2.350000000000000089e+00 9.375788554016916800e-06
2.400000000000000355e+00 9.373953949477655516e-06
2.450000000000000178e+00 9.348948446327752783e-06
2.500000000000000000e+00 9.301579917599277409e-06
2.550000000000000266e+00 9.232785731290993878e-06
2.600000000000000089e+00 9.143617845252997140e-06
2.650000000000000355e+00 9.035227439337312682e-06
2.700000000000000178e+00 8.908849309329834820e-06
2.750000000000000000e+00 8.765786236266264427e-06
2.800000000000000266e+00 8.607393531178886894e-06
2.850000000000000089e+00 8.435063939536700917e-06
2.900000000000000355e+00 8.250213072055496960e-06
2.950000000000000178e+00 8.054265509597044982e-06
3.000000000000000000e+00 7.848641709970895542e-06
3.050000000000000266e+00 7.634745824009351385e-06
3.100000000000000089e+00 7.413954507693298071e-06
3.150000000000000355e+00 7.187606796727185510e-06
3.200000000000000178e+00 6.956995090123312145e-06
3.250000000000000000e+00 6.723357270353314466e-06
3.300000000000000266e+00 6.487869969711532213e-06
3.350000000000000089e+00 6.251642975924391759e-06
3.400000000000000355e+00 6.015714754904150714e-06
3.450000000000000178e+00 5.781049055013148461e-06
3.500000000000000000e+00 5.548532545367153321e-06
3.550000000000000266e+00 5.318973430613121189e-06
3.600000000000000089e+00 5.093100976282865526e-06
3.650000000000000355e+00 4.871565872231035807e-06
3.700000000000000178e+00 4.654941356764726531e-06
3.750000000000000000e+00 4.443725020788148946e-06
3.800000000000000266e+00 4.238341209522555402e-06
3.850000000000000089e+00 4.039143939003412105e-06
3.900000000000000355e+00 3.846420245474664337e-06
3.950000000000000178e+00 3.660393887854026992e-06
4.000000000000000000e+00 3.481229326487368453e-06
4.049999999999999822e+00 3.309035905295346530e-06
4.100000000000000533e+00 3.143872168992183402e-06
4.150000000000000355e+00 2.985750252178953735e-06
4.200000000000000178e+00 2.834640282641249834e-06
4.250000000000000000e+00 2.690474746981004748e-06
4.299999999999999822e+00 2.553152772660515193e-06
4.350000000000000533e+00 2.422544286521296285e-06
4.400000000000000355e+00 2.298494015759540892e-06
4.450000000000000178e+00 2.180825303105517788e-06
4.500000000000000000e+00 2.069343713490044025e-06
4.549999999999999822e+00 1.963840414723728675e-06
4.600000000000000533e+00 1.864095319613676359e-06
4.650000000000000355e+00 1.769879981458075948e-06
4.700000000000000178e+00 1.680960238964800863e-06
4.750000000000000000e+00 1.597098610318150830e-06
4.800000000000000711e+00 1.518056439360675499e-06
4.850000000000000533e+00 1.443595799665836020e-06
4.900000000000000355e+00 1.373481164660164907e-06
4.950000000000000178e+00 1.307480853925636416e-06
5.000000000000000000e+00 1.245368267394065509e-06
5.050000000000000711e+00 1.186922920359936428e-06
5.100000000000000533e+00 1.131931293113734320e-06
5.150000000000000355e+00 1.080187509564411461e-06
5.200000000000000178e+00 1.031493859508512686e-06
5.250000000000000000e+00 9.856611792466539180e-07
5.300000000000000711e+00 9.425091050774618741e-07
5.350000000000000533e+00 9.018662138462077674e-07
5.400000000000000355e+00 8.635700642203360504e-07
5.450000000000000178e+00 8.274671517356864155e-07
5.500000000000000000e+00 7.934127899322767692e-07
5.550000000000000711e+00 7.612709291018589099e-07
5.600000000000000533e+00 7.309139233234909499e-07
5.650000000000000355e+00 7.022222555883715034e-07
5.700000000000000178e+00 6.750842299287813365e-07
5.750000000000000000e+00 6.493956385836604774e-07
5.800000000000000711e+00 6.250594113680814438e-07
5.850000000000000533e+00 6.019852535766038002e-07
5.900000000000000355e+00 5.800892779499185713e-07
5.950000000000000178e+00 5.592936354771554485e-07
6.000000000000000000e+00 5.395261490978224266e-07
6.050000000000000711e+00 5.207199537109537244e-07
6.100000000000000533e+00 5.028131452968904616e-07
6.150000000000000355e+00 4.857484414098085437e-07
6.200000000000000178e+00 4.694728548066206986e-07
6.250000000000000000e+00 4.539373815389541232e-07
6.300000000000000711e+00 4.390967044478011888e-07
6.350000000000000533e+00 4.249089126627134247e-07
6.400000000000000355e+00 4.113352374161791134e-07
6.450000000000000178e+00 3.983398042360138549e-07
6.500000000000000000e+00 3.858894013707799053e-07
6.550000000000000711e+00 3.739532641318978182e-07
6.600000000000000533e+00 3.625028746979046638e-07
6.650000000000000355e+00 3.515117768175430049e-07
6.700000000000000178e+00 3.409554047658371179e-07
6.750000000000000000e+00 3.308109258477275169e-07
6.800000000000000711e+00 3.210570957041339244e-07
6.850000000000000533e+00 3.116741256526547336e-07
6.900000000000000355e+00 3.026435612868380353e-07
6.950000000000000178e+00 2.939481715616863849e-07
7.000000000000000000e+00 2.855718476065393413e-07
7.050000000000000711e+00 2.774995105278455343e-07
7.100000000000000533e+00 2.697170274917478605e-07
7.150000000000000355e+00 2.622111354084401917e-07
7.200000000000000178e+00 2.549693715755397839e-07
7.250000000000000000e+00 2.479800106751008340e-07
7.300000000000000711e+00 2.412320075574972051e-07
7.350000000000000533e+00 2.347149452843277118e-07
7.400000000000000355e+00 2.284189879411891376e-07
7.450000000000000178e+00 2.223348377689995635e-07
7.500000000000000000e+00 2.164536961992088311e-07
7.550000000000000711e+00 2.107672284133420500e-07
7.600000000000000533e+00 2.052675310806428850e-07
7.650000000000000355e+00 1.999471029590420263e-07
7.700000000000000178e+00 1.947988180740782965e-07
7.750000000000000000e+00 1.898159012177579783e-07
7.800000000000000711e+00 1.849919055346758557e-07
7.850000000000000533e+00 1.803206919860032685e-07
7.900000000000000355e+00 1.757964105033000154e-07
7.950000000000000178e+00 1.714134826635594989e-07
8.000000000000000000e+00 1.671665857345976423e-07
8.050000000000000711e+00 1.630506379558795153e-07
8.099999999999999645e+00 1.590607849343326177e-07
8.150000000000000355e+00 1.551923870476558787e-07
8.200000000000001066e+00 1.514410077592965449e-07
8.250000000000000000e+00 1.478024027596578109e-07
8.300000000000000711e+00 1.442725098573939104e-07
8.349999999999999645e+00 1.408474395529252357e-07
8.400000000000000355e+00 1.375234662336361214e-07
8.450000000000001066e+00 1.342970199367558296e-07
8.500000000000000000e+00 1.311646786316859313e-07
8.550000000000000711e+00 1.281231609786457339e-07
8.599999999999999645e+00 1.251693195250355625e-07
8.650000000000000355e+00 1.223001343048940486e-07
8.700000000000001066e+00 1.195127068103669938e-07
8.750000000000000000e+00 1.168042543071986136e-07
8.800000000000000711e+00 1.141721044690192341e-07
8.849999999999999645e+00 1.116136903076259782e-07
8.900000000000000355e+00 1.091265453786002080e-07
8.950000000000001066e+00 1.067082992435003244e-07
9.000000000000000000e+00 1.043566731715671630e-07
9.050000000000000711e+00 1.020694760653501190e-07
9.099999999999999645e+00 9.984460059601103741e-08
9.150000000000000355e+00 9.768001953523300027e-08
9.200000000000001066e+00 9.557378227171902024e-08
9.250000000000000000e+00 9.352401150121754327e-08
9.300000000000000711e+00 9.152890007983880414e-08
9.349999999999999645e+00 8.958670803121606883e-08
9.400000000000000355e+00 8.769575969872796603e-08
9.450000000000001066e+00 8.585444103462975817e-08
9.500000000000000000e+00 8.406119701850825295e-08
9.550000000000000711e+00 8.231452919797782303e-08
9.600000000000001421e+00 8.061299334500668021e-08
9.650000000000000355e+00 7.895519722169469547e-08
9.700000000000001066e+00 7.733979844970732609e-08
9.750000000000000000e+00 7.576550247793434193e-08
9.800000000000000711e+00 7.423106064327218779e-08
9.850000000000001421e+00 7.273526831974408685e-08
9.900000000000000355e+00 7.127696315143712467e-08
9.950000000000001066e+00 6.985502336501715217e-08
1.000000000000000000e+01 6.846836615782099746e-08
1.005000000000000071e+01 6.711594615774487103e-08
1.010000000000000142e+01 6.579675395137486713e-08
1.015000000000000036e+01 6.450981467699189064e-08
1.020000000000000107e+01 6.325418667927164474e-08
1.025000000000000000e+01 6.202896022268152697e-08
1.030000000000000071e+01 6.083325626072267211e-08
1.035000000000000142e+01 5.966622525834194729e-08
1.040000000000000036e+01 5.852704606495061214e-08
1.045000000000000107e+01 5.741492483565612733e-08
1.050000000000000000e+01 5.632909399841053394e-08
1.055000000000000071e+01 5.526881126491728286e-08
1.060000000000000142e+01 5.423335868323901147e-08
1.065000000000000036e+01 5.322204173016516609e-08
1.070000000000000107e+01 5.223418844148819347e-08
1.075000000000000000e+01 5.126914857843893358e-08
1.080000000000000071e+01 5.032629282861451747e-08
1.085000000000000142e+01 4.940501203982442716e-08
1.090000000000000036e+01 4.850471648534741579e-08
1.095000000000000107e+01 4.762483515918120934e-08
1.100000000000000000e+01 4.676481509992533652e-08
1.105000000000000071e+01 4.592412074201531432e-08
1.110000000000000142e+01 4.510223329307633190e-08
1.115000000000000036e+01 4.429865013624127853e-08
1.120000000000000107e+01 4.351288425632252946e-08
1.125000000000000000e+01 4.274446368878132593e-08
1.130000000000000071e+01 4.199293099049660009e-08
1.135000000000000142e+01 4.125784273137881769e-08
1.140000000000000036e+01 4.053876900591970057e-08
1.145000000000000107e+01 3.983529296381073880e-08
1.150000000000000000e+01 3.914701035881237088e-08
1.155000000000000071e+01 3.847352911508270348e-08
1.160000000000000142e+01 3.781446891022116898e-08
1.165000000000000036e+01 3.716946077431769120e-08
1.170000000000000107e+01 3.653814670431787432e-08
1.175000000000000000e+01 3.592017929306765666e-08
1.180000000000000071e+01 3.531522137241489970e-08
1.185000000000000142e+01 3.472294566977344088e-08
1.190000000000000036e+01 3.414303447759802613e-08
1.195000000000000107e+01 3.357517933522369352e-08
1.200000000000000000e+01 3.301908072256286361e-08
1.205000000000000071e+01 3.247444776517105469e-08
1.210000000000000142e+01 3.194099795021082827e-08
1.215000000000000036e+01 3.141845685287289227e-08
1.220000000000000107e+01 3.090655787282300391e-08
1.225000000000000000e+01 3.040504198027638133e-08
1.230000000000000071e+01 2.991365747129964589e-08
1.235000000000000142e+01 2.943215973197909172e-08
1.240000000000000036e+01 2.896031101109207425e-08
1.245000000000000107e+01 2.849788020094765749e-08
1.250000000000000000e+01 2.804464262606977083e-08
1.255000000000000071e+01 2.760037983941180540e-08
1.260000000000000142e+01 2.716487942580399185e-08
1.265000000000000036e+01 2.673793481235529903e-08
1.270000000000000107e+01 2.631934508552996555e-08
1.275000000000000000e+01 2.590891481464273125e-08
1.280000000000000071e+01 2.550645388152550434e-08
1.285000000000000142e+01 2.511177731612186292e-08
1.290000000000000036e+01 2.472470513778287904e-08
1.295000000000000107e+01 2.434506220204741157e-08
1.300000000000000000e+01 2.397267805269540089e-08
1.305000000000000071e+01 2.360738677887171450e-08
1.310000000000000142e+01 2.324902687709146015e-08
1.315000000000000036e+01 2.289744111794110724e-08
1.320000000000000107e+01 2.255247641729462809e-08
1.325000000000000000e+01 2.221398371188464916e-08
1.330000000000000071e+01 2.188181783905253525e-08
1.335000000000000142e+01 2.155583742053659410e-08
1.340000000000000036e+01 2.123590475013245572e-08
1.345000000000000107e+01 2.092188568510151959e-08
1.350000000000000000e+01 2.061364954116920022e-08
1.355000000000000071e+01 2.031106899099702364e-08
1.360000000000000142e+01 2.001401996599259282e-08
1.365000000000000036e+01 1.972238156134165325e-08
1.370000000000000107e+01 1.943603594413838991e-08
1.375000000000000000e+01 1.915486826451024711e-08
1.380000000000000071e+01 1.887876656962263065e-08
1.385000000000000142e+01 1.860762172046193416e-08
1.390000000000000036e+01 1.834132731130061929e-08
1.395000000000000107e+01 1.807977959174397283e-08
1.400000000000000000e+01 1.782287739126966861e-08
1.405000000000000071e+01 1.757052204617374007e-08
1.410000000000000142e+01 1.732261732882892958e-08
1.415000000000000036e+01 1.707906937919016657e-08
1.420000000000000107e+01 1.683978663845173765e-08
1.425000000000000000e+01 1.660467978479121172e-08
1.430000000000000071e+01 1.637366167112588555e-08
1.435000000000000142e+01 1.614664726480785627e-08
1.440000000000000036e+01 1.592355358919836205e-08
1.445000000000000107e+01 1.570429966704524098e-08
1.450000000000000000e+01 1.548880646561759937e-08
1.455000000000000071e+01 1.527699684352007047e-08
1.460000000000000142e+01 1.506879549914365313e-08
1.465000000000000036e+01 1.486412892068805647e-08
1.470000000000000107e+01 1.466292533771041274e-08
1.475000000000000000e+01 1.446511467413887080e-08
1.480000000000000071e+01 1.427062850271396791e-08
1.485000000000000142e+01 1.407940000079851053e-08
1.490000000000000036e+01 1.389136390751852614e-08
1.495000000000000107e+01 1.370645648218536886e-08
1.500000000000000000e+01 1.352461546396132744e-08
1.505000000000000071e+01 1.334578003272252905e-08
1.510000000000000142e+01 1.316989077108587661e-08
1.515000000000000036e+01 1.299688962755512996e-08
1.520000000000000107e+01 1.282671988075329686e-08
1.525000000000000000e+01 1.265932610470799188e-08
1.530000000000000071e+01 1.249465413514815589e-08
1.535000000000000142e+01 1.233265103678746303e-08
1.540000000000000036e+01 1.217326507155937592e-08
1.545000000000000107e+01 1.201644566776953079e-08
1.550000000000000000e+01 1.186214339014333732e-08
1.555000000000000071e+01 1.171030991073256405e-08
1.560000000000000142e+01 1.156089798065930530e-08
1.565000000000000036e+01 1.141386140267043448e-08
1.570000000000000107e+01 1.126915500446900833e-08
1.575000000000000000e+01 1.112673461280968331e-08
1.580000000000000071e+01 1.098655702832523881e-08
1.585000000000000142e+01 1.084858000106852067e-08
1.590000000000000036e+01 1.071276220673463489e-08
1.595000000000000107e+01 1.057906322356263540e-08
1.600000000000000000e+01 1.044744350987301266e-08
1.605000000000000071e+01 1.031786438223982338e-08
1.610000000000000142e+01 1.019028799426530711e-08
1.615000000000000213e+01 1.006467731594498081e-08
1.619999999999999929e+01 9.940996113604199368e-09
1.625000000000000000e+01 9.819208930384078197e-09
1.630000000000000071e+01 9.699281067269861065e-09
1.635000000000000142e+01 9.581178564632376444e-09
1.640000000000000213e+01 9.464868184278415084e-09
1.644999999999999929e+01 9.350317391987292926e-09
1.650000000000000000e+01 9.237494340524033822e-09
1.655000000000000071e+01 9.126367853107554533e-09
1.660000000000000142e+01 9.016907407330852648e-09
1.665000000000000213e+01 8.909083119511806534e-09
1.669999999999999929e+01 8.802865729459301011e-09
1.675000000000000000e+01 8.698226585654471966e-09
1.680000000000000071e+01 8.595137630820848282e-09
1.685000000000000142e+01 8.493571387882004717e-09
1.690000000000000213e+01 8.393500946288608830e-09
1.694999999999999929e+01 8.294899948709377751e-09
1.700000000000000000e+01 8.197742578070347462e-09
1.705000000000000071e+01 8.102003544937547775e-09
1.710000000000000142e+01 8.007658075227381446e-09
1.715000000000000213e+01 7.914681898239032975e-09
1.719999999999999929e+01 7.823051235001760249e-09
1.725000000000000000e+01 7.732742786917370554e-09
1.730000000000000071e+01 7.643733724706500167e-09
1.735000000000000142e+01 7.556001677631082941e-09
1.740000000000000213e+01 7.469524723002366603e-09
1.744999999999999929e+01 7.384281375950557999e-09
1.750000000000000000e+01 7.300250579463711504e-09
1.755000000000000071e+01 7.217411694677865265e-09
1.760000000000000142e+01 7.135744491409388331e-09
1.765000000000000213e+01 7.055229138939080212e-09
1.769999999999999929e+01 6.975846197018853155e-09
1.775000000000000000e+01 6.897576607109642004e-09
1.780000000000000071e+01 6.820401683841373183e-09
1.785000000000000142e+01 6.744303106685266805e-09
1.790000000000000213e+01 6.669262911834415409e-09
1.794999999999999929e+01 6.595263484288713539e-09
1.800000000000000000e+01 6.522287550135454412e-09
1.805000000000000071e+01 6.450318169021384154e-09
1.810000000000000142e+01 6.379338726813223354e-09
1.815000000000000213e+01 6.309332928436592443e-09
1.819999999999999929e+01 6.240284790893013353e-09
1.825000000000000000e+01 6.172178636449234391e-09
1.830000000000000071e+01 6.104999085989494820e-09
1.835000000000000142e+01 6.038731052535323275e-09
1.840000000000000213e+01 5.973359734919449045e-09
1.844999999999999929e+01 5.908870611614569820e-09
1.850000000000000000e+01 5.845249434711265906e-09
1.855000000000000071e+01 5.782482224043373436e-09
1.860000000000000142e+01 5.720555261449893677e-09
1.865000000000000213e+01 5.659455085183523400e-09
1.869999999999999929e+01 5.599168484441225831e-09
1.875000000000000000e+01 5.539682494038635071e-09
1.880000000000000071e+01 5.480984389199508931e-09
1.885000000000000142e+01 5.423061680479465444e-09
1.890000000000000213e+01 5.365902108800684002e-09
1.894999999999999929e+01 5.309493640611490080e-09
1.900000000000000000e+01 5.253824463156490999e-09
1.905000000000000071e+01 5.198882979857642402e-09
1.910000000000000142e+01 5.144657805806226411e-09
1.915000000000000213e+01 5.091137763357787297e-09
1.920000000000000284e+01 5.038311877832042173e-09
1.925000000000000000e+01 4.986169373310576828e-09
1.930000000000000071e+01 4.934699668534552669e-09
1.935000000000000142e+01 4.883892372895550063e-09
1.940000000000000213e+01 4.833737282519979039e-09
1.945000000000000284e+01 4.784224376444814866e-09
1.950000000000000000e+01 4.735343812878107238e-09
1.955000000000000071e+01 4.687085925548097046e-09
1.960000000000000142e+01 4.639441220134932094e-09
1.965000000000000213e+01 4.592400370783441552e-09
1.970000000000000284e+01 4.545954216696308239e-09
1.975000000000000000e+01 4.500093758802167734e-09
1.980000000000000071e+01 4.454810156502703256e-09
1.985000000000000142e+01 4.410094724490078178e-09
1.990000000000000213e+01 4.365938929637931373e-09
1.995000000000000284e+01 4.322334387961032688e-09
2.000000000000000000e+01 4.279272861644230507e-09
2.005000000000000071e+01 4.236746256135808565e-09
2.010000000000000142e+01 4.194746617310161318e-09
2.015000000000000213e+01 4.153266128687652312e-09
2.020000000000000284e+01 4.112297108718737044e-09
2.025000000000000000e+01 4.071832008131907764e-09
2.030000000000000071e+01 4.031863407334964133e-09
2.035000000000000142e+01 3.992384013872991250e-09
2.040000000000000213e+01 3.953386659949121510e-09
2.045000000000000284e+01 3.914864299991600383e-09
2.050000000000000000e+01 3.876810008280596962e-09
2.055000000000000071e+01 3.839216976619863421e-09
2.060000000000000142e+01 3.802078512068000280e-09
2.065000000000000213e+01 3.765388034709202997e-09
2.070000000000000284e+01 3.729139075481115461e-09
2.075000000000000000e+01 3.693325274043066852e-09
2.080000000000000071e+01 3.657940376693287105e-09
2.085000000000000142e+01 3.622978234331332763e-09
2.090000000000000213e+01 3.588432800462286271e-09
2.095000000000000284e+01 3.554298129245996089e-09
2.100000000000000000e+01 3.520568373584749674e-09
2.105000000000000071e+01 3.487237783255034376e-09
2.110000000000000142e+01 3.454300703078275897e-09
2.115000000000000213e+01 3.421751571126779083e-09
2.120000000000000284e+01 3.389584916974791834e-09
2.125000000000000000e+01 3.357795359977907386e-09
2.130000000000000071e+01 3.326377607595472139e-09
2.135000000000000142e+01 3.295326453745612096e-09
2.140000000000000213e+01 3.264636777193333309e-09
2.145000000000000284e+01 3.234303539975546411e-09
2.150000000000000000e+01 3.204321785856821745e-09
2.155000000000000071e+01 3.174686638816628228e-09
2.160000000000000142e+01 3.145393301570334409e-09
2.165000000000000213e+01 3.116437054118338642e-09
2.170000000000000284e+01 3.087813252328286893e-09
2.175000000000000000e+01 3.059517326541882625e-09
2.180000000000000071e+01 3.031544780215794311e-09
2.185000000000000142e+01 3.003891188585968845e-09
2.190000000000000213e+01 2.976552197361759861e-09
2.195000000000000284e+01 2.949523521445775154e-09
2.200000000000000000e+01 2.922800943681707213e-09
2.205000000000000071e+01 2.896380313621735676e-09
2.210000000000000142e+01 2.870257546329075443e-09
2.215000000000000213e+01 2.844428621194735757e-09
2.220000000000000284e+01 2.818889580783065585e-09
2.225000000000000000e+01 2.793636529701299634e-09
2.230000000000000071e+01 2.768665633489791756e-09
2.235000000000000142e+01 2.743973117534331168e-09
2.240000000000000213e+01 2.719555266001821979e-09
2.245000000000000284e+01 2.695408420795817123e-09
2.250000000000000000e+01 2.671528980535261318e-09
2.255000000000000071e+01 2.647913399549071234e-09
2.260000000000000142e+01 2.624558186896079905e-09
2.265000000000000213e+01 2.601459905399149925e-09
2.270000000000000284e+01 2.578615170703503592e-09
2.275000000000000000e+01 2.556020650349267739e-09
2.280000000000000071e+01 2.533673062864543400e-09
2.285000000000000142e+01 2.511569176875142336e-09
2.290000000000000213e+01 2.489705810234143632e-09
2.295000000000000284e+01 2.468079829164245545e-09
2.300000000000000000e+01 2.446688147422546348e-09
2.305000000000000071e+01 2.425527725474409275e-09
2.310000000000000142e+01 2.404595569690249878e-09
2.315000000000000213e+01 2.383888731553996148e-09
2.320000000000000284e+01 2.363404306886806809e-09
2.325000000000000000e+01 2.343139435089822614e-09
2.330000000000000071e+01 2.323091298393488370e-09
2.335000000000000142e+01 2.303257121131079075e-09
2.340000000000000213e+01 2.283634169018547792e-09
2.345000000000000284e+01 2.264219748451883700e-09
2.350000000000000000e+01 2.245011205816182602e-09
2.355000000000000071e+01 2.226005926808626059e-09
2.360000000000000142e+01 2.207201335775120181e-09
2.365000000000000213e+01 2.188594895059110509e-09
2.370000000000000284e+01 2.170184104360521590e-09
2.375000000000000000e+01 2.151966500109010085e-09
2.380000000000000071e+01 2.133939654849470074e-09
2.385000000000000142e+01 2.116101176638952634e-09
2.390000000000000213e+01 2.098448708451494907e-09
2.395000000000000284e+01 2.080979927599030809e-09
2.400000000000000000e+01 2.063692545160267070e-09
2.405000000000000071e+01 2.046584305420689404e-09
2.410000000000000142e+01 2.029652985323839842e-09
2.415000000000000213e+01 2.012896393929342203e-09
2.420000000000000284e+01 1.996312371888397624e-09
2.425000000000000000e+01 1.979898790920790931e-09
2.430000000000000071e+01 1.963653553304898633e-09
2.435000000000000142e+01 1.947574591379922655e-09
2.440000000000000213e+01 1.931659867052079223e-09
2.445000000000000284e+01 1.915907371312951447e-09
2.450000000000000000e+01 1.900315123767866921e-09
2.455000000000000071e+01 1.884881172167903745e-09
2.460000000000000142e+01 1.869603591957043054e-09
2.465000000000000213e+01 1.854480485820937653e-09
2.470000000000000284e+01 1.839509983249304726e-09
2.475000000000000000e+01 1.824690240104042847e-09
2.480000000000000071e+01 1.810019438193917005e-09
2.485000000000000142e+01 1.795495784858452020e-09
2.490000000000000213e+01 1.781117512559834296e-09
2.495000000000000284e+01 1.766882878480780660e-09
