0.000000000000000000e+00 -0.000000000000000000e+00
5.000000000000000278e-02 -4.026883651342176365e-13
1.000000000000000056e-01 -1.285757513623703682e-11
1.500000000000000222e-01 -9.727816825851547532e-11
2.000000000000000111e-01 -4.078205374410696469e-10
2.500000000000000000e-01 -1.236343614823129106e-09
3.000000000000000444e-01 -3.051584921356863153e-09
3.500000000000000333e-01 -6.532801397092000290e-09
4.000000000000000222e-01 -1.259677129980580955e-08
4.500000000000000111e-01 -2.241722848587484536e-08
5.000000000000000000e-01 -3.743600011130606364e-08
5.500000000000000444e-01 -5.936533756731940189e-08
6.000000000000000888e-01 -9.018116248846179579e-08
6.500000000000000222e-01 -1.321071888163789573e-07
7.000000000000000666e-01 -1.875901218941074549e-07
7.500000000000000000e-01 -2.592663701532208279e-07
8.000000000000000444e-01 -3.499209280837301902e-07
8.500000000000000888e-01 -4.624392951474623355e-07
9.000000000000000222e-01 -5.997534789232821888e-07
9.500000000000000666e-01 -7.647832875158542967e-07
1.000000000000000000e+00 -9.603742423378216195e-07
1.050000000000000044e+00 -1.189233534859508125e-06
1.100000000000000089e+00 -1.453865507799745945e-06
1.150000000000000133e+00 -1.756508161453103649e-06
1.200000000000000178e+00 -2.099072169328385034e-06
1.250000000000000000e+00 -2.483083834880430194e-06
1.300000000000000044e+00 -2.909633334632781534e-06
1.350000000000000089e+00 -3.379329475039001917e-06
1.400000000000000133e+00 -3.892262044398306176e-06
1.450000000000000178e+00 -4.447972671059171273e-06
1.500000000000000000e+00 -5.045434909572477708e-06
1.550000000000000044e+00 -5.683044072346647645e-06
1.600000000000000089e+00 -6.358617110916065295e-06
1.650000000000000133e+00 -7.069402633475656588e-06
1.700000000000000178e+00 -7.812100929137982946e-06
1.750000000000000000e+00 -8.582893659544509618e-06
1.800000000000000044e+00 -9.377482679819644940e-06
1.850000000000000089e+00 -1.019113726778976707e-05
1.900000000000000133e+00 -1.101874887678151994e-05
1.950000000000000178e+00 -1.185489238644532154e-05
2.000000000000000000e+00 -1.269389271054388128e-05
2.050000000000000266e+00 -1.352989553241817692e-05
2.100000000000000089e+00 -1.435694087908278422e-05
2.149999999999999911e+00 -1.516903821407072542e-05
2.200000000000000178e+00 -1.596024172698857390e-05
2.250000000000000000e+00 -1.672472452332989928e-05
2.300000000000000266e+00 -1.745685046987075357e-05
2.350000000000000089e+00 -1.815124252682375760e-05
2.400000000000000355e+00 -1.880284649526248999e-05
2.450000000000000178e+00 -1.940698922415596222e-05
2.500000000000000000e+00 -1.995943045238664576e-05
2.550000000000000266e+00 -2.045640760386753377e-05
2.600000000000000089e+00 -2.089467300472281635e-05
2.650000000000000355e+00 -2.127152314683531368e-05
2.700000000000000178e+00 -2.158481977834844390e-05
2.750000000000000000e+00 -2.183300275555891294e-05
2.800000000000000266e+00 -2.201509473889421152e-05
2.850000000000000089e+00 -2.213069795548116726e-05
2.900000000000000355e+00 -2.217998337966700900e-05
2.950000000000000178e+00 -2.216367279863325695e-05
3.000000000000000000e+00 -2.208301433123843443e-05
3.050000000000000266e+00 -2.193975205316362815e-05
3.100000000000000089e+00 -2.173609044947751113e-05
3.150000000000000355e+00 -2.147465446647008400e-05
3.200000000000000178e+00 -2.115844596802539366e-05
3.250000000000000000e+00 -2.079079741829182129e-05
3.300000000000000266e+00 -2.037532361268959755e-05
3.350000000000000089e+00 -1.991587226440279164e-05
3.400000000000000355e+00 -1.941647422473060576e-05
3.450000000000000178e+00 -1.888129407452410191e-05
3.500000000000000000e+00 -1.831458177207898191e-05
3.550000000000000266e+00 -1.772062598206739992e-05
3.600000000000000089e+00 -1.710370964221205074e-05
3.650000000000000355e+00 -1.646806825128773122e-05
3.700000000000000178e+00 -1.581785128549998914e-05
3.750000000000000000e+00 -1.515708707209570606e-05
3.800000000000000266e+00 -1.448965137085359146e-05
3.850000000000000089e+00 -1.381923983740616517e-05
3.900000000000000355e+00 -1.314934446851857346e-05
3.950000000000000178e+00 -1.248323405968482716e-05
4.000000000000000000e+00 -1.182393864070259009e-05
4.049999999999999822e+00 -1.117423779606397130e-05
4.100000000000000533e+00 -1.053665272467444605e-05
4.150000000000000355e+00 -9.913441848011781383e-06
4.200000000000000178e+00 -9.306599737612349096e-06
4.250000000000000000e+00 -8.717859101801409821e-06
4.299999999999999822e+00 -8.148695547787238830e-06
4.350000000000000533e+00 -7.600334818402480183e-06
4.400000000000000355e+00 -7.073762192558361583e-06
4.450000000000000178e+00 -6.569733734440900706e-06
4.500000000000000000e+00 -6.088789078100457711e-06
4.549999999999999822e+00 -5.631265440781652779e-06
4.600000000000000533e+00 -5.197312569484865745e-06
4.650000000000000355e+00 -4.786908340188286995e-06
4.700000000000000178e+00 -4.399874747231731259e-06
4.750000000000000000e+00 -4.035894040915909598e-06
4.800000000000000711e+00 -3.694524793769157579e-06
4.850000000000000533e+00 -3.375217699576772086e-06
4.900000000000000355e+00 -3.077330933594062360e-06
4.950000000000000178e+00 -2.800144926861315836e-06
5.000000000000000000e+00 -2.542876431747647171e-06
5.050000000000000711e+00 -2.304691779370352948e-06
5.100000000000000533e+00 -2.084719252025768101e-06
5.150000000000000355e+00 -1.882060514943213609e-06
5.200000000000000178e+00 -1.695801071313751061e-06
5.250000000000000000e+00 -1.525019722481322003e-06
5.300000000000000711e+00 -1.368797031302263341e-06
5.350000000000000533e+00 -1.226222800914452452e-06
5.400000000000000355e+00 -1.096402593488359791e-06
5.450000000000000178e+00 -9.784633239774157480e-07
5.500000000000000000e+00 -8.715579724959443079e-07
5.550000000000000711e+00 -7.748694658100575977e-07
5.600000000000000533e+00 -6.876137836339282581e-07
5.650000000000000355e+00 -6.090423491019775826e-07
5.700000000000000178e+00 -5.384437650714876171e-07
5.750000000000000000e+00 -4.751449589432590570e-07
5.800000000000000711e+00 -4.185117986177092232e-07
5.850000000000000533e+00 -3.679492411788971260e-07
5.900000000000000355e+00 -3.229010740658186864e-07
5.950000000000000178e+00 -2.828493059901596927e-07
6.000000000000000000e+00 -2.473132618268870424e-07
6.050000000000000711e+00 -2.158484322639664297e-07
6.100000000000000533e+00 -1.880451252654703339e-07
6.150000000000000355e+00 -1.635269624825711610e-07
6.200000000000000178e+00 -1.419492597323158433e-07
6.250000000000000000e+00 -1.229973266355177734e-07
6.300000000000000711e+00 -1.063847165322293257e-07
6.350000000000000533e+00 -9.185145393415063846e-08
6.400000000000000355e+00 -7.916226307539731979e-08
6.450000000000000178e+00 -6.810481762376032780e-08
6.500000000000000000e+00 -5.848802834183417784e-08
6.550000000000000711e+00 -5.014038246108296088e-08
6.600000000000000533e+00 -4.290834576382618465e-08
6.650000000000000355e+00 -3.665483586431954969e-08
6.700000000000000178e+00 -3.125777294001067638e-08
6.750000000000000000e+00 -2.660871218320254370e-08
6.800000000000000711e+00 -2.261156051290619613e-08
6.850000000000000533e+00 -1.918137859470571627e-08
6.900000000000000355e+00 -1.624326794900504447e-08
6.950000000000000178e+00 -1.373134186888631144e-08
7.000000000000000000e+00 -1.158777800146871673e-08
7.050000000000000711e+00 -9.761949752814126042e-09
7.100000000000000533e+00 -8.209633139136393909e-09
7.150000000000000355e+00 -6.892285308128266859e-09
7.200000000000000178e+00 -5.776390676940348120e-09
7.250000000000000000e+00 -4.832870461516634063e-09
7.300000000000000711e+00 -4.036551289974121077e-09
7.350000000000000533e+00 -3.365688586679395836e-09
7.400000000000000355e+00 -2.801540470085662049e-09
7.450000000000000178e+00 -2.327988014821048873e-09
7.500000000000000000e+00 -1.931197875820271850e-09
7.550000000000000711e+00 -1.599323450400741377e-09
7.600000000000000533e+00 -1.322240954536251933e-09
7.650000000000000355e+00 -1.091317005065235504e-09
7.700000000000000178e+00 -8.992045241194339282e-10
7.750000000000000000e+00 -7.396640103532067254e-10
7.800000000000000711e+00 -6.074074494230563998e-10
7.850000000000000533e+00 -4.979623600711760716e-10
7.900000000000000355e+00 -4.075536893791554052e-10
7.950000000000000178e+00 -3.330014791808527217e-10
8.000000000000000000e+00 -2.716324234916487359e-10
8.050000000000000711e+00 -2.212036234064327385e-10
8.099999999999999645e+00 -1.798370201191948989e-10
8.150000000000000355e+00 -1.459631485318180815e-10
8.200000000000001066e+00 -1.182730030636299678e-10
8.250000000000000000e+00 -9.567694401266206030e-11
8.300000000000000711e+00 -7.726969746390080893e-11
8.349999999999999645e+00 -6.230061475758880874e-11
8.400000000000000355e+00 -5.014845955034848245e-11
8.450000000000001066e+00 -4.030008207761682672e-11
8.500000000000000000e+00 -3.233242217706560541e-11
8.550000000000000711e+00 -2.589735557081566658e-11
8.599999999999999645e+00 -2.070896257178864749e-11
8.650000000000000355e+00 -1.653285559501648296e-11
8.700000000000001066e+00 -1.317725206754709723e-11
8.750000000000000000e+00 -1.048552350855057562e-11
8.800000000000000711e+00 -8.329990069974175174e-12
8.849999999999999645e+00 -6.606763390161556967e-12
8.900000000000000355e+00 -5.231469739229968252e-12
8.950000000000001066e+00 -4.135710710071257127e-12
9.000000000000000000e+00 -3.264140334629470882e-12
9.050000000000000711e+00 -2.572056337215075613e-12
9.099999999999999645e+00 -2.023419149783234442e-12
9.150000000000000355e+00 -1.589226085004464197e-12
9.200000000000001066e+00 -1.246179720183921516e-12
9.250000000000000000e+00 -9.755994379488881401e-13
9.300000000000000711e+00 -7.625335597342419733e-13
9.349999999999999645e+00 -5.950365237001367304e-13
9.400000000000000355e+00 -4.635816031455704089e-13
9.450000000000001066e+00 -3.605847313634495772e-13
9.500000000000000000e+00 -2.800191210957954594e-13
9.550000000000000711e+00 -2.171040361986835266e-13
9.600000000000001421e+00 -1.680538973550400651e-13
9.650000000000000355e+00 -1.298764427037930682e-13
9.700000000000001066e+00 -1.002106525788728525e-13
9.750000000000000000e+00 -7.719687096499100016e-14
9.800000000000000711e+00 -5.937292066521568786e-14
9.850000000000001421e+00 -4.559115750078016562e-14
9.900000000000000355e+00 -3.495238896912006288e-14
9.950000000000001066e+00 -2.675332353471092506e-14
1.000000000000000000e+01 -2.044484251943258326e-14
1.005000000000000071e+01 -1.559895599872918895e-14
1.010000000000000142e+01 -1.188265720028177028e-14
1.015000000000000036e+01 -9.037291844997995734e-15
1.020000000000000107e+01 -6.862312595594380268e-15
1.025000000000000000e+01 -5.202480017617471328e-15
1.030000000000000071e+01 -3.937846730892329951e-15
1.035000000000000142e+01 -2.975883040850024048e-15
1.040000000000000036e+01 -2.245340117183293148e-15
1.045000000000000107e+01 -1.691447746345723059e-15
1.050000000000000000e+01 -1.272170384806154247e-15
1.055000000000000071e+01 -9.553059916061082488e-16
1.060000000000000142e+01 -7.162282943707587052e-16
1.065000000000000036e+01 -5.361306877152999328e-16
1.070000000000000107e+01 -4.006858627209406759e-16
1.075000000000000000e+01 -2.989841382898355166e-16
1.080000000000000071e+01 -2.227451141607072295e-16
1.085000000000000142e+01 -1.656834994865465820e-16
1.090000000000000036e+01 -1.230451786403113593e-16
1.095000000000000107e+01 -9.123484786852275207e-17
1.100000000000000000e+01 -6.754342745590503771e-17
1.105000000000000071e+01 -4.992342525289081552e-17
1.110000000000000142e+01 -3.684243640993042758e-17
1.115000000000000036e+01 -2.714731045552275477e-17
1.120000000000000107e+01 -1.997105290719891754e-17
1.125000000000000000e+01 -1.466917648602038831e-17
1.130000000000000071e+01 -1.075745977303972810e-17
1.135000000000000142e+01 -7.875776479062601613e-18
1.140000000000000036e+01 -5.757706661297567783e-18
1.145000000000000107e+01 -4.202803055547460150e-18
1.150000000000000000e+01 -3.062965718611932513e-18
1.155000000000000071e+01 -2.228928403575093030e-18
1.160000000000000142e+01 -1.619501025691926281e-18
1.165000000000000036e+01 -1.174578243289316203e-18
1.170000000000000107e+01 -8.504916656768604696e-19
1.175000000000000000e+01 -6.146139057344983572e-19
1.180000000000000071e+01 -4.441275105904529037e-19
1.185000000000000142e+01 -3.201487311265583774e-19
1.190000000000000036e+01 -2.306370249886044164e-19
1.195000000000000107e+01 -1.653699638342888637e-19
