0.000000000000000000e+00 0.000000000000000000e+00
5.000000000000000278e-02 -1.766516790081100260e-05
1.000000000000000056e-01 -3.519573182400233550e-05
1.500000000000000222e-01 -5.245836769913517602e-05
2.000000000000000111e-01 -6.932229554784831828e-05
2.500000000000000000e-01 -8.566051246323730817e-05
3.000000000000000444e-01 -1.013509793742397577e-04
3.500000000000000333e-01 -1.162777472854259069e-04
4.000000000000000222e-01 -1.303320095959198822e-04
4.500000000000000111e-01 -1.434130682114975438e-04
5.000000000000000000e-01 -1.554292024512909259e-04
5.500000000000000444e-01 -1.662984311920263653e-04
6.000000000000000888e-01 -1.759491602627914330e-04
6.500000000000000222e-01 -1.843207087744112025e-04
7.000000000000000666e-01 -1.913637098105650111e-04
7.500000000000000000e-01 -1.970403826928594142e-04
8.000000000000000444e-01 -2.013246758289706799e-04
8.500000000000000888e-01 -2.042022809317488731e-04
9.000000000000000222e-01 -2.056705211287974510e-04
9.500000000000000666e-01 -2.057381171388866586e-04
1.000000000000000000e+00 -2.044248372479434261e-04
1.050000000000000044e+00 -2.017610382499950309e-04
1.100000000000000089e+00 -1.977871058068305233e-04
1.150000000000000133e+00 -1.925528038068782311e-04
1.200000000000000178e+00 -1.861165432548902965e-04
1.250000000000000000e+00 -1.785445819889751773e-04
1.300000000000000044e+00 -1.699101670935253543e-04
1.350000000000000089e+00 -1.602926322524775076e-04
1.400000000000000133e+00 -1.497764624675712477e-04
1.450000000000000178e+00 -1.384503385547623268e-04
1.500000000000000000e+00 -1.264061736359021473e-04
1.550000000000000044e+00 -1.137381534724447011e-04
1.600000000000000089e+00 -1.005417919562092690e-04
1.650000000000000133e+00 -8.691301239440318448e-05
1.700000000000000178e+00 -7.294726441943134236e-05
1.750000000000000000e+00 -5.873868543727859014e-05
1.800000000000000044e+00 -4.437931452135432413e-05
1.850000000000000089e+00 -2.995836558222456797e-05
1.900000000000000133e+00 -1.556156551847211739e-05
1.950000000000000178e+00 -1.270561900710102898e-06
2.000000000000000000e+00 1.283759642031780068e-05
2.050000000000000266e+00 2.669090354035813341e-05
2.100000000000000089e+00 4.022276444213458853e-05
2.149999999999999911e+00 5.337228660330251565e-05
2.200000000000000178e+00 6.608449623921165510e-05
2.250000000000000000e+00 7.831048108801945222e-05
2.300000000000000266e+00 9.000746250151352168e-05
2.350000000000000089e+00 1.011388003677614122e-04
2.400000000000000355e+00 1.116739350549150744e-04
2.450000000000000178e+00 1.215882711247785004e-04
2.500000000000000000e+00 1.308630080178887047e-04
2.550000000000000266e+00 1.394849232586024314e-04
2.600000000000000089e+00 1.474461139706851546e-04
2.650000000000000355e+00 1.547437026345315771e-04
2.700000000000000178e+00 1.613795130613065890e-04
2.750000000000000000e+00 1.673597225132430360e-04
2.800000000000000266e+00 1.726944957704112796e-04
2.850000000000000089e+00 1.773976067407714581e-04
2.900000000000000355e+00 1.814860529411604245e-04
2.950000000000000178e+00 1.849796678514534665e-04
3.000000000000000000e+00 1.879007357721204088e-04
3.050000000000000266e+00 1.902736134064413900e-04
3.100000000000000089e+00 1.921243619523052646e-04
3.150000000000000355e+00 1.934803930340049704e-04
3.200000000000000178e+00 1.943701313405416843e-04
3.250000000000000000e+00 1.948226963718276193e-04
3.300000000000000266e+00 1.948676052353407026e-04
3.350000000000000089e+00 1.945344979899474064e-04
3.400000000000000355e+00 1.938528866066708384e-04
3.450000000000000178e+00 1.928519282131844158e-04
3.500000000000000000e+00 1.915602229138996758e-04
3.550000000000000266e+00 1.900056361339749582e-04
3.600000000000000089e+00 1.882151451258386600e-04
3.650000000000000355e+00 1.862147090024879076e-04
3.700000000000000178e+00 1.840291614237520739e-04
3.750000000000000000e+00 1.816821248600235922e-04
3.800000000000000266e+00 1.791959451921526221e-04
3.850000000000000089e+00 1.765916452752149110e-04
3.900000000000000355e+00 1.738888959961177943e-04
3.950000000000000178e+00 1.711060032885610988e-04
4.000000000000000000e+00 1.682599095314031849e-04
4.049999999999999822e+00 1.653662077454658651e-04
4.100000000000000533e+00 1.624391670165155344e-04
4.150000000000000355e+00 1.594917676057510921e-04
4.200000000000000178e+00 1.565357442607481287e-04
4.250000000000000000e+00 1.535816363065924236e-04
4.299999999999999822e+00 1.506388431760955979e-04
4.350000000000000533e+00 1.477156841268470553e-04
4.400000000000000355e+00 1.448194609888913710e-04
4.450000000000000178e+00 1.419565228876661566e-04
4.500000000000000000e+00 1.391323319903609653e-04
4.549999999999999822e+00 1.363515294280911528e-04
4.600000000000000533e+00 1.336180006495536331e-04
4.650000000000000355e+00 1.309349395626148882e-04
4.700000000000000178e+00 1.283049109173547400e-04
4.750000000000000000e+00 1.257299104764037314e-04
4.800000000000000711e+00 1.232114226051411450e-04
4.850000000000000533e+00 1.207504749948614715e-04
4.900000000000000355e+00 1.183476903059225418e-04
4.950000000000000178e+00 1.160033345848975961e-04
5.000000000000000000e+00 1.137173623697610515e-04
5.050000000000000711e+00 1.114894584501533988e-04
5.100000000000000533e+00 1.093190762959447696e-04
5.150000000000000355e+00 1.072054732068704449e-04
5.200000000000000178e+00 1.051477422692696778e-04
5.250000000000000000e+00 1.031448412332899373e-04
5.300000000000000711e+00 1.011956184457420285e-04
5.350000000000000533e+00 9.929883599057863941e-05
5.400000000000000355e+00 9.745319020116883753e-05
5.450000000000000178e+00 9.565732971666190076e-05
5.500000000000000000e+00 9.390987125923745660e-05
5.550000000000000711e+00 9.220941331040517178e-05
5.600000000000000533e+00 9.055454786319660967e-05
5.650000000000000355e+00 8.894387042351258260e-05
5.700000000000000178e+00 8.737598842845291944e-05
5.750000000000000000e+00 8.584952824253945665e-05
5.800000000000000711e+00 8.436314088467554016e-05
5.850000000000000533e+00 8.291550662978398433e-05
5.900000000000000355e+00 8.150533861958904704e-05
5.950000000000000178e+00 8.013138560720710368e-05
6.000000000000000000e+00 7.879243395027404418e-05
6.050000000000000711e+00 7.748730895745914297e-05
6.100000000000000533e+00 7.621487568351722054e-05
6.150000000000000355e+00 7.497403925865159095e-05
6.200000000000000178e+00 7.376374482897730858e-05
6.250000000000000000e+00 7.258297717636525976e-05
6.300000000000000711e+00 7.143076007796081536e-05
6.350000000000000533e+00 7.030615545824093972e-05
6.400000000000000355e+00 6.920826237961357906e-05
6.450000000000000178e+00 6.813621591128554049e-05
6.500000000000000000e+00 6.708918591041745298e-05
6.550000000000000711e+00 6.606637574443448215e-05
6.600000000000000533e+00 6.506702097875170050e-05
6.650000000000000355e+00 6.409038805006949920e-05
6.700000000000000178e+00 6.313577294177503550e-05
6.750000000000000000e+00 6.220249987480913297e-05
6.800000000000000711e+00 6.128992002459969230e-05
6.850000000000000533e+00 6.039741027227640933e-05
6.900000000000000355e+00 5.952437199634339832e-05
6.950000000000000178e+00 5.867022990925319450e-05
7.000000000000000000e+00 5.783443094187388313e-05
7.050000000000000711e+00 5.701644317762873430e-05
7.100000000000000533e+00 5.621575483709816444e-05
7.150000000000000355e+00 5.543187331306831020e-05
7.200000000000000178e+00 5.466432425537235296e-05
7.250000000000000000e+00 5.391265070437293379e-05
7.300000000000000711e+00 5.317641227155705608e-05
7.350000000000000533e+00 5.245518436544034576e-05
7.400000000000000355e+00 5.174855746078746514e-05
7.450000000000000178e+00 5.105613640903841638e-05
7.500000000000000000e+00 5.037753978776904373e-05
7.550000000000000711e+00 4.971239928700030823e-05
7.600000000000000533e+00 4.906035913019306694e-05
7.650000000000000355e+00 4.842107552781728630e-05
7.700000000000000178e+00 4.779421616145476713e-05
7.750000000000000000e+00 4.717945969648314658e-05
7.800000000000000711e+00 4.657649532148469746e-05
7.850000000000000533e+00 4.598502231262689227e-05
7.900000000000000355e+00 4.540474962136667664e-05
7.950000000000000178e+00 4.483539548393602564e-05
8.000000000000000000e+00 4.427668705116902340e-05
8.050000000000000711e+00 4.372836003733129347e-05
8.099999999999999645e+00 4.319015838670669556e-05
8.150000000000000355e+00 4.266183395678706757e-05
8.200000000000001066e+00 4.214314621699530490e-05
8.250000000000000000e+00 4.163386196195072842e-05
8.300000000000000711e+00 4.113375503835942456e-05
8.349999999999999645e+00 4.064260608468061377e-05
8.400000000000000355e+00 4.016020228278362414e-05
8.450000000000001066e+00 3.968633712086823482e-05
8.500000000000000000e+00 3.922081016697608226e-05
8.550000000000000711e+00 3.876342685247113597e-05
8.599999999999999645e+00 3.831399826491486748e-05
8.650000000000000355e+00 3.787234094980306443e-05
8.700000000000001066e+00 3.743827672067501640e-05
8.750000000000000000e+00 3.701163247713983647e-05
8.800000000000000711e+00 3.659224003040108432e-05
8.849999999999999645e+00 3.617993593589226476e-05
8.900000000000000355e+00 3.577456133266413438e-05
8.950000000000001066e+00 3.537596178919190121e-05
9.000000000000000000e+00 3.498398715529401113e-05
9.050000000000000711e+00 3.459849141987521407e-05
9.099999999999999645e+00 3.421933257422635612e-05
9.150000000000000355e+00 3.384637248062964720e-05
9.200000000000001066e+00 3.347947674603328537e-05
9.250000000000000000e+00 3.311851460057201767e-05
9.300000000000000711e+00 3.276335878072192658e-05
9.349999999999999645e+00 3.241388541688758405e-05
9.400000000000000355e+00 3.206997392522841574e-05
9.450000000000001066e+00 3.173150690354002875e-05
9.500000000000000000e+00 3.139837003101213816e-05
9.550000000000000711e+00 3.107045197169382123e-05
9.600000000000001421e+00 3.074764428150213402e-05
9.650000000000000355e+00 3.042984131861768075e-05
9.700000000000001066e+00 3.011694015711763794e-05
9.750000000000000000e+00 2.980884050370391489e-05
9.800000000000000711e+00 2.950544461739107764e-05
9.850000000000001421e+00 2.920665723202614463e-05
9.900000000000000355e+00 2.891238548152022953e-05
9.950000000000001066e+00 2.862253882767845761e-05
1.000000000000000000e+01 2.833702899052321843e-05
1.005000000000000071e+01 2.805576988101077455e-05
1.010000000000000142e+01 2.777867753605007864e-05
1.015000000000000036e+01 2.750567005573653097e-05
1.020000000000000107e+01 2.723666754272011421e-05
1.025000000000000000e+01 2.697159204363141507e-05
1.030000000000000071e+01 2.671036749249284053e-05
1.035000000000000142e+01 2.645291965604630027e-05
1.040000000000000036e+01 2.619917608092962657e-05
1.045000000000000107e+01 2.594906604263784517e-05
1.050000000000000000e+01 2.570252049620496990e-05
1.055000000000000071e+01 2.545947202854436574e-05
1.060000000000000142e+01 2.521985481238558943e-05
1.065000000000000036e+01 2.498360456174708041e-05
1.070000000000000107e+01 2.475065848888421030e-05
1.075000000000000000e+01 2.452095526265370707e-05
1.080000000000000071e+01 2.429443496823613041e-05
1.085000000000000142e+01 2.407103906816027755e-05
1.090000000000000036e+01 2.385071036457484832e-05
1.095000000000000107e+01 2.363339296271530434e-05
1.100000000000000000e+01 2.341903223551690597e-05
1.105000000000000071e+01 2.320757478932699143e-05
1.110000000000000142e+01 2.299896843067392947e-05
1.115000000000000036e+01 2.279316213405295884e-05
1.120000000000000107e+01 2.259010601069217703e-05
1.125000000000000000e+01 2.238975127826554567e-05
1.130000000000000071e+01 2.219205023152274816e-05
1.135000000000000142e+01 2.199695621380794738e-05
1.140000000000000036e+01 2.180442358944151751e-05
1.145000000000000107e+01 2.161440771694113125e-05
1.150000000000000000e+01 2.142686492305894981e-05
1.155000000000000071e+01 2.124175247761286555e-05
1.160000000000000142e+01 2.105902856908940186e-05
1.165000000000000036e+01 2.087865228099640658e-05
1.170000000000000107e+01 2.070058356894237091e-05
1.175000000000000000e+01 2.052478323841943288e-05
1.180000000000000071e+01 2.035121292326560289e-05
1.185000000000000142e+01 2.017983506478191182e-05
1.190000000000000036e+01 2.001061289147896893e-05
1.195000000000000107e+01 1.984351039942774229e-05
1.200000000000000000e+01 1.967849233318930992e-05
1.205000000000000071e+01 1.951552416729864165e-05
1.210000000000000142e+01 1.935457208827862018e-05
1.215000000000000036e+01 1.919560297716151623e-05
1.220000000000000107e+01 1.903858439249674528e-05
1.225000000000000000e+01 1.888348455382564780e-05
1.230000000000000071e+01 1.873027232560569498e-05
1.235000000000000142e+01 1.857891720156902587e-05
1.240000000000000036e+01 1.842938928950181419e-05
1.245000000000000107e+01 1.828165929643301295e-05
1.250000000000000000e+01 1.813569851422271225e-05
1.255000000000000071e+01 1.799147880554162644e-05
1.260000000000000142e+01 1.784897259023432108e-05
1.265000000000000036e+01 1.770815283205895955e-05
1.270000000000000107e+01 1.756899302579726749e-05
1.275000000000000000e+01 1.743146718472774896e-05
1.280000000000000071e+01 1.729554982845445663e-05
1.285000000000000142e+01 1.716121597108375687e-05
1.290000000000000036e+01 1.702844110973958622e-05
1.295000000000000107e+01 1.689720121340731933e-05
1.300000000000000000e+01 1.676747271209522353e-05
1.305000000000000071e+01 1.663923248630156678e-05
1.310000000000000142e+01 1.651245785677481946e-05
1.315000000000000036e+01 1.638712657455381071e-05
1.320000000000000107e+01 1.626321681127493386e-05
1.325000000000000000e+01 1.614070714973338727e-05
1.330000000000000071e+01 1.601957657468622273e-05
1.335000000000000142e+01 1.589980446388567162e-05
1.340000000000000036e+01 1.578137057933261153e-05
1.345000000000000107e+01 1.566425505874105253e-05
1.350000000000000000e+01 1.554843840720636196e-05
1.355000000000000071e+01 1.543390148907075642e-05
1.360000000000000142e+01 1.532062551998215444e-05
1.365000000000000036e+01 1.520859205914231049e-05
1.370000000000000107e+01 1.509778300174241269e-05
1.375000000000000000e+01 1.498818057158476175e-05
1.380000000000000071e+01 1.487976731388890151e-05
1.385000000000000142e+01 1.477252608828204863e-05
1.390000000000000036e+01 1.466644006197244913e-05
1.395000000000000107e+01 1.456149270310392220e-05
1.400000000000000000e+01 1.445766777428996465e-05
1.405000000000000071e+01 1.435494932632363178e-05
1.410000000000000142e+01 1.425332169205960814e-05
1.415000000000000036e+01 1.415276948046298279e-05
1.420000000000000107e+01 1.405327757081894908e-05
1.425000000000000000e+01 1.395483110709624250e-05
1.430000000000000071e+01 1.385741549245705767e-05
1.435000000000000142e+01 1.376101638390538915e-05
1.440000000000000036e+01 1.366561968706608130e-05
1.445000000000000107e+01 1.357121155108650308e-05
1.450000000000000000e+01 1.347777836365409358e-05
1.455000000000000071e+01 1.338530674612289357e-05
1.460000000000000142e+01 1.329378354874383355e-05
1.465000000000000036e+01 1.320319584599418049e-05
1.470000000000000107e+01 1.311353093200308730e-05
1.475000000000000000e+01 1.302477631607106634e-05
1.480000000000000071e+01 1.293691971828226221e-05
1.485000000000000142e+01 1.284994906520985071e-05
1.490000000000000036e+01 1.276385248571469273e-05
1.495000000000000107e+01 1.267861830683884061e-05
1.500000000000000000e+01 1.259423504979493876e-05
1.505000000000000071e+01 1.251069142605277899e-05
1.510000000000000142e+01 1.242797633352410150e-05
1.515000000000000036e+01 1.234607885284571263e-05
1.520000000000000107e+01 1.226498824376055185e-05
1.525000000000000000e+01 1.218469394159551703e-05
1.530000000000000071e+01 1.210518555383350176e-05
1.535000000000000142e+01 1.202645285677673604e-05
1.540000000000000036e+01 1.194848579229731720e-05
1.545000000000000107e+01 1.187127446467003680e-05
1.550000000000000000e+01 1.179480913748264671e-05
1.555000000000000071e+01 1.171908023061791966e-05
1.560000000000000142e+01 1.164407831730208673e-05
1.565000000000000036e+01 1.156979412121455082e-05
1.570000000000000107e+01 1.149621851365410242e-05
1.575000000000000000e+01 1.142334251075785288e-05
1.580000000000000071e+01 1.135115727076943462e-05
1.585000000000000142e+01 1.127965409135475030e-05
1.590000000000000036e+01 1.120882440696349570e-05
1.595000000000000107e+01 1.113865978623681707e-05
1.600000000000000000e+01 1.106915192946123342e-05
1.605000000000000071e+01 1.100029266607030101e-05
1.610000000000000142e+01 1.093207395219593086e-05
1.615000000000000213e+01 1.086448786827105854e-05
1.619999999999999929e+01 1.079752661668615466e-05
1.625000000000000000e+01 1.073118251950105690e-05
1.630000000000000071e+01 1.066544801621401398e-05
1.635000000000000142e+01 1.060031566158821602e-05
1.640000000000000213e+01 1.053577812353636195e-05
1.644999999999999929e+01 1.047182818106238133e-05
1.650000000000000000e+01 1.040845872225847246e-05
1.655000000000000071e+01 1.034566274235549004e-05
1.660000000000000142e+01 1.028343334182331455e-05
1.665000000000000213e+01 1.022176372451768306e-05
1.669999999999999929e+01 1.016064719586937679e-05
1.675000000000000000e+01 1.010007716111190801e-05
1.680000000000000071e+01 1.004004712354342877e-05
1.685000000000000142e+01 9.980550682819222557e-06
1.690000000000000213e+01 9.921581533271538265e-06
1.694999999999999929e+01 9.863133462254335303e-06
1.700000000000000000e+01 9.805200348510832592e-06
1.705000000000000071e+01 9.747776160563236252e-06
1.710000000000000142e+01 9.690854955124344450e-06
1.715000000000000213e+01 9.634430875531629123e-06
1.719999999999999929e+01 9.578498150205322614e-06
1.725000000000000000e+01 9.523051091132032179e-06
1.730000000000000071e+01 9.468084092376433648e-06
1.735000000000000142e+01 9.413591628622980536e-06
1.740000000000000213e+01 9.359568253750018944e-06
1.744999999999999929e+01 9.306008599438244565e-06
1.750000000000000000e+01 9.252907373814807918e-06
1.755000000000000071e+01 9.200259360134107966e-06
1.760000000000000142e+01 9.148059415495165696e-06
1.765000000000000213e+01 9.096302469595240553e-06
1.769999999999999929e+01 9.044983523518102374e-06
1.775000000000000000e+01 8.994097648554995404e-06
1.780000000000000071e+01 8.943639985055822759e-06
1.785000000000000142e+01 8.893605741307320742e-06
1.790000000000000213e+01 8.843990192435136435e-06
1.794999999999999929e+01 8.794788679326422112e-06
1.800000000000000000e+01 8.745996607569895485e-06
1.805000000000000071e+01 8.697609446410377426e-06
1.810000000000000142e+01 8.649622727715772610e-06
1.815000000000000213e+01 8.602032044954575384e-06
1.819999999999999929e+01 8.554833052183040287e-06
1.825000000000000000e+01 8.508021463041769882e-06
1.830000000000000071e+01 8.461593049762090892e-06
1.835000000000000142e+01 8.415543642183489213e-06
1.840000000000000213e+01 8.369869126783586081e-06
1.844999999999999929e+01 8.324565445722762841e-06
1.850000000000000000e+01 8.279628595905550183e-06
1.855000000000000071e+01 8.235054628061212840e-06
1.860000000000000142e+01 8.190839645845383058e-06
1.865000000000000213e+01 8.146979804964648656e-06
1.869999999999999929e+01 8.103471312325205293e-06
1.875000000000000000e+01 8.060310425206436915e-06
1.880000000000000071e+01 8.017493450459321042e-06
1.885000000000000142e+01 7.975016743728942310e-06
1.890000000000000213e+01 7.932876708700023282e-06
1.894999999999999929e+01 7.891069796363419327e-06
1.900000000000000000e+01 7.849592504301383750e-06
1.905000000000000071e+01 7.808441375988924853e-06
1.910000000000000142e+01 7.767613000108561361e-06
1.915000000000000213e+01 7.727104009875664068e-06
1.920000000000000284e+01 7.686911082371932389e-06
1.925000000000000000e+01 7.647030937884825548e-06
1.930000000000000071e+01 7.607460339251444934e-06
1.935000000000000142e+01 7.568196091205352260e-06
1.940000000000000213e+01 7.529235039726503121e-06
1.945000000000000284e+01 7.490574071394007093e-06
1.950000000000000000e+01 7.452210112742697792e-06
1.955000000000000071e+01 7.414140129624940982e-06
1.960000000000000142e+01 7.376361126579285858e-06
1.965000000000000213e+01 7.338870146208015268e-06
1.970000000000000284e+01 7.301664268565807303e-06
1.975000000000000000e+01 7.264740610561452206e-06
1.980000000000000071e+01 7.228096325374491472e-06
1.985000000000000142e+01 7.191728601888403722e-06
1.990000000000000213e+01 7.155634664141106481e-06
1.995000000000000284e+01 7.119811770793454859e-06
