0.000000000000000000e+00 0.000000000000000000e+00
5.000000000000000278e-02 9.285231296527375752e-05
1.000000000000000056e-01 1.811068921875231847e-04
1.500000000000000222e-01 2.602347895999005214e-04
2.000000000000000111e-01 3.258435837992178750e-04
2.500000000000000000e-01 3.737430482938226654e-04
3.000000000000000444e-01 4.000077519735403147e-04
3.500000000000000333e-01 4.010356456285725209e-04
4.000000000000000222e-01 3.736017522872388946e-04
4.500000000000000111e-01 3.149061571467068311e-04
5.000000000000000000e-01 2.226155836915877481e-04
5.500000000000000444e-01 9.489794090106121584e-05
6.000000000000000888e-01 -6.955065120486212554e-05
6.500000000000000222e-01 -2.714866967399861089e-04
7.000000000000000666e-01 -5.111084388715656348e-04
7.500000000000000000e-01 -7.880531181079414348e-04
8.000000000000000444e-01 -1.101402578575786046e-03
8.500000000000000888e-01 -1.449696995427314896e-03
9.000000000000000222e-01 -1.830956471962035112e-03
9.500000000000000666e-01 -2.242710116336876520e-03
1.000000000000000000e+00 -2.682032086678482093e-03
1.050000000000000044e+00 -3.145584016420526711e-03
1.100000000000000089e+00 -3.629663041829835589e-03
1.150000000000000133e+00 -4.130254724107780551e-03
1.200000000000000178e+00 -4.643089933426577769e-03
1.250000000000000000e+00 -5.163704789052656410e-03
1.300000000000000044e+00 -5.687502717220051240e-03
1.350000000000000089e+00 -6.209817592824716688e-03
1.400000000000000133e+00 -6.725977021280319691e-03
1.450000000000000178e+00 -7.231364712398216481e-03
1.500000000000000000e+00 -7.721481243736129894e-03
1.550000000000000044e+00 -8.192001678724525338e-03
1.600000000000000089e+00 -8.638830054293129140e-03
1.650000000000000133e+00 -9.058149294186034622e-03
1.700000000000000178e+00 -9.446466110536830274e-03
1.750000000000000000e+00 -9.800650338541645398e-03
1.800000000000000044e+00 -1.011796807671703005e-02
1.850000000000000089e+00 -1.039610838711076297e-02
1.900000000000000133e+00 -1.063320324025025972e-02
1.950000000000000178e+00 -1.082784059037991166e-02
2.000000000000000000e+00 -1.097907048895554669e-02
2.050000000000000266e+00 -1.108640460662309139e-02
2.100000000000000089e+00 -1.114980884629057471e-02
2.149999999999999911e+00 -1.116969002806450159e-02
2.200000000000000178e+00 -1.114687655091734821e-02
2.250000000000000000e+00 -1.108259378462406707e-02
2.300000000000000266e+00 -1.097843471228877356e-02
2.350000000000000089e+00 -1.083632647407049669e-02
2.400000000000000355e+00 -1.065849350697751531e-02
2.450000000000000178e+00 -1.044741800873210703e-02
2.500000000000000000e+00 -1.020579847258378837e-02
2.550000000000000266e+00 -9.936507074394172051e-03
2.600000000000000089e+00 -9.642546465221538479e-03
2.650000000000000355e+00 -9.327007163862822622e-03
2.700000000000000178e+00 -8.993025576403730278e-03
2.750000000000000000e+00 -8.643743771415914393e-03
2.800000000000000266e+00 -8.282271378434588258e-03
2.850000000000000089e+00 -7.911650144806436913e-03
2.900000000000000355e+00 -7.534821602799258999e-03
2.950000000000000178e+00 -7.154598119105833563e-03
3.000000000000000000e+00 -6.773637732342028053e-03
3.050000000000000266e+00 -6.394422875009590258e-03
3.100000000000000089e+00 -6.019242831197026307e-03
3.150000000000000355e+00 -5.650180775169921614e-03
3.200000000000000178e+00 -5.289104188411959846e-03
3.250000000000000000e+00 -4.937659404029643567e-03
3.300000000000000266e+00 -4.597269736221314997e-03
3.350000000000000089e+00 -4.269136999433334467e-03
3.400000000000000355e+00 -3.954246200877035294e-03
3.450000000000000178e+00 -3.653372856961226590e-03
3.500000000000000000e+00 -3.367092886779104489e-03
3.550000000000000266e+00 -3.095794569712597213e-03
3.600000000000000089e+00 -2.839691922493068135e-03
3.650000000000000355e+00 -2.598839772002326139e-03
3.700000000000000178e+00 -2.373149174111743864e-03
3.750000000000000000e+00 -2.162403872168035084e-03
3.800000000000000266e+00 -1.966276688339370186e-03
3.850000000000000089e+00 -1.784345851094957863e-03
3.900000000000000355e+00 -1.616110945262624280e-03
3.950000000000000178e+00 -1.461008205110756039e-03
4.000000000000000000e+00 -1.318424974109817446e-03
4.049999999999999822e+00 -1.187713134041299724e-03
4.100000000000000533e+00 -1.068201442157509567e-03
4.150000000000000355e+00 -9.592065896635635193e-04
4.200000000000000178e+00 -8.600430114308877088e-04
4.250000000000000000e+00 -7.700313918290942498e-04
4.299999999999999822e+00 -6.885058852567988103e-04
4.350000000000000533e+00 -6.148200901324856480e-04
4.400000000000000355e+00 -5.483518378977537662e-04
4.450000000000000178e+00 -4.885068747394078490e-04
4.500000000000000000e+00 -4.347215460133769822e-04
4.549999999999999822e+00 -3.864645454679679318e-04
4.600000000000000533e+00 -3.432379001936488238e-04
4.650000000000000355e+00 -3.045772755298081650e-04
4.700000000000000178e+00 -2.700516099012815986e-04
4.750000000000000000e+00 -2.392624991926789880e-04
4.800000000000000711e+00 -2.118429665278220603e-04
4.850000000000000533e+00 -1.874561476804991118e-04
4.900000000000000355e+00 -1.657937767450871035e-04
4.950000000000000178e+00 -1.465743130192799666e-04
5.000000000000000000e+00 -1.295413877568258329e-04
5.050000000000000711e+00 -1.144619837881685786e-04
5.100000000000000533e+00 -1.011247385248085308e-04
5.150000000000000355e+00 -8.933829881758764864e-05
5.200000000000000178e+00 -7.892975814344712639e-05
5.250000000000000000e+00 -6.974319809381882734e-05
5.300000000000000711e+00 -6.163829634086762490e-05
5.350000000000000533e+00 -5.448904780871391683e-05
5.400000000000000355e+00 -4.818274345926877171e-05
5.450000000000000178e+00 -4.261863488185545278e-05
5.500000000000000000e+00 -3.770710078414505744e-05
5.550000000000000711e+00 -3.336865751692929340e-05
5.600000000000000533e+00 -2.953309400798092446e-05
5.650000000000000355e+00 -2.613863713619727223e-05
5.700000000000000178e+00 -2.313116974048515893e-05
5.750000000000000000e+00 -2.046346653692503238e-05
5.800000000000000711e+00 -1.809455637842314748e-05
5.850000000000000533e+00 -1.598893296810457011e-05
5.900000000000000355e+00 -1.411598095340880677e-05
5.950000000000000178e+00 -1.244934434367772969e-05
6.000000000000000000e+00 -1.096634881306674310e-05
6.050000000000000711e+00 -9.647462919516607319e-06
6.100000000000000533e+00 -8.475789292007679130e-06
6.150000000000000355e+00 -7.436671643415493414e-06
6.200000000000000178e+00 -6.517209352106838895e-06
6.250000000000000000e+00 -5.705917829744697877e-06
6.300000000000000711e+00 -4.992489010038167095e-06
6.350000000000000533e+00 -4.367539799026058291e-06
6.400000000000000355e+00 -3.822351608129883855e-06
6.450000000000000178e+00 -3.348774855740734519e-06
6.500000000000000000e+00 -2.939112084469769291e-06
6.550000000000000711e+00 -2.586058082907440678e-06
6.600000000000000533e+00 -2.282672467719648450e-06
6.650000000000000355e+00 -2.022380236531249526e-06
6.700000000000000178e+00 -1.798993509247304730e-06
6.750000000000000000e+00 -1.606747560398437894e-06
6.800000000000000711e+00 -1.440344413692992236e-06
6.850000000000000533e+00 -1.295012756053188367e-06
6.900000000000000355e+00 -1.166490909314031033e-06
6.950000000000000178e+00 -1.051137275995254385e-06
7.000000000000000000e+00 -9.459064540312223018e-07
7.050000000000000711e+00 -8.483555637960560225e-07
7.100000000000000533e+00 -7.566337428553117295e-07
7.150000000000000355e+00 -6.694516109989363614e-07
7.200000000000000178e+00 -5.860370897255178659e-07
7.250000000000000000e+00 -5.060645927108584262e-07
7.300000000000000711e+00 -4.295773310722916337e-07
7.350000000000000533e+00 -3.569699623427826076e-07
7.400000000000000355e+00 -2.887957481072663729e-07
7.450000000000000178e+00 -2.257632568778109054e-07
7.500000000000000000e+00 -1.685764557514552546e-07
7.550000000000000711e+00 -1.179566116657751431e-07
7.600000000000000533e+00 -7.449059882938488281e-08
7.650000000000000355e+00 -3.860461189640087855e-08
7.700000000000000178e+00 -1.056121702897919487e-08
7.750000000000000000e+00 9.735399146001114281e-09
7.800000000000000711e+00 2.250917820459509797e-08
7.850000000000000533e+00 2.826312321402438664e-08
7.900000000000000355e+00 2.772394539051558988e-08
7.950000000000000178e+00 2.182340534450331099e-08
