0.000000000000000000e+00 6.065615052766148291e-02
5.000000000000000278e-02 6.072047845387098380e-02
1.000000000000000056e-01 6.091296512282325798e-02
1.500000000000000222e-01 6.123212281470180596e-02
2.000000000000000111e-01 6.167548396119169885e-02
2.500000000000000000e-01 6.223961895224497387e-02
3.000000000000000444e-01 6.292016070334206790e-02
3.500000000000000333e-01 6.371183570491729953e-02
4.000000000000000222e-01 6.460850115335033117e-02
4.500000000000000111e-01 6.560318772532094944e-02
5.000000000000000000e-01 6.668814751535917518e-02
5.500000000000000444e-01 6.785490664073881573e-02
6.000000000000000888e-01 6.909432196851733599e-02
6.500000000000000222e-01 7.039664151521454749e-02
7.000000000000000666e-01 7.175156812247210358e-02
7.500000000000000000e-01 7.314832561901819796e-02
8.000000000000000444e-01 7.457572758916763966e-02
8.500000000000000888e-01 7.602224801219394090e-02
9.000000000000000222e-01 7.747609369239016885e-02
9.500000000000000666e-01 7.892527803742048487e-02
1.000000000000000000e+00 8.035769622175191473e-02
1.050000000000000044e+00 8.176120161168366762e-02
1.100000000000000089e+00 8.312368261747724030e-02
1.150000000000000133e+00 8.443314119900902082e-02
1.200000000000000178e+00 8.567777148072709681e-02
1.250000000000000000e+00 8.684603904116089401e-02
1.300000000000000044e+00 8.792676064233881372e-02
1.350000000000000089e+00 8.890918387994077576e-02
1.400000000000000133e+00 8.978306659723107874e-02
1.450000000000000178e+00 9.053875543782911872e-02
1.500000000000000000e+00 9.116726314972307954e-02
1.550000000000000044e+00 9.166034388596192017e-02
1.600000000000000089e+00 9.201056574435299840e-02
1.650000000000000133e+00 9.221137982656520127e-02
1.700000000000000178e+00 9.225718470462447585e-02
1.750000000000000000e+00 9.214338538481872676e-02
1.800000000000000044e+00 9.186644574985977640e-02
1.850000000000000089e+00 9.142393335948983957e-02
1.900000000000000133e+00 9.081455585255275575e-02
1.950000000000000178e+00 9.003818635050706010e-02
2.000000000000000000e+00 8.909588046212779666e-02
2.050000000000000266e+00 8.798988090364147363e-02
2.100000000000000089e+00 8.672360834245053385e-02
2.149999999999999911e+00 8.530164200034567878e-02
2.200000000000000178e+00 8.372968616242634776e-02
2.250000000000000000e+00 8.201452427540475987e-02
2.300000000000000266e+00 8.016395814863044866e-02
2.350000000000000089e+00 7.818673855158196628e-02
2.400000000000000355e+00 7.609248146954512848e-02
2.450000000000000178e+00 7.389157242283861393e-02
2.500000000000000000e+00 7.159506387958000651e-02
2.550000000000000266e+00 6.921456290601091244e-02
2.600000000000000089e+00 6.676211222976917437e-02
2.650000000000000355e+00 6.425006658392222458e-02
2.700000000000000178e+00 6.169096584612486500e-02
2.750000000000000000e+00 5.909740710464283370e-02
2.800000000000000266e+00 5.648191763700551732e-02
2.850000000000000089e+00 5.385683078279717567e-02
2.900000000000000355e+00 5.123416666155600208e-02
2.950000000000000178e+00 4.862551955646825241e-02
3.000000000000000000e+00 4.604195381060766784e-02
3.050000000000000266e+00 4.349390949829528424e-02
3.100000000000000089e+00 4.099111924057474710e-02
3.150000000000000355e+00 3.854253775151125772e-02
3.200000000000000178e+00 3.615628391739621195e-02
3.250000000000000000e+00 3.383959688320989367e-02
3.300000000000000266e+00 3.159880578037484178e-02
3.350000000000000089e+00 2.943931329724307905e-02
3.400000000000000355e+00 2.736559269501008529e-02
3.450000000000000178e+00 2.538119769343370052e-02
3.500000000000000000e+00 2.348878435085601304e-02
3.550000000000000266e+00 2.169014401361327171e-02
3.600000000000000089e+00 1.998624596539066989e-02
3.650000000000000355e+00 1.837728858713085639e-02
3.700000000000000178e+00 1.686275747603756953e-02
3.750000000000000000e+00 1.544148882718037429e-02
3.800000000000000266e+00 1.411173790740346060e-02
3.850000000000000089e+00 1.287124777337459412e-02
3.900000000000000355e+00 1.171732146030852670e-02
3.950000000000000178e+00 1.064689129553720269e-02
4.000000000000000000e+00 9.656589647198572657e-03
4.049999999999999822e+00 8.742814486291373283e-03
4.100000000000000533e+00 7.901792012203258733e-03
4.150000000000000355e+00 7.129635152702472681e-03
4.200000000000000178e+00 6.422396967040110670e-03
4.250000000000000000e+00 5.776118392659425164e-03
4.299999999999999822e+00 5.186870423486645600e-03
4.350000000000000533e+00 4.650790450596600095e-03
4.400000000000000355e+00 4.164112864434797376e-03
4.450000000000000178e+00 3.723194103644278906e-03
4.500000000000000000e+00 3.324532385349968349e-03
4.549999999999999822e+00 2.964782652062026777e-03
4.600000000000000533e+00 2.640766864005604595e-03
4.650000000000000355e+00 2.349481173843578474e-03
4.700000000000000178e+00 2.088098101796226434e-03
4.750000000000000000e+00 1.853967759377702631e-03
4.800000000000000711e+00 1.644614510219679412e-03
4.850000000000000533e+00 1.457734740997818253e-03
4.900000000000000355e+00 1.291190366073060973e-03
4.950000000000000178e+00 1.143002885348731778e-03
5.000000000000000000e+00 1.011346268351700226e-03
5.050000000000000711e+00 8.945397152037945932e-04
5.100000000000000533e+00 7.910400237721232830e-04
5.150000000000000355e+00 6.994342982820466034e-04
5.200000000000000178e+00 6.184325145225719319e-04
5.250000000000000000e+00 5.468604542696513336e-04
5.300000000000000711e+00 4.836528246225457002e-04
5.350000000000000533e+00 4.278467032087333323e-04
5.400000000000000355e+00 3.785751386951625324e-04
5.450000000000000178e+00 3.350609822470684927e-04
5.500000000000000000e+00 2.966108629321261947e-04
5.550000000000000711e+00 2.626094850984062880e-04
5.600000000000000533e+00 2.325129234145977561e-04
5.650000000000000355e+00 2.058441678859849837e-04
5.700000000000000178e+00 1.821864054475384514e-04
5.750000000000000000e+00 1.611773888702488057e-04
5.800000000000000711e+00 1.425046267407012240e-04
5.850000000000000533e+00 1.258985534172922646e-04
5.900000000000000355e+00 1.111278876843453499e-04
5.950000000000000178e+00 9.799431476166731636e-05
6.000000000000000000e+00 8.632749202466326961e-05
6.050000000000000711e+00 7.598034820297413204e-05
6.100000000000000533e+00 6.682497654465096616e-05
6.150000000000000355e+00 5.874865460076283036e-05
6.200000000000000178e+00 5.165061505324256404e-05
6.250000000000000000e+00 4.543919844487662331e-05
6.300000000000000711e+00 4.002956426614896193e-05
6.350000000000000533e+00 3.534190224460109233e-05
6.400000000000000355e+00 3.130020469090110546e-05
6.450000000000000178e+00 2.783146265949813035e-05
6.500000000000000000e+00 2.486531448786161156e-05
6.550000000000000711e+00 2.233405502491018230e-05
6.600000000000000533e+00 2.017293977586600266e-05
6.650000000000000355e+00 1.832070663603579193e-05
6.700000000000000178e+00 1.672023899409769447e-05
6.750000000000000000e+00 1.531926572261189996e-05
6.800000000000000711e+00 1.407108730196486819e-05
6.850000000000000533e+00 1.293515061228452963e-05
6.900000000000000355e+00 1.187760938355940623e-05
6.950000000000000178e+00 1.087172361331538216e-05
7.000000000000000000e+00 9.897075036036791874e-06
7.050000000000000711e+00 8.940745165444869376e-06
7.100000000000000533e+00 7.996011927753475550e-06
7.150000000000000355e+00 7.061762705970939903e-06
7.200000000000000178e+00 6.142583246611605922e-06
7.250000000000000000e+00 5.246335285851747588e-06
7.300000000000000711e+00 4.384063536706651589e-06
7.350000000000000533e+00 3.568440922374721029e-06
7.400000000000000355e+00 2.813247533469487036e-06
7.450000000000000178e+00 2.131333267198328854e-06
7.500000000000000000e+00 1.534226588589434087e-06
7.550000000000000711e+00 1.031304302891464820e-06
7.600000000000000533e+00 6.283744231232979920e-07
7.650000000000000355e+00 3.282972125002103237e-07
7.700000000000000178e+00 1.300002252177151499e-07
7.750000000000000000e+00 2.863031060799648272e-08
7.800000000000000711e+00 1.575814410427997393e-08
7.850000000000000533e+00 7.970896232982452852e-08
7.900000000000000355e+00 2.062108489798480812e-07
7.950000000000000178e+00 3.791193161639122868e-07
8.000000000000000000e+00 5.808931319979707090e-07
8.050000000000000711e+00 7.939427958719742047e-07
8.099999999999999645e+00 1.001192999942489703e-06
8.150000000000000355e+00 1.186867438013136062e-06
8.200000000000001066e+00 1.337291704975072002e-06
8.250000000000000000e+00 1.441487672958638695e-06
8.300000000000000711e+00 1.491606575877401478e-06
8.349999999999999645e+00 1.483232261412303952e-06
8.400000000000000355e+00 1.415395870780285569e-06
8.450000000000001066e+00 1.290751538033982705e-06
8.500000000000000000e+00 1.115024972266772045e-06
8.550000000000000711e+00 8.967693419208151228e-07
8.599999999999999645e+00 6.467892649584298637e-07
8.650000000000000355e+00 3.774985564844742999e-07
8.700000000000001066e+00 1.022121495254591389e-07
8.750000000000000000e+00 -1.656076302129079956e-07
8.800000000000000711e+00 -4.130052893895357626e-07
8.849999999999999645e+00 -6.283084512110503673e-07
8.900000000000000355e+00 -8.016756236436519395e-07
8.950000000000001066e+00 -9.255654491156585414e-07
9.000000000000000000e+00 -9.950931836755199500e-07
9.050000000000000711e+00 -1.008298096522933602e-06
9.099999999999999645e+00 -9.660860052809977846e-07
9.150000000000000355e+00 -8.720516113036022286e-07
9.200000000000001066e+00 -7.327841215183266660e-07
9.250000000000000000e+00 -5.566345959093189007e-07
9.300000000000000711e+00 -3.537960993892000345e-07
9.349999999999999645e+00 -1.357516009157899618e-07
9.400000000000000355e+00 8.594251281635654460e-08
9.450000000000001066e+00 2.991432554393181041e-07
9.500000000000000000e+00 4.932245989397871532e-07
9.550000000000000711e+00 6.581587008738752174e-07
9.600000000000001421e+00 7.860784480648531208e-07
9.650000000000000355e+00 8.706248769616247549e-07
9.700000000000001066e+00 9.084430839131189480e-07
9.750000000000000000e+00 8.984518934328105819e-07
9.800000000000000711e+00 8.421904683860924435e-07
9.850000000000001421e+00 7.434276662909943948e-07
9.900000000000000355e+00 6.081760343448986310e-07
9.950000000000001066e+00 4.442145788831844876e-07
1.000000000000000000e+01 2.606300330734601888e-07
1.005000000000000071e+01 6.739733069593907503e-08
1.010000000000000142e+01 -1.252490774310929453e-07
1.015000000000000036e+01 -3.072934662259771875e-07
1.020000000000000107e+01 -4.694699030472124518e-07
1.025000000000000000e+01 -6.037285648255355678e-07
1.030000000000000071e+01 -7.036296259379817578e-07
1.035000000000000142e+01 -7.646458188550895325e-07
1.040000000000000036e+01 -7.843598633494405272e-07
1.045000000000000107e+01 -7.625521083060442594e-07
1.050000000000000000e+01 -7.011563754609054533e-07
1.055000000000000071e+01 -6.041356751743497576e-07
1.060000000000000142e+01 -4.772264261210844166e-07
1.065000000000000036e+01 -3.276093713384107338e-07
1.070000000000000107e+01 -1.635254548142713897e-07
1.075000000000000000e+01 6.234339256744151154e-09
1.080000000000000071e+01 1.727031159690850232e-07
1.085000000000000142e+01 3.272671176609080607e-07
1.090000000000000036e+01 4.619679201759738730e-07
1.095000000000000107e+01 5.703834226705000331e-07
1.100000000000000000e+01 6.472386717725961293e-07
1.105000000000000071e+01 6.890602955800167845e-07
1.110000000000000142e+01 6.943245817055514267e-07
1.115000000000000036e+01 6.635123653162111037e-07
1.120000000000000107e+01 5.985673110853684064e-07
1.125000000000000000e+01 5.036585322023649261e-07
1.130000000000000071e+01 3.842057144160961350e-07
1.135000000000000142e+01 2.468364415038686784e-07
1.140000000000000036e+01 9.899052760378998715e-08
1.145000000000000107e+01 -5.147989612560477702e-08
1.150000000000000000e+01 -1.967244644820500477e-07
1.155000000000000071e+01 -3.292978692133260051e-07
1.160000000000000142e+01 -4.425506319512270143e-07
1.165000000000000036e+01 -5.309277538043922022e-07
1.170000000000000107e+01 -5.903056554564005802e-07
1.175000000000000000e+01 -6.180930391433600191e-07
1.180000000000000071e+01 -6.133947581389828238e-07
1.185000000000000142e+01 -5.770931781017724663e-07
1.190000000000000036e+01 -5.114547185333257776e-07
1.195000000000000107e+01 -4.203024176285653139e-07
