0.000000000000000000e+00 1.236120781212677877e-01
5.000000000000000278e-02 1.236056970821825390e-01
1.000000000000000056e-01 1.235865291262537996e-01
1.500000000000000222e-01 1.235544999463721039e-01
2.000000000000000111e-01 1.235094864905304096e-01
2.500000000000000000e-01 1.234513179789366172e-01
3.000000000000000444e-01 1.233797774944411646e-01
3.500000000000000333e-01 1.232946040142994248e-01
4.000000000000000222e-01 1.231954943242238865e-01
4.500000000000000111e-01 1.230821070475964368e-01
5.000000000000000000e-01 1.229540626514774720e-01
5.500000000000000444e-01 1.228109509241362279e-01
6.000000000000000888e-01 1.226523322691582540e-01
6.500000000000000222e-01 1.224777409451525273e-01
7.000000000000000666e-01 1.222866920815075670e-01
7.500000000000000000e-01 1.220786832760480112e-01
8.000000000000000444e-01 1.218532005859234296e-01
8.500000000000000888e-01 1.216097229731698953e-01
9.000000000000000222e-01 1.213477271412399805e-01
9.500000000000000666e-01 1.210666924490691049e-01
1.000000000000000000e+00 1.207661059043379920e-01
1.050000000000000044e+00 1.204454670035960545e-01
1.100000000000000089e+00 1.201042928908771928e-01
1.150000000000000133e+00 1.197421231285260151e-01
1.200000000000000178e+00 1.193585242782495975e-01
1.250000000000000000e+00 1.189530961099545953e-01
1.300000000000000044e+00 1.185254732386486487e-01
1.350000000000000089e+00 1.180753324656236974e-01
1.400000000000000133e+00 1.176023955764119305e-01
1.450000000000000178e+00 1.171064336292054059e-01
1.500000000000000000e+00 1.165872707094590122e-01
1.550000000000000044e+00 1.160447876823789692e-01
1.600000000000000089e+00 1.154789240527118177e-01
1.650000000000000133e+00 1.148896830717133499e-01
1.700000000000000178e+00 1.142771322587664562e-01
1.750000000000000000e+00 1.136414064981288163e-01
1.800000000000000044e+00 1.129827093524349985e-01
1.850000000000000089e+00 1.123013131234144035e-01
1.900000000000000133e+00 1.115975621787718003e-01
1.950000000000000178e+00 1.108718712192552081e-01
2.000000000000000000e+00 1.101247252105834878e-01
2.050000000000000266e+00 1.093566792079143229e-01
2.100000000000000089e+00 1.085683567295647328e-01
2.149999999999999911e+00 1.077604481203113806e-01
2.200000000000000178e+00 1.069337091393640776e-01
2.250000000000000000e+00 1.060889542411307535e-01
2.300000000000000266e+00 1.052270591337427508e-01
2.350000000000000089e+00 1.043489531656585090e-01
2.400000000000000355e+00 1.034556156287124024e-01
2.450000000000000178e+00 1.025480728502224798e-01
2.500000000000000000e+00 1.016273900011195885e-01
2.550000000000000266e+00 1.006946689414489199e-01
2.600000000000000089e+00 9.975104103651696863e-02
2.650000000000000355e+00 9.879766169205098092e-02
2.700000000000000178e+00 9.783570438686796378e-02
2.750000000000000000e+00 9.686635461079753928e-02
2.800000000000000266e+00 9.589080376456664279e-02
2.850000000000000089e+00 9.491024302189680906e-02
2.900000000000000355e+00 9.392585757085268605e-02
2.950000000000000178e+00 9.293882054642807478e-02
3.000000000000000000e+00 9.195028748037481492e-02
3.050000000000000266e+00 9.096139034997877126e-02
3.100000000000000089e+00 8.997323380386794411e-02
3.150000000000000355e+00 8.898688928572408285e-02
3.200000000000000178e+00 8.800339138807351802e-02
3.250000000000000000e+00 8.702373343439427644e-02
3.300000000000000266e+00 8.604886435466359285e-02
3.350000000000000089e+00 8.507968562964983439e-02
3.400000000000000355e+00 8.411704896442287471e-02
3.450000000000000178e+00 8.316175352804880405e-02
3.500000000000000000e+00 8.221454582003490108e-02
3.550000000000000266e+00 8.127611714367008466e-02
3.600000000000000089e+00 8.034710380699545962e-02
3.650000000000000355e+00 7.942808720506459863e-02
3.700000000000000178e+00 7.851959430051412558e-02
3.750000000000000000e+00 7.762209545776035946e-02
3.800000000000000266e+00 7.673600994248964968e-02
3.850000000000000089e+00 7.586170395531471877e-02
3.900000000000000355e+00 7.499949338327067949e-02
3.950000000000000178e+00 7.414964615289820760e-02
4.000000000000000000e+00 7.331238327944390731e-02
4.049999999999999822e+00 7.248788134399741789e-02
4.100000000000000533e+00 7.167627533833224873e-02
4.150000000000000355e+00 7.087766101648647343e-02
4.200000000000000178e+00 7.009209718552332491e-02
4.250000000000000000e+00 6.931960811497635266e-02
4.299999999999999822e+00 6.856018610348267595e-02
4.350000000000000533e+00 6.781379610707756467e-02
4.400000000000000355e+00 6.708037476446943037e-02
4.450000000000000178e+00 6.635983532889934422e-02
4.500000000000000000e+00 6.565206933068251649e-02
4.549999999999999822e+00 6.495694888157299562e-02
4.600000000000000533e+00 6.427432920309460174e-02
4.650000000000000355e+00 6.360405032054441965e-02
4.700000000000000178e+00 6.294593902561385068e-02
4.750000000000000000e+00 6.229981121956332246e-02
4.800000000000000711e+00 6.166547319106811115e-02
4.850000000000000533e+00 6.104272372994216933e-02
4.900000000000000355e+00 6.043135559433036180e-02
4.950000000000000178e+00 5.983115505969934661e-02
5.000000000000000000e+00 5.924190615592341003e-02
5.050000000000000711e+00 5.866338983925603601e-02
5.100000000000000533e+00 5.809538581543582936e-02
5.150000000000000355e+00 5.753767272354440299e-02
5.200000000000000178e+00 5.699002968419565607e-02
5.250000000000000000e+00 5.645223659205852312e-02
5.300000000000000711e+00 5.592407512780241813e-02
5.350000000000000533e+00 5.540532875077656960e-02
5.400000000000000355e+00 5.489578377227717632e-02
5.450000000000000178e+00 5.439522905324829793e-02
5.500000000000000000e+00 5.390345677391205487e-02
5.550000000000000711e+00 5.342026317010536290e-02
5.600000000000000533e+00 5.294544833625010327e-02
5.650000000000000355e+00 5.247881581226374048e-02
5.700000000000000178e+00 5.202017350140610702e-02
5.750000000000000000e+00 5.156933372679189248e-02
5.800000000000000711e+00 5.112611241405672774e-02
5.850000000000000533e+00 5.069033071697760795e-02
5.900000000000000355e+00 5.026181365545529661e-02
5.950000000000000178e+00 4.984039068048957272e-02
