0.000000000000000000e+00 -0.000000000000000000e+00
5.000000000000000278e-02 -2.398244312637257400e-10
1.000000000000000056e-01 -7.665893250598371378e-09
1.500000000000000222e-01 -5.810521859040932722e-08
2.000000000000000111e-01 -2.442178145402759524e-07
2.500000000000000000e-01 -7.427838393118097032e-07
3.000000000000000444e-01 -1.840614033256465464e-06
3.500000000000000333e-01 -3.958591694024031420e-06
4.000000000000000222e-01 -7.673331953614072681e-06
4.500000000000000111e-01 -1.373592274562465703e-05
5.000000000000000000e-01 -2.308719546974199004e-05
5.500000000000000444e-01 -3.686896344034132724e-05
6.000000000000000888e-01 -5.643068948557690212e-05
6.500000000000000222e-01 -8.333101867834546994e-05
7.000000000000000666e-01 -1.193337310018923500e-04
7.500000000000000000e-01 -1.663976641736859786e-04
8.000000000000000444e-01 -2.266602874676987896e-04
8.500000000000000888e-01 -3.024147102174547610e-04
9.000000000000000222e-01 -3.960800528412608155e-04
9.500000000000000666e-01 -5.101652483175925408e-04
1.000000000000000000e+00 -6.472265833112532353e-04
1.050000000000000044e+00 -8.098193808152508947e-04
1.100000000000000089e+00 -1.000444525154081535e-03
1.150000000000000133e+00 -1.221490675029047188e-03
1.200000000000000178e+00 -1.475173224863045047e-03
1.250000000000000000e+00 -1.763471265228452227e-03
1.300000000000000044e+00 -2.088063877727685050e-03
1.350000000000000089e+00 -2.450267451792297914e-03
1.400000000000000133e+00 -2.850975446465868566e-03
1.450000000000000178e+00 -3.290602422692414167e-03
1.500000000000000000e+00 -3.769033972076123781e-03
1.550000000000000044e+00 -4.285584189445139532e-03
1.600000000000000089e+00 -4.838962229809846971e-03
1.650000000000000133e+00 -5.427249340751545345e-03
1.700000000000000178e+00 -6.047887561621109916e-03
1.750000000000000000e+00 -6.697681035058329971e-03
1.800000000000000044e+00 -7.372810589964295773e-03
1.850000000000000089e+00 -8.068861935543654787e-03
1.900000000000000133e+00 -8.780867462203342799e-03
1.950000000000000178e+00 -9.503361268459867284e-03
2.000000000000000000e+00 -1.023044680385688625e-02
2.050000000000000266e+00 -1.095587575749836472e-02
2.100000000000000089e+00 -1.167313723097582537e-02
2.149999999999999911e+00 -1.237555486179261685e-02
2.200000000000000178e+00 -1.305639082020504035e-02
2.250000000000000000e+00 -1.370895337441868644e-02
2.300000000000000266e+00 -1.432670674207464634e-02
2.350000000000000089e+00 -1.490337975216395223e-02
2.400000000000000355e+00 -1.543307185134608697e-02
2.450000000000000178e+00 -1.591035331817749685e-02
2.500000000000000000e+00 -1.633035762405648031e-02
2.550000000000000266e+00 -1.668886383656301500e-02
2.600000000000000089e+00 -1.698236702701278952e-02
2.650000000000000355e+00 -1.720813521072396199e-02
2.700000000000000178e+00 -1.736425146731307087e-02
2.750000000000000000e+00 -1.744964038604597534e-02
2.800000000000000266e+00 -1.746407824287648722e-02
2.850000000000000089e+00 -1.740818704636083736e-02
2.900000000000000355e+00 -1.728341246364172024e-02
2.950000000000000178e+00 -1.709198660941908809e-02
3.000000000000000000e+00 -1.683687647788255012e-02
3.050000000000000266e+00 -1.652171998306632000e-02
3.100000000000000089e+00 -1.615075068530556768e-02
3.150000000000000355e+00 -1.572871329341731655e-02
3.200000000000000178e+00 -1.526077283095396940e-02
3.250000000000000000e+00 -1.475241845175765884e-02
3.300000000000000266e+00 -1.420936517270875339e-02
3.350000000000000089e+00 -1.363745541867287386e-02
3.400000000000000355e+00 -1.304256262982823357e-02
3.450000000000000178e+00 -1.243049908856441906e-02
3.500000000000000000e+00 -1.180692952633189720e-02
3.550000000000000266e+00 -1.117729277030108867e-02
3.600000000000000089e+00 -1.054673199035826431e-02
3.650000000000000355e+00 -9.920035309716497898e-03
3.700000000000000178e+00 -9.301587131787506305e-03
3.750000000000000000e+00 -8.695330744840053597e-03
3.800000000000000266e+00 -8.104742293251750856e-03
3.850000000000000089e+00 -7.532815920228551343e-03
3.900000000000000355e+00 -6.982059605155638803e-03
3.950000000000000178e+00 -6.454500935458095702e-03
4.000000000000000000e+00 -5.951702069350455621e-03
4.049999999999999822e+00 -5.474782255844939070e-03
4.100000000000000533e+00 -5.024447383098272317e-03
4.150000000000000355e+00 -4.601024672427361621e-03
4.200000000000000178e+00 -4.204501384680785735e-03
4.250000000000000000e+00 -3.834566127457415471e-03
4.299999999999999822e+00 -3.490651550644860001e-03
4.350000000000000533e+00 -3.171976931163330432e-03
4.400000000000000355e+00 -2.877590199128247494e-03
4.450000000000000178e+00 -2.606407249134334077e-03
4.500000000000000000e+00 -2.357249222033621153e-03
4.549999999999999822e+00 -2.128875975968230836e-03
4.600000000000000533e+00 -1.920015811401149354e-03
4.650000000000000355e+00 -1.729391057580240967e-03
4.700000000000000178e+00 -1.555739431621599783e-03
4.750000000000000000e+00 -1.397831122189371455e-03
4.800000000000000711e+00 -1.254482005262890290e-03
4.850000000000000533e+00 -1.124562967295042850e-03
4.900000000000000355e+00 -1.007005951697817828e-03
4.950000000000000178e+00 -9.008070842899891561e-04
5.000000000000000000e+00 -8.050273657735319485e-04
5.050000000000000711e+00 -7.187914830082995721e-04
5.100000000000000533e+00 -6.412851157601804231e-04
5.150000000000000355e+00 -5.717513454932107633e-04
5.200000000000000178e+00 -5.094865469846311667e-04
5.250000000000000000e+00 -4.538360214284960182e-04
5.300000000000000711e+00 -4.041899175918498900e-04
5.350000000000000533e+00 -3.599793906513416419e-04
5.400000000000000355e+00 -3.206733832265370901e-04
5.450000000000000178e+00 -2.857760090064234378e-04
5.500000000000000000e+00 -2.548246681359972779e-04
5.550000000000000711e+00 -2.273884284530931527e-04
5.600000000000000533e+00 -2.030676984279074400e-04
5.650000000000000355e+00 -1.814935736751627042e-04
5.700000000000000178e+00 -1.623278767019894402e-04
5.750000000000000000e+00 -1.452632308034049202e-04
5.800000000000000711e+00 -1.300231917727371202e-04
5.850000000000000533e+00 -1.163621708281813887e-04
5.900000000000000355e+00 -1.040651462062975035e-04
5.950000000000000178e+00 -9.294684984018803666e-05
6.000000000000000000e+00 -8.285085585245653998e-05
6.050000000000000711e+00 -7.364777926685728184e-05
6.100000000000000533e+00 -6.523335855591975421e-05
6.150000000000000355e+00 -5.752588060318322352e-05
6.200000000000000178e+00 -5.046336988112286960e-05
6.250000000000000000e+00 -4.400040856978508583e-05
6.300000000000000711e+00 -3.810491782832823871e-05
6.350000000000000533e+00 -3.275470094943610670e-05
6.400000000000000355e+00 -2.793416643664145037e-05
6.450000000000000178e+00 -2.363126133830881334e-05
6.500000000000000000e+00 -1.983468583883611183e-05
6.550000000000000711e+00 -1.653147129553719146e-05
6.600000000000000533e+00 -1.370508946735964626e-05
6.650000000000000355e+00 -1.133402820013487310e-05
6.700000000000000178e+00 -9.391122250348604665e-06
6.750000000000000000e+00 -7.843052278154833627e-06
6.800000000000000711e+00 -6.650758312366719840e-06
6.850000000000000533e+00 -5.770132822284917193e-06
6.900000000000000355e+00 -5.153148311140102073e-06
6.950000000000000178e+00 -4.749394106671834570e-06
7.000000000000000000e+00 -4.507560829768359621e-06
7.050000000000000711e+00 -4.377379880762667275e-06
7.100000000000000533e+00 -4.311288856548560494e-06
7.150000000000000355e+00 -4.266128785660010857e-06
7.200000000000000178e+00 -4.204551164820640916e-06
7.250000000000000000e+00 -4.096227857593844206e-06
7.300000000000000711e+00 -3.918692192957989085e-06
7.350000000000000533e+00 -3.657762095179733385e-06
7.400000000000000355e+00 -3.307579861560695578e-06
7.450000000000000178e+00 -2.870368582399989112e-06
7.500000000000000000e+00 -2.355583232738411241e-06
7.550000000000000711e+00 -1.778961835222628398e-06
7.600000000000000533e+00 -1.161203195759072008e-06
7.650000000000000355e+00 -5.264721910321825757e-07
7.700000000000000178e+00 9.920454094662522124e-08
7.750000000000000000e+00 6.895880312617195493e-07
7.800000000000000711e+00 1.219741086181535371e-06
7.850000000000000533e+00 1.667612485509014076e-06
7.900000000000000355e+00 2.015125704304612159e-06
7.950000000000000178e+00 2.249208461016288534e-06
8.000000000000000000e+00 2.362476578255155749e-06
8.050000000000000711e+00 2.353564960414793046e-06
8.099999999999999645e+00 2.227131567286682621e-06
8.150000000000000355e+00 1.993534403638141939e-06
8.200000000000001066e+00 1.668208286363565344e-06
8.250000000000000000e+00 1.270782947553920211e-06
8.300000000000000711e+00 8.239815534686175561e-07
8.349999999999999645e+00 3.524513117654696571e-07
8.400000000000000355e+00 -1.186279342708881716e-07
8.450000000000001066e+00 -5.647887179635079399e-07
8.500000000000000000e+00 -9.635237655799489407e-07
8.550000000000000711e+00 -1.295424780879539759e-06
8.599999999999999645e+00 -1.545056440493983470e-06
8.650000000000000355e+00 -1.701700428815546842e-06
8.700000000000001066e+00 -1.759734452838680036e-06
8.750000000000000000e+00 -1.718889827808064154e-06
8.800000000000000711e+00 -1.584038781453684148e-06
8.849999999999999645e+00 -1.364856235063157749e-06
8.900000000000000355e+00 -1.075188668564143498e-06
8.950000000000001066e+00 -7.322353300465979273e-07
9.000000000000000000e+00 -3.555593142751125312e-07
9.050000000000000711e+00 3.398100786413116484e-08
9.099999999999999645e+00 4.153540780150768621e-07
9.150000000000000355e+00 7.684569828400717636e-07
9.200000000000001066e+00 1.075143085009699161e-06
9.250000000000000000e+00 1.320123898348443887e-06
9.300000000000000711e+00 1.491701359532741799e-06
9.349999999999999645e+00 1.582291866249975313e-06
9.400000000000000355e+00 1.588751112712191912e-06
9.450000000000001066e+00 1.512398977517089803e-06
9.500000000000000000e+00 1.358870260101095852e-06
9.550000000000000711e+00 1.137750710411339384e-06
9.600000000000001421e+00 8.619595923471054456e-07
9.650000000000000355e+00 5.470244696642491095e-07
9.700000000000001066e+00 2.101208363233778497e-07
9.750000000000000000e+00 -1.306916408582736909e-07
9.800000000000000711e+00 -4.575496551412265280e-07
9.850000000000001421e+00 -7.536828770705066158e-07
9.900000000000000355e+00 -1.004265370156364206e-06
9.950000000000001066e+00 -1.197147847282688744e-06
1.000000000000000000e+01 -1.323435352103283411e-06
1.005000000000000071e+01 -1.377906378419277099e-06
1.010000000000000142e+01 -1.359122024656841963e-06
1.015000000000000036e+01 -1.269551891471282739e-06
1.020000000000000107e+01 -1.115280072952387608e-06
1.025000000000000000e+01 -9.056526264873456571e-07
1.030000000000000071e+01 -6.526961887681659781e-07
1.035000000000000142e+01 -3.704387447283292971e-07
1.040000000000000036e+01 -7.421366859716420211e-08
1.045000000000000107e+01 2.202522977797888788e-07
1.050000000000000000e+01 4.976382219735711529e-07
1.055000000000000071e+01 7.438019233464618508e-07
1.060000000000000142e+01 9.464999883926890483e-07
1.065000000000000036e+01 1.095987016211627884e-06
1.070000000000000107e+01 1.185491528775441187e-06
1.075000000000000000e+01 1.211436619122359750e-06
1.080000000000000071e+01 1.173679201455443606e-06
1.085000000000000142e+01 1.075372403426113538e-06
1.090000000000000036e+01 9.227601011781387395e-07
1.095000000000000107e+01 7.247943164132494348e-07
1.100000000000000000e+01 4.925868641735721373e-07
1.105000000000000071e+01 2.389263033249579091e-07
1.110000000000000142e+01 -2.262511921148113195e-08
1.115000000000000036e+01 -2.782881954907985798e-07
1.120000000000000107e+01 -5.148916156921825219e-07
1.125000000000000000e+01 -7.204574242199002948e-07
1.130000000000000071e+01 -8.848218469992346341e-07
1.135000000000000142e+01 -1.000173240922995592e-06
1.140000000000000036e+01 -1.061378538729488897e-06
1.145000000000000107e+01 -1.066209647691658312e-06
1.150000000000000000e+01 -1.015406937679300430e-06
1.155000000000000071e+01 -9.125878386567350183e-07
1.160000000000000142e+01 -7.640080739343914468e-07
1.165000000000000036e+01 -5.781905263224522811e-07
1.170000000000000107e+01 -3.654432966967855156e-07
1.175000000000000000e+01 -1.372938471526678016e-07
1.180000000000000071e+01 9.413002816486459247e-08
1.185000000000000142e+01 3.167184967711283563e-07
1.190000000000000036e+01 5.190791687197662067e-07
1.195000000000000107e+01 6.910322901681102683e-07
