0.000000000000000000e+00 7.362300524909780319e-02
5.000000000000000278e-02 7.369439691148277349e-02
1.000000000000000056e-01 7.390804081989292562e-02
1.500000000000000222e-01 7.426234585549443268e-02
2.000000000000000111e-01 7.475466726116856975e-02
2.500000000000000000e-01 7.538131739305949097e-02
3.000000000000000444e-01 7.613758061487931050e-02
3.500000000000000333e-01 7.701773348060535207e-02
4.000000000000000222e-01 7.801506830378419910e-02
4.500000000000000111e-01 7.912192269872173056e-02
5.000000000000000000e-01 8.032971376316401513e-02
5.500000000000000444e-01 8.162897784185257910e-02
6.000000000000000888e-01 8.300941456291184573e-02
6.500000000000000222e-01 8.445993785894162498e-02
7.000000000000000666e-01 8.596883470093032165e-02
7.500000000000000000e-01 8.752331979127721262e-02
8.000000000000000444e-01 8.911061952487719928e-02
8.500000000000000888e-01 9.071703327062285993e-02
9.000000000000000222e-01 9.232852230332266874e-02
9.500000000000000666e-01 9.393069574276505240e-02
1.000000000000000000e+00 9.550891440764996965e-02
1.050000000000000044e+00 9.704837325718081165e-02
1.100000000000000089e+00 9.853422773447033378e-02
1.150000000000000133e+00 9.995169639879053491e-02
1.200000000000000178e+00 1.012861795489955474e-01
1.250000000000000000e+00 1.025233795923907038e-01
1.300000000000000044e+00 1.036494247746009290e-01
1.350000000000000089e+00 1.046509937216884012e-01
1.400000000000000133e+00 1.055154404442055771e-01
1.450000000000000178e+00 1.062309179675216264e-01
1.500000000000000000e+00 1.067864990056814761e-01
1.550000000000000044e+00 1.071722920017941505e-01
1.600000000000000089e+00 1.073795505074089385e-01
1.650000000000000133e+00 1.074007746256302465e-01
1.700000000000000178e+00 1.072298020191194134e-01
1.750000000000000000e+00 1.068618886936004292e-01
1.800000000000000044e+00 1.062937686133094417e-01
1.850000000000000089e+00 1.055237138064508279e-01
1.900000000000000133e+00 1.045515619332309798e-01
1.950000000000000178e+00 1.033787350872607813e-01
2.000000000000000000e+00 1.020082366023249976e-01
2.050000000000000266e+00 1.004446361229682089e-01
2.100000000000000089e+00 9.869402205254472482e-02
2.149999999999999911e+00 9.676396499022744957e-02
2.200000000000000178e+00 9.466335634356999595e-02
2.250000000000000000e+00 9.240248036434833834e-02
2.300000000000000266e+00 8.999273707533726741e-02
2.350000000000000089e+00 8.744659909889868077e-02
2.400000000000000355e+00 8.477745914222500900e-02
2.450000000000000178e+00 8.199947481041863773e-02
2.500000000000000000e+00 7.912741741744948321e-02
2.550000000000000266e+00 7.617650393035992062e-02
2.600000000000000089e+00 7.316223080321314354e-02
2.650000000000000355e+00 7.010018435995073183e-02
2.700000000000000178e+00 6.700596301019325074e-02
2.750000000000000000e+00 6.389489517422895781e-02
2.800000000000000266e+00 6.078191322538668839e-02
2.850000000000000089e+00 5.768148697252985929e-02
2.900000000000000355e+00 5.460741935987380169e-02
2.950000000000000178e+00 5.157274442185667135e-02
3.000000000000000000e+00 4.858962351863565371e-02
3.050000000000000266e+00 4.566925503527726610e-02
3.100000000000000089e+00 4.282180316126488195e-02
3.150000000000000355e+00 4.005634288099951812e-02
3.200000000000000178e+00 3.738082198983797011e-02
3.250000000000000000e+00 3.480204527725827557e-02
3.300000000000000266e+00 3.232566440888750420e-02
3.350000000000000089e+00 2.995619770879234811e-02
3.400000000000000355e+00 2.769704987516108732e-02
3.450000000000000178e+00 2.555056037795047641e-02
3.500000000000000000e+00 2.351805142821450020e-02
3.550000000000000266e+00 2.159989137122136221e-02
3.600000000000000089e+00 1.979556654367176094e-02
3.650000000000000355e+00 1.810375621750611591e-02
3.700000000000000178e+00 1.652241774775847424e-02
3.750000000000000000e+00 1.504886954604459787e-02
3.800000000000000266e+00 1.367987084259423246e-02
3.850000000000000089e+00 1.241173700226037846e-02
3.900000000000000355e+00 1.124038355655673782e-02
3.950000000000000178e+00 1.016141527562356220e-02
4.000000000000000000e+00 9.170231092134779882e-03
4.049999999999999822e+00 8.262071361919172754e-03
4.100000000000000533e+00 7.432089034419627101e-03
4.150000000000000355e+00 6.675412366257558495e-03
4.200000000000000178e+00 5.987195627142937251e-03
4.250000000000000000e+00 5.362666895272649725e-03
4.299999999999999822e+00 4.797167708740266746e-03
4.350000000000000533e+00 4.286186959039949007e-03
4.400000000000000355e+00 3.825387409800199822e-03
4.450000000000000178e+00 3.410627329720503347e-03
4.500000000000000000e+00 3.037976072174004144e-03
4.549999999999999822e+00 2.703724849494070805e-03
4.600000000000000533e+00 2.404393169986065917e-03
4.650000000000000355e+00 2.136730738015687938e-03
4.700000000000000178e+00 1.897717442022365912e-03
4.750000000000000000e+00 1.684558579844362041e-03
4.800000000000000711e+00 1.494679027824399094e-03
4.850000000000000533e+00 1.325714986293402391e-03
4.900000000000000355e+00 1.175520172242143285e-03
4.950000000000000178e+00 1.042096655458651499e-03
5.000000000000000000e+00 9.236693814455657894e-04
5.050000000000000711e+00 8.186195557170338356e-04
5.100000000000000533e+00 7.254723687135976404e-04
5.150000000000000355e+00 6.429412979553775567e-04
5.200000000000000178e+00 5.698207402613912100e-04
5.250000000000000000e+00 5.050530876788867111e-04
5.300000000000000711e+00 4.476998054342011296e-04
5.350000000000000533e+00 3.969121143840778090e-04
5.400000000000000355e+00 3.519381443879120988e-04
5.450000000000000178e+00 3.121097778086487362e-04
5.500000000000000000e+00 2.768339812373638064e-04
5.550000000000000711e+00 2.455855245095379491e-04
5.600000000000000533e+00 2.178993061758605933e-04
5.650000000000000355e+00 1.933640314649120702e-04
5.700000000000000178e+00 1.716161785094787694e-04
5.750000000000000000e+00 1.523345419163753625e-04
5.800000000000000711e+00 1.352353427444673176e-04
5.850000000000000533e+00 1.200682353092498715e-04
5.900000000000000355e+00 1.066114921284478967e-04
5.950000000000000178e+00 9.466924773309461538e-05
6.000000000000000000e+00 8.406844369990099390e-05
6.050000000000000711e+00 7.465556582351165699e-05
6.100000000000000533e+00 6.629540743666318531e-05
6.150000000000000355e+00 5.886816925075191536e-05
6.200000000000000178e+00 5.226698123392863391e-05
6.250000000000000000e+00 4.639769605551280501e-05
6.300000000000000711e+00 4.117219691217422715e-05
6.350000000000000533e+00 3.652705954683274696e-05
6.400000000000000355e+00 3.239225026104516100e-05
6.450000000000000178e+00 2.871448833841944219e-05
6.500000000000000000e+00 2.543457753191834665e-05
6.550000000000000711e+00 2.251248396969003179e-05
6.600000000000000533e+00 1.990937561453324638e-05
6.650000000000000355e+00 1.759092324744185532e-05
6.700000000000000178e+00 1.552694874496278015e-05
6.750000000000000000e+00 1.369085569475467171e-05
6.800000000000000711e+00 1.205947723829942713e-05
6.850000000000000533e+00 1.061200370805042017e-05
6.900000000000000355e+00 9.329983876353078049e-06
6.950000000000000178e+00 8.196748070847059106e-06
