0.000000000000000000e+00 3.250711898911823328e-02
5.000000000000000278e-02 4.577122029838643497e-02
1.000000000000000056e-01 4.352777096533558265e-02
1.500000000000000222e-01 3.983432945330493691e-02
2.000000000000000111e-01 3.524076045397014217e-02
2.500000000000000000e-01 2.971936296815303261e-02
3.000000000000000444e-01 2.384236957624338848e-02
3.500000000000000333e-01 1.791537185993522657e-02
4.000000000000000222e-01 1.250735767754784789e-02
4.500000000000000111e-01 8.051311828581429395e-03
5.000000000000000000e-01 4.961057040580678194e-03
5.500000000000000444e-01 3.683687000581300792e-03
6.000000000000000888e-01 4.493511012252458976e-03
6.500000000000000222e-01 7.786101379755717457e-03
7.000000000000000666e-01 1.368793329632777764e-02
7.500000000000000000e-01 2.237443148106565277e-02
8.000000000000000444e-01 3.372393284368303129e-02
8.500000000000000888e-01 4.765691333723488105e-02
9.000000000000000222e-01 6.405278468231102862e-02
9.500000000000000666e-01 8.255995710499240692e-02
1.000000000000000000e+00 1.028102568582239806e-01
1.050000000000000044e+00 1.242919791555721909e-01
1.100000000000000089e+00 1.465869378305630355e-01
1.150000000000000133e+00 1.690527585080673356e-01
1.200000000000000178e+00 1.911578135169114956e-01
1.250000000000000000e+00 2.123700062265736210e-01
1.300000000000000044e+00 2.321258297488914824e-01
1.350000000000000089e+00 2.499134222295947561e-01
1.400000000000000133e+00 2.652830397896422387e-01
1.450000000000000178e+00 2.778501990488157491e-01
1.500000000000000000e+00 2.873065925365934081e-01
1.550000000000000044e+00 2.934450651769746066e-01
1.600000000000000089e+00 2.961125247496578239e-01
1.650000000000000133e+00 2.952870359708256731e-01
1.700000000000000178e+00 2.909774675753789563e-01
1.750000000000000000e+00 2.833599837524696241e-01
1.800000000000000044e+00 2.726054127925661708e-01
1.850000000000000089e+00 2.590039956300957402e-01
1.900000000000000133e+00 2.428861162778608862e-01
1.950000000000000178e+00 2.245927815069055644e-01
2.000000000000000000e+00 2.045623369029136995e-01
2.050000000000000266e+00 1.832089140310555753e-01
2.100000000000000089e+00 1.609473464946028498e-01
2.149999999999999911e+00 1.381992919980760681e-01
2.200000000000000178e+00 1.153844009405129295e-01
2.250000000000000000e+00 9.286815770797997305e-02
2.300000000000000266e+00 7.099924307623967090e-02
2.350000000000000089e+00 5.008110800571749510e-02
2.400000000000000355e+00 3.038813943353036590e-02
2.450000000000000178e+00 1.213143977492767318e-02
2.500000000000000000e+00 -4.538844312459593133e-03
2.550000000000000266e+00 -1.948386560238272308e-02
2.600000000000000089e+00 -3.263278244765061009e-02
2.650000000000000355e+00 -4.396812194697232584e-02
2.700000000000000178e+00 -5.348569726612871500e-02
2.750000000000000000e+00 -6.122961709077437420e-02
2.800000000000000266e+00 -6.728464955950516635e-02
2.850000000000000089e+00 -7.174275133732101184e-02
2.900000000000000355e+00 -7.471867365674517147e-02
2.950000000000000178e+00 -7.635241528375581732e-02
3.000000000000000000e+00 -7.678488033057027928e-02
3.050000000000000266e+00 -7.616378867913950468e-02
3.100000000000000089e+00 -7.463977697796499167e-02
3.150000000000000355e+00 -7.235692498328076538e-02
3.200000000000000178e+00 -6.945852638065533324e-02
3.250000000000000000e+00 -6.607983714577103651e-02
3.300000000000000266e+00 -6.234189310667710010e-02
3.350000000000000089e+00 -5.835910863135645998e-02
3.400000000000000355e+00 -5.423065099594805150e-02
3.450000000000000178e+00 -5.004525083569519306e-02
3.500000000000000000e+00 -4.587780393124738648e-02
3.550000000000000266e+00 -4.179198878639654724e-02
3.600000000000000089e+00 -3.783952562015132498e-02
3.650000000000000355e+00 -3.406022074227882390e-02
3.700000000000000178e+00 -3.048533639719137878e-02
3.750000000000000000e+00 -2.713639998171934326e-02
3.800000000000000266e+00 -2.402668809899564245e-02
3.850000000000000089e+00 -2.116277636517647012e-02
3.900000000000000355e+00 -1.854621143798687241e-02
3.950000000000000178e+00 -1.617271468324114891e-02
4.000000000000000000e+00 -1.403445782088841472e-02
4.049999999999999822e+00 -1.212138410521362321e-02
4.100000000000000533e+00 -1.041999032623903976e-02
4.150000000000000355e+00 -8.916381934779993995e-03
4.200000000000000178e+00 -7.595474286425483654e-03
4.250000000000000000e+00 -6.441362318909507265e-03
4.299999999999999822e+00 -5.438691550418802388e-03
4.350000000000000533e+00 -4.572342687623880651e-03
4.400000000000000355e+00 -3.827519245004772259e-03
4.450000000000000178e+00 -3.190545593748734567e-03
4.500000000000000000e+00 -2.648488775373866299e-03
4.549999999999999822e+00 -2.189437096080577762e-03
4.600000000000000533e+00 -1.802576649387367842e-03
4.650000000000000355e+00 -1.478071964729394533e-03
4.700000000000000178e+00 -1.207120377879994984e-03
4.750000000000000000e+00 -9.819298551225470826e-04
4.800000000000000711e+00 -7.956033355684822683e-04
4.850000000000000533e+00 -6.421107578130163217e-04
4.900000000000000355e+00 -5.162253860756964080e-04
4.950000000000000178e+00 -4.134218642428807359e-04
5.000000000000000000e+00 -3.298256969986336756e-04
5.050000000000000711e+00 -2.621328628992588726e-04
5.100000000000000533e+00 -2.075482602812947258e-04
5.150000000000000355e+00 -1.637138138738963194e-04
5.200000000000000178e+00 -1.286552958977194743e-04
5.250000000000000000e+00 -1.007301672565697793e-04
5.300000000000000711e+00 -7.857560143469253437e-05
5.350000000000000533e+00 -6.106866460712275912e-05
5.400000000000000355e+00 -4.728936834298408506e-05
5.450000000000000178e+00 -3.648623345252250706e-05
5.500000000000000000e+00 -2.804922038337585375e-05
5.550000000000000711e+00 -2.148575008960245883e-05
5.600000000000000533e+00 -1.639907193404769757e-05
5.650000000000000355e+00 -1.247195616373120764e-05
5.700000000000000178e+00 -9.451917158755621009e-06
5.750000000000000000e+00 -7.136552205353264985e-06
5.800000000000000711e+00 -5.374017581600098129e-06
5.850000000000000533e+00 -4.015323114232872338e-06
5.900000000000000355e+00 -3.053871612277418576e-06
5.950000000000000178e+00 -2.074069350807162856e-06
6.000000000000000000e+00 -2.029117183298187308e-06
6.050000000000000711e+00 -1.431534226387935411e-06
6.100000000000000533e+00 -1.009940168345386237e-06
6.150000000000000355e+00 -7.124991699041398132e-07
6.200000000000000178e+00 -5.026551460987812970e-07
6.250000000000000000e+00 -3.546137089341899652e-07
6.300000000000000711e+00 -2.501702056873905552e-07
6.350000000000000533e+00 -1.764872512629682553e-07
6.400000000000000355e+00 -1.245060892392515186e-07
6.450000000000000178e+00 -8.783408220562292296e-08
6.500000000000000000e+00 -6.196309587290591030e-08
6.550000000000000711e+00 -4.371221974478477612e-08
