0.000000000000000000e+00 -1.177704536842323557e-05
5.000000000000000278e-02 -1.715252356840466834e-07
1.000000000000000056e-01 -1.359682887716671983e-06
1.500000000000000222e-01 -4.897450793401133444e-06
2.000000000000000111e-01 -1.169684956449543823e-05
2.500000000000000000e-01 -2.279637402393693731e-05
3.000000000000000444e-01 -3.906949977418852697e-05
3.500000000000000333e-01 -6.129158041374239757e-05
4.000000000000000222e-01 -9.009622001822637481e-05
4.500000000000000111e-01 -1.259651192329163370e-04
5.000000000000000000e-01 -1.692128397861558089e-04
5.500000000000000444e-01 -2.199758504551343422e-04
6.000000000000000888e-01 -2.782067257372623044e-04
6.500000000000000222e-01 -3.436681691454652565e-04
7.000000000000000666e-01 -4.159330423038359479e-04
7.500000000000000000e-01 -4.943886952299060989e-04
8.000000000000000444e-01 -5.782428973705250807e-04
8.500000000000000888e-01 -6.665428351802516740e-04
9.000000000000000222e-01 -7.581671322881856348e-04
9.500000000000000666e-01 -8.518644904484820937e-04
1.000000000000000000e+00 -9.462760025021445601e-04
1.050000000000000044e+00 -1.039944836048273041e-03
1.100000000000000089e+00 -1.131367003334498569e-03
1.150000000000000133e+00 -1.218964726525781925e-03
1.200000000000000178e+00 -1.301187063284002694e-03
1.250000000000000000e+00 -1.376488463766811993e-03
1.300000000000000044e+00 -1.443380193782128548e-03
1.350000000000000089e+00 -1.500490652444529767e-03
1.400000000000000133e+00 -1.546462866584946564e-03
1.450000000000000178e+00 -1.580257958173839159e-03
1.500000000000000000e+00 -1.600812652613161930e-03
1.550000000000000044e+00 -1.607349015690240661e-03
1.600000000000000089e+00 -1.599297664881742503e-03
1.650000000000000133e+00 -1.576235796058565904e-03
1.700000000000000178e+00 -1.538164414882594493e-03
1.750000000000000000e+00 -1.485043571880074022e-03
1.800000000000000044e+00 -1.417262609174741762e-03
1.850000000000000089e+00 -1.335445464001530982e-03
1.900000000000000133e+00 -1.240356513193593925e-03
1.950000000000000178e+00 -1.133041252084696429e-03
2.000000000000000000e+00 -1.014642484542411681e-03
2.050000000000000266e+00 -8.866809602315572870e-04
2.100000000000000089e+00 -7.506096164446112405e-04
2.149999999999999911e+00 -6.080277546616958979e-04
2.200000000000000178e+00 -4.607917185797595519e-04
2.250000000000000000e+00 -3.107545923129671739e-04
2.300000000000000266e+00 -1.596200906921807006e-04
2.350000000000000089e+00 -9.324104774907155313e-06
2.400000000000000355e+00 1.383537443887708062e-04
2.450000000000000178e+00 2.817128370272879104e-04
2.500000000000000000e+00 4.190759802672314096e-04
2.550000000000000266e+00 5.490357987595963522e-04
2.600000000000000089e+00 6.701253423893277581e-04
2.650000000000000355e+00 7.811517850695770581e-04
2.700000000000000178e+00 8.812553501716920493e-04
2.750000000000000000e+00 9.695491026037965495e-04
2.800000000000000266e+00 1.045324314080266388e-03
2.850000000000000089e+00 1.108399870864902256e-03
2.900000000000000355e+00 1.158419512943097878e-03
2.950000000000000178e+00 1.195475611230056466e-03
3.000000000000000000e+00 1.219732687675556104e-03
3.050000000000000266e+00 1.231566871175839495e-03
3.100000000000000089e+00 1.231555555247152356e-03
3.150000000000000355e+00 1.220366650524224404e-03
3.200000000000000178e+00 1.198785350525379293e-03
3.250000000000000000e+00 1.167748459189883736e-03
3.300000000000000266e+00 1.128232421649082683e-03
3.350000000000000089e+00 1.081281825311760248e-03
3.400000000000000355e+00 1.028022344987082051e-03
3.450000000000000178e+00 9.694633129566464355e-04
3.500000000000000000e+00 9.067970134700254273e-04
3.550000000000000266e+00 8.410199361057211836e-04
3.600000000000000089e+00 7.731453778408080508e-04
3.650000000000000355e+00 7.041585519855055649e-04
3.700000000000000178e+00 6.349624186401768696e-04
3.750000000000000000e+00 5.663350578103715661e-04
3.800000000000000266e+00 4.990242445784976843e-04
3.850000000000000089e+00 4.337016331799216752e-04
3.900000000000000355e+00 3.708367620408582971e-04
3.950000000000000178e+00 3.109448732625966845e-04
4.000000000000000000e+00 2.543807422952099051e-04
4.049999999999999822e+00 2.013395816237171024e-04
4.100000000000000533e+00 1.521543041728064835e-04
4.150000000000000355e+00 1.068352853198305225e-04
4.200000000000000178e+00 6.542048800886481172e-05
4.250000000000000000e+00 2.797990472989257376e-05
4.299999999999999822e+00 -5.600488953444544118e-06
4.350000000000000533e+00 -3.546595277701982383e-05
4.400000000000000355e+00 -6.170486705822978389e-05
4.450000000000000178e+00 -8.453292040031551587e-05
4.500000000000000000e+00 -1.041311954982463583e-04
4.549999999999999822e+00 -1.207124841087510577e-04
4.600000000000000533e+00 -1.345113953144931357e-04
4.650000000000000355e+00 -1.457465051918091048e-04
4.700000000000000178e+00 -1.546314204493817084e-04
4.750000000000000000e+00 -1.614174770268877882e-04
4.800000000000000711e+00 -1.663159904920945623e-04
4.850000000000000533e+00 -1.695138747431207535e-04
4.900000000000000355e+00 -1.712282349087592683e-04
4.950000000000000178e+00 -1.716345464645334992e-04
5.000000000000000000e+00 -1.709043117789632853e-04
5.050000000000000711e+00 -1.691872407649095604e-04
5.100000000000000533e+00 -1.666520019109163744e-04
5.150000000000000355e+00 -1.634227287543656181e-04
5.200000000000000178e+00 -1.596090476043678585e-04
5.250000000000000000e+00 -1.553388754085051619e-04
5.300000000000000711e+00 -1.507041395240578201e-04
5.350000000000000533e+00 -1.457908978677249648e-04
5.400000000000000355e+00 -1.406822332010396344e-04
5.450000000000000178e+00 -1.354465613254567146e-04
5.500000000000000000e+00 -1.301424216768405282e-04
5.550000000000000711e+00 -1.248285471006614102e-04
5.600000000000000533e+00 -1.195425531591427873e-04
5.650000000000000355e+00 -1.143244515525877731e-04
5.700000000000000178e+00 -1.092067072137446087e-04
5.750000000000000000e+00 -1.042105300587847403e-04
5.800000000000000711e+00 -9.936009491729105175e-05
5.850000000000000533e+00 -9.466954810945976738e-05
5.900000000000000355e+00 -9.014195667222957026e-05
5.950000000000000178e+00 -8.579249766590214864e-05
6.000000000000000000e+00 -8.161796773732224474e-05
6.050000000000000711e+00 -7.761876400383202902e-05
6.100000000000000533e+00 -7.379565641501832272e-05
6.150000000000000355e+00 -7.013967159230169598e-05
6.200000000000000178e+00 -6.664713357239002004e-05
6.250000000000000000e+00 -6.331440204764628458e-05
6.300000000000000711e+00 -6.013074890533178022e-05
6.350000000000000533e+00 -5.709213759595526788e-05
6.400000000000000355e+00 -5.419286465027187160e-05
6.450000000000000178e+00 -5.142470194374248527e-05
6.500000000000000000e+00 -4.878285705753234716e-05
6.550000000000000711e+00 -4.626694820808931066e-05
6.600000000000000533e+00 -4.386688158368919077e-05
6.650000000000000355e+00 -4.158247921549087345e-05
6.700000000000000178e+00 -3.941027852711253085e-05
6.750000000000000000e+00 -3.734555249894630838e-05
6.800000000000000711e+00 -3.538874434110574052e-05
6.850000000000000533e+00 -3.353568734543999459e-05
6.900000000000000355e+00 -3.178299842788945230e-05
6.950000000000000178e+00 -3.012878162630198197e-05
7.000000000000000000e+00 -2.856946550922948827e-05
7.050000000000000711e+00 -2.710011478987505885e-05
7.100000000000000533e+00 -2.571916149153066056e-05
7.150000000000000355e+00 -2.441922197199879340e-05
7.200000000000000178e+00 -2.319682096834604877e-05
7.250000000000000000e+00 -2.204558744966739165e-05
7.300000000000000711e+00 -2.096164257314561718e-05
7.350000000000000533e+00 -1.993830355000037664e-05
7.400000000000000355e+00 -1.896990223547513382e-05
7.450000000000000178e+00 -1.805230046573058311e-05
7.500000000000000000e+00 -1.718027400535951393e-05
7.550000000000000711e+00 -1.634925016789212101e-05
7.600000000000000533e+00 -1.555541469336168731e-05
7.650000000000000355e+00 -1.479576585449983317e-05
7.700000000000000178e+00 -1.406811970087043978e-05
7.750000000000000000e+00 -1.337031772151247434e-05
7.800000000000000711e+00 -1.270080002562932684e-05
7.850000000000000533e+00 -1.205931246787487694e-05
7.900000000000000355e+00 -1.144564032161771931e-05
7.950000000000000178e+00 -1.085952445455287782e-05
8.000000000000000000e+00 -1.030183712406497651e-05
8.050000000000000711e+00 -9.771914764574656130e-06
8.099999999999999645e+00 -9.271119633081227512e-06
8.150000000000000355e+00 -8.799451336035204237e-06
8.200000000000001066e+00 -8.356579378455740263e-06
8.250000000000000000e+00 -7.942611530338728569e-06
8.300000000000000711e+00 -7.556305515397622432e-06
8.349999999999999645e+00 -7.196611246122294808e-06
8.400000000000000355e+00 -6.862467143629586751e-06
8.450000000000001066e+00 -6.551660804716611052e-06
8.500000000000000000e+00 -6.262352092314492985e-06
8.550000000000000711e+00 -5.992143141687434456e-06
8.599999999999999645e+00 -5.738640331858186118e-06
8.650000000000000355e+00 -5.499382113624460683e-06
8.700000000000001066e+00 -5.271915937524222742e-06
8.750000000000000000e+00 -5.054530471710286836e-06
8.800000000000000711e+00 -4.845285575010016893e-06
8.849999999999999645e+00 -4.641974130478349735e-06
8.900000000000000355e+00 -4.444160883594838449e-06
8.950000000000001066e+00 -4.250735685805172132e-06
9.000000000000000000e+00 -4.061305014748873853e-06
9.050000000000000711e+00 -3.876108963309913733e-06
9.099999999999999645e+00 -3.695394425957760286e-06
9.150000000000000355e+00 -3.519531572294702352e-06
9.200000000000001066e+00 -3.349579017392440200e-06
9.250000000000000000e+00 -3.186396506890596199e-06
9.300000000000000711e+00 -3.030766281160850533e-06
9.349999999999999645e+00 -2.883823351189400727e-06
9.400000000000000355e+00 -2.746113607859674251e-06
9.450000000000001066e+00 -2.618163453599647729e-06
9.500000000000000000e+00 -2.500340925042123082e-06
9.550000000000000711e+00 -2.392655971799863835e-06
9.600000000000001421e+00 -2.294669975378520239e-06
9.650000000000000355e+00 -2.206075208113741490e-06
9.700000000000001066e+00 -2.125703394350170686e-06
9.750000000000000000e+00 -2.052597898755756937e-06
9.800000000000000711e+00 -1.985625742247467120e-06
9.850000000000001421e+00 -1.923427807021926557e-06
9.900000000000000355e+00 -1.864593263514837134e-06
9.950000000000001066e+00 -1.807867377282176337e-06
1.000000000000000000e+01 -1.752124411220896513e-06
1.005000000000000071e+01 -1.696238192614818871e-06
1.010000000000000142e+01 -1.639585479376453302e-06
1.015000000000000036e+01 -1.581568683177757309e-06
1.020000000000000107e+01 -1.521994508933520073e-06
1.025000000000000000e+01 -1.460836847490668181e-06
1.030000000000000071e+01 -1.398443145277249918e-06
1.035000000000000142e+01 -1.335322015237403720e-06
1.040000000000000036e+01 -1.272189271039792775e-06
1.045000000000000107e+01 -1.209940144796489631e-06
1.050000000000000000e+01 -1.149315112734040368e-06
1.055000000000000071e+01 -1.091344562125385555e-06
1.060000000000000142e+01 -1.036788280445625532e-06
1.065000000000000036e+01 -9.864021237916092160e-07
1.070000000000000107e+01 -9.407206557387748468e-07
1.075000000000000000e+01 -9.001297935446823573e-07
1.080000000000000071e+01 -8.646832753383824158e-07
1.085000000000000142e+01 -8.343114276210863256e-07
1.090000000000000036e+01 -8.086906110001207189e-07
1.095000000000000107e+01 -7.872142330325480042e-07
1.100000000000000000e+01 -7.693036881916954385e-07
1.105000000000000071e+01 -7.540216586139417660e-07
1.110000000000000142e+01 -7.404626385221274554e-07
1.115000000000000036e+01 -7.277574249246934534e-07
1.120000000000000107e+01 -7.149922703555251929e-07
1.125000000000000000e+01 -7.013523622901543741e-07
1.130000000000000071e+01 -6.862081867450452429e-07
1.135000000000000142e+01 -6.690118140377087909e-07
1.140000000000000036e+01 -6.494819589538454680e-07
1.145000000000000107e+01 -6.275424872836548054e-07
1.150000000000000000e+01 -6.032908840727227299e-07
1.155000000000000071e+01 -5.770380199878901834e-07
1.160000000000000142e+01 -5.492551665144396079e-07
1.165000000000000036e+01 -5.205497564547266740e-07
1.170000000000000107e+01 -4.916157830993598830e-07
1.175000000000000000e+01 -4.632149241715542924e-07
1.180000000000000071e+01 -4.360807446801031055e-07
1.185000000000000142e+01 -4.108912357804207694e-07
1.190000000000000036e+01 -3.882220740268688620e-07
1.195000000000000107e+01 -3.685372395162550206e-07
1.200000000000000000e+01 -3.521173128786092198e-07
1.205000000000000071e+01 -3.390966975358429901e-07
1.210000000000000142e+01 -3.293893426751265076e-07
1.215000000000000036e+01 -3.227428137864449752e-07
1.220000000000000107e+01 -3.187499431125796491e-07
1.225000000000000000e+01 -3.168878560527491146e-07
1.230000000000000071e+01 -3.165123381663097616e-07
1.235000000000000142e+01 -3.169215749102208115e-07
1.240000000000000036e+01 -3.174361402987833442e-07
1.245000000000000107e+01 -3.173597459616130055e-07
1.250000000000000000e+01 -3.160952755137638546e-07
1.255000000000000071e+01 -3.131612870277481009e-07
1.260000000000000142e+01 -3.081781217366264484e-07
1.265000000000000036e+01 -3.009581046363541157e-07
1.270000000000000107e+01 -2.914462860038012256e-07
1.275000000000000000e+01 -2.797723573838535703e-07
1.280000000000000071e+01 -2.662023924518771844e-07
1.285000000000000142e+01 -2.511576758429629180e-07
1.290000000000000036e+01 -2.351350288827547782e-07
1.295000000000000107e+01 -2.187152483123779784e-07
1.300000000000000000e+01 -2.025072670958927758e-07
1.305000000000000071e+01 -1.871105986479865951e-07
1.310000000000000142e+01 -1.730674924777188351e-07
1.315000000000000036e+01 -1.608666781972212493e-07
