0.000000000000000000e+00 0.000000000000000000e+00
5.000000000000000278e-02 -2.176236761254422548e-05
1.000000000000000056e-01 -4.357229081421203553e-05
1.500000000000000222e-01 -6.547518925405329841e-05
2.000000000000000111e-01 -8.751225669198785424e-05
2.500000000000000000e-01 -1.097184620937489486e-04
3.000000000000000444e-01 -1.321206849655890791e-04
3.500000000000000333e-01 -1.547360253854608407e-04
4.000000000000000222e-01 -1.775703256216539579e-04
4.500000000000000111e-01 -2.006169359093915765e-04
5.000000000000000000e-01 -2.238557519679847238e-04
5.500000000000000444e-01 -2.472525462869198856e-04
6.000000000000000888e-01 -2.707586092015914743e-04
6.500000000000000222e-01 -2.943107094408293177e-04
7.000000000000000666e-01 -3.178313772886220837e-04
7.500000000000000000e-01 -3.412295068958964275e-04
8.000000000000000444e-01 -3.644012677411408185e-04
8.500000000000000888e-01 -3.872313089064867409e-04
9.000000000000000222e-01 -4.095942338402724448e-04
9.500000000000000666e-01 -4.313563177433377529e-04
1.000000000000000000e+00 -4.523774347602959158e-04
1.050000000000000044e+00 -4.725131578830487917e-04
1.100000000000000089e+00 -4.916169909719138526e-04
1.150000000000000133e+00 -5.095426896437699150e-04
1.200000000000000178e+00 -5.261466260224849497e-04
1.250000000000000000e+00 -5.412901515309868038e-04
1.300000000000000044e+00 -5.548419120427974414e-04
1.350000000000000089e+00 -5.666800707987962576e-04
1.400000000000000133e+00 -5.766943965066297128e-04
1.450000000000000178e+00 -5.847881769291738254e-04
1.500000000000000000e+00 -5.908799138176399311e-04
1.550000000000000044e+00 -5.949048163357808150e-04
1.600000000000000089e+00 -5.968159451781170858e-04
1.650000000000000133e+00 -5.965851474829692589e-04
1.700000000000000178e+00 -5.942036472720343271e-04
1.750000000000000000e+00 -5.896823305332939960e-04
1.800000000000000044e+00 -5.830517145272342671e-04
1.850000000000000089e+00 -5.743616051336334271e-04
1.900000000000000133e+00 -5.636804521754151635e-04
1.950000000000000178e+00 -5.510944184718913818e-04
2.000000000000000000e+00 -5.367061837597572691e-04
2.050000000000000266e+00 -5.206335094615396333e-04
2.100000000000000089e+00 -5.030075944771465225e-04
2.149999999999999911e+00 -4.839712556407192376e-04
2.200000000000000178e+00 -4.636769691568217952e-04
2.250000000000000000e+00 -4.422848111619049347e-04
2.300000000000000266e+00 -4.199603365248820550e-04
2.350000000000000089e+00 -3.968724351019237194e-04
2.400000000000000355e+00 -3.731912039138122529e-04
2.450000000000000178e+00 -3.490858721585204352e-04
2.500000000000000000e+00 -3.247228136652338215e-04
2.550000000000000266e+00 -3.002636784143120812e-04
2.600000000000000089e+00 -2.758636711810455813e-04
2.650000000000000355e+00 -2.516700013121661497e-04
2.700000000000000178e+00 -2.278205232248134351e-04
2.750000000000000000e+00 -2.044425825459576720e-04
2.800000000000000266e+00 -1.816520780068446106e-04
2.850000000000000089e+00 -1.595527443918821528e-04
2.900000000000000355e+00 -1.382356571307833347e-04
2.950000000000000178e+00 -1.177789546260272580e-04
3.000000000000000000e+00 -9.824777022441613054e-05
3.050000000000000266e+00 -7.969436195924602269e-05
3.100000000000000089e+00 -6.215842488172546184e-05
3.150000000000000355e+00 -4.566756802452016939e-05
3.200000000000000178e+00 -3.023793583770892685e-05
3.250000000000000000e+00 -1.587495233183128791e-05
3.300000000000000266e+00 -2.574165160785615111e-06
3.350000000000000089e+00 9.677833530873636755e-06
3.400000000000000355e+00 2.090243251171351415e-05
3.450000000000000178e+00 3.112799544530572919e-05
3.500000000000000000e+00 4.038884461232798039e-05
3.550000000000000266e+00 4.872425395579445961e-05
3.600000000000000089e+00 5.617746910886727170e-05
3.650000000000000355e+00 6.279476987231181117e-05
3.700000000000000178e+00 6.862458822548905498e-05
3.750000000000000000e+00 7.371669245921955941e-05
3.800000000000000266e+00 7.812144548719488282e-05
3.850000000000000089e+00 8.188914289679347991e-05
3.900000000000000355e+00 8.506943390585502084e-05
3.950000000000000178e+00 8.771082615690070194e-05
4.000000000000000000e+00 8.986027325298432344e-05
4.049999999999999822e+00 9.156284215818754843e-05
4.100000000000000533e+00 9.286145607845054987e-05
4.150000000000000355e+00 9.379670722186588959e-05
4.200000000000000178e+00 9.440673291811200107e-05
4.250000000000000000e+00 9.472714795072486227e-05
4.299999999999999822e+00 9.479102561068312408e-05
4.350000000000000533e+00 9.462891989462884315e-05
4.400000000000000355e+00 9.426892141868600610e-05
4.450000000000000178e+00 9.373673996687600680e-05
4.500000000000000000e+00 9.305580710561370250e-05
4.549999999999999822e+00 9.224738688243084932e-05
4.600000000000000533e+00 9.133072594167098769e-05
4.650000000000000355e+00 9.032314674526656861e-05
4.700000000000000178e+00 8.924020351501930979e-05
4.750000000000000000e+00 8.809580506401591573e-05
4.800000000000000711e+00 8.690233980836334848e-05
4.850000000000000533e+00 8.567079524019702861e-05
4.900000000000000355e+00 8.441087100028171893e-05
4.950000000000000178e+00 8.313108518100462531e-05
5.000000000000000000e+00 8.183887388277611764e-05
5.050000000000000711e+00 8.054068433782270847e-05
5.100000000000000533e+00 7.924206210876227712e-05
5.150000000000000355e+00 7.794773297288773851e-05
5.200000000000000178e+00 7.666168012770299364e-05
5.250000000000000000e+00 7.538721731233421271e-05
5.300000000000000711e+00 7.412705834791885314e-05
5.350000000000000533e+00 7.288338347357647420e-05
5.400000000000000355e+00 7.165790270859307863e-05
5.450000000000000178e+00 7.045191632061135491e-05
5.500000000000000000e+00 6.926637233701490913e-05
5.550000000000000711e+00 6.810192091336289186e-05
5.600000000000000533e+00 6.695896527730741765e-05
5.650000000000000355e+00 6.583770890487165362e-05
5.700000000000000178e+00 6.473819856152106906e-05
5.750000000000000000e+00 6.366036285367554287e-05
5.800000000000000711e+00 6.260404598525705084e-05
5.850000000000000533e+00 6.156903649442239924e-05
5.900000000000000355e+00 6.055509085188406584e-05
5.950000000000000178e+00 5.956195192692167545e-05
6.000000000000000000e+00 5.858936246223834886e-05
6.050000000000000711e+00 5.763707383580493967e-05
6.100000000000000533e+00 5.670485051849323755e-05
6.150000000000000355e+00 5.579247075299822545e-05
6.200000000000000178e+00 5.489972407566278117e-05
6.250000000000000000e+00 5.402640637308011841e-05
6.300000000000000711e+00 5.317231320605738797e-05
6.350000000000000533e+00 5.233723214270857697e-05
6.400000000000000355e+00 5.152093481989015219e-05
6.450000000000000178e+00 5.072316939939997281e-05
6.500000000000000000e+00 4.994365400539999944e-05
6.550000000000000711e+00 4.918207162681943642e-05
6.600000000000000533e+00 4.843806684855331035e-05
6.650000000000000355e+00 4.771124464434561868e-05
6.700000000000000178e+00 4.700117132899223223e-05
6.750000000000000000e+00 4.630737763461878872e-05
6.800000000000000711e+00 4.562936375167449238e-05
6.850000000000000533e+00 4.496660606570776822e-05
6.900000000000000355e+00 4.431856523081143364e-05
6.950000000000000178e+00 4.368469515359961805e-05
7.000000000000000000e+00 4.306445242015454172e-05
7.050000000000000711e+00 4.245730568366657472e-05
7.100000000000000533e+00 4.186274454219841563e-05
7.150000000000000355e+00 4.128028747253149498e-05
7.200000000000000178e+00 4.070948844459789816e-05
7.250000000000000000e+00 4.014994191774478785e-05
7.300000000000000711e+00 3.960128601039896064e-05
7.350000000000000533e+00 3.906320373345486570e-05
7.400000000000000355e+00 3.853542227948561965e-05
7.450000000000000178e+00 3.801771045929240188e-05
7.500000000000000000e+00 3.750987446927709013e-05
7.550000000000000711e+00 3.701175225310024695e-05
7.600000000000000533e+00 3.652320678529276247e-05
7.650000000000000355e+00 3.604411865005999438e-05
7.700000000000000178e+00 3.557437831364789366e-05
7.750000000000000000e+00 3.511387849260687338e-05
7.800000000000000711e+00 3.466250700350219805e-05
7.850000000000000533e+00 3.422014044351232346e-05
7.900000000000000355e+00 3.378663899833537636e-05
7.950000000000000178e+00 3.336184260707641226e-05
