0.000000000000000000e+00 -0.000000000000000000e+00
5.000000000000000278e-02 -1.316866136172832320e-04
1.000000000000000056e-01 -2.661272890024638416e-04
1.500000000000000222e-01 -4.060073184439685185e-04
2.000000000000000111e-01 -5.538760474158674774e-04
2.500000000000000000e-01 -7.120827921005481878e-04
3.000000000000000444e-01 -8.827171079341956375e-04
3.500000000000000333e-01 -1.067555047914394654e-03
4.000000000000000222e-01 -1.268012423133931107e-03
4.500000000000000111e-01 -1.485106035242754387e-03
5.000000000000000000e-01 -1.719423930247886189e-03
5.500000000000000444e-01 -1.971104992037713693e-03
6.000000000000000888e-01 -2.239828745060091879e-03
6.500000000000000222e-01 -2.524814998267533965e-03
7.000000000000000666e-01 -2.824833667917392519e-03
7.500000000000000000e-01 -3.138224337314795241e-03
8.000000000000000444e-01 -3.462925095190830856e-03
8.500000000000000888e-01 -3.796509802665524753e-03
9.000000000000000222e-01 -4.136233235832388784e-03
9.500000000000000666e-01 -4.479082579363125732e-03
1.000000000000000000e+00 -4.821834422942987593e-03
1.050000000000000044e+00 -5.161115818676624729e-03
1.100000000000000089e+00 -5.493468048287270498e-03
1.150000000000000133e+00 -5.815411686589107981e-03
1.200000000000000178e+00 -6.123511542813674102e-03
1.250000000000000000e+00 -6.414440090031278859e-03
1.300000000000000044e+00 -6.685038052436541138e-03
1.350000000000000089e+00 -6.932370923497854776e-03
1.400000000000000133e+00 -7.153780260272064526e-03
1.450000000000000178e+00 -7.346928818267770347e-03
1.500000000000000000e+00 -7.509838749299362591e-03
1.550000000000000044e+00 -7.640922003378863674e-03
1.600000000000000089e+00 -7.739002858669514866e-03
1.650000000000000133e+00 -7.803331922504391609e-03
1.700000000000000178e+00 -7.833591829671809545e-03
1.750000000000000000e+00 -7.829894619512162493e-03
1.800000000000000044e+00 -7.792771079765395230e-03
1.850000000000000089e+00 -7.723152675104352251e-03
1.900000000000000133e+00 -7.622346453112640620e-03
1.950000000000000178e+00 -7.492003978768860782e-03
2.000000000000000000e+00 -7.334084738191742371e-03
2.050000000000000266e+00 -7.150815449459721647e-03
2.100000000000000089e+00 -6.944645920344872519e-03
2.149999999999999911e+00 -6.718202639358546516e-03
2.200000000000000178e+00 -6.474241122985199652e-03
2.250000000000000000e+00 -6.215598028443096099e-03
2.300000000000000266e+00 -5.945144067266232811e-03
2.350000000000000089e+00 -5.665738581405233877e-03
2.400000000000000355e+00 -5.380186616562034410e-03
2.450000000000000178e+00 -5.091199369658597380e-03
2.500000000000000000e+00 -4.801358449960078240e-03
2.550000000000000266e+00 -4.513084540727313292e-03
2.600000000000000089e+00 -4.228610985685217309e-03
2.650000000000000355e+00 -3.949962328553259690e-03
2.700000000000000178e+00 -3.678937931451637354e-03
2.750000000000000000e+00 -3.417101114528751579e-03
2.800000000000000266e+00 -3.165773018348419770e-03
2.850000000000000089e+00 -2.926031493437408499e-03
2.900000000000000355e+00 -2.698714490326957049e-03
2.950000000000000178e+00 -2.484427579909366177e-03
3.000000000000000000e+00 -2.283555185465679319e-03
3.050000000000000266e+00 -2.096274884645828781e-03
3.100000000000000089e+00 -1.922574427989854088e-03
3.150000000000000355e+00 -1.762270701192711559e-03
3.200000000000000178e+00 -1.615030210286663454e-03
3.250000000000000000e+00 -1.480390443760981568e-03
3.300000000000000266e+00 -1.357781605355621061e-03
3.350000000000000089e+00 -1.246548211144118349e-03
3.400000000000000355e+00 -1.145970095844121329e-03
3.450000000000000178e+00 -1.055282427216464296e-03
3.500000000000000000e+00 -9.736943872124902534e-04
3.550000000000000266e+00 -9.004062313315599987e-04
3.600000000000000089e+00 -8.346245791807236280e-04
3.650000000000000355e+00 -7.755756243905115440e-04
3.700000000000000178e+00 -7.225164009251001723e-04
3.750000000000000000e+00 -6.747439148473733132e-04
3.800000000000000266e+00 -6.316022388744449521e-04
3.850000000000000089e+00 -5.924876375747019580e-04
3.900000000000000355e+00 -5.568518439590501318e-04
3.950000000000000178e+00 -5.242036424307812024e-04
4.000000000000000000e+00 -4.941089394642813725e-04
4.049999999999999822e+00 -4.661895219406499797e-04
4.100000000000000533e+00 -4.401207139799417456e-04
4.150000000000000355e+00 -4.156281442359109472e-04
4.200000000000000178e+00 -3.924838494219516703e-04
4.250000000000000000e+00 -3.705018844717822410e-04
4.299999999999999822e+00 -3.495336674088460327e-04
4.350000000000000533e+00 -3.294632040631053889e-04
4.400000000000000355e+00 -3.102023521951994731e-04
4.450000000000000178e+00 -2.916862512712001753e-04
4.500000000000000000e+00 -2.738690215111990074e-04
4.549999999999999822e+00 -2.567198117457259007e-04
4.600000000000000533e+00 -2.402192609406558137e-04
4.650000000000000355e+00 -2.243563548306647603e-04
4.700000000000000178e+00 -2.091258230849383690e-04
4.750000000000000000e+00 -1.945258819825747818e-04
4.800000000000000711e+00 -1.805565328613710594e-04
4.850000000000000533e+00 -1.672180867448957010e-04
4.900000000000000355e+00 -1.545102154081273531e-04
4.950000000000000178e+00 -1.424312328539385428e-04
5.000000000000000000e+00 -1.309776588928772737e-04
5.050000000000000711e+00 -1.201439980181645485e-04
5.100000000000000533e+00 -1.099226850944088517e-04
5.150000000000000355e+00 -1.003041526236939909e-04
5.200000000000000178e+00 -9.127697903248259165e-05
5.250000000000000000e+00 -8.282808312711094877e-05
5.300000000000000711e+00 -7.494293619119737481e-05
5.350000000000000533e+00 -6.760576976437495007e-05
5.400000000000000355e+00 -6.079976725334006329e-05
5.450000000000000178e+00 -5.450720888161225491e-05
5.500000000000000000e+00 -4.870961640476650733e-05
5.550000000000000711e+00 -4.338783393842354861e-05
5.600000000000000533e+00 -3.852208853006710166e-05
5.650000000000000355e+00 -3.409205796114097122e-05
5.700000000000000178e+00 -3.007686312771664635e-05
5.750000000000000000e+00 -2.645511760950641306e-05
5.800000000000000711e+00 -2.320495213826324215e-05
5.850000000000000533e+00 -2.030405784070678343e-05
5.900000000000000355e+00 -1.772974882339506508e-05
5.950000000000000178e+00 -1.545904857856817568e-05
6.000000000000000000e+00 -1.346880247720406050e-05
6.050000000000000711e+00 -1.173581632356848231e-05
6.100000000000000533e+00 -1.023701873245866089e-05
6.150000000000000355e+00 -8.949643095218525168e-06
6.200000000000000178e+00 -7.851423238068152831e-06
6.250000000000000000e+00 -6.920795632518706159e-06
6.300000000000000711e+00 -6.137100248245017961e-06
6.350000000000000533e+00 -5.480771868227907047e-06
6.400000000000000355e+00 -4.933513908592367746e-06
6.450000000000000178e+00 -4.478447468173726461e-06
6.500000000000000000e+00 -4.100229418239569639e-06
6.550000000000000711e+00 -3.785134754581472925e-06
6.600000000000000533e+00 -3.521100081912400836e-06
6.650000000000000355e+00 -3.297726885406495564e-06
6.700000000000000178e+00 -3.106245064911997410e-06
6.750000000000000000e+00 -2.939438965338017782e-06
6.800000000000000711e+00 -2.791539741355642805e-06
6.850000000000000533e+00 -2.658089267437059408e-06
6.900000000000000355e+00 -2.535781882705218519e-06
6.950000000000000178e+00 -2.422290999412436162e-06
7.000000000000000000e+00 -2.316087979141908363e-06
7.050000000000000711e+00 -2.216260686801536023e-06
7.100000000000000533e+00 -2.122338783261362356e-06
7.150000000000000355e+00 -2.034132144661504210e-06
7.200000000000000178e+00 -1.951587846797990417e-06
7.250000000000000000e+00 -1.874669985421148477e-06
7.300000000000000711e+00 -1.803265285154601641e-06
7.350000000000000533e+00 -1.737116053177592696e-06
7.400000000000000355e+00 -1.675780631780232383e-06
7.450000000000000178e+00 -1.618620166548672094e-06
7.500000000000000000e+00 -1.564809298030206137e-06
7.550000000000000711e+00 -1.513367358936592656e-06
7.600000000000000533e+00 -1.463205859177757697e-06
7.650000000000000355e+00 -1.413187497101527847e-06
7.700000000000000178e+00 -1.362191662695018582e-06
7.750000000000000000e+00 -1.309181398455643338e-06
7.800000000000000711e+00 -1.253267043372647611e-06
7.850000000000000533e+00 -1.193762279841471090e-06
7.900000000000000355e+00 -1.130228996181297384e-06
7.950000000000000178e+00 -1.062508224186573161e-06
