0.000000000000000000e+00 1.503843785061446253e-02
5.000000000000000278e-02 1.667334872561627643e-02
1.000000000000000056e-01 1.641150108678625374e-02
1.500000000000000222e-01 1.595080119071540931e-02
2.000000000000000111e-01 1.532591914157271744e-02
2.500000000000000000e-01 1.453618186340877201e-02
3.000000000000000444e-01 1.359756434163270251e-02
3.500000000000000333e-01 1.252622184146578825e-02
4.000000000000000222e-01 1.133495857841623072e-02
4.500000000000000111e-01 1.004306465754144055e-02
5.000000000000000000e-01 8.667287269403106675e-03
5.500000000000000444e-01 7.233145645823875133e-03
6.000000000000000888e-01 5.756803048442029475e-03
6.500000000000000222e-01 4.261401056261641777e-03
7.000000000000000666e-01 2.767281205490573250e-03
7.500000000000000000e-01 1.294629572747558631e-03
8.000000000000000444e-01 -1.399817964992631787e-04
8.500000000000000888e-01 -1.515891323173971638e-03
9.000000000000000222e-01 -2.816402078013585577e-03
9.500000000000000666e-01 -4.029704531499580730e-03
1.000000000000000000e+00 -5.141869525185317411e-03
1.050000000000000044e+00 -6.142728752995713602e-03
1.100000000000000089e+00 -7.023054666436311447e-03
1.150000000000000133e+00 -7.778100206074682089e-03
1.200000000000000178e+00 -8.403159376316596263e-03
1.250000000000000000e+00 -8.898840093264484552e-03
1.300000000000000044e+00 -9.264939772117083625e-03
1.350000000000000089e+00 -9.503333152071287079e-03
1.400000000000000133e+00 -9.619130004131752273e-03
1.450000000000000178e+00 -9.619321218987217370e-03
1.500000000000000000e+00 -9.511721321686652034e-03
1.550000000000000044e+00 -9.304924219321639850e-03
1.600000000000000089e+00 -9.010051991492792206e-03
1.650000000000000133e+00 -8.636291141563385079e-03
1.700000000000000178e+00 -8.195471316657980398e-03
1.750000000000000000e+00 -7.699927837985120170e-03
1.800000000000000044e+00 -7.161132482161783330e-03
1.850000000000000089e+00 -6.588896297781887158e-03
1.900000000000000133e+00 -5.995504018759616714e-03
1.950000000000000178e+00 -5.390851117929211858e-03
2.000000000000000000e+00 -4.784283500041304656e-03
2.050000000000000266e+00 -4.185279204080258851e-03
2.100000000000000089e+00 -3.600368926860300373e-03
2.149999999999999911e+00 -3.037570646423083751e-03
2.200000000000000178e+00 -2.501596424619412576e-03
2.250000000000000000e+00 -1.997748255521191590e-03
2.300000000000000266e+00 -1.528814288627547728e-03
2.350000000000000089e+00 -1.098439364738950730e-03
2.400000000000000355e+00 -7.070998946334189827e-04
2.450000000000000178e+00 -3.569101557835015464e-04
2.500000000000000000e+00 -4.623687718411215359e-05
2.550000000000000266e+00 2.247151956673507360e-04
2.600000000000000089e+00 4.574953899569888832e-04
2.650000000000000355e+00 6.543398914154376512e-04
2.700000000000000178e+00 8.172231413191813516e-04
2.750000000000000000e+00 9.486299299195248341e-04
2.800000000000000266e+00 1.051998293766234598e-03
2.850000000000000089e+00 1.128903015951417382e-03
2.900000000000000355e+00 1.184966423480770820e-03
2.950000000000000178e+00 1.218984152257729207e-03
3.000000000000000000e+00 1.237644596086766953e-03
3.050000000000000266e+00 1.241494391664443387e-03
3.100000000000000089e+00 1.233794036346423130e-03
3.150000000000000355e+00 1.216301215745958786e-03
3.200000000000000178e+00 1.191024645441525259e-03
3.250000000000000000e+00 1.160859313769145194e-03
3.300000000000000266e+00 1.125538154360599102e-03
3.350000000000000089e+00 1.087781756146713940e-03
3.400000000000000355e+00 1.047960674121343290e-03
3.450000000000000178e+00 1.007339980338723285e-03
3.500000000000000000e+00 9.659956467575694667e-04
3.550000000000000266e+00 9.252418022558841614e-04
3.600000000000000089e+00 8.848966007722177058e-04
3.650000000000000355e+00 8.452467830765853646e-04
3.700000000000000178e+00 8.064814162575163628e-04
3.750000000000000000e+00 7.688862911661077009e-04
3.800000000000000266e+00 7.322238008073325005e-04
3.850000000000000089e+00 6.965707491010281497e-04
3.900000000000000355e+00 6.618362772788603104e-04
3.950000000000000178e+00 6.281996575074739976e-04
4.000000000000000000e+00 5.947292733158096589e-04
4.049999999999999822e+00 5.633880760515016378e-04
4.100000000000000533e+00 5.317197039156383934e-04
4.150000000000000355e+00 5.009755564298616799e-04
4.200000000000000178e+00 4.717537617479273171e-04
4.250000000000000000e+00 4.417624035386794176e-04
4.299999999999999822e+00 4.140624966150331480e-04
4.350000000000000533e+00 3.864820063301289163e-04
4.400000000000000355e+00 3.599491052788857939e-04
4.450000000000000178e+00 3.342931821668084316e-04
4.500000000000000000e+00 3.096384677138478412e-04
4.549999999999999822e+00 2.859482144077798950e-04
4.600000000000000533e+00 2.637047905710973236e-04
4.650000000000000355e+00 2.414289951771391210e-04
4.700000000000000178e+00 2.219467554159068221e-04
4.750000000000000000e+00 2.024436461369011851e-04
4.800000000000000711e+00 1.846984774552330505e-04
4.850000000000000533e+00 1.675821307408843146e-04
4.900000000000000355e+00 1.523596241027602716e-04
4.950000000000000178e+00 1.376334725637576176e-04
5.000000000000000000e+00 1.244556561555305581e-04
5.050000000000000711e+00 1.121351557064964122e-04
5.100000000000000533e+00 1.011544350413989157e-04
5.150000000000000355e+00 9.020776400617043381e-05
5.200000000000000178e+00 8.240265263147520357e-05
5.250000000000000000e+00 7.265816317336038388e-05
5.300000000000000711e+00 6.569570810925741487e-05
5.350000000000000533e+00 5.875000518054831713e-05
5.400000000000000355e+00 5.243159604768114171e-05
5.450000000000000178e+00 4.733173508711896010e-05
5.500000000000000000e+00 4.201566033453541399e-05
5.550000000000000711e+00 3.782177324726133526e-05
5.600000000000000533e+00 3.376732149447781941e-05
5.650000000000000355e+00 3.026251618513822148e-05
5.700000000000000178e+00 2.700499763536849554e-05
5.750000000000000000e+00 2.457229478484306874e-05
5.800000000000000711e+00 2.101431486905265767e-05
5.850000000000000533e+00 1.966326821345628484e-05
5.900000000000000355e+00 1.729899599699652682e-05
5.950000000000000178e+00 1.488243242808261569e-05
6.000000000000000000e+00 2.070849886117804634e-05
6.050000000000000711e+00 1.665081638571288530e-05
6.100000000000000533e+00 1.338817329537403556e-05
6.150000000000000355e+00 1.076460562980787569e-05
6.200000000000000178e+00 8.655064683364265083e-06
6.250000000000000000e+00 6.958916805921805903e-06
6.300000000000000711e+00 5.595053112626177758e-06
6.350000000000000533e+00 4.498448111106776683e-06
6.400000000000000355e+00 3.616765914208851280e-06
6.450000000000000178e+00 2.907840401486281876e-06
6.500000000000000000e+00 2.337849542283845630e-06
6.550000000000000711e+00 1.879585002410088870e-06
