0.000000000000000000e+00 0.000000000000000000e+00
5.000000000000000278e-02 -1.069487113450356724e-08
1.000000000000000056e-01 -8.540766515452961573e-08
1.500000000000000222e-01 -2.873797729406295485e-07
2.000000000000000111e-01 -6.783151688859270029e-07
2.500000000000000000e-01 -1.317630451851024718e-06
3.000000000000000444e-01 -2.261724892006581410e-06
3.500000000000000333e-01 -3.563324574495763973e-06
4.000000000000000222e-01 -5.270796806274848701e-06
4.500000000000000111e-01 -7.427579126271472923e-06
5.000000000000000000e-01 -1.007163525043768397e-05
5.500000000000000444e-01 -1.323497899732981034e-05
6.000000000000000888e-01 -1.694326622541417776e-05
6.500000000000000222e-01 -2.121545942797418941e-05
7.000000000000000666e-01 -2.606356879720802451e-05
7.500000000000000000e-01 -3.149247269146312941e-05
8.000000000000000444e-01 -3.749981952850199427e-05
8.500000000000000888e-01 -4.407601219348769784e-05
9.000000000000000222e-01 -5.120427510346199667e-05
9.500000000000000666e-01 -5.886080312099339017e-05
1.000000000000000000e+00 -6.701499056890175814e-05
1.050000000000000044e+00 -7.562973767591518845e-05
1.100000000000000089e+00 -8.466183088995829866e-05
1.150000000000000133e+00 -9.406239264140577950e-05
1.200000000000000178e+00 -1.037773953325681742e-04
1.250000000000000000e+00 -1.137481892189429596e-04
1.300000000000000044e+00 -1.239122894148898422e-04
1.350000000000000089e+00 -1.342038223583697442e-04
1.400000000000000133e+00 -1.445543626130522410e-04
1.450000000000000178e+00 -1.548937257767724442e-04
1.500000000000000000e+00 -1.651503702983719108e-04
1.550000000000000044e+00 -1.752526720758467793e-04
1.600000000000000089e+00 -1.851293689870781110e-04
1.650000000000000133e+00 -1.947103850776797423e-04
1.700000000000000178e+00 -2.039275811292999964e-04
1.750000000000000000e+00 -2.127154708302753875e-04
1.800000000000000044e+00 -2.210119053118579928e-04
1.850000000000000089e+00 -2.287587163652180075e-04
1.900000000000000133e+00 -2.359023107577710705e-04
1.950000000000000178e+00 -2.423942426458837159e-04
2.000000000000000000e+00 -2.481915773746118620e-04
2.050000000000000266e+00 -2.532574322492444317e-04
2.100000000000000089e+00 -2.575612488358435957e-04
2.149999999999999911e+00 -2.610790634142226563e-04
2.200000000000000178e+00 -2.637935579533004916e-04
2.250000000000000000e+00 -2.656946760944307873e-04
2.300000000000000266e+00 -2.667788838298281850e-04
2.350000000000000089e+00 -2.670496047930163920e-04
2.400000000000000355e+00 -2.665169564609330861e-04
2.450000000000000178e+00 -2.651975347681593902e-04
2.500000000000000000e+00 -2.631141242518482870e-04
2.550000000000000266e+00 -2.602953398066647542e-04
2.600000000000000089e+00 -2.567752055898522650e-04
2.650000000000000355e+00 -2.525926774663205063e-04
2.700000000000000178e+00 -2.477911174382340775e-04
2.750000000000000000e+00 -2.424176927151690600e-04
2.800000000000000266e+00 -2.365228652212792489e-04
2.850000000000000089e+00 -2.301596769332263414e-04
2.900000000000000355e+00 -2.233832351259795984e-04
2.950000000000000178e+00 -2.162496878747925092e-04
3.000000000000000000e+00 -2.088161157831100565e-04
3.050000000000000266e+00 -2.011395627966158697e-04
3.100000000000000089e+00 -1.932764992846680639e-04
3.150000000000000355e+00 -1.852822395691962061e-04
3.200000000000000178e+00 -1.772103924537192542e-04
3.250000000000000000e+00 -1.691123553491483979e-04
3.300000000000000266e+00 -1.610367724110375908e-04
3.350000000000000089e+00 -1.530294921969344425e-04
3.400000000000000355e+00 -1.451326518306824396e-04
3.450000000000000178e+00 -1.373847912851626626e-04
3.500000000000000000e+00 -1.298205297232770707e-04
3.550000000000000266e+00 -1.224704080533069758e-04
3.600000000000000089e+00 -1.153607468662463183e-04
3.650000000000000355e+00 -1.085138061061499665e-04
3.700000000000000178e+00 -1.019475517712253539e-04
3.750000000000000000e+00 -9.567590289809517858e-05
3.800000000000000266e+00 -8.970883227550044588e-05
3.850000000000000089e+00 -8.405255532926189221e-05
3.900000000000000355e+00 -7.870975953383045089e-05
3.950000000000000178e+00 -7.367986990263341739e-05
4.000000000000000000e+00 -6.895936803424056313e-05
4.049999999999999822e+00 -6.454200099766049749e-05
4.100000000000000533e+00 -6.041929635236499633e-05
4.150000000000000355e+00 -5.658077452809814862e-05
4.200000000000000178e+00 -5.301432853329885695e-05
4.250000000000000000e+00 -4.970656615957726312e-05
4.299999999999999822e+00 -4.664317222563106878e-05
4.350000000000000533e+00 -4.380910778557416737e-05
4.400000000000000355e+00 -4.118906334878653160e-05
4.450000000000000178e+00 -3.876764066839519018e-05
4.500000000000000000e+00 -3.652961763536701319e-05
4.549999999999999822e+00 -3.446016241385279862e-05
4.600000000000000533e+00 -3.254494932878408664e-05
4.650000000000000355e+00 -3.077058612452322989e-05
4.700000000000000178e+00 -2.912430868832996438e-05
4.750000000000000000e+00 -2.759435157723884934e-05
4.800000000000000711e+00 -2.616993170374750177e-05
4.850000000000000533e+00 -2.484127430321178548e-05
4.900000000000000355e+00 -2.359961165412147161e-05
4.950000000000000178e+00 -2.243716199034774647e-05
5.000000000000000000e+00 -2.134708038764600687e-05
5.050000000000000711e+00 -2.032340088774716398e-05
5.100000000000000533e+00 -1.936095859472379912e-05
5.150000000000000355e+00 -1.845530884953955274e-05
5.200000000000000178e+00 -1.760263398234136493e-05
5.250000000000000000e+00 -1.679965051541561580e-05
5.300000000000000711e+00 -1.604351610239923285e-05
5.350000000000000533e+00 -1.533173970810515209e-05
5.400000000000000355e+00 -1.466209750803512354e-05
5.450000000000000178e+00 -1.403255657374884746e-05
5.500000000000000000e+00 -1.344120796741823178e-05
5.550000000000000711e+00 -1.288621041073538621e-05
5.600000000000000533e+00 -1.236574591819142347e-05
5.650000000000000355e+00 -1.187798351151557248e-05
5.700000000000000178e+00 -1.142106070565122930e-05
5.750000000000000000e+00 -1.099307181813687278e-05
5.800000000000000711e+00 -1.059212129076923692e-05
5.850000000000000533e+00 -1.021610708156005995e-05
5.900000000000000355e+00 -9.863065419484754077e-06
5.950000000000000178e+00 -9.530979418496612429e-06
