0.000000000000000000e+00 -2.693073095423875393e-02
5.000000000000000278e-02 -2.693072540189634170e-02
1.000000000000000056e-01 -2.693062122013565110e-02
1.500000000000000222e-01 -2.693015712267474160e-02
2.000000000000000111e-01 -2.692890190555123284e-02
2.500000000000000000e-01 -2.692626078762830333e-02
3.000000000000000444e-01 -2.692148415004806325e-02
3.500000000000000333e-01 -2.691367854028193715e-02
4.000000000000000222e-01 -2.690181977212392425e-02
4.500000000000000111e-01 -2.688476792161942353e-02
5.000000000000000000e-01 -2.686128399104893705e-02
5.500000000000000444e-01 -2.683004798915680084e-02
6.000000000000000888e-01 -2.678967815621654744e-02
6.500000000000000222e-01 -2.673875104755312621e-02
7.000000000000000666e-01 -2.667582217901085309e-02
7.500000000000000000e-01 -2.659944693267963026e-02
8.000000000000000444e-01 -2.650820142099235763e-02
8.500000000000000888e-01 -2.640070301201273908e-02
9.000000000000000222e-01 -2.627563022818311597e-02
9.500000000000000666e-01 -2.613174174474753794e-02
1.000000000000000000e+00 -2.596789423218136619e-02
1.050000000000000044e+00 -2.578305880884465204e-02
1.100000000000000089e+00 -2.557633589527591109e-02
1.150000000000000133e+00 -2.534696828954223838e-02
1.200000000000000178e+00 -2.509435231331316740e-02
1.250000000000000000e+00 -2.481804691024954573e-02
1.300000000000000044e+00 -2.451778061130260519e-02
1.350000000000000089e+00 -2.419345631500449678e-02
1.400000000000000133e+00 -2.384515386421245942e-02
1.450000000000000178e+00 -2.347313043347517073e-02
1.500000000000000000e+00 -2.307781877268414925e-02
1.550000000000000044e+00 -2.265982338245814062e-02
1.600000000000000089e+00 -2.221991472433334364e-02
1.650000000000000133e+00 -2.175902159390529292e-02
1.700000000000000178e+00 -2.127822180725537013e-02
1.750000000000000000e+00 -2.077873137002994586e-02
1.800000000000000044e+00 -2.026189231422402190e-02
1.850000000000000089e+00 -1.972915939992437445e-02
1.900000000000000133e+00 -1.918208588792746222e-02
1.950000000000000178e+00 -1.862230859427308621e-02
2.000000000000000000e+00 -1.805153243939225383e-02
2.050000000000000266e+00 -1.747151470288950056e-02
2.100000000000000089e+00 -1.688404919014705602e-02
2.149999999999999911e+00 -1.629095050918246204e-02
2.200000000000000178e+00 -1.569403864578589394e-02
2.250000000000000000e+00 -1.509512401221265072e-02
2.300000000000000266e+00 -1.449599312994327358e-02
2.350000000000000089e+00 -1.389839509059845150e-02
2.400000000000000355e+00 -1.330402892136720895e-02
2.450000000000000178e+00 -1.271453196264086920e-02
2.500000000000000000e+00 -1.213146934629797009e-02
2.550000000000000266e+00 -1.155632464360739110e-02
2.600000000000000089e+00 -1.099049173233787938e-02
2.650000000000000355e+00 -1.043526791369232473e-02
2.700000000000000178e+00 -9.891848291406338256e-03
2.750000000000000000e+00 -9.361321408015261039e-03
2.800000000000000266e+00 -8.844666117120796728e-03
2.850000000000000089e+00 -8.342749655662305697e-03
2.900000000000000355e+00 -7.856326866865616029e-03
2.950000000000000178e+00 -7.386040512816841909e-03
3.000000000000000000e+00 -6.932422605564168838e-03
3.050000000000000266e+00 -6.495896677329548487e-03
3.100000000000000089e+00 -6.076780903821163253e-03
3.150000000000000355e+00 -5.675291989755052932e-03
3.200000000000000178e+00 -5.291549722469021666e-03
3.250000000000000000e+00 -4.925582097869280786e-03
3.300000000000000266e+00 -4.577330922793400834e-03
3.350000000000000089e+00 -4.246657799087557444e-03
3.400000000000000355e+00 -3.933350397153105062e-03
3.450000000000000178e+00 -3.637128930277898440e-03
3.500000000000000000e+00 -3.357652745584554198e-03
3.550000000000000266e+00 -3.094526952750769125e-03
3.600000000000000089e+00 -2.847309017634385830e-03
3.650000000000000355e+00 -2.615515254419216711e-03
3.700000000000000178e+00 -2.398627156741769701e-03
3.750000000000000000e+00 -2.196097515326729359e-03
3.800000000000000266e+00 -2.007356276821308568e-03
3.850000000000000089e+00 -1.831816105656910521e-03
3.900000000000000355e+00 -1.668877617773936641e-03
3.950000000000000178e+00 -1.517934261827680277e-03
4.000000000000000000e+00 -1.378376829967914658e-03
4.049999999999999822e+00 -1.249597586384039493e-03
4.100000000000000533e+00 -1.130994007475412616e-03
4.150000000000000355e+00 -1.021972132700454689e-03
4.200000000000000178e+00 -9.219495298474818940e-04
4.250000000000000000e+00 -8.303578826361535017e-04
4.299999999999999822e+00 -7.466452121922750266e-04
4.350000000000000533e+00 -6.702777470421899825e-04
4.400000000000000355e+00 -6.007414588555656451e-04
4.450000000000000178e+00 -5.375432832447378040e-04
4.500000000000000000e+00 -4.802120465286334201e-04
4.549999999999999822e+00 -4.282991205184146248e-04
4.600000000000000533e+00 -3.813788281138309603e-04
4.650000000000000355e+00 -3.390486228496438197e-04
4.700000000000000178e+00 -3.009290655388611947e-04
4.750000000000000000e+00 -2.666636208632149432e-04
4.800000000000000711e+00 -2.359182962008776546e-04
4.850000000000000533e+00 -2.083811441963837790e-04
4.900000000000000355e+00 -1.837616496059612040e-04
4.950000000000000178e+00 -1.617900198298836468e-04
5.000000000000000000e+00 -1.422163973062829745e-04
5.050000000000000711e+00 -1.248100106204105494e-04
5.100000000000000533e+00 -1.093582798089385438e-04
5.150000000000000355e+00 -9.566588993718441031e-05
5.200000000000000178e+00 -8.355384562177070400e-05
5.250000000000000000e+00 -7.285851778280640328e-05
5.300000000000000711e+00 -6.343069255600196127e-05
5.350000000000000533e+00 -5.513463099091013412e-05
5.400000000000000355e+00 -4.784714691898740393e-05
5.450000000000000178e+00 -4.145670920367318228e-05
5.500000000000000000e+00 -3.586257349153722810e-05
5.550000000000000711e+00 -3.097394757343146642e-05
5.600000000000000533e+00 -2.670919354054394410e-05
5.650000000000000355e+00 -2.299506908346536757e-05
5.700000000000000178e+00 -1.976600953238307192e-05
5.750000000000000000e+00 -1.696345157177824801e-05
5.800000000000000711e+00 -1.453519898064223932e-05
5.850000000000000533e+00 -1.243483024568882864e-05
5.900000000000000355e+00 -1.062114746593359756e-05
5.950000000000000178e+00 -9.057665607465284491e-06
6.000000000000000000e+00 -7.712140872087696984e-06
6.050000000000000711e+00 -6.556136707231020680e-06
6.100000000000000533e+00 -5.564625801631027629e-06
6.150000000000000355e+00 -4.715626276272096025e-06
6.200000000000000178e+00 -3.989870187431029731e-06
6.250000000000000000e+00 -3.370502403275123601e-06
6.300000000000000711e+00 -2.842807892232303821e-06
6.350000000000000533e+00 -2.393965465620124523e-06
6.400000000000000355e+00 -2.012826044393345214e-06
6.450000000000000178e+00 -1.689713566299409815e-06
6.500000000000000000e+00 -1.416246711540042187e-06
6.550000000000000711e+00 -1.185179698898712484e-06
6.600000000000000533e+00 -9.902604872478655516e-07
6.650000000000000355e+00 -8.261048067720616201e-07
6.700000000000000178e+00 -6.880845378840126570e-07
6.750000000000000000e+00 -5.722290516311033194e-07
6.800000000000000711e+00 -4.751382218478933841e-07
6.850000000000000533e+00 -3.939059148795376374e-07
6.900000000000000355e+00 -3.260528563180128243e-07
6.950000000000000178e+00 -2.694678649397982198e-07
7.000000000000000000e+00 -2.223565311610650122e-07
7.050000000000000711e+00 -1.831965002780615228e-07
7.100000000000000533e+00 -1.506985992648414405e-07
7.150000000000000355e+00 -1.237731195419100944e-07
7.200000000000000178e+00 -1.015006369157158908e-07
7.250000000000000000e+00 -8.310681370174879827e-08
7.300000000000000711e+00 -6.794068696587105949e-08
7.350000000000000533e+00 -5.545600089868057317e-08
7.400000000000000355e+00 -4.519519081284713067e-08
7.450000000000000178e+00 -3.677567122905254747e-08
7.500000000000000000e+00 -2.987812128940363625e-08
7.550000000000000711e+00 -2.423649750352866733e-08
7.600000000000000533e+00 -1.962953687244195250e-08
7.650000000000000355e+00 -1.587354301467146129e-08
7.700000000000000178e+00 -1.281627426523532452e-08
7.750000000000000000e+00 -1.033177617592570495e-08
7.800000000000000711e+00 -8.316021554936353407e-09
7.850000000000000533e+00 -6.683239510389109338e-09
7.900000000000000355e+00 -5.362831042000920805e-09
7.950000000000000178e+00 -4.296782861828483205e-09
8.000000000000000000e+00 -3.437503457172980261e-09
8.050000000000000711e+00 -2.746016187549170738e-09
8.099999999999999645e+00 -2.190453563524658111e-09
8.150000000000000355e+00 -1.744805009805189657e-09
8.200000000000001066e+00 -1.387877428612766721e-09
8.250000000000000000e+00 -1.102433988931918830e-09
8.300000000000000711e+00 -8.744818222881629384e-10
8.349999999999999645e+00 -6.926838060450239246e-10
8.400000000000000355e+00 -5.478735235488325677e-10
8.450000000000001066e+00 -4.326558199684808766e-10
8.500000000000000000e+00 -3.410782138787435839e-10
8.550000000000000711e+00 -2.683608734184557546e-10
8.599999999999999645e+00 -2.106749133245262643e-10
8.650000000000000355e+00 -1.649605490717785122e-10
8.700000000000001066e+00 -1.287780929710236284e-10
8.750000000000000000e+00 -1.001860365653097366e-10
8.800000000000000711e+00 -7.764147343662527662e-11
8.849999999999999645e+00 -5.991900327296472747e-11
8.900000000000000355e+00 -4.604490604461969103e-11
8.950000000000001066e+00 -3.524399789792478163e-11
9.000000000000000000e+00 -2.689700043177598735e-11
9.050000000000000711e+00 -2.050663322181201005e-11
9.099999999999999645e+00 -1.567093730600191340e-11
9.150000000000000355e+00 -1.206256051905672401e-11
9.200000000000001066e+00 -9.412919387659188942e-12
9.250000000000000000e+00 -7.500306030514531733e-12
9.300000000000000711e+00 -6.141129116059542755e-12
9.349999999999999645e+00 -5.183574041010961449e-12
9.400000000000000355e+00 -4.503082182652349100e-12
9.450000000000001066e+00 -3.999107386488097615e-12
9.500000000000000000e+00 -3.592713906937642331e-12
9.550000000000000711e+00 -3.224647407870434213e-12
9.600000000000001421e+00 -2.853597024038530348e-12
9.650000000000000355e+00 -2.454433995656738712e-12
9.700000000000001066e+00 -2.016297316859047014e-12
9.750000000000000000e+00 -1.540451204710890979e-12
9.800000000000000711e+00 -1.037914797433313602e-12
9.850000000000001421e+00 -5.268997850471029110e-13
9.900000000000000355e+00 -3.014364417892729600e-14
9.950000000000001066e+00 4.277511965799916226e-13
1.000000000000000000e+01 8.228492238590395793e-13
1.005000000000000071e+01 1.134149584263678404e-12
1.010000000000000142e+01 1.345478535879041243e-12
1.015000000000000036e+01 1.446906419247658487e-12
1.020000000000000107e+01 1.435617058215146282e-12
1.025000000000000000e+01 1.316197454095574704e-12
1.030000000000000071e+01 1.100352062179474410e-12
1.035000000000000142e+01 8.060770339072207192e-13
1.040000000000000036e+01 4.563736778204063964e-13
1.045000000000000107e+01 7.760938961139630704e-14
1.050000000000000000e+01 -3.023567634032747011e-13
1.055000000000000071e+01 -6.561323498315616074e-13
1.060000000000000142e+01 -9.586993650861512862e-13
1.065000000000000036e+01 -1.189129318629765596e-12
1.070000000000000107e+01 -1.331988358787702395e-12
1.075000000000000000e+01 -1.378334395882205407e-12
1.080000000000000071e+01 -1.326243346456011840e-12
1.085000000000000142e+01 -1.180829655983127958e-12
1.090000000000000036e+01 -9.537727580667734329e-13
1.095000000000000107e+01 -6.623828195177658430e-13
1.100000000000000000e+01 -3.282870781162029132e-13
1.105000000000000071e+01 2.417404794389692831e-14
1.110000000000000142e+01 3.697127941030463744e-13
1.115000000000000036e+01 6.839052090764298265e-13
1.120000000000000107e+01 9.449102850790214994e-13
1.125000000000000000e+01 1.134980285255228355e-12
1.130000000000000071e+01 1.241661551350939894e-12
1.135000000000000142e+01 1.258595262734255490e-12
1.140000000000000036e+01 1.185884401246685288e-12
1.145000000000000107e+01 1.029985663491278480e-12
1.150000000000000000e+01 8.031653569967133114e-13
1.155000000000000071e+01 5.225396877759348450e-13
1.160000000000000142e+01 2.087948031619388174e-13
1.165000000000000036e+01 -1.153319783586558091e-13
1.170000000000000107e+01 -4.266941087956185174e-13
1.175000000000000000e+01 -7.033803557973151927e-13
1.180000000000000071e+01 -9.262513073162668724e-13
1.185000000000000142e+01 -1.080254567582371132e-12
1.190000000000000036e+01 -1.155433722541860936e-12
1.195000000000000107e+01 -1.147561012407083735e-12
1.200000000000000000e+01 -1.058355307035167938e-12
1.205000000000000071e+01 -8.952760688381154860e-13
1.210000000000000142e+01 -6.709159154783892014e-13
1.215000000000000036e+01 -4.020341240336542392e-13
1.220000000000000107e+01 -1.083116560426285284e-13
1.225000000000000000e+01 1.890818030352689970e-13
1.230000000000000071e+01 4.690099801244529849e-13
1.235000000000000142e+01 7.118652762663449298e-13
1.240000000000000036e+01 9.009365329281822628e-13
1.245000000000000107e+01 1.023552282689112835e-12
1.250000000000000000e+01 1.071921589281256353e-12
1.255000000000000071e+01 1.043620115971322020e-12
1.260000000000000142e+01 9.416876727792125827e-13
1.265000000000000036e+01 7.743391151591002183e-13
1.270000000000000107e+01 5.543104875401390266e-13
1.275000000000000000e+01 2.978987038202301905e-13
1.280000000000000071e+01 2.375895487002229159e-14
1.285000000000000142e+01 -2.484488237132860188e-13
1.290000000000000036e+01 -4.994630579517047152e-13
1.295000000000000107e+01 -7.117787010974784164e-13
1.300000000000000000e+01 -8.708646750944863612e-13
1.305000000000000071e+01 -9.661494169814401356e-13
1.310000000000000142e+01 -9.917186509626194898e-13
1.315000000000000036e+01 -9.466723194022298630e-13
1.320000000000000107e+01 -8.351204285145435283e-13
1.325000000000000000e+01 -6.658277126415935839e-13
1.330000000000000071e+01 -4.515317625952649666e-13
1.335000000000000142e+01 -2.079902027840577715e-13
1.340000000000000036e+01 4.717382222140636764e-14
1.345000000000000107e+01 2.957419886324651848e-13
1.350000000000000000e+01 5.201981198799780621e-13
1.355000000000000071e+01 7.049568462197642607e-13
1.360000000000000142e+01 8.374419725039038863e-13
1.365000000000000036e+01 9.089379964538714825e-13
1.370000000000000107e+01 9.151553024615625008e-13
1.375000000000000000e+01 8.564778808262215897e-13
1.380000000000000071e+01 7.378764960712990984e-13
1.385000000000000142e+01 5.684986719240051922e-13
1.390000000000000036e+01 3.609687177342394171e-13
1.395000000000000107e+01 1.304523310742426458e-13
1.400000000000000000e+01 -1.064494741529919461e-13
1.405000000000000071e+01 -3.328924388995886389e-13
1.410000000000000142e+01 -5.329802104157342075e-13
1.415000000000000036e+01 -6.928791314144277694e-13
1.420000000000000107e+01 -8.017697194269156255e-13
1.425000000000000000e+01 -8.525728556894931517e-13
1.430000000000000071e+01 -8.424060155230546992e-13
1.435000000000000142e+01 -7.727329586305140954e-13
1.440000000000000036e+01 -6.492086092251788527e-13
1.445000000000000107e+01 -4.812253936234909717e-13
1.450000000000000000e+01 -2.812059063125264835e-13
1.455000000000000071e+01 -6.368668276599717502e-14
1.460000000000000142e+01 1.557344776389874098e-13
1.465000000000000036e+01 3.615143641561602172e-13
1.470000000000000107e+01 5.392613382533261985e-13
1.475000000000000000e+01 6.767387573406732726e-13
1.480000000000000071e+01 7.647039165327408568e-13
1.485000000000000142e+01 7.975243646122850725e-13
1.490000000000000036e+01 7.735330126551700346e-13
1.495000000000000107e+01 6.950985918478418709e-13
