0.000000000000000000e+00 8.445642109114549268e-05
5.000000000000000278e-02 4.390980237656263513e-06
1.000000000000000056e-01 1.717411188402267162e-05
1.500000000000000222e-01 3.940449086550457206e-05
2.000000000000000111e-01 6.973438964645512275e-05
2.500000000000000000e-01 1.081192504138171366e-04
3.000000000000000444e-01 1.539221018913259915e-04
3.500000000000000333e-01 2.065344612606781699e-04
4.000000000000000222e-01 2.652048568967750575e-04
4.500000000000000111e-01 3.290957449138864400e-04
5.000000000000000000e-01 3.972750966584507682e-04
5.500000000000000444e-01 4.687310842150100828e-04
6.000000000000000888e-01 5.423849305362096404e-04
6.500000000000000222e-01 6.171099852696822641e-04
7.000000000000000666e-01 6.917261872795275358e-04
7.500000000000000000e-01 7.650337106400032557e-04
8.000000000000000444e-01 8.358339546817184634e-04
8.500000000000000888e-01 9.029491036113918229e-04
9.000000000000000222e-01 9.652083459356066092e-04
9.500000000000000666e-01 1.021507884316224688e-03
1.000000000000000000e+00 1.070824347921238429e-03
1.050000000000000044e+00 1.112224065044313450e-03
1.100000000000000089e+00 1.144893822226586639e-03
1.150000000000000133e+00 1.168111195627587152e-03
1.200000000000000178e+00 1.181374354350606158e-03
1.250000000000000000e+00 1.184213153679645114e-03
1.300000000000000044e+00 1.176433211174557391e-03
1.350000000000000089e+00 1.157993988633702204e-03
1.400000000000000133e+00 1.128951356954206210e-03
1.450000000000000178e+00 1.089629047579610769e-03
1.500000000000000000e+00 1.040405612511162555e-03
1.550000000000000044e+00 9.819271466264994138e-04
1.600000000000000089e+00 9.148575714794013845e-04
1.650000000000000133e+00 8.401063248050605293e-04
1.700000000000000178e+00 7.586744225117329375e-04
1.750000000000000000e+00 6.715416532996359598e-04
1.800000000000000044e+00 5.798321762759149406e-04
1.850000000000000089e+00 4.847850301853409358e-04
1.900000000000000133e+00 3.875676947878587135e-04
1.950000000000000178e+00 2.893250354130305255e-04
2.000000000000000000e+00 1.912607576293999805e-04
2.050000000000000266e+00 9.444040216866196288e-05
2.100000000000000089e+00 2.046468676458104371e-08
2.149999999999999911e+00 -9.112241574152113747e-05
2.200000000000000178e+00 -1.780060950599998324e-04
2.250000000000000000e+00 -2.599039345564408288e-04
2.300000000000000266e+00 -3.361139630602288670e-04
2.350000000000000089e+00 -4.060477036285117759e-04
2.400000000000000355e+00 -4.693690382606988338e-04
2.450000000000000178e+00 -5.255983238950149260e-04
2.500000000000000000e+00 -5.745965995566728896e-04
2.550000000000000266e+00 -6.162810899381502335e-04
2.600000000000000089e+00 -6.506199778287661585e-04
2.650000000000000355e+00 -6.777089761017050622e-04
2.700000000000000178e+00 -6.977401097244451036e-04
2.750000000000000000e+00 -7.109514912295019848e-04
2.800000000000000266e+00 -7.176593908369816423e-04
2.850000000000000089e+00 -7.182849377016579896e-04
2.900000000000000355e+00 -7.132264937957920889e-04
2.950000000000000178e+00 -7.028826552909549046e-04
3.000000000000000000e+00 -6.877734242828421798e-04
3.050000000000000266e+00 -6.683856100398080213e-04
3.100000000000000089e+00 -6.452399911363382919e-04
3.150000000000000355e+00 -6.187977718217503153e-04
3.200000000000000178e+00 -5.895890536490374246e-04
3.250000000000000000e+00 -5.580713343102364395e-04
3.300000000000000266e+00 -5.247125150196673077e-04
3.350000000000000089e+00 -4.899882658387092393e-04
3.400000000000000355e+00 -4.542956536485302809e-04
3.450000000000000178e+00 -4.180753821677775242e-04
3.500000000000000000e+00 -3.816664373214692001e-04
3.550000000000000266e+00 -3.454205129844255370e-04
3.600000000000000089e+00 -3.096738338709763933e-04
3.650000000000000355e+00 -2.746974593866205027e-04
3.700000000000000178e+00 -2.407520972985762342e-04
3.750000000000000000e+00 -2.080449335743222885e-04
3.800000000000000266e+00 -1.767765584970097507e-04
3.850000000000000089e+00 -1.471223634214345664e-04
3.900000000000000355e+00 -1.191755829615254847e-04
3.950000000000000178e+00 -9.304330604082261785e-05
4.000000000000000000e+00 -6.881851979554862164e-05
4.049999999999999822e+00 -4.648953240735228322e-05
4.100000000000000533e+00 -2.612266499507722480e-05
4.150000000000000355e+00 -7.670477341900477705e-06
4.200000000000000178e+00 8.901466645896022209e-06
4.250000000000000000e+00 2.361402493511479235e-05
4.299999999999999822e+00 3.656081871722939672e-05
4.350000000000000533e+00 4.784478766351276703e-05
4.400000000000000355e+00 5.751596671707169610e-05
4.450000000000000178e+00 6.571313749847006061e-05
4.500000000000000000e+00 7.253213948677823689e-05
4.549999999999999822e+00 7.807178133542044081e-05
4.600000000000000533e+00 8.246974403021814558e-05
4.650000000000000355e+00 8.582257696426602892e-05
4.700000000000000178e+00 8.823910599089529363e-05
4.750000000000000000e+00 8.982934135052663099e-05
4.800000000000000711e+00 9.067917743203541723e-05
4.850000000000000533e+00 9.089102520529528334e-05
4.900000000000000355e+00 9.054406631245759255e-05
4.950000000000000178e+00 8.972200672089938281e-05
5.000000000000000000e+00 8.848390394231947466e-05
5.050000000000000711e+00 8.689636916453648090e-05
5.100000000000000533e+00 8.502187586330554609e-05
5.150000000000000355e+00 8.291106082402191859e-05
5.200000000000000178e+00 8.059930645937497210e-05
5.250000000000000000e+00 7.813767937040364355e-05
5.300000000000000711e+00 7.556018880163834677e-05
5.350000000000000533e+00 7.289510743496749703e-05
5.400000000000000355e+00 7.017791783071990338e-05
5.450000000000000178e+00 6.743310312887569504e-05
5.500000000000000000e+00 6.468198045098889665e-05
5.550000000000000711e+00 6.195489477742726497e-05
5.600000000000000533e+00 5.926000196306028053e-05
5.650000000000000355e+00 5.662103844654114266e-05
5.700000000000000178e+00 5.405167872701724472e-05
5.750000000000000000e+00 5.155980020125628245e-05
5.800000000000000711e+00 4.916018142177471510e-05
5.850000000000000533e+00 4.685750692005399707e-05
5.900000000000000355e+00 4.465531393171888941e-05
5.950000000000000178e+00 4.255885452866844904e-05
6.000000000000000000e+00 4.056305712429049117e-05
6.050000000000000711e+00 3.866904766492299862e-05
6.100000000000000533e+00 3.687510094300628846e-05
6.150000000000000355e+00 3.517099301253127653e-05
6.200000000000000178e+00 3.355322125185574653e-05
6.250000000000000000e+00 3.201681059889130687e-05
6.300000000000000711e+00 3.055210817935577439e-05
6.350000000000000533e+00 2.915288213662321678e-05
6.400000000000000355e+00 2.781560823445580635e-05
6.450000000000000178e+00 2.653197459578307486e-05
6.500000000000000000e+00 2.529752270993325470e-05
6.550000000000000711e+00 2.411164689512816292e-05
6.600000000000000533e+00 2.296867338759489932e-05
6.650000000000000355e+00 2.186954761095297571e-05
6.700000000000000178e+00 2.081319019259373880e-05
6.750000000000000000e+00 1.979922855630050435e-05
6.800000000000000711e+00 1.883018582402049563e-05
6.850000000000000533e+00 1.790635257482020096e-05
6.900000000000000355e+00 1.702885885797346264e-05
6.950000000000000178e+00 1.619919204058554348e-05
7.000000000000000000e+00 1.541800669185706716e-05
7.050000000000000711e+00 1.468381174560998110e-05
7.100000000000000533e+00 1.399795117717734402e-05
7.150000000000000355e+00 1.335779477780868124e-05
7.200000000000000178e+00 1.276120535929221235e-05
7.250000000000000000e+00 1.220401608793708608e-05
7.300000000000000711e+00 1.168408336307593859e-05
7.350000000000000533e+00 1.119615970572251942e-05
7.400000000000000355e+00 1.073587017915618390e-05
7.450000000000000178e+00 1.029947359894446923e-05
7.500000000000000000e+00 9.882187500226946372e-06
7.550000000000000711e+00 9.480153634001890192e-06
7.600000000000000533e+00 9.090116132231890598e-06
7.650000000000000355e+00 8.709710841124524493e-06
7.700000000000000178e+00 8.337063600472658222e-06
7.750000000000000000e+00 7.970902415803878490e-06
7.800000000000000711e+00 7.611274181807733709e-06
7.850000000000000533e+00 7.259390209670917711e-06
7.900000000000000355e+00 6.915812111214978147e-06
7.950000000000000178e+00 6.582479138487399277e-06
8.000000000000000000e+00 6.261672210635681607e-06
8.050000000000000711e+00 5.954878428771371344e-06
8.099999999999999645e+00 5.664551728862207713e-06
8.150000000000000355e+00 5.392601277643962854e-06
8.200000000000001066e+00 5.139776772402125848e-06
8.250000000000000000e+00 4.907548122108909688e-06
8.300000000000000711e+00 4.695085314778744342e-06
8.349999999999999645e+00 4.502127658283283197e-06
8.400000000000000355e+00 4.327607699640805785e-06
8.450000000000001066e+00 4.169727872873023689e-06
8.500000000000000000e+00 4.025939632395228590e-06
8.550000000000000711e+00 3.893742531077677898e-06
8.599999999999999645e+00 3.770221812099429230e-06
8.650000000000000355e+00 3.652707174698325052e-06
8.700000000000001066e+00 3.538221978179218788e-06
8.750000000000000000e+00 3.424891693726615632e-06
8.800000000000000711e+00 3.310621617227345837e-06
8.849999999999999645e+00 3.193915151578729373e-06
8.900000000000000355e+00 3.074297620451162136e-06
8.950000000000001066e+00 2.951482394257528415e-06
9.000000000000000000e+00 2.825890612743642151e-06
9.050000000000000711e+00 2.698921544936807341e-06
9.099999999999999645e+00 2.571810977673204841e-06
9.150000000000000355e+00 2.446167049171690384e-06
9.200000000000001066e+00 2.324148320234393350e-06
9.250000000000000000e+00 2.207662865063799713e-06
9.300000000000000711e+00 2.098395075838700815e-06
9.349999999999999645e+00 1.998083289898096145e-06
9.400000000000000355e+00 1.907653149383457480e-06
9.450000000000001066e+00 1.827811664906451946e-06
9.500000000000000000e+00 1.758777808937744001e-06
9.550000000000000711e+00 1.700165324162174452e-06
9.600000000000001421e+00 1.650932788499487364e-06
9.650000000000000355e+00 1.610098831463634223e-06
9.700000000000001066e+00 1.575538989699820603e-06
9.750000000000000000e+00 1.545532721806127470e-06
9.800000000000000711e+00 1.518054741056738459e-06
9.850000000000001421e+00 1.491142012447391940e-06
9.900000000000000355e+00 1.462877911951915981e-06
9.950000000000001066e+00 1.431681662788650738e-06
1.000000000000000000e+01 1.396414579957505667e-06
1.005000000000000071e+01 1.356244959422314709e-06
1.010000000000000142e+01 1.310994655019606073e-06
1.015000000000000036e+01 1.260826565274004122e-06
1.020000000000000107e+01 1.206380558736776779e-06
1.025000000000000000e+01 1.148727753569006550e-06
1.030000000000000071e+01 1.089280151637360095e-06
1.035000000000000142e+01 1.029493905468617239e-06
1.040000000000000036e+01 9.711544479258689992e-07
1.045000000000000107e+01 9.158966226123759333e-07
1.050000000000000000e+01 8.650500292453349203e-07
1.055000000000000071e+01 8.199871596102082429e-07
1.060000000000000142e+01 7.815593807838071186e-07
1.065000000000000036e+01 7.502355187624087647e-07
1.070000000000000107e+01 7.260910722498562267e-07
1.075000000000000000e+01 7.088471637012606716e-07
1.080000000000000071e+01 6.976522744598823448e-07
1.085000000000000142e+01 6.914544612560676389e-07
1.090000000000000036e+01 6.889068510806112303e-07
1.095000000000000107e+01 6.884504017932576041e-07
