0.000000000000000000e+00 3.393989006236787809e-06
5.000000000000000278e-02 1.881318114788460250e-07
1.000000000000000056e-01 7.180677266390349876e-07
1.500000000000000222e-01 1.566362196520193244e-06
2.000000000000000111e-01 2.573445765621277169e-06
2.500000000000000000e-01 3.595717003518449909e-06
3.000000000000000444e-01 4.434728894531144786e-06
3.500000000000000333e-01 4.868949196079896629e-06
4.000000000000000222e-01 4.654619092528212804e-06
4.500000000000000111e-01 3.536706826351931963e-06
5.000000000000000000e-01 1.257731619844708977e-06
5.500000000000000444e-01 -2.431988494315342899e-06
6.000000000000000888e-01 -7.764615139593307745e-06
6.500000000000000222e-01 -1.494504561636411357e-05
7.000000000000000666e-01 -2.414161060435663576e-05
7.500000000000000000e-01 -3.547807034293778175e-05
8.000000000000000444e-01 -4.902602197875491075e-05
8.500000000000000888e-01 -6.479955314132724415e-05
9.000000000000000222e-01 -8.274923754017796064e-05
9.500000000000000666e-01 -1.027611951878818766e-04
1.000000000000000000e+00 -1.246555471642012006e-04
1.050000000000000044e+00 -1.481868679190312616e-04
1.100000000000000089e+00 -1.730481391984728444e-04
1.150000000000000133e+00 -1.988720776741543562e-04
1.200000000000000178e+00 -2.252429237661796350e-04
1.250000000000000000e+00 -2.516970072872586322e-04
1.300000000000000044e+00 -2.777409585247070422e-04
1.350000000000000089e+00 -3.028591746277384798e-04
1.400000000000000133e+00 -3.265143153342440932e-04
1.450000000000000178e+00 -3.481864532992055752e-04
1.500000000000000000e+00 -3.673504668183348674e-04
1.550000000000000044e+00 -3.835123191932766516e-04
1.600000000000000089e+00 -3.962309922812332205e-04
1.650000000000000133e+00 -4.050853788449599213e-04
1.700000000000000178e+00 -4.097547084850049507e-04
1.750000000000000000e+00 -4.099414827643722988e-04
1.800000000000000044e+00 -4.054553045961647377e-04
1.850000000000000089e+00 -3.961874644062435974e-04
1.900000000000000133e+00 -3.821262246710724298e-04
1.950000000000000178e+00 -3.633131603529150648e-04
2.000000000000000000e+00 -3.399150894024989544e-04
2.050000000000000266e+00 -3.121839444566497173e-04
2.100000000000000089e+00 -2.804388457474178329e-04
2.149999999999999911e+00 -2.450904385296539959e-04
2.200000000000000178e+00 -2.066190459651717542e-04
2.250000000000000000e+00 -1.655636955485090072e-04
2.300000000000000266e+00 -1.225049653080673444e-04
2.350000000000000089e+00 -7.807439735449994201e-05
2.400000000000000355e+00 -3.291952408061718185e-05
2.450000000000000178e+00 1.229150709785337615e-05
2.500000000000000000e+00 5.691073152418776437e-05
2.550000000000000266e+00 1.002974072760691579e-04
2.600000000000000089e+00 1.418178159069631409e-04
2.650000000000000355e+00 1.809307662222581854e-04
2.700000000000000178e+00 2.171031148772553166e-04
2.750000000000000000e+00 2.498791406344037509e-04
2.800000000000000266e+00 2.788791139563541162e-04
2.850000000000000089e+00 3.037813915275442019e-04
2.900000000000000355e+00 3.243675809359576980e-04
2.950000000000000178e+00 3.404807787528936524e-04
3.000000000000000000e+00 3.520844637416898097e-04
3.050000000000000266e+00 3.591637237471347228e-04
3.100000000000000089e+00 3.618370070154907801e-04
3.150000000000000355e+00 3.602753988654681223e-04
3.200000000000000178e+00 3.547156884573557075e-04
3.250000000000000000e+00 3.454502697114704641e-04
3.300000000000000266e+00 3.328297799853791625e-04
3.350000000000000089e+00 3.172506932336718421e-04
3.400000000000000355e+00 2.991246195681097116e-04
3.450000000000000178e+00 2.788869804765542210e-04
3.500000000000000000e+00 2.569962903673535921e-04
3.550000000000000266e+00 2.338835410347105191e-04
3.600000000000000089e+00 2.100065583113739883e-04
3.650000000000000355e+00 1.857732400533829587e-04
3.700000000000000178e+00 1.615847607612040497e-04
3.750000000000000000e+00 1.377785014473115925e-04
3.800000000000000266e+00 1.147038870156752552e-04
3.850000000000000089e+00 9.263115656900149878e-05
3.900000000000000355e+00 7.178630628959180012e-05
3.950000000000000178e+00 5.237096420006533192e-05
4.000000000000000000e+00 3.452254592763680241e-05
4.049999999999999822e+00 1.833233514848925283e-05
4.100000000000000533e+00 3.864774388197779321e-06
4.150000000000000355e+00 -8.870287916846354698e-06
4.200000000000000178e+00 -1.989794320612649328e-05
4.250000000000000000e+00 -2.925864025072493803e-05
4.299999999999999822e+00 -3.703601264377621272e-05
4.350000000000000533e+00 -4.334267453696264197e-05
4.400000000000000355e+00 -4.828138857572572817e-05
4.450000000000000178e+00 -5.198837883516894129e-05
4.500000000000000000e+00 -5.459663949113510538e-05
4.549999999999999822e+00 -5.623825485857162384e-05
4.600000000000000533e+00 -5.705723440637870621e-05
4.650000000000000355e+00 -5.717807086523326470e-05
4.700000000000000178e+00 -5.672257979838290576e-05
4.750000000000000000e+00 -5.580491944099724510e-05
4.800000000000000711e+00 -5.452549647904791371e-05
4.850000000000000533e+00 -5.297183274925357883e-05
4.900000000000000355e+00 -5.121780862651717378e-05
4.950000000000000178e+00 -4.932760185277562182e-05
5.000000000000000000e+00 -4.735098402640128246e-05
5.050000000000000711e+00 -4.532429312948920287e-05
5.100000000000000533e+00 -4.328173144177814563e-05
5.150000000000000355e+00 -4.124321121374531024e-05
5.200000000000000178e+00 -3.921943282408558480e-05
5.250000000000000000e+00 -3.722536780337897737e-05
5.300000000000000711e+00 -3.526295950720540796e-05
5.350000000000000533e+00 -3.333553982427868065e-05
5.400000000000000355e+00 -3.144522005624142554e-05
5.450000000000000178e+00 -2.959427837594138283e-05
5.500000000000000000e+00 -2.778306255723849783e-05
5.550000000000000711e+00 -2.601835670270585252e-05
5.600000000000000533e+00 -2.429999674281975309e-05
5.650000000000000355e+00 -2.263610821159315031e-05
5.700000000000000178e+00 -2.103405105506542052e-05
5.750000000000000000e+00 -1.949973560637519794e-05
5.800000000000000711e+00 -1.804373763278551703e-05
5.850000000000000533e+00 -1.667351932688981205e-05
5.900000000000000355e+00 -1.539648846815841124e-05
5.950000000000000178e+00 -1.422019882789616500e-05
6.000000000000000000e+00 -1.314914051218161109e-05
6.050000000000000711e+00 -1.218636516523169450e-05
6.100000000000000533e+00 -1.133403437998554286e-05
6.150000000000000355e+00 -1.058908373514338822e-05
6.200000000000000178e+00 -9.947612550773492966e-06
6.250000000000000000e+00 -9.404342236752561888e-06
6.300000000000000711e+00 -8.949387214221973263e-06
6.350000000000000533e+00 -8.572191357474854027e-06
6.400000000000000355e+00 -8.261628883019923566e-06
6.450000000000000178e+00 -8.003293702600684759e-06
6.500000000000000000e+00 -7.784539098897723549e-06
6.550000000000000711e+00 -7.591756722694696846e-06
6.600000000000000533e+00 -7.411978129256238588e-06
6.650000000000000355e+00 -7.233719905094681745e-06
6.700000000000000178e+00 -7.046966315944331123e-06
6.750000000000000000e+00 -6.843436903440778286e-06
6.800000000000000711e+00 -6.617753287752796338e-06
6.850000000000000533e+00 -6.365905146967587904e-06
6.900000000000000355e+00 -6.086652761244888820e-06
6.950000000000000178e+00 -5.781589449342694282e-06
7.000000000000000000e+00 -5.453580574345539274e-06
7.050000000000000711e+00 -5.107535669558245025e-06
7.100000000000000533e+00 -4.750500066731034865e-06
7.150000000000000355e+00 -4.389464726802109936e-06
7.200000000000000178e+00 -4.032529896051293733e-06
7.250000000000000000e+00 -3.687790700952787355e-06
7.300000000000000711e+00 -3.363282039677760840e-06
7.350000000000000533e+00 -3.065879347811519703e-06
7.400000000000000355e+00 -2.801379139604115554e-06
7.450000000000000178e+00 -2.574453903971519101e-06
7.500000000000000000e+00 -2.387671419625081309e-06
7.550000000000000711e+00 -2.242297354166381032e-06
7.600000000000000533e+00 -2.137417213868435921e-06
7.650000000000000355e+00 -2.070727826702885161e-06
7.700000000000000178e+00 -2.038247633444377751e-06
7.750000000000000000e+00 -2.034525077397759449e-06
7.800000000000000711e+00 -2.053229922338390091e-06
7.850000000000000533e+00 -2.087416099901444409e-06
7.900000000000000355e+00 -2.129545517386548513e-06
7.950000000000000178e+00 -2.172359297442042139e-06
8.000000000000000000e+00 -2.208899397380836994e-06
8.050000000000000711e+00 -2.232748107405002392e-06
8.099999999999999645e+00 -2.238959442550002335e-06
8.150000000000000355e+00 -2.223474081262469542e-06
8.200000000000001066e+00 -2.183653248669102002e-06
8.250000000000000000e+00 -2.118590115485897659e-06
8.300000000000000711e+00 -2.028577709013605756e-06
8.349999999999999645e+00 -1.915413499374108047e-06
8.400000000000000355e+00 -1.782366683726289912e-06
8.450000000000001066e+00 -1.633604654544708953e-06
8.500000000000000000e+00 -1.474141067016840282e-06
8.550000000000000711e+00 -1.309645482941452504e-06
8.599999999999999645e+00 -1.145876353994167010e-06
8.650000000000000355e+00 -9.887379630874649603e-07
8.700000000000001066e+00 -8.435216653084748710e-07
8.750000000000000000e+00 -7.151451842989586324e-07
8.800000000000000711e+00 -6.075471256638628772e-07
8.849999999999999645e+00 -5.234053194874063290e-07
8.900000000000000355e+00 -4.646410846460562471e-07
8.950000000000001066e+00 -4.315716036822658590e-07
9.000000000000000000e+00 -4.234346918222601951e-07
9.050000000000000711e+00 -4.383301179191455033e-07
9.099999999999999645e+00 -4.732445499433994675e-07
9.150000000000000355e+00 -5.242287600760680369e-07
9.200000000000001066e+00 -5.868146211350998813e-07
9.250000000000000000e+00 -6.560307849419449119e-07
9.300000000000000711e+00 -7.267186456578892659e-07
9.349999999999999645e+00 -7.939425719777322319e-07
9.400000000000000355e+00 -8.529865676379323866e-07
9.450000000000001066e+00 -8.997169137579989694e-07
9.500000000000000000e+00 -9.309060107552247876e-07
9.550000000000000711e+00 -9.441237170888010780e-07
9.600000000000001421e+00 -9.379742148434637762e-07
9.650000000000000355e+00 -9.121888198462859916e-07
9.700000000000001066e+00 -8.674467554506804330e-07
9.750000000000000000e+00 -8.054872386166336673e-07
9.800000000000000711e+00 -7.289456403730871883e-07
9.850000000000001421e+00 -6.411613688010824071e-07
9.900000000000000355e+00 -5.459699068717295041e-07
9.950000000000001066e+00 -4.475965765667843988e-07
1.000000000000000000e+01 -3.503446266523132527e-07
1.005000000000000071e+01 -2.583889762820682356e-07
1.010000000000000142e+01 -1.756211173187089138e-07
1.015000000000000036e+01 -1.053446297134740218e-07
1.020000000000000107e+01 -5.025121845227977472e-08
1.025000000000000000e+01 -1.217673342372771541e-08
1.030000000000000071e+01 7.902902635546660845e-09
1.035000000000000142e+01 9.937862407975267033e-09
1.040000000000000036e+01 -5.255492530546404819e-09
1.045000000000000107e+01 -3.600036564412456888e-08
1.050000000000000000e+01 -7.983948794002273635e-08
1.055000000000000071e+01 -1.337802437610484678e-07
1.060000000000000142e+01 -1.943677842827358336e-07
1.065000000000000036e+01 -2.578834903992958158e-07
1.070000000000000107e+01 -3.205529501305317500e-07
1.075000000000000000e+01 -3.788459474096468346e-07
1.080000000000000071e+01 -4.290661456649838173e-07
1.085000000000000142e+01 -4.697016157451416724e-07
1.090000000000000036e+01 -4.936366821526553479e-07
1.095000000000000107e+01 -5.176634053941584784e-07
1.100000000000000000e+01 -1.591687284101956167e-07
1.105000000000000071e+01 -1.560271651405854872e-07
1.110000000000000142e+01 -1.529350394681876894e-07
1.115000000000000036e+01 -1.499032849292965094e-07
1.120000000000000107e+01 -1.469296569570758437e-07
1.125000000000000000e+01 -1.440006771547112426e-07
1.130000000000000071e+01 -1.411410788071878538e-07
1.135000000000000142e+01 -1.383220233076676882e-07
1.140000000000000036e+01 -1.355568974627676340e-07
1.145000000000000107e+01 -1.328436179285318719e-07
1.150000000000000000e+01 -1.301815076846029503e-07
1.155000000000000071e+01 -1.275685518416544285e-07
1.160000000000000142e+01 -1.250061192937288008e-07
1.165000000000000036e+01 -1.224915518325548729e-07
1.170000000000000107e+01 -1.200170090942900813e-07
1.175000000000000000e+01 -1.175963761002326814e-07
1.180000000000000071e+01 -1.152178898633961820e-07
1.185000000000000142e+01 -1.128874515024617361e-07
1.190000000000000036e+01 -1.105999512585529876e-07
1.195000000000000107e+01 -1.083567376729328632e-07
1.200000000000000000e+01 -1.061509616207159739e-07
1.205000000000000071e+01 -1.039933796371510955e-07
1.210000000000000142e+01 -1.018789856482712205e-07
