0.000000000000000000e+00 0.000000000000000000e+00
5.000000000000000278e-02 -2.443306929504384899e-09
1.000000000000000056e-01 -3.900173774612300684e-08
1.500000000000000222e-01 -1.966794417874285048e-07
2.000000000000000111e-01 -6.182270436932978618e-07
2.500000000000000000e-01 -1.498809265931484878e-06
3.000000000000000444e-01 -3.081442414762833384e-06
3.500000000000000333e-01 -5.651301540162267454e-06
4.000000000000000222e-01 -9.529021400962390650e-06
4.500000000000000111e-01 -1.506313670234374988e-05
5.000000000000000000e-01 -2.262182493449189745e-05
5.500000000000000444e-01 -3.258412913507427526e-05
6.000000000000000888e-01 -4.533084773578569823e-05
6.500000000000000222e-01 -6.123528415797595021e-05
7.000000000000000666e-01 -8.065404993246632812e-05
7.500000000000000000e-01 -1.039181099215213109e-04
8.000000000000000444e-01 -1.313242641192343687e-04
8.500000000000000888e-01 -1.631272105409622400e-04
9.000000000000000222e-01 -1.995323811583195469e-04
9.500000000000000666e-01 -2.406896645022775971e-04
1.000000000000000000e+00 -2.866881430074385228e-04
1.050000000000000044e+00 -3.375519391821931239e-04
1.100000000000000089e+00 -3.932372421213498818e-04
1.150000000000000133e+00 -4.536305608733465786e-04
1.200000000000000178e+00 -5.185482259011404277e-04
1.250000000000000000e+00 -5.877371406284820181e-04
1.300000000000000044e+00 -6.608767217354812951e-04
1.350000000000000089e+00 -7.375820595867463173e-04
1.400000000000000133e+00 -8.174081204551993541e-04
1.450000000000000178e+00 -8.998549786958744048e-04
1.500000000000000000e+00 -9.843739417000265269e-04
1.550000000000000044e+00 -1.070374452593532118e-03
1.600000000000000089e+00 -1.157231639959257347e-03
1.650000000000000133e+00 -1.244294376119557980e-03
1.700000000000000178e+00 -1.330893700709854383e-03
1.750000000000000000e+00 -1.416351464340981619e-03
1.800000000000000044e+00 -1.499989047960050177e-03
1.850000000000000089e+00 -1.581136016898848987e-03
1.900000000000000133e+00 -1.659138574324850153e-03
1.950000000000000178e+00 -1.733367686629456832e-03
2.000000000000000000e+00 -1.803226762925062322e-03
2.050000000000000266e+00 -1.868158783884863025e-03
2.100000000000000089e+00 -1.927652773353493842e-03
2.149999999999999911e+00 -1.981249564884538482e-03
2.200000000000000178e+00 -2.028546749069410661e-03
2.250000000000000000e+00 -2.069202786837417724e-03
2.300000000000000266e+00 -2.102940237042681682e-03
2.350000000000000089e+00 -2.129548064347581288e-03
2.400000000000000355e+00 -2.148883049486596114e-03
2.450000000000000178e+00 -2.160870266698245584e-03
2.500000000000000000e+00 -2.165502673537926092e-03
2.550000000000000266e+00 -2.162839832510120470e-03
2.600000000000000089e+00 -2.153005807353391542e-03
2.650000000000000355e+00 -2.136186285734357169e-03
2.700000000000000178e+00 -2.112624989571662906e-03
2.750000000000000000e+00 -2.082619442559949588e-03
2.800000000000000266e+00 -2.046516171637668448e-03
2.850000000000000089e+00 -2.004705425091276270e-03
2.900000000000000355e+00 -1.957615492335968658e-03
2.950000000000000178e+00 -1.905706730746842660e-03
3.000000000000000000e+00 -1.849465354295621276e-03
3.050000000000000266e+00 -1.789397130200309815e-03
3.100000000000000089e+00 -1.726021035556432907e-03
3.150000000000000355e+00 -1.659862981754255161e-03
3.200000000000000178e+00 -1.591449679181643640e-03
3.250000000000000000e+00 -1.521302798103506227e-03
3.300000000000000266e+00 -1.449933330769259026e-03
3.350000000000000089e+00 -1.377836413308404550e-03
3.400000000000000355e+00 -1.305486616482473376e-03
3.450000000000000178e+00 -1.233333667109168339e-03
3.500000000000000000e+00 -1.161798750702778280e-03
3.550000000000000266e+00 -1.091271382764261687e-03
3.600000000000000089e+00 -1.022106872907071334e-03
3.650000000000000355e+00 -9.546244303879850707e-04
3.700000000000000178e+00 -8.891058195601642599e-04
3.750000000000000000e+00 -8.257946817098482141e-04
3.800000000000000266e+00 -7.648963966013884929e-04
3.850000000000000089e+00 -7.065785248945623005e-04
3.900000000000000355e+00 -6.509717410526191968e-04
3.950000000000000178e+00 -5.981712454952693931e-04
4.000000000000000000e+00 -5.482385784956838020e-04
4.049999999999999822e+00 -5.012038404091956638e-04
4.100000000000000533e+00 -4.570681073238905875e-04
4.150000000000000355e+00 -4.158061732760790961e-04
4.200000000000000178e+00 -3.773694113468247240e-04
4.250000000000000000e+00 -3.416887338219984859e-04
4.299999999999999822e+00 -3.086776087134335939e-04
4.350000000000000533e+00 -2.782350355674016664e-04
4.400000000000000355e+00 -2.502484535689477067e-04
4.450000000000000178e+00 -2.245965224015542005e-04
4.500000000000000000e+00 -2.011517352288520830e-04
4.549999999999999822e+00 -1.797828265889663219e-04
4.600000000000000533e+00 -1.603569710162370426e-04
4.650000000000000355e+00 -1.427416551290957420e-04
4.700000000000000178e+00 -1.268064200566272907e-04
4.750000000000000000e+00 -1.124242140951554290e-04
4.800000000000000711e+00 -9.947254002537296970e-05
4.850000000000000533e+00 -8.783433600538235781e-05
4.900000000000000355e+00 -7.739861615304729158e-05
4.950000000000000178e+00 -6.806089026811239944e-05
5.000000000000000000e+00 -5.972338588326351147e-05
5.050000000000000711e+00 -5.229509852620610775e-05
5.100000000000000533e+00 -4.569169583642901085e-05
5.150000000000000355e+00 -3.983531474896677898e-05
5.200000000000000178e+00 -3.465425222152069125e-05
5.250000000000000000e+00 -3.008261166978206262e-05
5.300000000000000711e+00 -2.605990342622613797e-05
5.350000000000000533e+00 -2.253063317271549758e-05
5.400000000000000355e+00 -1.944388363878366517e-05
5.450000000000000178e+00 -1.675293457798882510e-05
5.500000000000000000e+00 -1.441489243359465590e-05
5.550000000000000711e+00 -1.239036812671803977e-05
5.600000000000000533e+00 -1.064319519429113470e-05
5.650000000000000355e+00 -9.140191611903915786e-06
5.700000000000000178e+00 -7.850963740522066275e-06
5.750000000000000000e+00 -6.747748459422320804e-06
5.800000000000000711e+00 -5.805287695296387067e-06
5.850000000000000533e+00 -5.000728263011629727e-06
5.900000000000000355e+00 -4.313539203970445104e-06
5.950000000000000178e+00 -3.725438624984657455e-06
6.000000000000000000e+00 -3.220324106060913837e-06
6.050000000000000711e+00 -2.784189374847356677e-06
6.100000000000000533e+00 -2.405047211313563657e-06
6.150000000000000355e+00 -2.072818522753355696e-06
6.200000000000000178e+00 -1.779220576893639603e-06
6.250000000000000000e+00 -1.517616430878336294e-06
6.300000000000000711e+00 -1.282863895604806335e-06
6.350000000000000533e+00 -1.071138841169949299e-06
6.400000000000000355e+00 -8.797471924554435851e-07
6.450000000000000178e+00 -7.069283264449362498e-07
6.500000000000000000e+00 -5.516552086871370413e-07
6.550000000000000711e+00 -4.134370815034850404e-07
6.600000000000000533e+00 -2.921306479604010285e-07
6.650000000000000355e+00 -1.877654887993598262e-07
6.700000000000000178e+00 -1.003889270840439455e-07
6.750000000000000000e+00 -2.993475524837195829e-08
6.800000000000000711e+00 2.388078780473068472e-08
6.850000000000000533e+00 6.163359542841188183e-08
6.900000000000000355e+00 8.423592688374059929e-08
6.950000000000000178e+00 9.295071833597543895e-08
7.000000000000000000e+00 8.937767819435208490e-08
7.050000000000000711e+00 7.541405493346569816e-08
7.100000000000000533e+00 5.319398582884770401e-08
7.150000000000000355e+00 2.501114683869807851e-08
7.200000000000000178e+00 -6.770008483792228672e-09
7.250000000000000000e+00 -3.980883211796921873e-08
7.300000000000000711e+00 -7.188327177758781243e-08
7.350000000000000533e+00 -1.009794966602281883e-07
7.400000000000000355e+00 -1.253714812831378779e-07
7.450000000000000178e+00 -1.436863838609681943e-07
7.500000000000000000e+00 -1.549524485395648916e-07
7.550000000000000711e+00 -1.586271839721919752e-07
7.600000000000000533e+00 -1.546046703749774568e-07
7.650000000000000355e+00 -1.432019672067765980e-07
7.700000000000000178e+00 -1.251256783150306393e-07
7.750000000000000000e+00 -1.014207283850634390e-07
7.800000000000000711e+00 -7.340426712280183328e-08
7.850000000000000533e+00 -4.258830705938833785e-08
7.900000000000000355e+00 -1.059518794607078565e-08
7.950000000000000178e+00 2.092977292288206721e-08
8.000000000000000000e+00 5.040404650152059206e-08
8.050000000000000711e+00 7.638786056925750901e-08
8.099999999999999645e+00 9.765455024951433879e-08
8.150000000000000355e+00 1.132480446778992316e-07
8.200000000000001066e+00 1.225249679217278923e-07
8.250000000000000000e+00 1.251796648729800136e-07
8.300000000000000711e+00 1.212513595607814287e-07
8.349999999999999645e+00 1.111135676545076416e-07
8.400000000000000355e+00 9.544677056395208165e-08
8.450000000000001066e+00 7.519617186210518922e-08
8.500000000000000000e+00 5.151705883137733916e-08
8.550000000000000711e+00 2.571085033699403625e-08
8.599999999999999645e+00 -8.446974602589983622e-10
8.650000000000000355e+00 -2.676744929665393202e-08
8.700000000000001066e+00 -5.074131736432701830e-08
8.750000000000000000e+00 -7.158162919639741628e-08
8.800000000000000711e+00 -8.829225124496594318e-08
8.849999999999999645e+00 -1.001117755949892224e-07
8.900000000000000355e+00 -1.065466937600155511e-07
8.950000000000001066e+00 -1.073901876029548060e-07
9.000000000000000000e+00 -1.027259256668208731e-07
9.050000000000000711e+00 -9.291702434357417096e-08
9.099999999999999645e+00 -7.858107841687546970e-08
9.150000000000000355e+00 -6.055284779085932413e-08
9.200000000000001066e+00 -3.983677390467047386e-08
9.250000000000000000e+00 -1.755196314428196969e-08
9.300000000000000711e+00 5.127404981207525445e-09
9.349999999999999645e+00 2.703312290212833148e-08
9.400000000000000355e+00 4.706232803598180093e-08
9.450000000000001066e+00 6.423223286345138082e-08
9.500000000000000000e+00 7.772754168817473258e-08
9.550000000000000711e+00 8.693831233313146804e-08
9.600000000000001421e+00 9.148655325404987424e-08
9.650000000000000355e+00 9.124045340883617891e-08
9.700000000000001066e+00 8.631579153867303771e-08
9.750000000000000000e+00 7.706472974083182912e-08
9.800000000000000711e+00 6.405282999980113582e-08
9.850000000000001421e+00 4.802571032202663652e-08
9.900000000000000355e+00 2.986725135346933967e-08
9.950000000000001066e+00 1.055165173036217122e-08
1.000000000000000000e+01 -8.908106393049942727e-09
1.005000000000000071e+01 -2.751269181987336225e-08
1.010000000000000142e+01 -4.432707914555992449e-08
1.015000000000000036e+01 -5.852688965018875663e-08
1.020000000000000107e+01 -6.943815437474436178e-08
1.025000000000000000e+01 -7.656861486041772712e-08
1.030000000000000071e+01 -7.962914395224482253e-08
1.035000000000000142e+01 -7.854439826975668001e-08
1.040000000000000036e+01 -7.345237746841005954e-08
1.045000000000000107e+01 -6.469313413645235445e-08
1.050000000000000000e+01 -5.278742329548974715e-08
1.055000000000000071e+01 -3.840657492283526666e-08
1.060000000000000142e+01 -2.233529273267026607e-08
1.065000000000000036e+01 -5.429407883299048404e-09
1.070000000000000107e+01 1.142916730350980479e-08
1.075000000000000000e+01 2.737794192357412308e-08
1.080000000000000071e+01 4.161748365885412227e-08
1.085000000000000142e+01 5.345100793308692757e-08
1.090000000000000036e+01 6.231798346916754638e-08
1.095000000000000107e+01 6.782015904274513606e-08
1.100000000000000000e+01 6.973883101516163404e-08
1.105000000000000071e+01 6.804263804841647569e-08
1.110000000000000142e+01 6.288566368323709730e-08
1.115000000000000036e+01 5.459612367767709125e-08
1.120000000000000107e+01 4.365638801291937191e-08
1.125000000000000000e+01 3.067551377675400469e-08
1.130000000000000071e+01 1.635582398172405432e-08
1.135000000000000142e+01 1.455341853931121300e-09
1.140000000000000036e+01 -1.325193215342692079e-08
1.145000000000000107e+01 -2.701583966670976754e-08
1.150000000000000000e+01 -3.914795123266487126e-08
1.155000000000000071e+01 -4.905562645633148215e-08
1.160000000000000142e+01 -5.627058147162148329e-08
1.165000000000000036e+01 -6.047060656575405723e-08
1.170000000000000107e+01 -6.149344901176230416e-08
1.175000000000000000e+01 -5.934229186885844492e-08
1.180000000000000071e+01 -5.418269684786938424e-08
1.185000000000000142e+01 -4.633131578214603225e-08
1.190000000000000036e+01 -3.623708864984245664e-08
1.195000000000000107e+01 -2.445601592212825353e-08
