0.000000000000000000e+00 -6.613435676353229473e-03
5.000000000000000278e-02 -6.625991041575783960e-03
1.000000000000000056e-01 -6.663414497644674049e-03
1.500000000000000222e-01 -6.724982992844881838e-03
2.000000000000000111e-01 -6.809507549749386872e-03
2.500000000000000000e-01 -6.915357029530388132e-03
3.000000000000000444e-01 -7.040490615401699161e-03
3.500000000000000333e-01 -7.182498186150370126e-03
4.000000000000000222e-01 -7.338647837956805732e-03
4.500000000000000111e-01 -7.505939754376579100e-03
5.000000000000000000e-01 -7.681163058323350022e-03
5.500000000000000444e-01 -7.860958236582352154e-03
6.000000000000000888e-01 -8.041880234943031558e-03
6.500000000000000222e-01 -8.220462328120963988e-03
7.000000000000000666e-01 -8.393279892042601262e-03
7.500000000000000000e-01 -8.557010712699548993e-03
8.000000000000000444e-01 -8.708492808920519079e-03
8.500000000000000888e-01 -8.844778493455869237e-03
9.000000000000000222e-01 -8.963177506350856333e-03
9.500000000000000666e-01 -9.061304083229505812e-03
1.000000000000000000e+00 -9.137106728295934718e-03
1.050000000000000044e+00 -9.188895253627246684e-03
1.100000000000000089e+00 -9.215358929483106684e-03
1.150000000000000133e+00 -9.215576479137788102e-03
1.200000000000000178e+00 -9.189018753868445286e-03
1.250000000000000000e+00 -9.135542251567313823e-03
1.300000000000000044e+00 -9.055377311331659976e-03
1.350000000000000089e+00 -8.949108172123352786e-03
1.400000000000000133e+00 -8.817649088211846134e-03
1.450000000000000178e+00 -8.662211846710473825e-03
1.500000000000000000e+00 -8.484273178573243507e-03
1.550000000000000044e+00 -8.285536801384477471e-03
1.600000000000000089e+00 -8.067893799777544131e-03
1.650000000000000133e+00 -7.833381091928576234e-03
1.700000000000000178e+00 -7.584143916718906302e-03
1.750000000000000000e+00 -7.322388922875197256e-03
1.800000000000000044e+00 -7.050352242893557879e-03
1.850000000000000089e+00 -6.770259254316896361e-03
1.900000000000000133e+00 -6.484291917391635414e-03
1.950000000000000178e+00 -6.194558715000220671e-03
2.000000000000000000e+00 -5.903068326034575236e-03
2.050000000000000266e+00 -5.611707385006412668e-03
2.100000000000000089e+00 -5.322222507819102458e-03
2.149999999999999911e+00 -5.036207009476937474e-03
2.200000000000000178e+00 -4.755089416544493880e-03
2.250000000000000000e+00 -4.480131018090686978e-03
2.300000000000000266e+00 -4.212422262239222913e-03
2.350000000000000089e+00 -3.952883273451115835e-03
2.400000000000000355e+00 -3.702270661545103113e-03
2.450000000000000178e+00 -3.461183871073299917e-03
2.500000000000000000e+00 -3.230072883165293132e-03
2.550000000000000266e+00 -3.009251634875512518e-03
2.600000000000000089e+00 -2.798908390515705401e-03
2.650000000000000355e+00 -2.599119356545792885e-03
2.700000000000000178e+00 -2.409861746501975807e-03
2.750000000000000000e+00 -2.231027126261423636e-03
2.800000000000000266e+00 -2.062434300744050899e-03
2.850000000000000089e+00 -1.903842031531096301e-03
2.900000000000000355e+00 -1.754959409600864240e-03
2.950000000000000178e+00 -1.615459545081689065e-03
3.000000000000000000e+00 -1.484985975631197223e-03
3.050000000000000266e+00 -1.363161990645415196e-03
3.100000000000000089e+00 -1.249599067465343534e-03
3.150000000000000355e+00 -1.143902332258534948e-03
3.200000000000000178e+00 -1.045675959706158110e-03
3.250000000000000000e+00 -9.545272960480116710e-04
3.300000000000000266e+00 -8.700702234107814343e-04
3.350000000000000089e+00 -7.919276813960314998e-04
3.400000000000000355e+00 -7.197333109746995115e-04
3.450000000000000178e+00 -6.531334153061613915e-04
3.500000000000000000e+00 -5.917867491078252114e-04
3.550000000000000266e+00 -5.353656646580352016e-04
3.600000000000000089e+00 -4.835566152210393179e-04
3.650000000000000355e+00 -4.360580096298760167e-04
3.700000000000000178e+00 -3.925833895808118973e-04
3.750000000000000000e+00 -3.528589121395917785e-04
3.800000000000000266e+00 -3.166236701676030871e-04
3.850000000000000089e+00 -2.836289616217552221e-04
3.900000000000000355e+00 -2.536398364010307937e-04
3.950000000000000178e+00 -2.264320192816290445e-04
4.000000000000000000e+00 -2.017936632151813114e-04
4.049999999999999822e+00 -1.795241242389184399e-04
4.100000000000000533e+00 -1.594344855742929785e-04
4.150000000000000355e+00 -1.413468775197967476e-04
4.200000000000000178e+00 -1.250937388827793456e-04
4.250000000000000000e+00 -1.105186556131832235e-04
4.299999999999999822e+00 -9.747494001876596094e-05
4.350000000000000533e+00 -8.582584394066186022e-05
4.400000000000000355e+00 -7.544407112614119571e-05
4.450000000000000178e+00 -6.621138437565502323e-05
4.500000000000000000e+00 -5.801808506987476835e-05
4.549999999999999822e+00 -5.076288157285434820e-05
4.600000000000000533e+00 -4.435239625308267866e-05
4.650000000000000355e+00 -3.870046107678116483e-05
4.700000000000000178e+00 -3.372748527956428559e-05
4.750000000000000000e+00 -2.936073327925011196e-05
4.800000000000000711e+00 -2.553413919570984242e-05
4.850000000000000533e+00 -2.218638696360923112e-05
4.900000000000000355e+00 -1.926246093417069384e-05
4.950000000000000178e+00 -1.671208971443552508e-05
5.000000000000000000e+00 -1.448987736432578964e-05
5.050000000000000711e+00 -1.255495433932724666e-05
5.100000000000000533e+00 -1.087070458533052577e-05
5.150000000000000355e+00 -9.404603876300540635e-06
5.200000000000000178e+00 -8.127528606864762523e-06
5.250000000000000000e+00 -7.014185712173233015e-06
5.300000000000000711e+00 -6.042380284525589877e-06
5.350000000000000533e+00 -5.192877355727160835e-06
5.400000000000000355e+00 -4.449193033677140302e-06
5.450000000000000178e+00 -3.797134445991312244e-06
5.500000000000000000e+00 -3.224773997562529017e-06
5.550000000000000711e+00 -2.721897532183275148e-06
5.600000000000000533e+00 -2.280374444209820918e-06
5.650000000000000355e+00 -1.893199098913107283e-06
5.700000000000000178e+00 -1.553990278326983685e-06
5.750000000000000000e+00 -1.258150813523803333e-06
5.800000000000000711e+00 -1.001272725768646510e-06
5.850000000000000533e+00 -7.796043996213945822e-07
5.900000000000000355e+00 -5.900431143989645634e-07
5.950000000000000178e+00 -4.287987302759844840e-07
6.000000000000000000e+00 -2.935280371689440912e-07
6.050000000000000711e+00 -1.813769108466248507e-07
6.100000000000000533e+00 -8.963712445160223034e-08
6.150000000000000355e+00 -1.571194098760939002e-08
6.200000000000000178e+00 4.291005637443521873e-08
6.250000000000000000e+00 8.851770086201053712e-08
6.300000000000000711e+00 1.235866636060765867e-07
6.350000000000000533e+00 1.500787356905180619e-07
6.400000000000000355e+00 1.698519605299210618e-07
6.450000000000000178e+00 1.845204232835875702e-07
6.500000000000000000e+00 1.954132964677771406e-07
6.550000000000000711e+00 2.036564642375410691e-07
6.600000000000000533e+00 2.099351725000426665e-07
6.650000000000000355e+00 2.148897937408910409e-07
6.700000000000000178e+00 2.187852410918055443e-07
6.750000000000000000e+00 2.217138433791191711e-07
6.800000000000000711e+00 2.236076888360310805e-07
6.850000000000000533e+00 2.243814974045599612e-07
6.900000000000000355e+00 2.235908995286321352e-07
6.950000000000000178e+00 2.210822576446563149e-07
