0.000000000000000000e+00 8.363888223609225459e-02
5.000000000000000278e-02 8.367129248467285174e-02
1.000000000000000056e-01 8.376834774599736799e-02
1.500000000000000222e-01 8.392951944623257277e-02
2.000000000000000111e-01 8.415391897794698151e-02
2.500000000000000000e-01 8.444028771216779972e-02
3.000000000000000444e-01 8.478698250611099718e-02
3.500000000000000333e-01 8.519195886264739614e-02
4.000000000000000222e-01 8.565275199303239162e-02
4.500000000000000111e-01 8.616645687886088922e-02
5.000000000000000000e-01 8.672970826816545076e-02
5.500000000000000444e-01 8.733866160611489238e-02
6.000000000000000888e-01 8.798897923244186625e-02
6.500000000000000222e-01 8.867581221910132705e-02
7.000000000000000666e-01 8.939379313538076133e-02
7.500000000000000000e-01 9.013705124639664890e-02
8.000000000000000444e-01 9.089933680771596081e-02
8.500000000000000888e-01 9.167344360473843323e-02
9.000000000000000222e-01 9.245201706635981787e-02
9.500000000000000666e-01 9.322750711750034391e-02
1.000000000000000000e+00 9.399152749068363788e-02
1.050000000000000044e+00 9.473546985600561632e-02
1.100000000000000089e+00 9.545041696246944762e-02
1.150000000000000133e+00 9.612720715337047528e-02
1.200000000000000178e+00 9.675650841533532664e-02
1.250000000000000000e+00 9.732890389632170569e-02
1.300000000000000044e+00 9.783497210490110785e-02
1.350000000000000089e+00 9.826538352444214031e-02
1.400000000000000133e+00 9.861099907782062968e-02
1.450000000000000178e+00 9.886296837731262110e-02
1.500000000000000000e+00 9.901283143516402541e-02
1.550000000000000044e+00 9.905262179320674376e-02
1.600000000000000089e+00 9.897495574409742591e-02
1.650000000000000133e+00 9.877314139966932027e-02
1.700000000000000178e+00 9.844126061487125379e-02
1.750000000000000000e+00 9.797425235404008670e-02
1.800000000000000044e+00 9.736798903314665410e-02
1.850000000000000089e+00 9.661934131211560861e-02
1.900000000000000133e+00 9.572623236169995609e-02
1.950000000000000178e+00 9.468768013027491215e-02
2.000000000000000000e+00 9.350382634951380501e-02
2.050000000000000266e+00 9.217595377842918714e-02
2.100000000000000089e+00 9.070650183593077787e-02
2.149999999999999911e+00 8.909899150417079083e-02
2.200000000000000178e+00 8.735807682830176724e-02
2.250000000000000000e+00 8.548950661017640229e-02
2.300000000000000266e+00 8.349998754911869270e-02
2.350000000000000089e+00 8.139718244304167127e-02
2.400000000000000355e+00 7.918961268742591431e-02
2.450000000000000178e+00 7.688657016081763829e-02
2.500000000000000000e+00 7.449801827848459568e-02
2.550000000000000266e+00 7.203448339704644765e-02
2.600000000000000089e+00 6.950694184968163325e-02
2.650000000000000355e+00 6.692670241192329172e-02
2.700000000000000178e+00 6.430528539454236081e-02
2.750000000000000000e+00 6.165430193124797620e-02
2.800000000000000266e+00 5.898533394468122304e-02
2.850000000000000089e+00 5.630981723731800365e-02
2.900000000000000355e+00 5.363892935745376289e-02
2.950000000000000178e+00 5.098348378477699644e-02
3.000000000000000000e+00 4.835383240882538264e-02
3.050000000000000266e+00 4.575977637268588416e-02
3.100000000000000089e+00 4.321048780916612875e-02
3.150000000000000355e+00 4.071444467906144837e-02
3.200000000000000178e+00 3.827937232140871116e-02
3.250000000000000000e+00 3.591220205146748723e-02
3.300000000000000266e+00 3.361904277061844581e-02
3.350000000000000089e+00 3.140515946399729391e-02
3.400000000000000355e+00 2.927496910565609636e-02
3.450000000000000178e+00 2.723204571915489175e-02
3.500000000000000000e+00 2.527913658299062172e-02
3.550000000000000266e+00 2.341818830759605230e-02
3.600000000000000089e+00 2.165038223866685291e-02
3.650000000000000355e+00 1.997617507805926618e-02
3.700000000000000178e+00 1.839536263423828533e-02
3.750000000000000000e+00 1.690707949823902836e-02
3.800000000000000266e+00 1.550995043075381261e-02
3.850000000000000089e+00 1.420206895248596335e-02
3.900000000000000355e+00 1.298109993440529041e-02
3.950000000000000178e+00 1.184431619971169566e-02
4.000000000000000000e+00 1.078867484382703412e-02
4.049999999999999822e+00 9.810915531384703514e-03
4.100000000000000533e+00 8.907533839318800689e-03
4.150000000000000355e+00 8.074893859513612715e-03
4.200000000000000178e+00 7.309263360788171779e-03
4.250000000000000000e+00 6.606859514134417848e-03
4.299999999999999822e+00 5.963890160478609904e-03
4.350000000000000533e+00 5.376589053384313657e-03
4.400000000000000355e+00 4.841249820065705173e-03
4.450000000000000178e+00 4.354251736172725165e-03
4.500000000000000000e+00 3.912082934787034991e-03
4.549999999999999822e+00 3.511359144377456092e-03
4.600000000000000533e+00 3.148854406394385134e-03
4.650000000000000355e+00 2.821447097280675199e-03
4.700000000000000178e+00 2.526225882330841201e-03
4.750000000000000000e+00 2.260429310537036621e-03
4.800000000000000711e+00 2.021464092560800764e-03
4.850000000000000533e+00 1.806905665443209359e-03
4.900000000000000355e+00 1.614496419237798760e-03
4.950000000000000178e+00 1.442142384604165346e-03
5.000000000000000000e+00 1.287908615315379529e-03
5.050000000000000711e+00 1.150000459073834483e-03
5.100000000000000533e+00 1.026810193365380094e-03
5.150000000000000355e+00 9.168321268265126368e-04
5.200000000000000178e+00 8.186984994824443107e-04
5.250000000000000000e+00 7.311746218005424954e-04
5.300000000000000711e+00 6.531394113391401132e-04
5.350000000000000533e+00 5.835797940541220200e-04
5.400000000000000355e+00 5.215849983193115080e-04
5.450000000000000178e+00 4.663355125332192754e-04
5.500000000000000000e+00 4.170962681092062695e-04
5.550000000000000711e+00 3.732104931106913987e-04
5.600000000000000533e+00 3.340907280283870822e-04
5.650000000000000355e+00 2.992141731110809291e-04
5.700000000000000178e+00 2.681145722308732695e-04
5.750000000000000000e+00 2.403770506090707867e-04
5.800000000000000711e+00 2.156321450434370030e-04
5.850000000000000533e+00 1.935510068493937505e-04
5.900000000000000355e+00 1.738415057498205677e-04
5.950000000000000178e+00 1.562423077896195962e-04
6.000000000000000000e+00 1.405212819136057191e-04
6.050000000000000711e+00 1.264709429175413561e-04
6.100000000000000533e+00 1.139062504862805518e-04
6.150000000000000355e+00 1.026619721414157325e-04
6.200000000000000178e+00 9.259067119607225223e-05
6.250000000000000000e+00 8.356066714807839214e-05
6.300000000000000711e+00 7.545097907985893950e-05
6.350000000000000533e+00 6.816562377398688549e-05
6.400000000000000355e+00 6.160806630325403534e-05
6.450000000000000178e+00 5.569734575877984174e-05
6.500000000000000000e+00 5.036072059727230809e-05
6.550000000000000711e+00 4.553541110204663436e-05
6.600000000000000533e+00 4.116829007061608261e-05
6.650000000000000355e+00 3.720789954594751425e-05
6.700000000000000178e+00 3.361458878323944909e-05
6.750000000000000000e+00 3.035308361098733423e-05
6.800000000000000711e+00 2.739189598034123281e-05
6.850000000000000533e+00 2.470394220824082134e-05
6.900000000000000355e+00 2.226546707247627782e-05
6.950000000000000178e+00 2.005553937847810012e-05
