0.000000000000000000e+00 3.789309555817842179e-02
5.000000000000000278e-02 4.212102967386324032e-02
1.000000000000000056e-01 4.144662763271819012e-02
1.500000000000000222e-01 4.025189889731563969e-02
2.000000000000000111e-01 3.863995635788033955e-02
2.500000000000000000e-01 3.659936373794081543e-02
3.000000000000000444e-01 3.417832988922402115e-02
3.500000000000000333e-01 3.141006430003363131e-02
4.000000000000000222e-01 2.834138645572499213e-02
4.500000000000000111e-01 2.501608132638205931e-02
5.000000000000000000e-01 2.148253999805412387e-02
5.500000000000000444e-01 1.780353383352170984e-02
6.000000000000000888e-01 1.400644422041406878e-02
6.500000000000000222e-01 1.019117406441777049e-02
7.000000000000000666e-01 6.338495331928091329e-03
7.500000000000000000e-01 2.580950987321340828e-03
8.000000000000000444e-01 -1.106362870361984148e-03
8.500000000000000888e-01 -4.637575281115655611e-03
9.000000000000000222e-01 -7.992835457786593573e-03
9.500000000000000666e-01 -1.113651045606722616e-02
1.000000000000000000e+00 -1.403316860317579268e-02
1.050000000000000044e+00 -1.667853617934778390e-02
1.100000000000000089e+00 -1.900961697314319451e-02
1.150000000000000133e+00 -2.107804937005229584e-02
1.200000000000000178e+00 -2.282799888335415583e-02
1.250000000000000000e+00 -2.427110406655330968e-02
1.300000000000000044e+00 -2.541469501337454556e-02
1.350000000000000089e+00 -2.626096628775375502e-02
1.400000000000000133e+00 -2.681910183941096926e-02
1.450000000000000178e+00 -2.710442645783420895e-02
1.500000000000000000e+00 -2.713053184641742513e-02
1.550000000000000044e+00 -2.691761557731713397e-02
1.600000000000000089e+00 -2.648546871290666238e-02
1.650000000000000133e+00 -2.585247373100484428e-02
1.700000000000000178e+00 -2.504097575947935098e-02
1.750000000000000000e+00 -2.407279236472929101e-02
1.800000000000000044e+00 -2.297225944859204033e-02
1.850000000000000089e+00 -2.175796245594489864e-02
1.900000000000000133e+00 -2.045017521147377004e-02
1.950000000000000178e+00 -1.906803800314546549e-02
2.000000000000000000e+00 -1.763544033664872848e-02
2.050000000000000266e+00 -1.616404239857904476e-02
2.100000000000000089e+00 -1.467494740758211284e-02
2.149999999999999911e+00 -1.318038773395016454e-02
2.200000000000000178e+00 -1.169612283606550132e-02
2.250000000000000000e+00 -1.023391486485221782e-02
2.300000000000000266e+00 -8.807665584338968817e-03
2.350000000000000089e+00 -7.422457931561723087e-03
2.400000000000000355e+00 -6.093320637879351930e-03
2.450000000000000178e+00 -4.823405755592739645e-03
2.500000000000000000e+00 -3.621975631798843211e-03
2.550000000000000266e+00 -2.492929612424347411e-03
2.600000000000000089e+00 -1.443802444145297686e-03
2.650000000000000355e+00 -4.725889262311885040e-04
2.700000000000000178e+00 4.135231812885052627e-04
2.750000000000000000e+00 1.215156336496475654e-03
2.800000000000000266e+00 1.932579260722383160e-03
2.850000000000000089e+00 2.564983415535847331e-03
2.900000000000000355e+00 3.114238203999847472e-03
2.950000000000000178e+00 3.581608176608442728e-03
3.000000000000000000e+00 3.972297132044512111e-03
3.050000000000000266e+00 4.287082827050997351e-03
3.100000000000000089e+00 4.531714888260594473e-03
3.150000000000000355e+00 4.709894461601730857e-03
3.200000000000000178e+00 4.826765611250693512e-03
3.250000000000000000e+00 4.887421391988791552e-03
3.300000000000000266e+00 4.898058992065404925e-03
3.350000000000000089e+00 4.862991523724964106e-03
3.400000000000000355e+00 4.786752102046634184e-03
3.450000000000000178e+00 4.680141818075661542e-03
3.500000000000000000e+00 4.539234703912694256e-03
3.550000000000000266e+00 4.378741548037224339e-03
3.600000000000000089e+00 4.196788933523460698e-03
3.650000000000000355e+00 4.000648016817086663e-03
3.700000000000000178e+00 3.795422955530761838e-03
3.750000000000000000e+00 3.580895272675136548e-03
3.800000000000000266e+00 3.364175415388681416e-03
3.850000000000000089e+00 3.146831924591346735e-03
3.900000000000000355e+00 2.930526697075643439e-03
3.950000000000000178e+00 2.719242220673041659e-03
4.000000000000000000e+00 2.513167123149515503e-03
4.049999999999999822e+00 2.314626643836409283e-03
4.100000000000000533e+00 2.124239622610870400e-03
4.150000000000000355e+00 1.943045724309647865e-03
4.200000000000000178e+00 1.771870506465390935e-03
4.250000000000000000e+00 1.610539055664001861e-03
4.299999999999999822e+00 1.460005988918233223e-03
4.350000000000000533e+00 1.318860767874055397e-03
4.400000000000000355e+00 1.190495974478343903e-03
4.450000000000000178e+00 1.067182993006596074e-03
4.500000000000000000e+00 9.631241615903273715e-04
4.549999999999999822e+00 8.570114855585383344e-04
4.600000000000000533e+00 7.676939161968876274e-04
4.650000000000000355e+00 6.845019408101003008e-04
4.700000000000000178e+00 6.106905075122160591e-04
4.750000000000000000e+00 5.417625250417848915e-04
4.800000000000000711e+00 4.828892528031321785e-04
4.850000000000000533e+00 4.279417677178275030e-04
4.900000000000000355e+00 3.818405795208006407e-04
4.950000000000000178e+00 3.394309249625886127e-04
5.000000000000000000e+00 3.006197426263836894e-04
5.050000000000000711e+00 2.682104615329591575e-04
5.100000000000000533e+00 2.392549193819795879e-04
5.150000000000000355e+00 2.128445270474590718e-04
5.200000000000000178e+00 1.905950861782254721e-04
5.250000000000000000e+00 1.696193966738876696e-04
5.300000000000000711e+00 1.519044693011646489e-04
5.350000000000000533e+00 1.353006806116775404e-04
5.400000000000000355e+00 1.210207280722331755e-04
5.450000000000000178e+00 1.077404405652454132e-04
5.500000000000000000e+00 9.581732128872161454e-05
5.550000000000000711e+00 8.517172259154333781e-05
5.600000000000000533e+00 7.523443049872394076e-05
5.650000000000000355e+00 6.634176402999776383e-05
5.700000000000000178e+00 5.863632223620123581e-05
5.750000000000000000e+00 5.072132087483369997e-05
5.800000000000000711e+00 4.500054086742558390e-05
5.850000000000000533e+00 3.873189691569964841e-05
5.900000000000000355e+00 3.428695690044293348e-05
5.950000000000000178e+00 2.974178367893937465e-05
6.000000000000000000e+00 3.303411636152658404e-05
6.050000000000000711e+00 2.845138044419550773e-05
6.100000000000000533e+00 2.450431542192041236e-05
6.150000000000000355e+00 2.110417898208789543e-05
6.200000000000000178e+00 1.817551844852065409e-05
6.250000000000000000e+00 1.565321642831450015e-05
6.300000000000000711e+00 1.348055333735138376e-05
6.350000000000000533e+00 1.160928354418709559e-05
6.400000000000000355e+00 9.997727617053096819e-06
6.450000000000000178e+00 8.609658156951264756e-06
6.500000000000000000e+00 7.414192381177919576e-06
6.550000000000000711e+00 6.384703090639832624e-06
