0.000000000000000000e+00 0.000000000000000000e+00
5.000000000000000278e-02 5.796284497376418356e-12
1.000000000000000056e-01 9.276528565630346922e-11
1.500000000000000222e-01 4.698284997508434361e-10
2.000000000000000111e-01 1.485764396601190553e-09
2.500000000000000000e-01 3.629976855994522622e-09
3.000000000000000444e-01 7.533382947398734526e-09
3.500000000000000333e-01 1.396923901854252825e-08
4.000000000000000222e-01 2.385368217762227726e-08
4.500000000000000111e-01 3.824572948866752167e-08
5.000000000000000000e-01 5.834645083384162968e-08
5.500000000000000444e-01 8.549701453523233630e-08
6.000000000000000888e-01 1.211752983664082886e-07
6.500000000000000222e-01 1.669907631741410571e-07
7.000000000000000666e-01 2.246773023578449283e-07
7.500000000000000000e-01 2.960838080100652772e-07
8.000000000000000444e-01 3.831622333849208863e-07
8.500000000000000888e-01 4.879529809864116187e-07
9.000000000000000222e-01 6.125675050775147784e-07
9.500000000000000666e-01 7.591680855985729080e-07
1.000000000000000000e+00 9.299448058293593806e-07
1.050000000000000044e+00 1.127089846821561171e-06
1.100000000000000089e+00 1.352769295598394360e-06
1.150000000000000133e+00 1.609092749084846057e-06
1.200000000000000178e+00 1.898081079258377193e-06
1.250000000000000000e+00 2.221632804566734528e-06
1.300000000000000044e+00 2.581489585698208405e-06
1.350000000000000089e+00 2.979201427820136671e-06
1.400000000000000133e+00 3.416092224073169200e-06
1.450000000000000178e+00 3.893226314292217689e-06
1.500000000000000000e+00 4.411376756791005726e-06
1.550000000000000044e+00 4.970996018139370892e-06
1.600000000000000089e+00 5.572189775162646056e-06
1.650000000000000133e+00 6.214694494372669630e-06
1.700000000000000178e+00 6.897859406700511471e-06
1.750000000000000000e+00 7.620633430293387512e-06
1.800000000000000044e+00 8.381557512367626242e-06
1.850000000000000089e+00 9.178762764319983773e-06
1.900000000000000133e+00 1.000997465464076311e-05
1.950000000000000178e+00 1.087252340424212465e-05
2.000000000000000000e+00 1.176336060159595927e-05
2.050000000000000266e+00 1.267908192384111392e-05
2.100000000000000089e+00 1.361595571824165198e-05
2.149999999999999911e+00 1.456995706961653693e-05
2.200000000000000178e+00 1.553680685715104021e-05
2.250000000000000000e+00 1.651201519174076948e-05
2.300000000000000266e+00 1.749092852585681929e-05
2.350000000000000089e+00 1.846877964464840156e-05
2.400000000000000355e+00 1.944073968196741021e-05
2.450000000000000178e+00 2.040197126002443691e-05
2.500000000000000000e+00 2.134768182770809076e-05
2.550000000000000266e+00 2.227317627082384642e-05
2.600000000000000089e+00 2.317390788759999884e-05
2.650000000000000355e+00 2.404552686408634955e-05
2.700000000000000178e+00 2.488392544523870042e-05
2.750000000000000000e+00 2.568527907667406826e-05
2.800000000000000266e+00 2.644608288692537154e-05
2.850000000000000089e+00 2.716318298772946863e-05
2.900000000000000355e+00 2.783380218733213073e-05
2.950000000000000178e+00 2.845555983565267703e-05
3.000000000000000000e+00 2.902648564697776450e-05
3.050000000000000266e+00 2.954502747221083556e-05
3.100000000000000089e+00 3.001005311527540123e-05
3.150000000000000355e+00 3.042084640395176863e-05
3.200000000000000178e+00 3.077709783143714516e-05
3.250000000000000000e+00 3.107889017885858692e-05
3.300000000000000266e+00 3.132667960890059337e-05
3.350000000000000089e+00 3.152127278519020032e-05
3.400000000000000355e+00 3.166380062019776790e-05
3.450000000000000178e+00 3.175568928577379328e-05
3.500000000000000000e+00 3.179862913518282302e-05
3.550000000000000266e+00 3.179454218423089607e-05
3.600000000000000089e+00 3.174554878287264860e-05
3.650000000000000355e+00 3.165393407896134473e-05
3.700000000000000178e+00 3.152211483432130622e-05
3.750000000000000000e+00 3.135260710205133700e-05
3.800000000000000266e+00 3.114799521504515181e-05
3.850000000000000089e+00 3.091090247133531336e-05
3.900000000000000355e+00 3.064396383422572656e-05
3.950000000000000178e+00 3.034980089637977083e-05
4.000000000000000000e+00 3.003099928903880722e-05
4.049999999999999822e+00 2.969008865211947447e-05
4.100000000000000533e+00 2.932952521958865597e-05
4.150000000000000355e+00 2.895167701848843858e-05
4.200000000000000178e+00 2.855881163021803062e-05
4.250000000000000000e+00 2.815308641983436201e-05
4.299999999999999822e+00 2.773654110356012174e-05
4.350000000000000533e+00 2.731109249647971373e-05
4.400000000000000355e+00 2.687853126139903810e-05
4.450000000000000178e+00 2.644052046567513307e-05
4.500000000000000000e+00 2.599859574494154172e-05
4.549999999999999822e+00 2.555416687039118899e-05
4.600000000000000533e+00 2.510852051886327600e-05
4.650000000000000355e+00 2.466282405160342850e-05
4.700000000000000178e+00 2.421813011740164961e-05
4.750000000000000000e+00 2.377538190806186162e-05
4.800000000000000711e+00 2.333541890807243127e-05
4.850000000000000533e+00 2.289898299525595715e-05
4.900000000000000355e+00 2.246672476449541943e-05
4.950000000000000178e+00 2.203920996188111995e-05
5.000000000000000000e+00 2.161692593141530599e-05
5.050000000000000711e+00 2.120028799047078596e-05
5.100000000000000533e+00 2.078964566333748600e-05
5.150000000000000355e+00 2.038528871429974698e-05
5.200000000000000178e+00 1.998745293273215622e-05
5.250000000000000000e+00 1.959632563269606004e-05
5.300000000000000711e+00 1.921205083851714750e-05
5.350000000000000533e+00 1.883473413590417052e-05
5.400000000000000355e+00 1.846444717541404951e-05
5.450000000000000178e+00 1.810123182156606506e-05
5.500000000000000000e+00 1.774510394673011642e-05
5.550000000000000711e+00 1.739605687412017389e-05
5.600000000000000533e+00 1.705406447885221934e-05
5.650000000000000355e+00 1.671908396009575283e-05
5.700000000000000178e+00 1.639105830086050035e-05
5.750000000000000000e+00 1.606991843490383480e-05
5.800000000000000711e+00 1.575558514259911918e-05
5.850000000000000533e+00 1.544797069934861913e-05
5.900000000000000355e+00 1.514698030123821912e-05
5.950000000000000178e+00 1.485251329310735162e-05
6.000000000000000000e+00 1.456446422405190775e-05
6.050000000000000711e+00 1.428272375461681367e-05
6.100000000000000533e+00 1.400717943861240108e-05
6.150000000000000355e+00 1.373771640067324971e-05
6.200000000000000178e+00 1.347421792845342554e-05
6.250000000000000000e+00 1.321656599582221849e-05
6.300000000000000711e+00 1.296464173070225543e-05
6.350000000000000533e+00 1.271832583839917251e-05
6.400000000000000355e+00 1.247749898852890654e-05
6.450000000000000178e+00 1.224204217107119613e-05
6.500000000000000000e+00 1.201183702476891573e-05
6.550000000000000711e+00 1.178676613913771024e-05
6.600000000000000533e+00 1.156671332981462897e-05
6.650000000000000355e+00 1.135156388589514447e-05
6.700000000000000178e+00 1.114120478729921508e-05
6.750000000000000000e+00 1.093552489005412289e-05
6.800000000000000711e+00 1.073441507764592577e-05
6.850000000000000533e+00 1.053776837721149152e-05
6.900000000000000355e+00 1.034548004024002786e-05
6.950000000000000178e+00 1.015744758853697292e-05
7.000000000000000000e+00 9.973570827374781428e-06
7.050000000000000711e+00 9.793751828917182840e-06
7.100000000000000533e+00 9.617894890063965972e-06
7.150000000000000355e+00 9.445906469739263377e-06
7.200000000000000178e+00 9.277695111273531365e-06
7.250000000000000000e+00 9.113171355860531908e-06
7.300000000000000711e+00 8.952247653080837845e-06
7.350000000000000533e+00 8.794838274171105509e-06
7.400000000000000355e+00 8.640859233101776476e-06
7.450000000000000178e+00 8.490228219645342143e-06
7.500000000000000000e+00 8.342864547528814977e-06
7.550000000000000711e+00 8.198689119536142186e-06
7.600000000000000533e+00 8.057624410136432418e-06
7.650000000000000355e+00 7.919594464941199068e-06
7.700000000000000178e+00 7.784524915116190503e-06
7.750000000000000000e+00 7.652343003859982194e-06
7.800000000000000711e+00 7.522977621271212156e-06
7.850000000000000533e+00 7.396359343402093776e-06
7.900000000000000355e+00 7.272420471062912805e-06
7.950000000000000178e+00 7.151095064007845972e-06
8.000000000000000000e+00 7.032318966484038642e-06
8.050000000000000711e+00 6.916029820734018959e-06
8.099999999999999645e+00 6.802167065860334041e-06
8.150000000000000355e+00 6.690671920434295762e-06
8.200000000000001066e+00 6.581487348290752380e-06
8.250000000000000000e+00 6.474558008029353029e-06
8.300000000000000711e+00 6.369830187768883894e-06
8.349999999999999645e+00 6.267251727612390446e-06
8.400000000000000355e+00 6.166771933018832634e-06
8.450000000000001066e+00 6.068341482800678551e-06
8.500000000000000000e+00 5.971912335745249985e-06
8.550000000000000711e+00 5.877437639879329147e-06
8.599999999999999645e+00 5.784871648164420048e-06
8.650000000000000355e+00 5.694169643944225467e-06
8.700000000000001066e+00 5.605287878800715286e-06
8.750000000000000000e+00 5.518183524656181081e-06
8.800000000000000711e+00 5.432814641041428337e-06
8.849999999999999645e+00 5.349140157494415713e-06
8.900000000000000355e+00 5.267119870120223002e-06
8.950000000000001066e+00 5.186714450491758044e-06
9.000000000000000000e+00 5.107885464351614008e-06
9.050000000000000711e+00 5.030595397033801578e-06
9.099999999999999645e+00 4.954807682188739373e-06
9.150000000000000355e+00 4.880486730283612087e-06
9.200000000000001066e+00 4.807597953465835956e-06
9.250000000000000000e+00 4.736107783707322725e-06
9.300000000000000711e+00 4.665983681667034504e-06
9.349999999999999645e+00 4.597194134381648384e-06
9.400000000000000355e+00 4.529708640674025638e-06
9.450000000000001066e+00 4.463497684004447117e-06
9.500000000000000000e+00 4.398532693326711846e-06
9.550000000000000711e+00 4.334785993296644381e-06
9.600000000000001421e+00 4.272230745866064484e-06
9.650000000000000355e+00 4.210840885838254681e-06
9.700000000000001066e+00 4.150591053331155326e-06
9.750000000000000000e+00 4.091456526269817874e-06
9.800000000000000711e+00 4.033413156004133597e-06
9.850000000000001421e+00 3.976437308925879829e-06
9.900000000000000355e+00 3.920505816558291183e-06
9.950000000000001066e+00 3.865595936040868036e-06
