0.000000000000000000e+00 4.810366125578349750e-02
5.000000000000000278e-02 5.413590880801691374e-02
1.000000000000000056e-01 5.316827627031923270e-02
1.500000000000000222e-01 5.148466444533787018e-02
2.000000000000000111e-01 4.916494359841538236e-02
2.500000000000000000e-01 4.626475695879151556e-02
3.000000000000000444e-01 4.278759487218435076e-02
3.500000000000000333e-01 3.885318176305260079e-02
4.000000000000000222e-01 3.445247031253991649e-02
4.500000000000000111e-01 2.966760137188488924e-02
5.000000000000000000e-01 2.458174958956208661e-02
5.500000000000000444e-01 1.925633789274227084e-02
6.000000000000000888e-01 1.377726173811099665e-02
6.500000000000000222e-01 8.205788546140888040e-03
7.000000000000000666e-01 2.639499452401796592e-03
7.500000000000000000e-01 -2.882769432337415737e-03
8.000000000000000444e-01 -8.259317821862911455e-03
8.500000000000000888e-01 -1.344640777753284069e-02
9.000000000000000222e-01 -1.837363687750388427e-02
9.500000000000000666e-01 -2.299719881998032317e-02
1.000000000000000000e+00 -2.725569551005830107e-02
1.050000000000000044e+00 -3.112721151558189153e-02
1.100000000000000089e+00 -3.455588577141977674e-02
1.150000000000000133e+00 -3.754397401899758208e-02
1.200000000000000178e+00 -4.004563871295196281e-02
1.250000000000000000e+00 -4.207738326754572461e-02
1.300000000000000044e+00 -4.362541805502544168e-02
1.350000000000000089e+00 -4.469724914641873964e-02
1.400000000000000133e+00 -4.529962232177273118e-02
1.450000000000000178e+00 -4.545259801165173197e-02
1.500000000000000000e+00 -4.517815917420225924e-02
1.550000000000000044e+00 -4.450407690223052992e-02
1.600000000000000089e+00 -4.346173286984712086e-02
1.650000000000000133e+00 -4.208138555753052762e-02
1.700000000000000178e+00 -4.040318473242485164e-02
1.750000000000000000e+00 -3.845865551397975590e-02
1.800000000000000044e+00 -3.630276165228651930e-02
1.850000000000000089e+00 -3.394652979483787913e-02
1.900000000000000133e+00 -3.145558436949547065e-02
1.950000000000000178e+00 -2.884894456793756987e-02
2.000000000000000000e+00 -2.617197662063697194e-02
2.050000000000000266e+00 -2.345897748678345274e-02
2.100000000000000089e+00 -2.074074245683732443e-02
2.149999999999999911e+00 -1.804490383209249663e-02
2.200000000000000178e+00 -1.540507367775835294e-02
2.250000000000000000e+00 -1.283730272658233085e-02
2.300000000000000266e+00 -1.037226831175687945e-02
2.350000000000000089e+00 -8.016443064092515849e-03
2.400000000000000355e+00 -5.803488026134511098e-03
2.450000000000000178e+00 -3.727107755307481392e-03
2.500000000000000000e+00 -1.810677871131157997e-03
2.550000000000000266e+00 -5.081156900987534203e-05
2.600000000000000089e+00 1.535744054343835766e-03
2.650000000000000355e+00 2.955955617281237104e-03
2.700000000000000178e+00 4.210474699485993941e-03
2.750000000000000000e+00 5.294566911372646303e-03
2.800000000000000266e+00 6.219797018433996516e-03
2.850000000000000089e+00 6.987314195372513852e-03
2.900000000000000355e+00 7.606112338100255200e-03
2.950000000000000178e+00 8.083856390710108739e-03
3.000000000000000000e+00 8.431094261398170558e-03
3.050000000000000266e+00 8.656454267395471275e-03
3.100000000000000089e+00 8.771593679498165472e-03
3.150000000000000355e+00 8.787002463229243512e-03
3.200000000000000178e+00 8.713030721258719496e-03
3.250000000000000000e+00 8.564221640636379348e-03
3.300000000000000266e+00 8.346006943519156465e-03
3.350000000000000089e+00 8.074194972323558289e-03
3.400000000000000355e+00 7.755126433814252089e-03
3.450000000000000178e+00 7.400900030218011440e-03
3.500000000000000000e+00 7.018531774279541252e-03
3.550000000000000266e+00 6.617955099356449301e-03
3.600000000000000089e+00 6.205173250885302576e-03
3.650000000000000355e+00 5.787482560614275531e-03
3.700000000000000178e+00 5.370602188539111768e-03
3.750000000000000000e+00 4.959738856910314402e-03
3.800000000000000266e+00 4.558826253883778781e-03
3.850000000000000089e+00 4.171701803908411076e-03
3.900000000000000355e+00 3.800226986666289768e-03
3.950000000000000178e+00 3.449693945393715773e-03
4.000000000000000000e+00 3.115355410752626997e-03
4.049999999999999822e+00 2.805111969566702421e-03
4.100000000000000533e+00 2.515890194328840573e-03
4.150000000000000355e+00 2.248015231522943955e-03
4.200000000000000178e+00 2.001542212239864824e-03
4.250000000000000000e+00 1.776428778943604748e-03
4.299999999999999822e+00 1.571392917290599612e-03
4.350000000000000533e+00 1.385724281002116828e-03
4.400000000000000355e+00 1.218606217298737714e-03
4.450000000000000178e+00 1.067383979640643653e-03
4.500000000000000000e+00 9.347774900594985406e-04
4.549999999999999822e+00 8.144085105065500913e-04
4.600000000000000533e+00 7.087306609297802781e-04
4.650000000000000355e+00 6.156396608555895090e-04
4.700000000000000178e+00 5.326098035984169450e-04
4.750000000000000000e+00 4.626662970936844298e-04
4.800000000000000711e+00 3.969284094409944062e-04
4.850000000000000533e+00 3.440924667367238664e-04
4.900000000000000355e+00 2.960810370682683359e-04
4.950000000000000178e+00 2.558531487964852292e-04
5.000000000000000000e+00 2.183649245972308077e-04
5.050000000000000711e+00 1.924888546398432880e-04
5.100000000000000533e+00 1.616744647735055137e-04
5.150000000000000355e+00 1.427947386176680743e-04
5.200000000000000178e+00 1.218647798332154428e-04
5.250000000000000000e+00 1.066200407503827561e-04
5.300000000000000711e+00 9.096292859371282920e-05
5.350000000000000533e+00 8.154180117153728580e-05
5.400000000000000355e+00 6.962755240203065551e-05
5.450000000000000178e+00 6.115116373256858449e-05
5.500000000000000000e+00 5.331913666566180833e-05
5.550000000000000711e+00 4.656601334819626084e-05
5.600000000000000533e+00 4.082385009759923969e-05
5.650000000000000355e+00 3.536227908731987549e-05
5.700000000000000178e+00 3.094848207148348312e-05
5.750000000000000000e+00 2.685917760364464249e-05
5.800000000000000711e+00 2.338913837982232650e-05
5.850000000000000533e+00 1.986455051671658564e-05
5.900000000000000355e+00 1.768582731915274443e-05
5.950000000000000178e+00 1.545637651305673064e-05
6.000000000000000000e+00 1.091931665624038463e-05
6.050000000000000711e+00 1.020468738599446938e-05
6.100000000000000533e+00 9.536704797181743659e-06
6.150000000000000355e+00 8.911670434876958467e-06
6.200000000000000178e+00 8.327260756482924220e-06
6.250000000000000000e+00 7.781068130623557848e-06
6.300000000000000711e+00 7.270165302042349949e-06
6.350000000000000533e+00 6.792555461641420877e-06
6.400000000000000355e+00 6.346201018008512254e-06
6.450000000000000178e+00 5.928800473500720363e-06
6.500000000000000000e+00 5.538599510931754797e-06
6.550000000000000711e+00 5.174060789731897559e-06
