0.000000000000000000e+00 0.000000000000000000e+00
5.000000000000000278e-02 3.692861247501445115e-09
1.000000000000000056e-01 1.182301043402428123e-07
1.500000000000000222e-01 8.985305730254267648e-07
2.000000000000000111e-01 3.790474523120425191e-06
2.500000000000000000e-01 1.158267400398067771e-05
3.000000000000000444e-01 2.886375147076493262e-05
3.500000000000000333e-01 6.248367357125484789e-05
4.000000000000000222e-01 1.220150939334350217e-04
4.500000000000000111e-01 2.202076081719074076e-04
5.000000000000000000e-01 3.734247750263922062e-04
5.500000000000000444e-01 6.020502613860213587e-04
6.000000000000000888e-01 9.308465918469657893e-04
6.500000000000000222e-01 1.389247207334264045e-03
7.000000000000000666e-01 2.011560308318311764e-03
7.500000000000000000e-01 2.837061772383684451e-03
8.000000000000000444e-01 3.909953909193100881e-03
8.500000000000000888e-01 5.279167512465822790e-03
9.000000000000000222e-01 6.997986851200056063e-03
9.500000000000000666e-01 9.123480045953809986e-03
1.000000000000000000e+00 1.171572221503744231e-02
1.050000000000000044e+00 1.483680434168854756e-02
1.100000000000000089e+00 1.854962775219394164e-02
1.150000000000000133e+00 2.291649217422276133e-02
1.200000000000000178e+00 2.799749359359984119e-02
1.250000000000000000e+00 3.384875776609316128e-02
1.300000000000000044e+00 4.052054372480504152e-02
1.350000000000000089e+00 4.805526108565256332e-02
1.400000000000000133e+00 5.648545260701675480e-02
1.450000000000000178e+00 6.583180090805899887e-02
1.500000000000000000e+00 7.610122343415512414e-02
1.550000000000000044e+00 8.728512352751779946e-02
1.600000000000000089e+00 9.935786681688137112e-02
1.650000000000000133e+00 1.122755510484200608e-01
1.700000000000000178e+00 1.259751337639154478e-01
1.750000000000000000e+00 1.403739758151017758e-01
1.800000000000000044e+00 1.553698496287658493e-01
1.850000000000000089e+00 1.708414494940056205e-01
1.900000000000000133e+00 1.866494275277794934e-01
1.950000000000000178e+00 2.026379630969595558e-01
2.000000000000000000e+00 2.186368569610148693e-01
2.050000000000000266e+00 2.344641230560253753e-01
2.100000000000000089e+00 2.499290338980246773e-01
2.149999999999999911e+00 2.648355576261527400e-01
2.200000000000000178e+00 2.789861093319872531e-01
2.250000000000000000e+00 2.921855250031848428e-01
2.300000000000000266e+00 3.042451554549167048e-01
2.350000000000000089e+00 3.149869687972602916e-01
2.400000000000000355e+00 3.242475461394244696e-01
2.450000000000000178e+00 3.318818537116642875e-01
2.500000000000000000e+00 3.377666786157442758e-01
2.550000000000000266e+00 3.418036219618146854e-01
2.600000000000000089e+00 3.439215558507197068e-01
2.650000000000000355e+00 3.440784631438114638e-01
2.700000000000000178e+00 3.422625998941304371e-01
2.750000000000000000e+00 3.384929382595419645e-01
2.800000000000000266e+00 3.328188713033929380e-01
2.850000000000000089e+00 3.253191832510328729e-01
2.900000000000000355e+00 3.161003130095556557e-01
2.950000000000000178e+00 3.052939600919976626e-01
3.000000000000000000e+00 2.930541034092088992e-01
3.050000000000000266e+00 2.795535213892244575e-01
3.100000000000000089e+00 2.649799171031694822e-01
3.150000000000000355e+00 2.495317632567636001e-01
3.200000000000000178e+00 2.334139894877244326e-01
3.250000000000000000e+00 2.168336370691645587e-01
3.300000000000000266e+00 1.999956044669785604e-01
3.350000000000000089e+00 1.830986016622125623e-01
3.400000000000000355e+00 1.663314210402837279e-01
3.450000000000000178e+00 1.498696190922718663e-01
3.500000000000000000e+00 1.338726868823019445e-01
3.550000000000000266e+00 1.184817683090080426e-01
3.600000000000000089e+00 1.038179656189370526e-01
3.650000000000000355e+00 8.998124944467660036e-02
3.700000000000000178e+00 7.704997136281876990e-02
3.750000000000000000e+00 6.508095658769362524e-02
3.800000000000000266e+00 5.411013591202397388e-02
3.850000000000000089e+00 4.415366170537344398e-02
3.900000000000000355e+00 3.520943875787202471e-02
3.950000000000000178e+00 2.725899181135071556e-02
4.000000000000000000e+00 2.026958561051728572e-02
4.049999999999999822e+00 1.419651080151033452e-02
4.100000000000000533e+00 8.985449826649680519e-03
4.150000000000000355e+00 4.574841494570568157e-03
4.200000000000000178e+00 8.981694166087691696e-04
4.250000000000000000e+00 -2.113890478058824077e-03
4.299999999999999822e+00 -4.531517418084005447e-03
4.350000000000000533e+00 -6.424029436927590833e-03
4.400000000000000355e+00 -7.858431949300356129e-03
4.450000000000000178e+00 -8.898246017949126840e-03
