0.000000000000000000e+00 0.000000000000000000e+00
5.000000000000000278e-02 2.918941016857425334e-15
1.000000000000000056e-01 9.326015673212449728e-14
1.500000000000000222e-01 7.063511077213038399e-13
2.000000000000000111e-01 2.965719289251906743e-12
2.500000000000000000e-01 9.008316275770910924e-12
3.000000000000000444e-01 2.228750711393542147e-11
3.500000000000000333e-01 4.784709841968888277e-11
4.000000000000000222e-01 9.256024724414447281e-11
4.500000000000000111e-01 1.653277812111597889e-10
5.000000000000000000e-01 2.772312543835564078e-10
5.500000000000000444e-01 4.416369464575885285e-10
6.000000000000000888e-01 6.742479671413679009e-10
6.500000000000000222e-01 9.931026335232614037e-10
7.000000000000000666e-01 1.418518325548063675e-09
7.500000000000000000e-01 1.972981072592921660e-09
8.000000000000000444e-01 2.680982161759141937e-09
8.500000000000000888e-01 3.568804065491970771e-09
9.000000000000000222e-01 4.664258942996724413e-09
9.500000000000000666e-01 5.996383858397840652e-09
1.000000000000000000e+00 7.595097662093612207e-09
1.050000000000000044e+00 9.490825185673712498e-09
1.100000000000000089e+00 1.171409499272004006e-08
1.150000000000000133e+00 1.429511739791136332e-08
1.200000000000000178e+00 1.726334980784222093e-08
1.250000000000000000e+00 2.064705664433123718e-08
1.300000000000000044e+00 2.447287118299201399e-08
1.350000000000000089e+00 2.876536657748346632e-08
1.400000000000000133e+00 3.354664314682273686e-08
1.450000000000000178e+00 3.883593868563194203e-08
1.500000000000000000e+00 4.464926812373009066e-08
1.550000000000000044e+00 5.099909832269124718e-08
1.600000000000000089e+00 5.789406316529164949e-08
1.650000000000000133e+00 6.533872338309128492e-08
1.700000000000000178e+00 7.333337479281729889e-08
1.750000000000000000e+00 8.187390778964904845e-08
1.800000000000000044e+00 9.095172009129851444e-08
1.850000000000000089e+00 1.005536838574073173e-07
1.900000000000000133e+00 1.106621674404808087e-07
1.950000000000000178e+00 1.212551111730127679e-07
2.000000000000000000e+00 1.323061557754422785e-07
2.050000000000000266e+00 1.437848211948177624e-07
2.100000000000000089e+00 1.556567329668273440e-07
2.149999999999999911e+00 1.678838925449767118e-07
2.200000000000000178e+00 1.804249874691824370e-07
2.250000000000000000e+00 1.932357367591602067e-07
2.300000000000000266e+00 2.062692665210445000e-07
2.350000000000000089e+00 2.194765104521243991e-07
2.400000000000000355e+00 2.328066297199740932e-07
2.450000000000000178e+00 2.462074465782819188e-07
2.500000000000000000e+00 2.596258860603459177e-07
2.550000000000000266e+00 2.730084201588416733e-07
2.600000000000000089e+00 2.863015090519963192e-07
2.650000000000000355e+00 2.994520341653379374e-07
2.700000000000000178e+00 3.124077181572569706e-07
2.750000000000000000e+00 3.251175272773649270e-07
2.800000000000000266e+00 3.375320519600288440e-07
2.850000000000000089e+00 3.496038619720097308e-07
2.900000000000000355e+00 3.612878329230920573e-07
2.950000000000000178e+00 3.725414414621758635e-07
3.000000000000000000e+00 3.833250270088599564e-07
3.050000000000000266e+00 3.936020184027356771e-07
3.100000000000000089e+00 4.033391243806051584e-07
3.150000000000000355e+00 4.125064873073755985e-07
3.200000000000000178e+00 4.210778000819634834e-07
3.250000000000000000e+00 4.290303866084817827e-07
3.300000000000000266e+00 4.363452466595106785e-07
3.350000000000000089e+00 4.430070663574836302e-07
3.400000000000000355e+00 4.490041958583158837e-07
3.450000000000000178e+00 4.543285961354342238e-07
3.500000000000000000e+00 4.589757570303781602e-07
3.550000000000000266e+00 4.629445889571108162e-07
3.600000000000000089e+00 4.662372908209530023e-07
3.650000000000000355e+00 4.688591968402354279e-07
3.700000000000000178e+00 4.708186050408126930e-07
3.750000000000000000e+00 4.721265902324541085e-07
3.800000000000000266e+00 4.727968042744651435e-07
3.850000000000000089e+00 4.728452663987546652e-07
3.900000000000000355e+00 4.722901462853886961e-07
3.950000000000000178e+00 4.711515424821854320e-07
4.000000000000000000e+00 4.694512586300503392e-07
4.049999999999999822e+00 4.672125798035058805e-07
4.100000000000000533e+00 4.644600511053575489e-07
4.150000000000000355e+00 4.612192604695842786e-07
4.200000000000000178e+00 4.575166274312903601e-07
4.250000000000000000e+00 4.533791994205965460e-07
4.299999999999999822e+00 4.488344569321711874e-07
4.350000000000000533e+00 4.439101287169404361e-07
4.400000000000000355e+00 4.386340179402985449e-07
4.450000000000000178e+00 4.330338400544758787e-07
4.500000000000000000e+00 4.271370729439037825e-07
4.549999999999999822e+00 4.209708197233650748e-07
4.600000000000000533e+00 4.145616844010537375e-07
4.650000000000000355e+00 4.079356604636479070e-07
4.700000000000000178e+00 4.011180322990685823e-07
4.750000000000000000e+00 3.941332892454076950e-07
4.800000000000000711e+00 3.870050519418976363e-07
4.850000000000000533e+00 3.797560105598845818e-07
4.900000000000000355e+00 3.724078744083929665e-07
4.950000000000000178e+00 3.649813323397226186e-07
5.000000000000000000e+00 3.574960233250237914e-07
5.050000000000000711e+00 3.499705165273360534e-07
5.100000000000000533e+00 3.424223001693134657e-07
5.150000000000000355e+00 3.348677784739086011e-07
5.200000000000000178e+00 3.273222759477093141e-07
5.250000000000000000e+00 3.198000482773679336e-07
5.300000000000000711e+00 3.123142991186292400e-07
5.350000000000000533e+00 3.048772020738031213e-07
5.400000000000000355e+00 2.974999271760995364e-07
5.450000000000000178e+00 2.901926712270771264e-07
5.500000000000000000e+00 2.829646913655629132e-07
5.550000000000000711e+00 2.758243412818979266e-07
5.600000000000000533e+00 2.687791095293888150e-07
5.650000000000000355e+00 2.618356594246251306e-07
5.700000000000000178e+00 2.549998700691420805e-07
5.750000000000000000e+00 2.482768780661259575e-07
5.800000000000000711e+00 2.416711195469190118e-07
5.850000000000000533e+00 2.351863721624748145e-07
5.900000000000000355e+00 2.288257967342389313e-07
5.950000000000000178e+00 2.225919782968138826e-07
6.000000000000000000e+00 2.164869663009409402e-07
6.050000000000000711e+00 2.105123137795555463e-07
6.100000000000000533e+00 2.046691153117771427e-07
6.150000000000000355e+00 1.989580436495764359e-07
6.200000000000000178e+00 1.933793848994272727e-07
6.250000000000000000e+00 1.879330721764850743e-07
6.300000000000000711e+00 1.826187176717275754e-07
6.350000000000000533e+00 1.774356430931038004e-07
6.400000000000000355e+00 1.723829084600932882e-07
6.450000000000000178e+00 1.674593392473011982e-07
6.500000000000000000e+00 1.626635518868740344e-07
6.550000000000000711e+00 1.579939776517414291e-07
6.600000000000000533e+00 1.534488849521049649e-07
6.650000000000000355e+00 1.490264000863139235e-07
6.700000000000000178e+00 1.447245264944415549e-07
6.750000000000000000e+00 1.405411625686276366e-07
6.800000000000000711e+00 1.364741180787208197e-07
6.850000000000000533e+00 1.325211292750742051e-07
6.900000000000000355e+00 1.286798727326249453e-07
6.950000000000000178e+00 1.249479780017748396e-07
7.000000000000000000e+00 1.213230391321760666e-07
7.050000000000000711e+00 1.178026251354182169e-07
7.100000000000000533e+00 1.143842894519405335e-07
7.150000000000000355e+00 1.110655784863048567e-07
7.200000000000000178e+00 1.078440392733838065e-07
7.250000000000000000e+00 1.047172263360988054e-07
7.300000000000000711e+00 1.016827077931566827e-07
7.350000000000000533e+00 9.873807077285460230e-08
7.400000000000000355e+00 9.588092618648635336e-08
7.450000000000000178e+00 9.310891291225621983e-08
7.500000000000000000e+00 9.041970143791399456e-08
7.550000000000000711e+00 8.781099700761820803e-08
7.600000000000000533e+00 8.528054231582863618e-08
7.650000000000000355e+00 8.282611978836139519e-08
7.700000000000000178e+00 8.044555348812945474e-08
7.750000000000000000e+00 7.813671068054582926e-08
7.800000000000000711e+00 7.589750309111424174e-08
7.850000000000000533e+00 7.372588788537083132e-08
7.900000000000000355e+00 7.161986839908607113e-08
7.950000000000000178e+00 6.957749464448981372e-08
8.000000000000000000e+00 6.759686361624543938e-08
8.050000000000000711e+00 6.567611941898289536e-08
8.099999999999999645e+00 6.381345323638978870e-08
8.150000000000000355e+00 6.200710316016734966e-08
8.200000000000001066e+00 6.025535389557508455e-08
8.250000000000000000e+00 5.855653635880897700e-08
8.300000000000000711e+00 5.690902718008625440e-08
8.349999999999999645e+00 5.531124812503685076e-08
8.400000000000000355e+00 5.376166544582103258e-08
8.450000000000001066e+00 5.225878917230639405e-08
8.500000000000000000e+00 5.080117235263154336e-08
8.550000000000000711e+00 4.938741025156444673e-08
8.599999999999999645e+00 4.801613951421309482e-08
8.650000000000000355e+00 4.668603730187178294e-08
8.700000000000001066e+00 4.539582040607547680e-08
8.750000000000000000e+00 4.414424434628557100e-08
8.800000000000000711e+00 4.293010245603790067e-08
8.849999999999999645e+00 4.175222496184804572e-08
8.900000000000000355e+00 4.060947805867234772e-08
8.950000000000001066e+00 3.950076298528731368e-08
9.000000000000000000e+00 3.842501510253649126e-08
9.050000000000000711e+00 3.738120297703631232e-08
9.099999999999999645e+00 3.636832747259866480e-08
9.150000000000000355e+00 3.538542085132814256e-08
9.200000000000001066e+00 3.443154588608725824e-08
9.250000000000000000e+00 3.350579498577588149e-08
9.300000000000000711e+00 3.260728933465683941e-08
9.349999999999999645e+00 3.173517804676280614e-08
9.400000000000000355e+00 3.088863733624379010e-08
9.450000000000001066e+00 3.006686970435970537e-08
9.500000000000000000e+00 2.926910314368005014e-08
9.550000000000000711e+00 2.849459035993017653e-08
9.600000000000001421e+00 2.774260801181176174e-08
9.650000000000000355e+00 2.701245596902538524e-08
9.700000000000001066e+00 2.630345658863879404e-08
9.750000000000000000e+00 2.561495400986451920e-08
9.800000000000000711e+00 2.494631346724443474e-08
9.850000000000001421e+00 2.429692062217869112e-08
9.900000000000000355e+00 2.366618091268559031e-08
9.950000000000001066e+00 2.305351892123166466e-08
1.000000000000000000e+01 2.245837776043481938e-08
1.005000000000000071e+01 2.188021847640730665e-08
1.010000000000000142e+01 2.131851946947847589e-08
1.015000000000000036e+01 2.077277593201105904e-08
1.020000000000000107e+01 2.024249930300617507e-08
1.025000000000000000e+01 1.972721673917425785e-08
1.030000000000000071e+01 1.922647060213485791e-08
1.035000000000000142e+01 1.873981796139897079e-08
1.040000000000000036e+01 1.826683011277745676e-08
1.045000000000000107e+01 1.780709211185336234e-08
1.050000000000000000e+01 1.736020232215196752e-08
1.055000000000000071e+01 1.692577197763996695e-08
1.060000000000000142e+01 1.650342475918261256e-08
1.065000000000000036e+01 1.609279638459015643e-08
1.070000000000000107e+01 1.569353421188471120e-08
1.075000000000000000e+01 1.530529685542185118e-08
1.080000000000000071e+01 1.492775381450451675e-08
1.085000000000000142e+01 1.456058511413093378e-08
1.090000000000000036e+01 1.420348095752304734e-08
1.095000000000000107e+01 1.385614139008744692e-08
1.100000000000000000e+01 1.351827597446660472e-08
1.105000000000000071e+01 1.318960347634395167e-08
1.110000000000000142e+01 1.286985156067436902e-08
1.115000000000000036e+01 1.255875649801661475e-08
1.120000000000000107e+01 1.225606288065248459e-08
1.125000000000000000e+01 1.196152334818490859e-08
1.130000000000000071e+01 1.167489832231337006e-08
1.135000000000000142e+01 1.139595575049392929e-08
1.140000000000000036e+01 1.112447085819682511e-08
1.145000000000000107e+01 1.086022590948454738e-08
1.150000000000000000e+01 1.060300997563779613e-08
1.155000000000000071e+01 1.035261871156721197e-08
1.160000000000000142e+01 1.010885413975349245e-08
1.165000000000000036e+01 9.871524441467653922e-09
1.170000000000000107e+01 9.640443755029667384e-09
1.175000000000000000e+01 9.415431980871101581e-09
1.180000000000000071e+01 9.196314593173555797e-09
1.185000000000000142e+01 8.982922457863371833e-09
1.190000000000000036e+01 8.775091656748067730e-09
1.195000000000000107e+01 8.572663317587143881e-09
1.200000000000000000e+01 8.375483449897525532e-09
1.205000000000000071e+01 8.183402786297862912e-09
1.210000000000000142e+01 7.996276629204929814e-09
1.215000000000000036e+01 7.813964702699070507e-09
1.220000000000000107e+01 7.636331009383021684e-09
1.225000000000000000e+01 7.463243692063045176e-09
1.230000000000000071e+01 7.294574900088539220e-09
1.235000000000000142e+01 7.130200660189490628e-09
1.240000000000000036e+01 6.970000751658662516e-09
1.245000000000000107e+01 6.813858585728938527e-09
1.250000000000000000e+01 6.661661089002201832e-09
1.255000000000000071e+01 6.513298590789865215e-09
1.260000000000000142e+01 6.368664714232263297e-09
1.265000000000000036e+01 6.227656271064714324e-09
1.270000000000000107e+01 6.090173159906919729e-09
1.275000000000000000e+01 5.956118267953449958e-09
1.280000000000000071e+01 5.825397375948000014e-09
1.285000000000000142e+01 5.697919066329682472e-09
1.290000000000000036e+01 5.573594634440879726e-09
1.295000000000000107e+01 5.452338002691823553e-09
1.300000000000000000e+01 5.334065637580818050e-09
1.305000000000000071e+01 5.218696469470594453e-09
1.310000000000000142e+01 5.106151815027256130e-09
1.315000000000000036e+01 4.996355302229625277e-09
1.320000000000000107e+01 4.889232797860649281e-09
1.325000000000000000e+01 4.784712337396211409e-09
1.330000000000000071e+01 4.682724057208396157e-09
1.335000000000000142e+01 4.583200129003993493e-09
1.340000000000000036e+01 4.486074696422286942e-09
1.345000000000000107e+01 4.391283813716772686e-09
1.350000000000000000e+01 4.298765386450941022e-09
1.355000000000000071e+01 4.208459114138239981e-09
1.360000000000000142e+01 4.120306434760298106e-09
1.365000000000000036e+01 4.034250471098851568e-09
1.370000000000000107e+01 3.950235978819867293e-09
1.375000000000000000e+01 3.868209296250004826e-09
1.380000000000000071e+01 3.788118295787584613e-09
1.385000000000000142e+01 3.709912336892864096e-09
1.390000000000000036e+01 3.633542220603545935e-09
1.395000000000000107e+01 3.558960145523934139e-09
1.400000000000000000e+01 3.486119665237903358e-09
1.405000000000000071e+01 3.414975647096939317e-09
1.410000000000000142e+01 3.345484232337520527e-09
1.415000000000000036e+01 3.277602797482037397e-09
1.420000000000000107e+01 3.211289916980646046e-09
1.425000000000000000e+01 3.146505327051779202e-09
1.430000000000000071e+01 3.083209890681080118e-09
1.435000000000000142e+01 3.021365563739997001e-09
1.440000000000000036e+01 2.960935362185886314e-09
1.445000000000000107e+01 2.901883330308273732e-09
1.450000000000000000e+01 2.844174509984915682e-09
1.455000000000000071e+01 2.787774910915395221e-09
1.460000000000000142e+01 2.732651481798269191e-09
1.465000000000000036e+01 2.678772082421089417e-09
1.470000000000000107e+01 2.626105456632540057e-09
1.475000000000000000e+01 2.574621206167684382e-09
1.480000000000000071e+01 2.524289765297206681e-09
1.485000000000000142e+01 2.475082376274457880e-09
1.490000000000000036e+01 2.426971065552784986e-09
1.495000000000000107e+01 2.379928620748457549e-09
1.500000000000000000e+01 2.333928568323970844e-09
1.505000000000000071e+01 2.288945151968534912e-09
1.510000000000000142e+01 2.244953311652184342e-09
1.515000000000000036e+01 2.201928663331871815e-09
1.520000000000000107e+01 2.159847479287971288e-09
1.525000000000000000e+01 2.118686669070262334e-09
1.530000000000000071e+01 2.078423761033932901e-09
1.535000000000000142e+01 2.039036884445950395e-09
1.540000000000000036e+01 2.000504752143128325e-09
1.545000000000000107e+01 1.962806643724570641e-09
1.550000000000000000e+01 1.925922389259880975e-09
1.555000000000000071e+01 1.889832353498027492e-09
1.560000000000000142e+01 1.854517420559031206e-09
1.565000000000000036e+01 1.819958979093730783e-09
1.570000000000000107e+01 1.786138907896544326e-09
1.575000000000000000e+01 1.753039561956218747e-09
1.580000000000000071e+01 1.720643758930557588e-09
1.585000000000000142e+01 1.688934766031550170e-09
1.590000000000000036e+01 1.657896287308058827e-09
1.595000000000000107e+01 1.627512451312480295e-09
1.600000000000000000e+01 1.597767799140085035e-09
1.605000000000000071e+01 1.568647272828111483e-09
1.610000000000000142e+01 1.540136204104254974e-09
1.615000000000000213e+01 1.512220303472474297e-09
1.619999999999999929e+01 1.484885649625741188e-09
1.625000000000000000e+01 1.458118679175534855e-09
1.630000000000000071e+01 1.431906176687779416e-09
1.635000000000000142e+01 1.406235265015726767e-09
1.640000000000000213e+01 1.381093395920060341e-09
1.644999999999999929e+01 1.356468340967772592e-09
1.650000000000000000e+01 1.332348182700273428e-09
1.655000000000000071e+01 1.308721306063193158e-09
1.660000000000000142e+01 1.285576390088607657e-09
1.665000000000000213e+01 1.262902399822530873e-09
1.669999999999999929e+01 1.240688578490136129e-09
1.675000000000000000e+01 1.218924439890359788e-09
1.680000000000000071e+01 1.197599761013830657e-09
1.685000000000000142e+01 1.176704574876294819e-09
1.690000000000000213e+01 1.156229163561622612e-09
1.694999999999999929e+01 1.136164051467203321e-09
1.700000000000000000e+01 1.116499998745875720e-09
1.705000000000000071e+01 1.097227994938246218e-09
1.710000000000000142e+01 1.078339252789457949e-09
1.715000000000000213e+01 1.059825202244840558e-09
1.719999999999999929e+01 1.041677484618649192e-09
1.725000000000000000e+01 1.023887946931268532e-09
1.730000000000000071e+01 1.006448636408603583e-09
1.735000000000000142e+01 9.893517951401377694e-10
1.740000000000000213e+01 9.725898548891382807e-10
1.744999999999999929e+01 9.561554320522376286e-10
1.750000000000000000e+01 9.400413227620926323e-10
1.755000000000000071e+01 9.242404981297842977e-10
1.760000000000000142e+01 9.087460996230017731e-10
1.765000000000000213e+01 8.935514345745167630e-10
1.769999999999999929e+01 8.786499718186250582e-10
1.775000000000000000e+01 8.640353374506826739e-10
1.780000000000000071e+01 8.497013107063149626e-10
1.785000000000000142e+01 8.356418199567389319e-10
1.790000000000000213e+01 8.218509388167739271e-10
1.794999999999999929e+01 8.083228823618827839e-10
1.800000000000000000e+01 7.950520034513684816e-10
1.805000000000000071e+01 7.820327891543440576e-10
1.810000000000000142e+01 7.692598572752613606e-10
1.815000000000000213e+01 7.567279529765244411e-10
1.819999999999999929e+01 7.444319454947512646e-10
1.825000000000000000e+01 7.323668249481302399e-10
1.830000000000000071e+01 7.205276992325702450e-10
1.835000000000000142e+01 7.089097910031740212e-10
1.840000000000000213e+01 6.975084347393523501e-10
1.844999999999999929e+01 6.863190738905897865e-10
1.850000000000000000e+01 6.753372581008641014e-10
1.855000000000000071e+01 6.645586405088892359e-10
1.860000000000000142e+01 6.539789751227796941e-10
1.865000000000000213e+01 6.435941142658124549e-10
1.869999999999999929e+01 6.334000060927897818e-10
1.875000000000000000e+01 6.233926921729921413e-10
1.880000000000000071e+01 6.135683051397918477e-10
1.885000000000000142e+01 6.039230664032033665e-10
1.890000000000000213e+01 5.944532839251613078e-10
1.894999999999999929e+01 5.851553500543009332e-10
1.900000000000000000e+01 5.760257394193807024e-10
1.905000000000000071e+01 5.670610068796098823e-10
1.910000000000000142e+01 5.582577855297261031e-10
1.915000000000000213e+01 5.496127847588769818e-10
1.920000000000000284e+01 5.411227883612627783e-10
1.925000000000000000e+01 5.327846526973783109e-10
1.930000000000000071e+01 5.245953049043957061e-10
1.935000000000000142e+01 5.165517411539665195e-10
1.940000000000000213e+01 5.086510249565549359e-10
1.945000000000000284e+01 5.008902855104644698e-10
1.950000000000000000e+01 4.932667160949593884e-10
1.955000000000000071e+01 4.857775725055420514e-10
1.960000000000000142e+01 4.784201715305538154e-10
1.965000000000000213e+01 4.711918894680325442e-10
1.970000000000000284e+01 4.640901606812988705e-10
1.975000000000000000e+01 4.571124761927594426e-10
1.980000000000000071e+01 4.502563823140900396e-10
1.985000000000000142e+01 4.435194793126212804e-10
1.990000000000000213e+01 4.368994201122165234e-10
1.995000000000000284e+01 4.303939090281763574e-10
2.000000000000000000e+01 4.240007005348222068e-10
2.005000000000000071e+01 4.177175980653095307e-10
2.010000000000000142e+01 4.115424528419979521e-10
2.015000000000000213e+01 4.054731627376543892e-10
2.020000000000000284e+01 3.995076711658212834e-10
2.025000000000000000e+01 3.936439659993011089e-10
2.030000000000000071e+01 3.878800785170098699e-10
2.035000000000000142e+01 3.822140823777793652e-10
2.040000000000000213e+01 3.766440926199374518e-10
2.045000000000000284e+01 3.711682646870516178e-10
2.050000000000000000e+01 3.657847934779423958e-10
2.055000000000000071e+01 3.604919124215876751e-10
2.060000000000000142e+01 3.552878925746175753e-10
2.065000000000000213e+01 3.501710417426187310e-10
2.070000000000000284e+01 3.451397036229424295e-10
2.075000000000000000e+01 3.401922569695792901e-10
2.080000000000000071e+01 3.353271147790790211e-10
2.085000000000000142e+01 3.305427234966392186e-10
2.090000000000000213e+01 3.258375622425773943e-10
2.095000000000000284e+01 3.212101420577416136e-10
2.100000000000000000e+01 3.166590051682655803e-10
2.105000000000000071e+01 3.121827242683975135e-10
2.110000000000000142e+01 3.077799018211204905e-10
2.115000000000000213e+01 3.034491693766017375e-10
2.120000000000000284e+01 2.991891869069700003e-10
2.125000000000000000e+01 2.949986421582654428e-10
2.130000000000000071e+01 2.908762500178661980e-10
2.135000000000000142e+01 2.868207518977543427e-10
2.140000000000000213e+01 2.828309151331419952e-10
2.145000000000000284e+01 2.789055323955294401e-10
2.150000000000000000e+01 2.750434211205058348e-10
2.155000000000000071e+01 2.712434229495118975e-10
2.160000000000000142e+01 2.675044031850798485e-10
2.165000000000000213e+01 2.638252502596911235e-10
2.170000000000000284e+01 2.602048752171671129e-10
2.175000000000000000e+01 2.566422112071936169e-10
2.180000000000000071e+01 2.531362129916119968e-10
2.185000000000000142e+01 2.496858564630796223e-10
2.190000000000000213e+01 2.462901381751306782e-10
2.195000000000000284e+01 2.429480748837306971e-10
2.200000000000000000e+01 2.396587030997075856e-10
2.205000000000000071e+01 2.364210786523462301e-10
2.210000000000000142e+01 2.332342762628129020e-10
2.215000000000000213e+01 2.300973891284681001e-10
2.220000000000000284e+01 2.270095285168286106e-10
2.225000000000000000e+01 2.239698233691148576e-10
2.230000000000000071e+01 2.209774199133965479e-10
2.235000000000000142e+01 2.180314812870826387e-10
2.240000000000000213e+01 2.151311871680591944e-10
2.245000000000000284e+01 2.122757334149115221e-10
2.250000000000000000e+01 2.094643317152329019e-10
2.255000000000000071e+01 2.066962092427968678e-10
2.260000000000000142e+01 2.039706083222439077e-10
2.265000000000000213e+01 2.012867861022450326e-10
2.270000000000000284e+01 1.986440142356506530e-10
2.275000000000000000e+01 1.960415785678190577e-10
2.280000000000000071e+01 1.934787788317973072e-10
2.285000000000000142e+01 1.909549283508834745e-10
2.290000000000000213e+01 1.884693537478131798e-10
2.295000000000000284e+01 1.860213946611641562e-10
2.300000000000000000e+01 1.836104034677654469e-10
2.305000000000000071e+01 1.812357450122317833e-10
2.310000000000000142e+01 1.788967963421880073e-10
2.315000000000000213e+01 1.765929464498161016e-10
2.320000000000000284e+01 1.743235960195671450e-10
2.325000000000000000e+01 1.720881571811218317e-10
2.330000000000000071e+01 1.698860532688848134e-10
2.335000000000000142e+01 1.677167185860284827e-10
2.340000000000000213e+01 1.655795981746878265e-10
2.345000000000000284e+01 1.634741475910576173e-10
2.350000000000000000e+01 1.613998326857105616e-10
2.355000000000000071e+01 1.593561293889235357e-10
2.360000000000000142e+01 1.573425235008056052e-10
2.365000000000000213e+01 1.553585104861652977e-10
2.370000000000000284e+01 1.534035952743160671e-10
2.375000000000000000e+01 1.514772920630726160e-10
2.380000000000000071e+01 1.495791241272901720e-10
2.385000000000000142e+01 1.477086236315921925e-10
2.390000000000000213e+01 1.458653314477147464e-10
2.395000000000000284e+01 1.440487969754274429e-10
2.400000000000000000e+01 1.422585779677525205e-10
2.405000000000000071e+01 1.404942403601036860e-10
2.410000000000000142e+01 1.387553581030559670e-10
2.415000000000000213e+01 1.370415129992588852e-10
2.420000000000000284e+01 1.353522945431900914e-10
2.425000000000000000e+01 1.336872997653116684e-10
2.430000000000000071e+01 1.320461330793589933e-10
2.435000000000000142e+01 1.304284061326615268e-10
2.440000000000000213e+01 1.288337376603740987e-10
2.445000000000000284e+01 1.272617533425053827e-10
2.450000000000000000e+01 1.257120856640943354e-10
2.455000000000000071e+01 1.241843737788361341e-10
2.460000000000000142e+01 1.226782633751266619e-10
2.465000000000000213e+01 1.211934065456180631e-10
2.470000000000000284e+01 1.197294616592084856e-10
2.475000000000000000e+01 1.182860932358556360e-10
2.480000000000000071e+01 1.168629718244168601e-10
2.485000000000000142e+01 1.154597738829270018e-10
2.490000000000000213e+01 1.140761816613048251e-10
2.495000000000000284e+01 1.127118830869708673e-10
2.500000000000000000e+01 1.113665716527095099e-10
2.505000000000000071e+01 1.100399463069006381e-10
2.510000000000000142e+01 1.087317113462062296e-10
2.515000000000000213e+01 1.074415763107653047e-10
2.520000000000000284e+01 1.061692558812211070e-10
2.525000000000000000e+01 1.049144697781475083e-10
2.530000000000000071e+01 1.036769426638148745e-10
2.535000000000000142e+01 1.024564040457292772e-10
2.540000000000000213e+01 1.012525881823107949e-10
2.545000000000000284e+01 1.000652339909458604e-10
2.550000000000000000e+01 9.889408495731337667e-11
2.555000000000000071e+01 9.773888904727978426e-11
2.560000000000000142e+01 9.659939862017804003e-11
2.565000000000000213e+01 9.547537034428317458e-11
2.570000000000000284e+01 9.436656511382427280e-11
2.575000000000000000e+01 9.327274796777557782e-11
2.580000000000000071e+01 9.219368801054319560e-11
2.585000000000000142e+01 9.112915833401392048e-11
2.590000000000000213e+01 9.007893594143081150e-11
2.595000000000000284e+01 8.904280167296189115e-11
2.600000000000000000e+01 8.802054013243529807e-11
2.605000000000000071e+01 8.701193961609086040e-11
2.610000000000000142e+01 8.601679204230390374e-11
2.615000000000000213e+01 8.503489288330618321e-11
2.620000000000000284e+01 8.406604109779501371e-11
2.625000000000000000e+01 8.311003906534384434e-11
2.630000000000000071e+01 8.216669252190888601e-11
2.635000000000000142e+01 8.123581049677411562e-11
2.640000000000000213e+01 8.031720525079178725e-11
2.645000000000000284e+01 7.941069221588374752e-11
2.650000000000000000e+01 7.851608993580805303e-11
2.655000000000000071e+01 7.763322000793098698e-11
2.660000000000000142e+01 7.676190702656403690e-11
2.665000000000000213e+01 7.590197852719571380e-11
2.670000000000000284e+01 7.505326493179524232e-11
2.675000000000000000e+01 7.421559949544063161e-11
2.680000000000000071e+01 7.338881825402041372e-11
2.685000000000000142e+01 7.257275997265371090e-11
2.690000000000000213e+01 7.176726609559554433e-11
2.695000000000000284e+01 7.097218069701443073e-11
2.700000000000000000e+01 7.018735043252868457e-11
2.705000000000000071e+01 6.941262449194245517e-11
2.710000000000000142e+01 6.864785455297770234e-11
2.715000000000000213e+01 6.789289473576354617e-11
2.720000000000000284e+01 6.714760155835115291e-11
2.725000000000000000e+01 6.641183389293742408e-11
2.730000000000000071e+01 6.568545292335089857e-11
2.735000000000000142e+01 6.496832210290188569e-11
2.740000000000000213e+01 6.426030711335676242e-11
2.745000000000000284e+01 6.356127582482722302e-11
2.750000000000000000e+01 6.287109825594137738e-11
2.755000000000000071e+01 6.218964653563400382e-11
2.760000000000000142e+01 6.151679486477773757e-11
2.765000000000000213e+01 6.085241947920549955e-11
2.770000000000000284e+01 6.019639861324259762e-11
2.775000000000000000e+01 5.954861246399189824e-11
2.780000000000000071e+01 5.890894315614127221e-11
2.785000000000000142e+01 5.827727470787880327e-11
2.790000000000000213e+01 5.765349299690598530e-11
2.795000000000000284e+01 5.703748572767393191e-11
2.800000000000000000e+01 5.642914239881892360e-11
2.805000000000000071e+01 5.582835427154588455e-11
2.810000000000000142e+01 5.523501433829981520e-11
2.815000000000000213e+01 5.464901729254560157e-11
2.820000000000000284e+01 5.407025949842156974e-11
2.825000000000000000e+01 5.349863896166396449e-11
2.830000000000000071e+01 5.293405530081018144e-11
2.835000000000000142e+01 5.237640971869132492e-11
2.840000000000000213e+01 5.182560497500209104e-11
2.845000000000000284e+01 5.128154535899800434e-11
2.850000000000000000e+01 5.074413666281478463e-11
2.855000000000000071e+01 5.021328615541527258e-11
2.860000000000000142e+01 4.968890255684899075e-11
2.865000000000000213e+01 4.917089601318079040e-11
2.870000000000000284e+01 4.865917807171838828e-11
2.875000000000000000e+01 4.815366165687241238e-11
2.880000000000000071e+01 4.765426104635910713e-11
2.885000000000000142e+01 4.716089184785801384e-11
2.890000000000000213e+01 4.667347097628281819e-11
2.895000000000000284e+01 4.619191663124637181e-11
2.900000000000000000e+01 4.571614827493463198e-11
2.905000000000000071e+01 4.524608661083509826e-11
2.910000000000000142e+01 4.478165356220324609e-11
2.915000000000000213e+01 4.432277225145511839e-11
2.920000000000000284e+01 4.386936697964779859e-11
2.925000000000000000e+01 4.342136320656795190e-11
2.930000000000000071e+01 4.297868753096098731e-11
2.935000000000000142e+01 4.254126767142160860e-11
2.940000000000000213e+01 4.210903244726013805e-11
2.945000000000000284e+01 4.168191175993082534e-11
2.950000000000000000e+01 4.125983657498163568e-11
2.955000000000000071e+01 4.084273890401628406e-11
2.960000000000000142e+01 4.043055178717111840e-11
2.965000000000000213e+01 4.002320927576494804e-11
2.970000000000000284e+01 3.962064641550300566e-11
2.975000000000000000e+01 3.922279922982258979e-11
2.980000000000000071e+01 3.882960470360061174e-11
2.985000000000000142e+01 3.844100076703793295e-11
2.990000000000000213e+01 3.805692628015420698e-11
2.995000000000000284e+01 3.767732101696445071e-11
3.000000000000000000e+01 3.730212565069530409e-11
3.005000000000000071e+01 3.693128173893319615e-11
3.010000000000000142e+01 3.656473170855929866e-11
3.015000000000000213e+01 3.620241884194517418e-11
3.020000000000000284e+01 3.584428726251791218e-11
3.025000000000000000e+01 3.549028192104116409e-11
3.030000000000000071e+01 3.514034858215140230e-11
3.035000000000000142e+01 3.479443381074975225e-11
3.040000000000000213e+01 3.445248495917941981e-11
3.045000000000000284e+01 3.411445015416837393e-11
3.050000000000000000e+01 3.378027828438433673e-11
3.055000000000000071e+01 3.344991898779689840e-11
3.060000000000000142e+01 3.312332263973337167e-11
3.065000000000000213e+01 3.280044034074199075e-11
3.070000000000000284e+01 3.248122390493358895e-11
3.075000000000000000e+01 3.216562584833972952e-11
3.080000000000000071e+01 3.185359937774853331e-11
3.085000000000000142e+01 3.154509837938926794e-11
3.090000000000000213e+01 3.124007740804807923e-11
3.095000000000000284e+01 3.093849167633035314e-11
3.100000000000000000e+01 3.064029704416787799e-11
3.105000000000000071e+01 3.034545000830186989e-11
3.110000000000000142e+01 3.005390769223366525e-11
3.115000000000000213e+01 2.976562783613437754e-11
3.120000000000000284e+01 2.948056878706749962e-11
3.125000000000000000e+01 2.919868948919190582e-11
3.130000000000000071e+01 2.891994947445313615e-11
3.135000000000000142e+01 2.864430885313821832e-11
3.140000000000000213e+01 2.837172830478232264e-11
3.145000000000000284e+01 2.810216906898838843e-11
3.150000000000000000e+01 2.783559293686283204e-11
3.155000000000000071e+01 2.757196224208577669e-11
3.160000000000000142e+01 2.731123985237970873e-11
3.165000000000000213e+01 2.705338916135254622e-11
3.170000000000000284e+01 2.679837407986547936e-11
3.175000000000000000e+01 2.654615902816400774e-11
3.180000000000000071e+01 2.629670892804260124e-11
3.185000000000000142e+01 2.604998919455352629e-11
3.190000000000000213e+01 2.580596572879488100e-11
3.195000000000000284e+01 2.556460490997190052e-11
3.200000000000000000e+01 2.532587358825291475e-11
3.205000000000000426e+01 2.508973907724272206e-11
3.210000000000000142e+01 2.485616914686851292e-11
3.214999999999999858e+01 2.462513201634027208e-11
3.220000000000000284e+01 2.439659634718260262e-11
3.225000000000000000e+01 2.417053123639100839e-11
3.230000000000000426e+01 2.394690620975331530e-11
3.235000000000000142e+01 2.372569121518266663e-11
3.239999999999999858e+01 2.350685661635919896e-11
3.245000000000000284e+01 2.329037318622881613e-11
3.250000000000000000e+01 2.307621210078389285e-11
3.255000000000000426e+01 2.286434493290348690e-11
3.260000000000000142e+01 2.265474364638920531e-11
3.264999999999999858e+01 2.244738058962042858e-11
3.270000000000000284e+01 2.224222849025884905e-11
3.275000000000000000e+01 2.203926044906051043e-11
3.280000000000000426e+01 2.183844993438699268e-11
3.285000000000000142e+01 2.163977077664133963e-11
3.289999999999999858e+01 2.144319716270411906e-11
3.295000000000000284e+01 2.124870363056699479e-11
3.300000000000000000e+01 2.105626506407641064e-11
3.305000000000000426e+01 2.086585668775198900e-11
3.310000000000000142e+01 2.067745406158252748e-11
3.314999999999999858e+01 2.049103307600438259e-11
3.320000000000000284e+01 2.030656994698437853e-11
3.325000000000000000e+01 2.012404121108759096e-11
3.330000000000000426e+01 1.994342372075706023e-11
3.335000000000000142e+01 1.976469463957504166e-11
3.339999999999999858e+01 1.958783143753661503e-11
3.345000000000000284e+01 1.941281188660584748e-11
3.350000000000000000e+01 1.923961405616562472e-11
3.355000000000000426e+01 1.906821630866010885e-11
3.360000000000000142e+01 1.889859729510606540e-11
3.364999999999999858e+01 1.873073595101461730e-11
3.370000000000000284e+01 1.856461149206534879e-11
3.375000000000000000e+01 1.840020341004643513e-11
3.380000000000000426e+01 1.823749146863238638e-11
3.385000000000000142e+01 1.807645569961410393e-11
3.389999999999999858e+01 1.791707639877272587e-11
3.395000000000000284e+01 1.775933412214479343e-11
3.400000000000000000e+01 1.760320968207277702e-11
3.405000000000000426e+01 1.744868414343240232e-11
3.410000000000000142e+01 1.729573882031297422e-11
3.414999999999999858e+01 1.714435527184291935e-11
3.420000000000000284e+01 1.699451529902722579e-11
3.425000000000000000e+01 1.684620094103488848e-11
3.430000000000000426e+01 1.669939447174865811e-11
3.435000000000000142e+01 1.655407839650918711e-11
3.439999999999999858e+01 1.641023544858319143e-11
3.445000000000000284e+01 1.626784858597797797e-11
3.450000000000000000e+01 1.612690098816389972e-11
3.455000000000000426e+01 1.598737605287291158e-11
3.460000000000000142e+01 1.584925739292764128e-11
3.464999999999999858e+01 1.571252883326656680e-11
3.470000000000000284e+01 1.557717440776581077e-11
3.475000000000000000e+01 1.544317835629322069e-11
3.480000000000000426e+01 1.531052512178989804e-11
3.485000000000000142e+01 1.517919934737528908e-11
3.489999999999999858e+01 1.504918587338134169e-11
3.495000000000000284e+01 1.492046973464827423e-11
