0.000000000000000000e+00 -0.000000000000000000e+00
5.000000000000000278e-02 1.087562113809408006e-10
1.000000000000000056e-01 3.471891561942179146e-09
1.500000000000000222e-01 2.625982378022076653e-08
2.000000000000000111e-01 1.100426112141326487e-07
2.500000000000000000e-01 3.334192593057200674e-07
3.000000000000000444e-01 8.223918342155464625e-07
3.500000000000000333e-01 1.759114445845286376e-06
4.000000000000000222e-01 3.388687542053764327e-06
4.500000000000000111e-01 6.023716988519721446e-06
5.000000000000000000e-01 1.004641414275611827e-05
5.500000000000000444e-01 1.590807643632038499e-05
6.000000000000000888e-01 2.412585655798874619e-05
6.500000000000000222e-01 3.527680072954511435e-05
7.000000000000000666e-01 4.998921119535047254e-05
7.500000000000000000e-01 6.893146320427468148e-05
8.000000000000000444e-01 9.279848066064064476e-05
8.500000000000000888e-01 1.222961454219081132e-04
9.000000000000000222e-01 1.581239810762608163e-04
9.500000000000000666e-01 2.009565111273824351e-04
1.000000000000000000e+00 2.514237403527074931e-04
1.050000000000000044e+00 3.100912604963631646e-04
1.100000000000000089e+00 3.774404759301332396e-04
1.150000000000000133e+00 4.538495168130497509e-04
1.200000000000000178e+00 5.395753560820871391e-04
1.250000000000000000e+00 6.347376663550678222e-04
1.300000000000000044e+00 7.393049125964322151e-04
1.350000000000000089e+00 8.530831659494780405e-04
1.400000000000000133e+00 9.757079870650007267e-04
1.450000000000000178e+00 1.106639796124981234e-03
1.500000000000000000e+00 1.245162936432458447e-03
1.550000000000000044e+00 1.390388628678739273e-03
1.600000000000000089e+00 1.541261892806213658e-03
1.650000000000000133e+00 1.696572418050318462e-03
1.700000000000000178e+00 1.854969259511811928e-03
1.750000000000000000e+00 2.014979137833139509e-03
1.800000000000000044e+00 2.175028020124294015e-03
1.850000000000000089e+00 2.333465568091928379e-03
1.900000000000000133e+00 2.488591956159530525e-03
1.950000000000000178e+00 2.638686490824551471e-03
2.000000000000000000e+00 2.782037399114454818e-03
2.050000000000000266e+00 2.916972153973607616e-03
2.100000000000000089e+00 3.041887551641273956e-03
2.149999999999999911e+00 3.155278970040532784e-03
2.200000000000000178e+00 3.255768024974345105e-03
2.250000000000000000e+00 3.342128011191372247e-03
2.300000000000000266e+00 3.413306518301102190e-03
2.350000000000000089e+00 3.468444690798828511e-03
2.400000000000000355e+00 3.506892639447424000e-03
2.450000000000000178e+00 3.528220759636298623e-03
2.500000000000000000e+00 3.532226519305136942e-03
2.550000000000000266e+00 3.518936744566628257e-03
2.600000000000000089e+00 3.488605293063387885e-03
2.650000000000000355e+00 3.441706197365837754e-03
2.700000000000000178e+00 3.378922559486929357e-03
2.750000000000000000e+00 3.301131414444802813e-03
2.800000000000000266e+00 3.209384995277129397e-03
2.850000000000000089e+00 3.104889029359153563e-03
2.900000000000000355e+00 2.988978349505244832e-03
2.950000000000000178e+00 2.863090661156477215e-03
3.000000000000000000e+00 2.728739192104291233e-03
3.050000000000000266e+00 2.587484576918918592e-03
3.100000000000000089e+00 2.440906934000707136e-03
3.150000000000000355e+00 2.290578659299190474e-03
3.200000000000000178e+00 2.138038556509857385e-03
3.250000000000000000e+00 1.984767901023064881e-03
3.300000000000000266e+00 1.832168802802360084e-03
3.350000000000000089e+00 1.681545412730240177e-03
3.400000000000000355e+00 1.534088202477584253e-03
3.450000000000000178e+00 1.390861528468048799e-03
3.500000000000000000e+00 1.252794592953814521e-03
3.550000000000000266e+00 1.120675896058808763e-03
3.600000000000000089e+00 9.951509746651699545e-04
3.650000000000000355e+00 8.767233703991705786e-04
3.700000000000000178e+00 7.657585167269528479e-04
3.750000000000000000e+00 6.624902763497279943e-04
3.800000000000000266e+00 5.670297353771463654e-04
3.850000000000000089e+00 4.793758595272385381e-04
3.900000000000000355e+00 3.994275790816538270e-04
3.950000000000000178e+00 3.269968609847105265e-04
4.000000000000000000e+00 2.618223308448407692e-04
4.049999999999999822e+00 2.035830325270025949e-04
4.100000000000000533e+00 1.519118946486117203e-04
4.150000000000000355e+00 1.064086506664448382e-04
4.200000000000000178e+00 6.665184988382368621e-05
4.250000000000000000e+00 3.220962504577967690e-05
4.299999999999999822e+00 2.649263444794936338e-06
4.350000000000000533e+00 -2.245473575048926635e-05
4.400000000000000355e+00 -4.351409431413751089e-05
4.450000000000000178e+00 -6.092169200590710743e-05
4.500000000000000000e+00 -7.504795009932391041e-05
4.549999999999999822e+00 -8.623859106343251528e-05
4.600000000000000533e+00 -9.481356637914588261e-05
4.650000000000000355e+00 -1.010670744505311213e-04
4.700000000000000178e+00 -1.052684158990413574e-04
4.750000000000000000e+00 -1.076635116959531220e-04
4.800000000000000711e+00 -1.084768794762595151e-04
4.850000000000000533e+00 -1.079138742755383803e-04
4.900000000000000355e+00 -1.061630205850734338e-04
4.950000000000000178e+00 -1.033982413286273851e-04
5.000000000000000000e+00 -9.978094550020977943e-05
5.050000000000000711e+00 -9.546175209035949959e-05
5.100000000000000533e+00 -9.058184076104613004e-05
5.150000000000000355e+00 -8.527394003843037911e-05
5.200000000000000178e+00 -7.966283929291654859e-05
5.250000000000000000e+00 -7.386551856764705991e-05
5.300000000000000711e+00 -6.799096772671753101e-05
5.350000000000000533e+00 -6.213962557229900905e-05
5.400000000000000355e+00 -5.640270590455573557e-05
5.450000000000000178e+00 -5.086136862827779790e-05
5.500000000000000000e+00 -4.558585213259037905e-05
5.550000000000000711e+00 -4.063472806444311605e-05
5.600000000000000533e+00 -3.605426031653225026e-05
5.650000000000000355e+00 -3.187801583217247562e-05
5.700000000000000178e+00 -2.812674935561147222e-05
5.750000000000000000e+00 -2.480864058749089276e-05
5.800000000000000711e+00 -2.191981519344394534e-05
5.850000000000000533e+00 -1.944526744364521013e-05
5.900000000000000355e+00 -1.736007446243333351e-05
5.950000000000000178e+00 -1.563089989369292976e-05
6.000000000000000000e+00 -1.421772710241188047e-05
6.050000000000000711e+00 -1.307575571652422287e-05
6.100000000000000533e+00 -1.215738665823173079e-05
6.150000000000000355e+00 -1.141421619472064039e-05
6.200000000000000178e+00 -1.079895907283256737e-05
6.250000000000000000e+00 -1.026722439876568933e-05
6.300000000000000711e+00 -9.779075291575876889e-06
6.350000000000000533e+00 -9.300308946984964400e-06
6.400000000000000355e+00 -8.803442295114199598e-06
6.450000000000000178e+00 -8.268299097505271778e-06
6.500000000000000000e+00 -7.682283347584978699e-06
6.550000000000000711e+00 -7.040275150108317750e-06
6.600000000000000533e+00 -6.344167115237793066e-06
6.650000000000000355e+00 -5.602147907302334374e-06
6.700000000000000178e+00 -4.827677493148179044e-06
6.750000000000000000e+00 -4.038290155435506137e-06
6.800000000000000711e+00 -3.254259233817320456e-06
6.850000000000000533e+00 -2.497198241127525329e-06
6.900000000000000355e+00 -1.788668363473554766e-06
6.950000000000000178e+00 -1.148859615961246511e-06
7.000000000000000000e+00 -5.954070556299826803e-07
7.050000000000000711e+00 -1.423948164241259600e-07
7.100000000000000533e+00 2.004101811159518496e-07
7.150000000000000355e+00 4.280655914759754360e-07
7.200000000000000178e+00 5.406864531357082874e-07
7.250000000000000000e+00 5.434017941184862557e-07
7.300000000000000711e+00 4.460470130704478010e-07
7.350000000000000533e+00 2.626166491963268572e-07
7.400000000000000355e+00 1.051320711269456988e-08
7.450000000000000178e+00 -2.903633201381700660e-07
7.500000000000000000e+00 -6.186340648744645326e-07
7.550000000000000711e+00 -9.525130542196385133e-07
7.600000000000000533e+00 -1.270876155396041038e-06
7.650000000000000355e+00 -1.554273007268415115e-06
7.700000000000000178e+00 -1.785832163565015665e-06
7.750000000000000000e+00 -1.952016425030551506e-06
7.800000000000000711e+00 -2.043194031518901520e-06
7.850000000000000533e+00 -2.054001540985140634e-06
7.900000000000000355e+00 -1.983485301475172443e-06
7.950000000000000178e+00 -1.835019854019061024e-06
8.000000000000000000e+00 -1.616012815541704963e-06
8.050000000000000711e+00 -1.337416233632399260e-06
8.099999999999999645e+00 -1.013073582884927695e-06
8.150000000000000355e+00 -6.589390639400667966e-07
8.200000000000001066e+00 -2.922113431516938554e-07
8.250000000000000000e+00 6.957288771111312781e-08
8.300000000000000711e+00 4.094392512462266297e-07
8.349999999999999645e+00 7.118250695207823210e-07
8.400000000000000355e+00 9.633365664605801270e-07
8.450000000000001066e+00 1.153378252158258929e-06
8.500000000000000000e+00 1.274626088079875230e-06
8.550000000000000711e+00 1.323324509688570836e-06
8.599999999999999645e+00 1.299396653234281515e-06
8.650000000000000355e+00 1.206366716999145209e-06
8.700000000000001066e+00 1.051102800474303062e-06
8.750000000000000000e+00 8.433973436023610666e-07
8.800000000000000711e+00 5.954100103273283046e-07
8.849999999999999645e+00 3.210041661714342278e-07
8.900000000000000355e+00 3.501270676829821345e-08
8.950000000000001066e+00 -2.475282877541158419e-07
9.000000000000000000e+00 -5.121388619198654752e-07
9.050000000000000711e+00 -7.456094858401523949e-07
9.099999999999999645e+00 -9.366354841582821132e-07
9.150000000000000355e+00 -1.076341510131327787e-06
9.200000000000001066e+00 -1.158672160754708089e-06
9.250000000000000000e+00 -1.180632066858759094e-06
9.300000000000000711e+00 -1.142366705317190218e-06
9.349999999999999645e+00 -1.047083359481145193e-06
9.400000000000000355e+00 -9.008196847237461975e-07
9.450000000000001066e+00 -7.120748207768490257e-07
9.500000000000000000e+00 -4.913245691253091399e-07
9.550000000000000711e+00 -2.504475127766148073e-07
9.600000000000001421e+00 -2.092854996619404454e-09
9.650000000000000355e+00 2.409769712314819302e-07
9.700000000000001066e+00 4.665353002310874671e-07
9.750000000000000000e+00 6.634993406562855945e-07
9.800000000000000711e+00 8.224676284647549647e-07
9.850000000000001421e+00 9.361612306228555149e-07
9.900000000000000355e+00 9.997484716624014711e-07
9.950000000000001066e+00 1.011039227958881141e-06
1.000000000000000000e+01 9.705416803541373418e-07
1.005000000000000071e+01 8.813814800459516336e-07
1.010000000000000142e+01 7.490902071292653832e-07
1.015000000000000036e+01 5.812764415563735201e-07
1.020000000000000107e+01 3.871984091949025710e-07
1.025000000000000000e+01 1.772617438900300703e-07
1.030000000000000071e+01 -3.753078887772283587e-08
1.035000000000000142e+01 -2.461488709474413389e-07
1.040000000000000036e+01 -4.380943689862481492e-07
1.045000000000000107e+01 -6.039231520325038004e-07
1.050000000000000000e+01 -7.357033681062004004e-07
1.055000000000000071e+01 -8.273882584103823607e-07
1.060000000000000142e+01 -8.750863196532082218e-07
1.065000000000000036e+01 -8.772171321772217804e-07
1.070000000000000107e+01 -8.345471625385697997e-07
1.075000000000000000e+01 -7.501060136909620721e-07
1.080000000000000071e+01 -6.289896207949609293e-07
1.085000000000000142e+01 -4.780624755061503201e-07
1.090000000000000036e+01 -3.055758336091703585e-07
1.095000000000000107e+01 -1.207227880312933017e-07
1.100000000000000000e+01 6.684610867719431459e-08
1.105000000000000071e+01 2.475214319306582190e-07
1.110000000000000142e+01 4.122221872806178468e-07
1.115000000000000036e+01 5.528473674009329954e-07
1.120000000000000107e+01 6.626695550869492202e-07
1.125000000000000000e+01 7.366516946425340734e-07
1.130000000000000071e+01 7.716723781732647428e-07
1.135000000000000142e+01 7.666498818067323814e-07
1.140000000000000036e+01 7.225604814719283017e-07
1.145000000000000107e+01 6.423520046059352311e-07
1.150000000000000000e+01 5.307588569843188846e-07
1.155000000000000071e+01 3.940296389463731291e-07
1.160000000000000142e+01 2.395826937195531719e-07
1.165000000000000036e+01 7.560831022314594365e-08
1.170000000000000107e+01 -8.936132228909035173e-08
1.175000000000000000e+01 -2.468920427414058790e-07
1.180000000000000071e+01 -3.890750496722775836e-07
1.185000000000000142e+01 -5.089201787991125256e-07
1.190000000000000036e+01 -6.006957610225632646e-07
1.195000000000000107e+01 -6.601987304250930083e-07
