0.000000000000000000e+00 -1.866106191360892771e-02
5.000000000000000278e-02 -1.865908263019119828e-02
1.000000000000000056e-01 -1.865313960406412078e-02
1.500000000000000222e-01 -1.864321793196742696e-02
2.000000000000000111e-01 -1.862929120750534545e-02
2.500000000000000000e-01 -1.861132479718746041e-02
3.000000000000000444e-01 -1.858927637441664532e-02
3.500000000000000333e-01 -1.856309443440059756e-02
4.000000000000000222e-01 -1.853272108683353889e-02
4.500000000000000111e-01 -1.849809359812525436e-02
5.000000000000000000e-01 -1.845914497961066714e-02
5.500000000000000444e-01 -1.841580580712772960e-02
6.000000000000000888e-01 -1.836800581685622824e-02
6.500000000000000222e-01 -1.831567569338117540e-02
7.000000000000000666e-01 -1.825874849377085926e-02
7.500000000000000000e-01 -1.819716119337648833e-02
8.000000000000000444e-01 -1.813085731504615952e-02
8.500000000000000888e-01 -1.805978710982302990e-02
9.000000000000000222e-01 -1.798391536337451066e-02
9.500000000000000666e-01 -1.790320143747370710e-02
1.000000000000000000e+00 -1.781762711798080823e-02
1.050000000000000044e+00 -1.772719773535276488e-02
1.100000000000000089e+00 -1.763191668546774254e-02
1.150000000000000133e+00 -1.753180781848317354e-02
1.200000000000000178e+00 -1.742691034475155054e-02
1.250000000000000000e+00 -1.731727978881365815e-02
1.300000000000000044e+00 -1.720298814353229955e-02
1.350000000000000089e+00 -1.708412409110169478e-02
1.400000000000000133e+00 -1.696079282387986248e-02
1.450000000000000178e+00 -1.683311594689965857e-02
1.500000000000000000e+00 -1.670123125747716500e-02
1.550000000000000044e+00 -1.656529184529669657e-02
1.600000000000000089e+00 -1.642546533281942153e-02
1.650000000000000133e+00 -1.628193330493129393e-02
1.700000000000000178e+00 -1.613489022854440805e-02
1.750000000000000000e+00 -1.598454228551333609e-02
1.800000000000000044e+00 -1.583110606009873259e-02
1.850000000000000089e+00 -1.567480739818328389e-02
1.900000000000000133e+00 -1.551587986243908694e-02
1.950000000000000178e+00 -1.535456352296143100e-02
2.000000000000000000e+00 -1.519110340347300594e-02
2.050000000000000266e+00 -1.502574802051302380e-02
2.100000000000000089e+00 -1.485874811799189205e-02
2.149999999999999911e+00 -1.469035485465288587e-02
2.200000000000000178e+00 -1.452081885470100225e-02
2.250000000000000000e+00 -1.435038852136086805e-02
2.300000000000000266e+00 -1.417930899001858779e-02
2.350000000000000089e+00 -1.400782078816480494e-02
2.400000000000000355e+00 -1.383615870343235348e-02
2.450000000000000178e+00 -1.366455088671969520e-02
2.500000000000000000e+00 -1.349321766648346917e-02
2.550000000000000266e+00 -1.332237087132302766e-02
2.600000000000000089e+00 -1.315221303959746880e-02
2.650000000000000355e+00 -1.298293675381729205e-02
2.700000000000000178e+00 -1.281472420172186273e-02
2.750000000000000000e+00 -1.264774661955102818e-02
2.800000000000000266e+00 -1.248216404115642941e-02
2.850000000000000089e+00 -1.231812505714319737e-02
2.900000000000000355e+00 -1.215576668624643829e-02
2.950000000000000178e+00 -1.199521433833881934e-02
3.000000000000000000e+00 -1.183658186351266468e-02
3.050000000000000266e+00 -1.167997168105569354e-02
3.100000000000000089e+00 -1.152547501130865744e-02
3.150000000000000355e+00 -1.137317201728159886e-02
3.200000000000000178e+00 -1.122313233330405301e-02
3.250000000000000000e+00 -1.107541530267404546e-02
3.300000000000000266e+00 -1.093007043684344863e-02
3.350000000000000089e+00 -1.078713787455167460e-02
3.400000000000000355e+00 -1.064664887031910312e-02
3.450000000000000178e+00 -1.050862630534979240e-02
3.500000000000000000e+00 -1.037308521422642023e-02
3.550000000000000266e+00 -1.024003336145129679e-02
3.600000000000000089e+00 -1.010947162322016653e-02
3.650000000000000355e+00 -9.981394757512595389e-03
3.700000000000000178e+00 -9.855791787157567457e-03
3.750000000000000000e+00 -9.732646557516507965e-03
3.800000000000000266e+00 -9.611938244153437477e-03
3.850000000000000089e+00 -9.493641843179722803e-03
3.900000000000000355e+00 -9.377728616438034404e-03
3.950000000000000178e+00 -9.264166648272840685e-03
4.000000000000000000e+00 -9.152921096850731922e-03
4.049999999999999822e+00 -9.043954715858077559e-03
4.100000000000000533e+00 -8.937228196851703527e-03
4.150000000000000355e+00 -8.832700517424844910e-03
4.200000000000000178e+00 -8.730329263322005040e-03
4.250000000000000000e+00 -8.630070924753959274e-03
4.299999999999999822e+00 -8.531881167418891090e-03
4.350000000000000533e+00 -8.435715078950287160e-03
4.400000000000000355e+00 -8.341527391687910895e-03
4.450000000000000178e+00 -8.249272635945012130e-03
4.500000000000000000e+00 -8.158905506026260107e-03
4.549999999999999822e+00 -8.070380739197116973e-03
4.600000000000000533e+00 -7.983653439018587386e-03
4.650000000000000355e+00 -7.898679151775027038e-03
4.700000000000000178e+00 -7.815413971672647078e-03
4.750000000000000000e+00 -7.733814630900601172e-03
4.800000000000000711e+00 -7.653838593462173115e-03
4.850000000000000533e+00 -7.575444039917841356e-03
4.900000000000000355e+00 -7.498590049586195683e-03
4.950000000000000178e+00 -7.423236547908734599e-03
5.000000000000000000e+00 -7.349344364080043733e-03
5.050000000000000711e+00 -7.276875255096751371e-03
5.100000000000000533e+00 -7.205791922437371731e-03
5.150000000000000355e+00 -7.136058022244645173e-03
5.200000000000000178e+00 -7.067638169817726072e-03
5.250000000000000000e+00 -7.000497939157722567e-03
5.300000000000000711e+00 -6.934603858247536529e-03
5.350000000000000533e+00 -6.869923400686359961e-03
5.400000000000000355e+00 -6.806424974240490519e-03
5.450000000000000178e+00 -6.744077906815942880e-03
5.500000000000000000e+00 -6.682852430304960477e-03
5.550000000000000711e+00 -6.622719662707859944e-03
5.600000000000000533e+00 -6.563651588884251466e-03
5.650000000000000355e+00 -6.505621040243662195e-03
5.700000000000000178e+00 -6.448601673644643525e-03
5.750000000000000000e+00 -6.392567949734421356e-03
5.800000000000000711e+00 -6.337495110927363930e-03
5.850000000000000533e+00 -6.283359159190470347e-03
5.900000000000000355e+00 -6.230136833777354284e-03
5.950000000000000178e+00 -6.177805589029056188e-03
