0.000000000000000000e+00 0.000000000000000000e+00
5.000000000000000278e-02 -1.879905714605520061e-09
1.000000000000000056e-01 -5.859151860922599691e-08
1.500000000000000222e-01 -4.457301975906538965e-07
2.000000000000000111e-01 -1.881991864915413353e-06
2.500000000000000000e-01 -5.757076968130027815e-06
3.000000000000000444e-01 -1.436442604360995413e-05
3.500000000000000333e-01 -3.113510141921784462e-05
4.000000000000000222e-01 -6.087117700282565919e-05
4.500000000000000111e-01 -1.099684910161050013e-04
5.000000000000000000e-01 -1.866198192705672502e-04
5.500000000000000444e-01 -3.009846920061228317e-04
6.000000000000000888e-01 -4.653120666792494764e-04
6.500000000000000222e-01 -6.939975986312336845e-04
7.000000000000000666e-01 -1.003564929952349477e-03
7.500000000000000000e-01 -1.412550045314238953e-03
8.000000000000000444e-01 -1.941280683197034191e-03
8.500000000000000888e-01 -2.611540661806366088e-03
9.000000000000000222e-01 -3.446114999828327023e-03
9.500000000000000666e-01 -4.468217265547578740e-03
1.000000000000000000e+00 -5.700806469057339079e-03
1.050000000000000044e+00 -7.165807581372506292e-03
1.100000000000000089e+00 -8.883255623957767022e-03
1.150000000000000133e+00 -1.087038969777912034e-02
1.200000000000000178e+00 -1.314072783078939176e-02
1.250000000000000000e+00 -1.570316155824123469e-02
1.300000000000000044e+00 -1.856109962663300000e-02
1.350000000000000089e+00 -2.171171167514651321e-02
1.400000000000000133e+00 -2.514530146861506527e-02
1.450000000000000178e+00 -2.884484895473099497e-02
1.500000000000000000e+00 -3.278575158080185986e-02
1.550000000000000044e+00 -3.693579012427763986e-02
1.600000000000000089e+00 -4.125533363808073922e-02
1.650000000000000133e+00 -4.569779943759977314e-02
1.700000000000000178e+00 -5.021035382138583358e-02
1.750000000000000000e+00 -5.473485479063673609e-02
1.800000000000000044e+00 -5.920900802207915148e-02
1.850000000000000089e+00 -6.356770620775070713e-02
1.900000000000000133e+00 -6.774451704114799189e-02
1.950000000000000178e+00 -7.167326280592870025e-02
2.000000000000000000e+00 -7.528965753953194284e-02
2.050000000000000266e+00 -7.853293030346059078e-02
2.100000000000000089e+00 -8.134739034148680270e-02
2.149999999999999911e+00 -8.368387642757846301e-02
2.200000000000000178e+00 -8.550104156571809721e-02
2.250000000000000000e+00 -8.676642877374092511e-02
2.300000000000000266e+00 -8.745730123373686438e-02
2.350000000000000089e+00 -8.756120347272955406e-02
2.400000000000000355e+00 -8.707621375625419768e-02
2.450000000000000178e+00 -8.601093778282294100e-02
2.500000000000000000e+00 -8.438417070704225253e-02
2.550000000000000266e+00 -8.222430598062230311e-02
2.600000000000000089e+00 -7.956846453768084970e-02
2.650000000000000355e+00 -7.646153332477721720e-02
2.700000000000000178e+00 -7.295470618817706532e-02
2.750000000000000000e+00 -6.910432280348768885e-02
2.800000000000000266e+00 -6.497030329859909692e-02
2.850000000000000089e+00 -6.061467839642582095e-02
2.900000000000000355e+00 -5.610011561725143647e-02
2.950000000000000178e+00 -5.148850830605656431e-02
3.000000000000000000e+00 -4.683966979218610188e-02
3.050000000000000266e+00 -4.221016654189842926e-02
3.100000000000000089e+00 -3.765232376398314901e-02
3.150000000000000355e+00 -3.321341116602564980e-02
3.200000000000000178e+00 -2.893503729812927847e-02
3.250000000000000000e+00 -2.485274489348499385e-02
3.300000000000000266e+00 -2.099580346509084122e-02
3.350000000000000089e+00 -1.738719258805967657e-02
3.400000000000000355e+00 -1.404375411225018862e-02
3.450000000000000178e+00 -1.097649176300599140e-02
3.500000000000000000e+00 -8.190993290640127128e-03
3.550000000000000266e+00 -5.687945744220926012e-03
3.600000000000000089e+00 -3.463715111668679968e-03
3.650000000000000355e+00 -1.510965268473343564e-03
3.700000000000000178e+00 1.807178647986164234e-04
3.750000000000000000e+00 1.624203723787327009e-03
3.800000000000000266e+00 2.834239248727519166e-03
3.850000000000000089e+00 3.826908107771173455e-03
3.900000000000000355e+00 4.619151607576666221e-03
3.950000000000000178e+00 5.228354143645332769e-03
4.000000000000000000e+00 5.671994546152678285e-03
4.049999999999999822e+00 5.967363435568219347e-03
4.100000000000000533e+00 6.131341725249913298e-03
4.150000000000000355e+00 6.180233956060554763e-03
4.200000000000000178e+00 6.129647740141475239e-03
4.250000000000000000e+00 5.994411191345423717e-03
4.299999999999999822e+00 5.788516075583371653e-03
4.350000000000000533e+00 5.525085403205146246e-03
4.400000000000000355e+00 5.216350083569932898e-03
4.450000000000000178e+00 4.873629577540836318e-03
4.500000000000000000e+00 4.507320302057554740e-03
4.549999999999999822e+00 4.126878279251804463e-03
4.600000000000000533e+00 3.740808329411119022e-03
4.650000000000000355e+00 3.356640320065052297e-03
4.700000000000000178e+00 2.980918700050970253e-03
4.750000000000000000e+00 2.619193068733701585e-03
4.800000000000000711e+00 2.276014490968673084e-03
4.850000000000000533e+00 1.954945587927867882e-03
4.900000000000000355e+00 1.658584982696474164e-03
4.950000000000000178e+00 1.388606210462162149e-03
5.000000000000000000e+00 1.145815623283307242e-03
5.050000000000000711e+00 9.302303908525917089e-04
5.100000000000000533e+00 7.411689012770371083e-04
5.150000000000000355e+00 5.773582219167249429e-04
5.200000000000000178e+00 4.370523979555381001e-04
5.250000000000000000e+00 3.181564567421992320e-04
5.300000000000000711e+00 2.183605518106069090e-04
5.350000000000000533e+00 1.352223601936989239e-04
5.400000000000000355e+00 6.636165614657176524e-05
5.450000000000000178e+00 9.480907905296732076e-06
5.500000000000000000e+00 -3.751182411777433535e-05
5.550000000000000711e+00 -7.644560865266321326e-05
5.600000000000000533e+00 -1.088452514453654976e-04
5.650000000000000355e+00 -1.359142273065158408e-04
5.700000000000000178e+00 -1.585343884953874412e-04
5.750000000000000000e+00 -1.772897789747102462e-04
5.800000000000000711e+00 -1.925049413573430134e-04
5.850000000000000533e+00 -2.042977098086469034e-04
5.900000000000000355e+00 -2.126391756106373954e-04
5.950000000000000178e+00 -2.174181141369117658e-04
