0.000000000000000000e+00 0.000000000000000000e+00
5.000000000000000278e-02 -1.997979777308925875e-14
1.000000000000000056e-01 -6.783682353367345416e-13
1.500000000000000222e-01 -5.640787442932484817e-12
2.000000000000000111e-01 -2.661947115448565599e-11
2.500000000000000000e-01 -9.221822473689126528e-11
3.000000000000000444e-01 -2.621283086563611303e-10
3.500000000000000333e-01 -6.478001686305489452e-10
4.000000000000000222e-01 -1.484805556499831390e-09
4.500000000000000111e-01 -2.887492036367890372e-09
5.000000000000000000e-01 -5.489168794965954577e-09
5.500000000000000444e-01 -9.926669340312115061e-09
6.000000000000000888e-01 -1.682332065240345761e-08
6.500000000000000222e-01 -2.768755478844217906e-08
7.000000000000000666e-01 -4.407500771411334907e-08
7.500000000000000000e-01 -6.784132006786142222e-08
8.000000000000000444e-01 -1.013435357063837267e-07
8.500000000000000888e-01 -1.473804427101109999e-07
9.000000000000000222e-01 -2.091987972756519413e-07
9.500000000000000666e-01 -2.904825198898552505e-07
1.000000000000000000e+00 -3.953231436220750138e-07
1.050000000000000044e+00 -5.281705371025360247e-07
1.100000000000000089e+00 -6.937637567795750905e-07
1.150000000000000133e+00 -8.970427638816476450e-07
1.200000000000000178e+00 -1.143042627578673054e-06
1.250000000000000000e+00 -1.436772682819153660e-06
1.300000000000000044e+00 -1.783083876512736870e-06
1.350000000000000089e+00 -2.186528180323816773e-06
1.400000000000000133e+00 -2.651214439472886309e-06
1.450000000000000178e+00 -3.180665339395727062e-06
1.500000000000000000e+00 -3.777680289614754304e-06
1.550000000000000044e+00 -4.444208940195068699e-06
1.600000000000000089e+00 -5.181239764149887010e-06
1.650000000000000133e+00 -5.988707672304823257e-06
1.700000000000000178e+00 -6.865550470762730374e-06
1.750000000000000000e+00 -7.809214177141946407e-06
1.800000000000000044e+00 -8.816041183192827003e-06
1.850000000000000089e+00 -9.881694255936514985e-06
1.900000000000000133e+00 -1.100003154524741844e-05
1.950000000000000178e+00 -1.216405860904229090e-05
2.000000000000000000e+00 -1.336609661279548741e-05
2.050000000000000266e+00 -1.459719846064540830e-05
2.100000000000000089e+00 -1.584779007828683746e-05
2.149999999999999911e+00 -1.710768370034365849e-05
2.200000000000000178e+00 -1.836623088504761228e-05
2.250000000000000000e+00 -1.961248221810183912e-05
2.300000000000000266e+00 -2.083534962750562355e-05
2.350000000000000089e+00 -2.202376740492979301e-05
2.400000000000000355e+00 -2.316637579351783655e-05
2.450000000000000178e+00 -2.425411527039469546e-05
2.500000000000000000e+00 -2.527533378100586031e-05
2.550000000000000266e+00 -2.622092598126251253e-05
2.600000000000000089e+00 -2.708229400828061456e-05
2.650000000000000355e+00 -2.785133981603484023e-05
2.700000000000000178e+00 -2.852092516052347543e-05
2.750000000000000000e+00 -2.908485127684068343e-05
2.800000000000000266e+00 -2.953793745237467448e-05
2.850000000000000089e+00 -2.987594724545195547e-05
2.900000000000000355e+00 -3.009576543459838017e-05
2.950000000000000178e+00 -3.019531335584514897e-05
3.000000000000000000e+00 -3.017357065240899080e-05
3.050000000000000266e+00 -3.003064872611894463e-05
3.100000000000000089e+00 -2.976724097308957424e-05
3.150000000000000355e+00 -2.938588086691445845e-05
3.200000000000000178e+00 -2.888950255797618851e-05
3.250000000000000000e+00 -2.828189060945646217e-05
3.300000000000000266e+00 -2.756796767972349691e-05
3.350000000000000089e+00 -2.675340069083019574e-05
3.400000000000000355e+00 -2.584463657892814247e-05
3.450000000000000178e+00 -2.484877095538219629e-05
3.500000000000000000e+00 -2.377358001874862789e-05
3.550000000000000266e+00 -2.262736285447006148e-05
3.600000000000000089e+00 -2.141887556461665937e-05
3.650000000000000355e+00 -2.015687195200584959e-05
3.700000000000000178e+00 -1.885185585237995296e-05
3.750000000000000000e+00 -1.751236337805025294e-05
3.800000000000000266e+00 -1.614803882762031668e-05
3.850000000000000089e+00 -1.476881751867020822e-05
3.900000000000000355e+00 -1.338404599459619756e-05
3.950000000000000178e+00 -1.200277695225973918e-05
4.000000000000000000e+00 -1.063394483430108692e-05
4.049999999999999822e+00 -9.285865503378268199e-06
4.100000000000000533e+00 -7.966450089742939779e-06
4.150000000000000355e+00 -6.682918650191835701e-06
4.200000000000000178e+00 -5.441854672707849600e-06
4.250000000000000000e+00 -4.249530288677946856e-06
4.299999999999999822e+00 -3.109848520191003914e-06
4.350000000000000533e+00 -2.028220434266277644e-06
4.400000000000000355e+00 -1.008015820029627651e-06
4.450000000000000178e+00 -5.191589989678313363e-08
4.500000000000000000e+00 8.382388008770519092e-07
4.549999999999999822e+00 1.661177826147164250e-06
4.600000000000000533e+00 2.416328361630592652e-06
4.650000000000000355e+00 3.103855303339311032e-06
4.700000000000000178e+00 3.724503717185932536e-06
4.750000000000000000e+00 4.279525808352580727e-06
4.800000000000000711e+00 4.770764393775860189e-06
4.850000000000000533e+00 5.200763132859510507e-06
4.900000000000000355e+00 5.570886246290845463e-06
4.950000000000000178e+00 5.884979023473475551e-06
5.000000000000000000e+00 6.145977966291703762e-06
5.050000000000000711e+00 6.356737600965879795e-06
5.100000000000000533e+00 6.520909346728258944e-06
5.150000000000000355e+00 6.641582420648980804e-06
5.200000000000000178e+00 6.722227451080059371e-06
5.250000000000000000e+00 6.766185768911419046e-06
5.300000000000000711e+00 6.776803066626100462e-06
5.350000000000000533e+00 6.757301972223159762e-06
5.400000000000000355e+00 6.710819893819948470e-06
5.450000000000000178e+00 6.640009587770241048e-06
5.500000000000000000e+00 6.548838705213592054e-06
5.550000000000000711e+00 6.439109944385252152e-06
5.600000000000000533e+00 6.314122705460638455e-06
5.650000000000000355e+00 6.174817657396533965e-06
5.700000000000000178e+00 6.024987803203962812e-06
5.750000000000000000e+00 5.866401770673472220e-06
5.800000000000000711e+00 5.700946127079012985e-06
5.850000000000000533e+00 5.530421630027246856e-06
5.900000000000000355e+00 5.356480294537255389e-06
5.950000000000000178e+00 5.180555266736609645e-06
6.000000000000000000e+00 5.004042940289558410e-06
6.050000000000000711e+00 4.828236101808556667e-06
6.100000000000000533e+00 4.653359795538259948e-06
6.150000000000000355e+00 4.481005319960855840e-06
6.200000000000000178e+00 4.311832857872536288e-06
6.250000000000000000e+00 4.146371589894629400e-06
6.300000000000000711e+00 3.985045108658582207e-06
6.350000000000000533e+00 3.828110077801999441e-06
6.400000000000000355e+00 3.675894086113139641e-06
6.450000000000000178e+00 3.528600395130922741e-06
6.500000000000000000e+00 3.386232647518095989e-06
6.550000000000000711e+00 3.248925860748598117e-06
6.600000000000000533e+00 3.116055068253997408e-06
6.650000000000000355e+00 2.989334822439555270e-06
6.700000000000000178e+00 2.866898893867468607e-06
6.750000000000000000e+00 2.749379736789001517e-06
6.800000000000000711e+00 2.636556657527840958e-06
6.850000000000000533e+00 2.528159878160955883e-06
6.900000000000000355e+00 2.424457730336303014e-06
6.950000000000000178e+00 2.324964870436662867e-06
7.000000000000000000e+00 2.229823815002774787e-06
7.050000000000000711e+00 2.138841904914491212e-06
7.100000000000000533e+00 2.051908264562245764e-06
7.150000000000000355e+00 1.968910125400434081e-06
7.200000000000000178e+00 1.890256962706711647e-06
7.250000000000000000e+00 1.814332453170356562e-06
7.300000000000000711e+00 1.742345235017193612e-06
7.350000000000000533e+00 1.673767530203094703e-06
7.400000000000000355e+00 1.608522358942100892e-06
7.450000000000000178e+00 1.546544923702922515e-06
7.500000000000000000e+00 1.487336620596199384e-06
7.550000000000000711e+00 1.431078499646890902e-06
7.600000000000000533e+00 1.377363420821486022e-06
7.650000000000000355e+00 1.326096281908619289e-06
7.700000000000000178e+00 1.277108189608949748e-06
7.750000000000000000e+00 1.230172867246124727e-06
7.800000000000000711e+00 1.184857097705211456e-06
7.850000000000000533e+00 1.142169475101548415e-06
7.900000000000000355e+00 1.100853537102718872e-06
7.950000000000000178e+00 1.061112494562941165e-06
8.000000000000000000e+00 1.022859971460270440e-06
8.050000000000000711e+00 9.858706411259426510e-07
8.099999999999999645e+00 9.504223448196471967e-07
8.150000000000000355e+00 9.162188950629250683e-07
8.200000000000001066e+00 8.832060296827787801e-07
8.250000000000000000e+00 8.515281545375756832e-07
8.300000000000000711e+00 8.211578129102764833e-07
8.349999999999999645e+00 7.919232118250864439e-07
8.400000000000000355e+00 7.642719678750597741e-07
8.450000000000001066e+00 7.370865171854681435e-07
8.500000000000000000e+00 7.113468871327770838e-07
8.550000000000000711e+00 6.867945540639788073e-07
8.599999999999999645e+00 6.632793485604061149e-07
8.650000000000000355e+00 6.408486916834007807e-07
8.700000000000001066e+00 6.195956857884502233e-07
8.750000000000000000e+00 5.990527094539377553e-07
8.800000000000000711e+00 5.794590425912058041e-07
8.849999999999999645e+00 5.606732752009130641e-07
8.900000000000000355e+00 5.426273628634634230e-07
8.950000000000001066e+00 5.252550663193016974e-07
9.000000000000000000e+00 5.085358998479093874e-07
9.050000000000000711e+00 4.922480181869318475e-07
9.099999999999999645e+00 4.766085843799580983e-07
9.150000000000000355e+00 4.613550946673774058e-07
9.200000000000001066e+00 4.466369984502244254e-07
9.250000000000000000e+00 4.322955916622016965e-07
9.300000000000000711e+00 4.181983583036506694e-07
9.349999999999999645e+00 4.047338016020735293e-07
9.400000000000000355e+00 3.916183748914772821e-07
9.450000000000001066e+00 3.789330556480683855e-07
9.500000000000000000e+00 3.666908883777788668e-07
9.550000000000000711e+00 3.549050648391826802e-07
9.600000000000001421e+00 3.435496489723365126e-07
9.650000000000000355e+00 3.327787390497406047e-07
9.700000000000001066e+00 3.223784086707550157e-07
9.750000000000000000e+00 3.124463495261616859e-07
9.800000000000000711e+00 3.029858453163734275e-07
9.850000000000001421e+00 2.939688561495187957e-07
9.900000000000000355e+00 2.855269648555566280e-07
9.950000000000001066e+00 2.772560377222016319e-07
