0.000000000000000000e+00 -0.000000000000000000e+00
5.000000000000000278e-02 1.529214971400514976e-07
1.000000000000000056e-01 1.220501195260000360e-06
1.500000000000000222e-01 4.103093708324739925e-06
2.000000000000000111e-01 9.672680341381962197e-06
2.500000000000000000e-01 1.875926274502102333e-05
3.000000000000000444e-01 3.213794084227974951e-05
3.500000000000000333e-01 5.051688323053803224e-05
4.000000000000000222e-01 7.452638175786163493e-05
4.500000000000000111e-01 1.047091620090241328e-04
5.000000000000000000e-01 1.415120984306013395e-04
5.500000000000000444e-01 1.852794572578847130e-04
6.000000000000000888e-01 2.362477628095431277e-04
6.500000000000000222e-01 2.945423536570456109e-04
7.000000000000000666e-01 3.601756652471106669e-04
7.500000000000000000e-01 4.330472453597232507e-04
8.000000000000000444e-01 5.129454789213021412e-04
8.500000000000000888e-01 5.995509697455934147e-04
9.000000000000000222e-01 6.924414992976997765e-04
9.500000000000000666e-01 7.910984570819346463e-04
1.000000000000000000e+00 8.949146142027190843e-04
1.050000000000000044e+00 1.003203091439119335e-03
1.100000000000000089e+00 1.115207356138873821e-03
1.150000000000000133e+00 1.230112068633413191e-03
1.200000000000000178e+00 1.347054588879712227e-03
1.250000000000000000e+00 1.465136947745992926e-03
1.300000000000000044e+00 1.583438084794219769e-03
1.350000000000000089e+00 1.701026155512945634e-03
1.400000000000000133e+00 1.816970715584740334e-03
1.450000000000000178e+00 1.930354597729433018e-03
1.500000000000000000e+00 2.040285307682058839e-03
1.550000000000000044e+00 2.145905779622483793e-03
1.600000000000000089e+00 2.246404347507026649e-03
1.650000000000000133e+00 2.341023806860674430e-03
1.700000000000000178e+00 2.429069461245664772e-03
1.750000000000000000e+00 2.509916068388136790e-03
1.800000000000000044e+00 2.583013622374163380e-03
1.850000000000000089e+00 2.647891929980485289e-03
1.900000000000000133e+00 2.704163960659277700e-03
1.950000000000000178e+00 2.751527970549403571e-03
2.000000000000000000e+00 2.789768420769226948e-03
2.050000000000000266e+00 2.818755728826503968e-03
2.100000000000000089e+00 2.838444908970328990e-03
2.149999999999999911e+00 2.848873172467381986e-03
2.200000000000000178e+00 2.850156571918488653e-03
2.250000000000000000e+00 2.842485784701786686e-03
2.300000000000000266e+00 2.826121139347719576e-03
2.350000000000000089e+00 2.801386995080975845e-03
2.400000000000000355e+00 2.768665588916571774e-03
2.450000000000000178e+00 2.728390466628005575e-03
2.500000000000000000e+00 2.681039613712723514e-03
2.550000000000000266e+00 2.627128400298667753e-03
2.600000000000000089e+00 2.567202449931641189e-03
2.650000000000000355e+00 2.501830536548570356e-03
2.700000000000000178e+00 2.431597606888649329e-03
2.750000000000000000e+00 2.357098017348733306e-03
2.800000000000000266e+00 2.278929065086016288e-03
2.850000000000000089e+00 2.197684883246612229e-03
2.900000000000000355e+00 2.113950759788213105e-03
2.950000000000000178e+00 2.028297928695125662e-03
3.000000000000000000e+00 1.941278871670354660e-03
3.050000000000000266e+00 1.853423157831994962e-03
3.100000000000000089e+00 1.765233838721219596e-03
3.150000000000000355e+00 1.677184406207462381e-03
3.200000000000000178e+00 1.589716311790811618e-03
3.250000000000000000e+00 1.503237037466320777e-03
3.300000000000000266e+00 1.418118700820027557e-03
3.350000000000000089e+00 1.334697170437830222e-03
3.400000000000000355e+00 1.253271662068664027e-03
3.450000000000000178e+00 1.174104781312810273e-03
3.500000000000000000e+00 1.097422974904335886e-03
3.550000000000000266e+00 1.023417349904170298e-03
3.600000000000000089e+00 9.522448182811089814e-04
3.650000000000000355e+00 8.840295233815926657e-04
3.700000000000000178e+00 8.188645046126789926e-04
3.750000000000000000e+00 7.568135572141511825e-04
3.800000000000000266e+00 6.979132451956423112e-04
3.850000000000000089e+00 6.421750272789073606e-04
3.900000000000000355e+00 5.895874579269666689e-04
3.950000000000000178e+00 5.401184281736623460e-04
4.000000000000000000e+00 4.937174139029700199e-04
4.049999999999999822e+00 4.503177023843650713e-04
4.100000000000000533e+00 4.098385711699352842e-04
4.150000000000000355e+00 3.721873968277053589e-04
4.200000000000000178e+00 3.372616743572464716e-04
4.250000000000000000e+00 3.049509314485895494e-04
4.299999999999999822e+00 2.751385249518592383e-04
4.350000000000000533e+00 2.477033099789517374e-04
4.400000000000000355e+00 2.225211749236271708e-04
4.450000000000000178e+00 1.994664383342038448e-04
4.500000000000000000e+00 1.784131059824161356e-04
4.549999999999999822e+00 1.592359886287765026e-04
4.600000000000000533e+00 1.418116828813084272e-04
4.650000000000000355e+00 1.260194191788004494e-04
4.700000000000000178e+00 1.117417823051424322e-04
4.750000000000000000e+00 9.886531096551700443e-05
4.800000000000000711e+00 8.728098383978553703e-05
4.850000000000000533e+00 7.688460018789113103e-05
4.900000000000000355e+00 6.757706353344987047e-05
4.950000000000000178e+00 5.926457721363327517e-05
5.000000000000000000e+00 5.185876067577810091e-05
5.050000000000000711e+00 4.527669534431452849e-05
5.100000000000000533e+00 3.944090869612044704e-05
5.150000000000000355e+00 3.427930488847477945e-05
5.200000000000000178e+00 2.972504990089587220e-05
5.250000000000000000e+00 2.571641869886486789e-05
5.300000000000000711e+00 2.219661142100393366e-05
5.350000000000000533e+00 1.911354504764692700e-05
5.400000000000000355e+00 1.641962644223016795e-05
5.450000000000000178e+00 1.407151208035667590e-05
5.500000000000000000e+00 1.202985920585819763e-05
5.550000000000000711e+00 1.025907258825760542e-05
5.600000000000000533e+00 8.727050509637135421e-06
5.650000000000000355e+00 7.404933087543404130e-06
5.700000000000000178e+00 6.266855549211939173e-06
5.750000000000000000e+00 5.289708614844231444e-06
5.800000000000000711e+00 4.452907726477620317e-06
5.850000000000000533e+00 3.738172475645374996e-06
5.900000000000000355e+00 3.129317238165162854e-06
5.950000000000000178e+00 2.612053717763841690e-06
6.000000000000000000e+00 2.173805831026977919e-06
6.050000000000000711e+00 1.803537132909297903e-06
6.100000000000000533e+00 1.491590782935845896e-06
6.150000000000000355e+00 1.229541885092315202e-06
6.200000000000000178e+00 1.010061896843080191e-06
6.250000000000000000e+00 8.267946921998805922e-07
6.300000000000000711e+00 6.742437776539438698e-07
6.350000000000000533e+00 5.476700954873794826e-07
6.400000000000000355e+00 4.429998038739866570e-07
6.450000000000000178e+00 3.567413948108797062e-07
6.500000000000000000e+00 2.859114968894328467e-07
6.550000000000000711e+00 2.279687079963064278e-07
6.600000000000000533e+00 1.807548111830899656e-07
6.650000000000000355e+00 1.424427432540341222e-07
6.700000000000000178e+00 1.114907084011781519e-07
6.750000000000000000e+00 8.660185695333689629e-08
6.800000000000000711e+00 6.668898064259515568e-08
6.850000000000000533e+00 5.084370959090120048e-08
6.900000000000000355e+00 3.830973145941175186e-08
6.950000000000000178e+00 2.845958906326243187e-08
7.000000000000000000e+00 2.077464851225135670e-08
7.050000000000000711e+00 1.482786505840206523e-08
7.100000000000000533e+00 1.026900782243765463e-08
7.150000000000000355e+00 6.812037124162475385e-09
7.200000000000000178e+00 4.224358981370133783e-09
7.250000000000000000e+00 2.317710290171134675e-09
7.300000000000000711e+00 9.404551642251548427e-10
7.350000000000000533e+00 -2.890218022133784774e-11
7.400000000000000355e+00 -6.871597410390149633e-10
7.450000000000000178e+00 -1.110966157005956904e-09
7.500000000000000000e+00 -1.360607267076436373e-09
7.550000000000000711e+00 -1.483145810460766216e-09
7.600000000000000533e+00 -1.515014040018220027e-09
7.650000000000000355e+00 -1.484145438962050296e-09
7.700000000000000178e+00 -1.411719695117886004e-09
7.750000000000000000e+00 -1.313584467115326919e-09
7.800000000000000711e+00 -1.201408154908214014e-09
7.850000000000000533e+00 -1.083609743904963359e-09
7.900000000000000355e+00 -9.661047074401956014e-10
7.950000000000000178e+00 -8.528998227474489159e-10
8.000000000000000000e+00 -7.465644683246873371e-10
8.050000000000000711e+00 -6.486014390224312496e-10
8.099999999999999645e+00 -5.597364397413222539e-10
8.150000000000000355e+00 -4.801421285759557756e-10
8.200000000000001066e+00 -4.096097884208894531e-10
8.250000000000000000e+00 -3.476793578559301977e-10
8.300000000000000711e+00 -2.937365802906609033e-10
8.349999999999999645e+00 -2.470843837183822622e-10
8.400000000000000355e+00 -2.069942333154673583e-10
8.450000000000001066e+00 -1.727420681239049552e-10
8.500000000000000000e+00 -1.436324994330765885e-10
8.550000000000000711e+00 -1.190141871721436829e-10
8.599999999999999645e+00 -9.828868434049577440e-11
8.650000000000000355e+00 -8.091454057506012871e-11
8.700000000000001066e+00 -6.640804667422759188e-11
8.750000000000000000e+00 -5.434167620906431116e-11
8.800000000000000711e+00 -4.434102688336529485e-11
8.849999999999999645e+00 -3.608085457483004619e-11
8.900000000000000355e+00 -2.928063550085046097e-11
8.950000000000001066e+00 -2.369997291021359009e-11
9.000000000000000000e+00 -1.913405783853046966e-11
9.050000000000000711e+00 -1.540933617283342057e-11
9.099999999999999645e+00 -1.237946625868381539e-11
9.150000000000000355e+00 -9.921620836454363294e-12
9.200000000000001066e+00 -7.933154003558198451e-12
9.250000000000000000e+00 -6.328633704187953625e-12
9.300000000000000711e+00 -5.037229429978012918e-12
9.349999999999999645e+00 -4.000431547745350650e-12
9.400000000000000355e+00 -3.170076655124396257e-12
9.450000000000001066e+00 -2.506651697073812029e-12
9.500000000000000000e+00 -1.977844174477615217e-12
9.550000000000000711e+00 -1.557312154883635345e-12
9.600000000000001421e+00 -1.223645820667102496e-12
9.650000000000000355e+00 -9.594945524014824121e-13
9.700000000000001066e+00 -7.508368703931037831e-13
9.750000000000000000e+00 -5.863729594147826684e-13
9.800000000000000711e+00 -4.570209151685877781e-13
9.850000000000001421e+00 -3.555003787721235941e-13
9.900000000000000355e+00 -2.759899233167613923e-13
9.950000000000001066e+00 -2.138468741044018532e-13
1.000000000000000000e+01 -1.653770485895896418e-13
1.005000000000000071e+01 -1.276489139815686221e-13
1.010000000000000142e+01 -9.834106489963527617e-14
1.015000000000000036e+01 -7.561931119677766876e-14
1.020000000000000107e+01 -5.803879835618652631e-14
1.025000000000000000e+01 -4.446254367014126153e-14
1.030000000000000071e+01 -3.399920405785229937e-14
1.035000000000000142e+01 -2.595027549603070448e-14
1.040000000000000036e+01 -1.977066151507943731e-14
1.045000000000000107e+01 -1.503534899342784463e-14
1.050000000000000000e+01 -1.141344681146309548e-14
1.055000000000000071e+01 -8.648479051018585723e-15
1.060000000000000142e+01 -6.541594363193812896e-15
1.065000000000000036e+01 -4.939063599566701164e-15
1.070000000000000107e+01 -3.722575791478415074e-15
1.075000000000000000e+01 -2.800687341142064149e-15
1.080000000000000071e+01 -2.103453834994915784e-15
1.085000000000000142e+01 -1.577028138861531965e-15
1.090000000000000036e+01 -1.180247037702634247e-15
1.095000000000000107e+01 -8.818187796661222364e-16
1.100000000000000000e+01 -6.577025799087779462e-16
1.105000000000000071e+01 -4.895832558409043916e-16
1.110000000000000142e+01 -3.638568208424233681e-16
1.115000000000000036e+01 -2.700629253142871251e-16
1.120000000000000107e+01 -2.000317301573067801e-16
1.125000000000000000e+01 -1.478866540927772792e-16
1.130000000000000071e+01 -1.091029667771182953e-16
1.135000000000000142e+01 -8.039433843468607754e-17
1.140000000000000036e+01 -5.917410300511617605e-17
1.145000000000000107e+01 -4.345731792363443210e-17
1.150000000000000000e+01 -3.189322831548131571e-17
1.155000000000000071e+01 -2.333268168304742741e-17
1.160000000000000142e+01 -1.708578850547864115e-17
1.165000000000000036e+01 -1.244479852555887318e-17
1.170000000000000107e+01 -9.020691109715484832e-18
1.175000000000000000e+01 -6.610327807442960738e-18
1.180000000000000071e+01 -4.787102247659700634e-18
1.185000000000000142e+01 -3.517309057113279161e-18
1.190000000000000036e+01 -2.527919790818051616e-18
1.195000000000000107e+01 -1.788067153609911393e-18
