0.000000000000000000e+00 2.375606912365509429e-02
5.000000000000000278e-02 2.679238667677302788e-02
1.000000000000000056e-01 2.630038515700441892e-02
1.500000000000000222e-01 2.544902037831579811e-02
2.000000000000000111e-01 2.429253802307376753e-02
2.500000000000000000e-01 2.284039279480676657e-02
3.000000000000000444e-01 2.111913199728573595e-02
3.500000000000000333e-01 1.916283488864633719e-02
4.000000000000000222e-01 1.700196028068152662e-02
4.500000000000000111e-01 1.467827464460704813e-02
5.000000000000000000e-01 1.222461925986841405e-02
5.500000000000000444e-01 9.686170415012898202e-03
6.000000000000000888e-01 7.099383037780233711e-03
6.500000000000000222e-01 4.504462525850562622e-03
7.000000000000000666e-01 1.938043304937048239e-03
7.500000000000000000e-01 -5.649518765062640051e-04
8.000000000000000444e-01 -2.972837542136079394e-03
8.500000000000000888e-01 -5.256856098292838134e-03
9.000000000000000222e-01 -7.393307317002142422e-03
9.500000000000000666e-01 -9.359431968405006880e-03
1.000000000000000000e+00 -1.114179063138086116e-02
1.050000000000000044e+00 -1.272566290014312713e-02
1.100000000000000089e+00 -1.409811052483477857e-02
1.150000000000000133e+00 -1.526636296401858578e-02
1.200000000000000178e+00 -1.621478899735635804e-02
1.250000000000000000e+00 -1.694387714061089401e-02
1.300000000000000044e+00 -1.747126350294393032e-02
1.350000000000000089e+00 -1.778705301571558914e-02
1.400000000000000133e+00 -1.790546087478137385e-02
1.450000000000000178e+00 -1.783413984725414764e-02
1.500000000000000000e+00 -1.757929873860389000e-02
1.550000000000000044e+00 -1.715387057171094409e-02
1.600000000000000089e+00 -1.656681329246747006e-02
1.650000000000000133e+00 -1.582871610589276640e-02
1.700000000000000178e+00 -1.495153420499463134e-02
1.750000000000000000e+00 -1.394545715021775628e-02
1.800000000000000044e+00 -1.282313595256388827e-02
1.850000000000000089e+00 -1.159406919044583123e-02
1.900000000000000133e+00 -1.027876703976539526e-02
1.950000000000000178e+00 -8.870169226422730188e-03
2.000000000000000000e+00 -7.407566514465909087e-03
2.050000000000000266e+00 -5.886663653061736945e-03
2.100000000000000089e+00 -4.327906163167503234e-03
2.149999999999999911e+00 -2.748824188006368692e-03
2.200000000000000178e+00 -1.156043574598651690e-03
2.250000000000000000e+00 4.193538533203382940e-04
2.300000000000000266e+00 1.973266924685452769e-03
2.350000000000000089e+00 3.484019379474839230e-03
2.400000000000000355e+00 4.939067827848103547e-03
2.450000000000000178e+00 6.304617978998962834e-03
2.500000000000000000e+00 7.592985436907389619e-03
2.550000000000000266e+00 8.767389680852064396e-03
2.600000000000000089e+00 9.823703010879838299e-03
2.650000000000000355e+00 1.074772422405189352e-02
2.700000000000000178e+00 1.153041646594095415e-02
2.750000000000000000e+00 1.216351516582382664e-02
2.800000000000000266e+00 1.264225809142581307e-02
2.850000000000000089e+00 1.296406925410027895e-02
2.900000000000000355e+00 1.312920077067429234e-02
2.950000000000000178e+00 1.313932268797674344e-02
3.000000000000000000e+00 1.300020558207903160e-02
3.050000000000000266e+00 1.271925485293757575e-02
3.100000000000000089e+00 1.230626389955174343e-02
3.150000000000000355e+00 1.177384940242781966e-02
3.200000000000000178e+00 1.113362037990284735e-02
3.250000000000000000e+00 1.040593882060529898e-02
3.300000000000000266e+00 9.591136775611236800e-03
3.350000000000000089e+00 8.732139412276108958e-03
3.400000000000000355e+00 7.818431762286404824e-03
3.450000000000000178e+00 6.882009032438882873e-03
3.500000000000000000e+00 5.938667429824801523e-03
3.550000000000000266e+00 4.991255108974819617e-03
3.600000000000000089e+00 4.068609704452042647e-03
3.650000000000000355e+00 3.173269634418899622e-03
3.700000000000000178e+00 2.321634905167339457e-03
3.750000000000000000e+00 1.516722633335863000e-03
3.800000000000000266e+00 7.732599489334323652e-04
3.850000000000000089e+00 9.201307307398525945e-05
3.900000000000000355e+00 -5.213685751975640848e-04
3.950000000000000178e+00 -1.065383873642784893e-03
4.000000000000000000e+00 -1.537186035231730358e-03
4.049999999999999822e+00 -1.941616675396055230e-03
4.100000000000000533e+00 -2.277434051184825965e-03
4.150000000000000355e+00 -2.546077275454618205e-03
4.200000000000000178e+00 -2.756091988126907564e-03
4.250000000000000000e+00 -2.908119905155299913e-03
4.299999999999999822e+00 -3.008765633356196966e-03
4.350000000000000533e+00 -3.063072158542214096e-03
4.400000000000000355e+00 -3.076218152794076791e-03
4.450000000000000178e+00 -3.052983140289348713e-03
4.500000000000000000e+00 -3.002955580296943171e-03
4.549999999999999822e+00 -2.919934828862029690e-03
4.600000000000000533e+00 -2.823429604235683319e-03
4.650000000000000355e+00 -2.708180876864065001e-03
4.700000000000000178e+00 -2.580274772958216552e-03
4.750000000000000000e+00 -2.444049777527801913e-03
4.800000000000000711e+00 -2.302097940976565241e-03
4.850000000000000533e+00 -2.156959428810181333e-03
4.900000000000000355e+00 -2.012707626233946074e-03
4.950000000000000178e+00 -1.866881053771754116e-03
5.000000000000000000e+00 -1.726996307534663707e-03
5.050000000000000711e+00 -1.590006823021148557e-03
5.100000000000000533e+00 -1.458689295385591196e-03
5.150000000000000355e+00 -1.333505014629201083e-03
5.200000000000000178e+00 -1.214927656815647204e-03
5.250000000000000000e+00 -1.103591020110434055e-03
5.300000000000000711e+00 -9.993926170722092911e-04
5.350000000000000533e+00 -9.026793723435598289e-04
5.400000000000000355e+00 -8.133723979307658442e-04
5.450000000000000178e+00 -7.312362636125112857e-04
5.500000000000000000e+00 -6.561302856282157352e-04
5.550000000000000711e+00 -5.877855891741777181e-04
5.600000000000000533e+00 -5.258103653647568229e-04
5.650000000000000355e+00 -4.698639702922663983e-04
5.700000000000000178e+00 -4.192986613441112794e-04
5.750000000000000000e+00 -3.744069158614103448e-04
5.800000000000000711e+00 -3.342170510061328453e-04
5.850000000000000533e+00 -2.969550554627458923e-04
5.900000000000000355e+00 -2.656938749184592475e-04
5.950000000000000178e+00 -2.360372999513788697e-04
6.000000000000000000e+00 -2.105671893410796447e-04
6.050000000000000711e+00 -1.872413508547295926e-04
6.100000000000000533e+00 -1.671005324907175313e-04
6.150000000000000355e+00 -1.465120911960499073e-04
6.200000000000000178e+00 -1.452117807268350584e-04
6.250000000000000000e+00 -1.268027880505047584e-04
6.300000000000000711e+00 -1.107241985543777250e-04
6.350000000000000533e+00 -9.668246575461813478e-05
6.400000000000000355e+00 -8.442131941176035724e-05
6.450000000000000178e+00 -7.371280880624454183e-05
6.500000000000000000e+00 -6.436156386364279172e-05
6.550000000000000711e+00 -5.619655515666724122e-05
6.600000000000000533e+00 -4.906586779925454649e-05
6.650000000000000355e+00 -4.283961651853474521e-05
6.700000000000000178e+00 -3.740296130413943882e-05
6.750000000000000000e+00 -3.265555444704413548e-05
6.800000000000000711e+00 -2.851046745373642105e-05
