0.000000000000000000e+00 3.000047746337806270e-02
5.000000000000000278e-02 3.293228990401294437e-02
1.000000000000000056e-01 3.245693414104187241e-02
1.500000000000000222e-01 3.163057451646676677e-02
2.000000000000000111e-01 3.050263606206499167e-02
2.500000000000000000e-01 2.907419565309488432e-02
3.000000000000000444e-01 2.736761301873667437e-02
3.500000000000000333e-01 2.540401891431301462e-02
4.000000000000000222e-01 2.320929361736275703e-02
4.500000000000000111e-01 2.081133835096652535e-02
5.000000000000000000e-01 1.824081878020374428e-02
5.500000000000000444e-01 1.553088013248738429e-02
6.000000000000000888e-01 1.271618780627361764e-02
6.500000000000000222e-01 9.831944812482859217e-03
7.000000000000000666e-01 6.915176410518472823e-03
7.500000000000000000e-01 4.000588616113998595e-03
8.000000000000000444e-01 1.125286061118554743e-03
8.500000000000000888e-01 -1.676104124669810158e-03
9.000000000000000222e-01 -4.370173268482067941e-03
9.500000000000000666e-01 -6.925711070424458125e-03
1.000000000000000000e+00 -9.313202141555607105e-03
1.050000000000000044e+00 -1.150558106689461221e-02
1.100000000000000089e+00 -1.348014186547722218e-02
1.150000000000000133e+00 -1.521576843356211607e-02
1.200000000000000178e+00 -1.669623462947571538e-02
1.250000000000000000e+00 -1.790936715805201834e-02
1.300000000000000044e+00 -1.884636485538821599e-02
1.350000000000000089e+00 -1.950202762055292666e-02
1.400000000000000133e+00 -1.987579355694245320e-02
1.450000000000000178e+00 -1.997103754778940116e-02
1.500000000000000000e+00 -1.979486379502207183e-02
1.550000000000000044e+00 -1.935773244933191098e-02
1.600000000000000089e+00 -1.867457187829492729e-02
1.650000000000000133e+00 -1.776150864579681063e-02
1.700000000000000178e+00 -1.663968325284975736e-02
1.750000000000000000e+00 -1.533096133984679019e-02
1.800000000000000044e+00 -1.386007312106739622e-02
1.850000000000000089e+00 -1.225294136760713727e-02
1.900000000000000133e+00 -1.053728177278546660e-02
1.950000000000000178e+00 -8.739960396031200632e-03
2.000000000000000000e+00 -6.889824433776539983e-03
2.050000000000000266e+00 -5.014790300812130286e-03
2.100000000000000089e+00 -3.141404864559185946e-03
2.149999999999999911e+00 -1.295716039510425889e-03
2.200000000000000178e+00 4.973557937738194582e-04
2.250000000000000000e+00 2.215354990726946336e-03
2.300000000000000266e+00 3.837952916257662134e-03
2.350000000000000089e+00 5.346198862862849670e-03
2.400000000000000355e+00 6.724854802992552387e-03
2.450000000000000178e+00 7.961118237837726611e-03
2.500000000000000000e+00 9.044534174940112650e-03
2.550000000000000266e+00 9.968216722315568698e-03
2.600000000000000089e+00 1.072697844058363194e-02
2.650000000000000355e+00 1.131997796817230291e-02
2.700000000000000178e+00 1.174792328211640875e-02
2.750000000000000000e+00 1.201415219675402123e-02
2.800000000000000266e+00 1.212456947638589425e-02
2.850000000000000089e+00 1.208716668432966400e-02
2.900000000000000355e+00 1.191165932233264821e-02
2.950000000000000178e+00 1.160916117153010241e-02
3.000000000000000000e+00 1.119227744747679047e-02
3.050000000000000266e+00 1.067453533313907424e-02
3.100000000000000089e+00 1.006983598886807864e-02
3.150000000000000355e+00 9.393186758253402324e-03
3.200000000000000178e+00 8.659255144731217713e-03
3.250000000000000000e+00 7.881887520271092448e-03
3.300000000000000266e+00 7.075613754093905937e-03
3.350000000000000089e+00 6.253967125701015602e-03
3.400000000000000355e+00 5.429233673796276041e-03
3.450000000000000178e+00 4.613289581532050397e-03
3.500000000000000000e+00 3.816401866235827074e-03
3.550000000000000266e+00 3.048152884465173997e-03
3.600000000000000089e+00 2.316120307775714707e-03
3.650000000000000355e+00 1.627656923104317272e-03
3.700000000000000178e+00 9.874810881321536074e-04
3.750000000000000000e+00 4.000327423700343501e-04
3.800000000000000266e+00 -1.320672364622936014e-04
3.850000000000000089e+00 -6.070287180096833012e-04
3.900000000000000355e+00 -1.024406064291353332e-03
3.950000000000000178e+00 -1.384768432574189989e-03
4.000000000000000000e+00 -1.689230542164382948e-03
4.049999999999999822e+00 -1.940190423037542770e-03
4.100000000000000533e+00 -2.140269990215101087e-03
4.150000000000000355e+00 -2.292655164466140573e-03
4.200000000000000178e+00 -2.401387486908710886e-03
4.250000000000000000e+00 -2.470023685631420572e-03
4.299999999999999822e+00 -2.502872295807536621e-03
4.350000000000000533e+00 -2.504320993642101742e-03
4.400000000000000355e+00 -2.478204593721018874e-03
4.450000000000000178e+00 -2.428854863029967625e-03
4.500000000000000000e+00 -2.360062052570443235e-03
4.549999999999999822e+00 -2.275490634047825332e-03
4.600000000000000533e+00 -2.178647060432753989e-03
4.650000000000000355e+00 -2.072592412040859169e-03
4.700000000000000178e+00 -1.960069313724418453e-03
4.750000000000000000e+00 -1.843678713304502991e-03
4.800000000000000711e+00 -1.725463418107408935e-03
4.850000000000000533e+00 -1.607317706757762591e-03
4.900000000000000355e+00 -1.490747412995409088e-03
4.950000000000000178e+00 -1.377023385868587305e-03
5.000000000000000000e+00 -1.267107477299449052e-03
5.050000000000000711e+00 -1.161766822160103076e-03
5.100000000000000533e+00 -1.061547474207924805e-03
5.150000000000000355e+00 -9.668654683920581243e-04
5.200000000000000178e+00 -8.778134628144461295e-04
5.250000000000000000e+00 -7.946373864991921904e-04
5.300000000000000711e+00 -7.172761533165723097e-04
5.350000000000000533e+00 -6.455078617805856114e-04
5.400000000000000355e+00 -5.794073989259397985e-04
5.450000000000000178e+00 -5.186074044632400576e-04
5.500000000000000000e+00 -4.629329954358080471e-04
5.550000000000000711e+00 -4.121563418700798279e-04
5.600000000000000533e+00 -3.658988069275618507e-04
5.650000000000000355e+00 -3.241460590544940792e-04
5.700000000000000178e+00 -2.862977765621230099e-04
5.750000000000000000e+00 -2.523272654030638364e-04
5.800000000000000711e+00 -2.218738184727570798e-04
5.850000000000000533e+00 -1.947098535151303397e-04
5.900000000000000355e+00 -1.705627698099125361e-04
5.950000000000000178e+00 -1.492086083703069973e-04
6.000000000000000000e+00 -1.303964367030118767e-04
6.050000000000000711e+00 -1.138987419829295375e-04
6.100000000000000533e+00 -9.949361562259190315e-05
6.150000000000000355e+00 -8.695978057034664576e-05
6.200000000000000178e+00 -7.610164907049266091e-05
6.250000000000000000e+00 -6.668402761319410757e-05
6.300000000000000711e+00 -5.860924315790657101e-05
6.350000000000000533e+00 -5.158084629059335338e-05
6.400000000000000355e+00 -4.552888646168822901e-05
6.450000000000000178e+00 -4.026293504147027174e-05
6.500000000000000000e+00 -3.567049682694472656e-05
6.550000000000000711e+00 -3.161920840631862056e-05
6.600000000000000533e+00 -2.801893481974207427e-05
6.650000000000000355e+00 -2.478350501173347086e-05
6.700000000000000178e+00 -2.183753934836255269e-05
6.750000000000000000e+00 -1.915213714370587547e-05
6.800000000000000711e+00 -1.664301021875139885e-05
6.850000000000000533e+00 -1.433737080971682327e-05
6.900000000000000355e+00 -1.218196467323271094e-05
6.950000000000000178e+00 -1.018535285656820835e-05
7.000000000000000000e+00 -8.345684803605861091e-06
7.050000000000000711e+00 -6.660599332609960209e-06
7.100000000000000533e+00 -5.168294864237453968e-06
7.150000000000000355e+00 -3.808518939887844506e-06
7.200000000000000178e+00 -2.637295699141196051e-06
7.250000000000000000e+00 -1.738275200610702685e-06
7.300000000000000711e+00 -9.159339943352563347e-07
7.350000000000000533e+00 -3.619603598083730651e-07
7.400000000000000355e+00 7.700706996417595755e-08
7.450000000000000178e+00 3.106850876230911510e-07
7.500000000000000000e+00 3.622001080038507396e-07
7.550000000000000711e+00 3.951260330834176852e-07
7.600000000000000533e+00 2.126771888903576365e-07
7.650000000000000355e+00 2.800140919518443338e-09
7.700000000000000178e+00 -2.710787812246868593e-07
7.750000000000000000e+00 -5.664240921825970429e-07
7.800000000000000711e+00 -8.632776207973380345e-07
7.850000000000000533e+00 -1.132944395751542675e-06
7.900000000000000355e+00 -1.373422319597611199e-06
7.950000000000000178e+00 -1.529649889922506081e-06
8.000000000000000000e+00 -1.640013165323550465e-06
8.050000000000000711e+00 -1.660820069206054003e-06
8.099999999999999645e+00 -1.615069655263022935e-06
8.150000000000000355e+00 -1.486470313700159200e-06
8.200000000000001066e+00 -1.295932287114576951e-06
8.250000000000000000e+00 -1.048867165850570403e-06
8.300000000000000711e+00 -7.607624119055397382e-07
8.349999999999999645e+00 -4.464866210407306328e-07
8.400000000000000355e+00 -1.246979147961194925e-07
8.450000000000001066e+00 2.019450876540732541e-07
8.500000000000000000e+00 4.710846264733826326e-07
8.550000000000000711e+00 7.396216354395962327e-07
8.599999999999999645e+00 9.399309135545962017e-07
8.650000000000000355e+00 1.087006001854845334e-06
8.700000000000001066e+00 1.169019862756904192e-06
8.750000000000000000e+00 1.185784910296556867e-06
8.800000000000000711e+00 1.138192407142107617e-06
8.849999999999999645e+00 1.031889316444241058e-06
8.900000000000000355e+00 8.719871584907013028e-07
8.950000000000001066e+00 6.737235394957041685e-07
9.000000000000000000e+00 4.517426707160735982e-07
9.050000000000000711e+00 1.705172732289027943e-07
9.099999999999999645e+00 -2.315629424229553822e-08
9.150000000000000355e+00 -2.900481985674028682e-07
9.200000000000001066e+00 -5.000409772700025185e-07
9.250000000000000000e+00 -6.870401395911284826e-07
9.300000000000000711e+00 -8.197453869471593983e-07
9.349999999999999645e+00 -9.251146588783988546e-07
9.400000000000000355e+00 -9.290979836711842657e-07
9.450000000000001066e+00 -9.784123879349024123e-07
9.500000000000000000e+00 -8.783061680001424643e-07
9.550000000000000711e+00 -7.972403451595077304e-07
9.600000000000001421e+00 -6.319874699958783550e-07
9.650000000000000355e+00 -4.743184987688981606e-07
9.700000000000001066e+00 -2.774642205813723456e-07
9.750000000000000000e+00 -8.303798988830136385e-08
9.800000000000000711e+00 1.178121139423237131e-07
9.850000000000001421e+00 3.025357617745835557e-07
9.900000000000000355e+00 4.667996115047649222e-07
9.950000000000001066e+00 6.013796582774770674e-07
1.000000000000000000e+01 7.003795086624710235e-07
1.005000000000000071e+01 7.600401091936002261e-07
1.010000000000000142e+01 7.768608933591320629e-07
1.015000000000000036e+01 7.572024872951895522e-07
1.020000000000000107e+01 6.885391535380159470e-07
1.025000000000000000e+01 5.993387579060186371e-07
1.030000000000000071e+01 4.659924850111609499e-07
1.035000000000000142e+01 3.256460119580611690e-07
1.040000000000000036e+01 1.653420978333951149e-07
1.045000000000000107e+01 3.485572934639515035e-09
1.050000000000000000e+01 -1.568880090697193625e-07
1.055000000000000071e+01 -3.005242961963122866e-07
1.060000000000000142e+01 -4.202332747836893515e-07
1.065000000000000036e+01 -5.328906972570253085e-07
1.070000000000000107e+01 -5.951514536342134928e-07
1.075000000000000000e+01 -6.319396221928293646e-07
1.080000000000000071e+01 -6.409694995069514265e-07
1.085000000000000142e+01 -5.839117250417533272e-07
1.090000000000000036e+01 -5.505286417283935825e-07
1.095000000000000107e+01 -5.167486083231771604e-07
1.100000000000000000e+01 6.780306699995738224e-07
1.105000000000000071e+01 4.948031467320548824e-07
1.110000000000000142e+01 3.610889294443143011e-07
1.115000000000000036e+01 2.635094772287230003e-07
1.120000000000000107e+01 1.922993286571571637e-07
1.125000000000000000e+01 1.403324086273397983e-07
1.130000000000000071e+01 1.024092907649508031e-07
1.135000000000000142e+01 7.473419382616017412e-08
1.140000000000000036e+01 5.453785770179094962e-08
1.145000000000000107e+01 3.979945173417057100e-08
1.150000000000000000e+01 2.904395361899028708e-08
1.155000000000000071e+01 2.119501941692041462e-08
1.160000000000000142e+01 1.546718911289977696e-08
1.165000000000000036e+01 1.128726061588537743e-08
1.170000000000000107e+01 8.236912795776564589e-09
1.175000000000000000e+01 6.010917818099489645e-09
1.180000000000000071e+01 4.386484056802665511e-09
1.185000000000000142e+01 3.201045811787902889e-09
1.190000000000000036e+01 2.335967965749164331e-09
1.195000000000000107e+01 1.704674018334361188e-09
1.200000000000000000e+01 1.243983969409265019e-09
1.205000000000000071e+01 9.077962857154223109e-10
1.210000000000000142e+01 6.624643918412791443e-10
