0.000000000000000000e+00 0.000000000000000000e+00
5.000000000000000278e-02 1.072315549228558394e-05
1.000000000000000056e-01 2.002116145613412406e-05
1.500000000000000222e-01 2.649102867607014235e-05
2.000000000000000111e-01 2.877376500730541162e-05
2.500000000000000000e-01 2.557556949529730302e-05
3.000000000000000444e-01 1.568807366534538219e-05
3.500000000000000333e-01 -1.992667005802669653e-06
4.000000000000000222e-01 -2.844871106539235397e-05
4.500000000000000111e-01 -6.452455682865846666e-05
5.000000000000000000e-01 -1.109134892099856995e-04
5.500000000000000444e-01 -1.681461525586586711e-04
6.000000000000000888e-01 -2.365815229549988617e-04
6.500000000000000222e-01 -3.164004192764047663e-04
7.000000000000000666e-01 -4.076016559226809731e-04
7.500000000000000000e-01 -5.100009018393892278e-04
8.000000000000000444e-01 -6.232322708703076685e-04
8.500000000000000888e-01 -7.467526283159754696e-04
9.000000000000000222e-01 -8.798485549807471455e-04
9.500000000000000666e-01 -1.021645880713209671e-03
1.000000000000000000e+00 -1.171121633133441952e-03
1.050000000000000044e+00 -1.327118248931331455e-03
1.100000000000000089e+00 -1.488359818343068736e-03
1.150000000000000133e+00 -1.653470126691322997e-03
1.200000000000000178e+00 -1.820992214558110221e-03
1.250000000000000000e+00 -1.989409154275092410e-03
1.300000000000000044e+00 -2.157165717628849958e-03
1.350000000000000089e+00 -2.322690592131903056e-03
1.400000000000000133e+00 -2.484418790274970854e-03
1.450000000000000178e+00 -2.640813895797081146e-03
1.500000000000000000e+00 -2.790389771900679116e-03
1.550000000000000044e+00 -2.931731396179016597e-03
1.600000000000000089e+00 -3.063514464425107133e-03
1.650000000000000133e+00 -3.184523446309816663e-03
1.700000000000000178e+00 -3.293667800260526371e-03
1.750000000000000000e+00 -3.389996069624739289e-03
1.800000000000000044e+00 -3.472707649171445123e-03
1.850000000000000089e+00 -3.541162025590745711e-03
1.900000000000000133e+00 -3.594885358569437517e-03
1.950000000000000178e+00 -3.633574315205108200e-03
2.000000000000000000e+00 -3.657097117495587690e-03
2.050000000000000266e+00 -3.665491836274531717e-03
2.100000000000000089e+00 -3.658961984808336079e-03
2.149999999999999911e+00 -3.637869552778656788e-03
2.200000000000000178e+00 -3.602725649847799035e-03
2.250000000000000000e+00 -3.554178981465567957e-03
2.300000000000000266e+00 -3.493002420422800132e-03
2.350000000000000089e+00 -3.420077967379515135e-03
2.400000000000000355e+00 -3.336380437230342111e-03
2.450000000000000178e+00 -3.242960203155816849e-03
2.500000000000000000e+00 -3.140925365791017842e-03
2.550000000000000266e+00 -3.031423710123310519e-03
2.600000000000000089e+00 -2.915624793668040917e-03
2.650000000000000355e+00 -2.794702525904942027e-03
2.700000000000000178e+00 -2.669818545840539452e-03
2.750000000000000000e+00 -2.542106694262994890e-03
2.800000000000000266e+00 -2.412658835239584344e-03
2.850000000000000089e+00 -2.282512241288167393e-03
2.900000000000000355e+00 -2.152638711523553305e-03
2.950000000000000178e+00 -2.023935544210833225e-03
3.000000000000000000e+00 -1.897218435981851961e-03
3.050000000000000266e+00 -1.773216330936023145e-03
3.100000000000000089e+00 -1.652568195367972977e-03
3.150000000000000355e+00 -1.535821649275477064e-03
3.200000000000000178e+00 -1.423433345308646033e-03
3.250000000000000000e+00 -1.315770950464769566e-03
3.300000000000000266e+00 -1.213116556452102472e-03
3.350000000000000089e+00 -1.115671321853519901e-03
3.400000000000000355e+00 -1.023561133389299261e-03
3.450000000000000178e+00 -9.368430648306548710e-04
3.500000000000000000e+00 -8.555124103301831387e-04
3.550000000000000266e+00 -7.795100737581655594e-04
3.600000000000000089e+00 -7.087301064995141491e-04
3.650000000000000355e+00 -6.430272023286419131e-04
3.700000000000000178e+00 -5.822239785460703310e-04
3.750000000000000000e+00 -5.261178965327547100e-04
3.800000000000000266e+00 -4.744877011949319781e-04
3.850000000000000089e+00 -4.270992863539031120e-04
3.900000000000000355e+00 -3.837109209258485979e-04
3.950000000000000178e+00 -3.440777977453930519e-04
4.000000000000000000e+00 -3.079558922216228656e-04
4.049999999999999822e+00 -2.751051409151683579e-04
4.100000000000000533e+00 -2.452919699807307933e-04
4.150000000000000355e+00 -2.182912197898021227e-04
4.200000000000000178e+00 -1.938875246670200710e-04
4.250000000000000000e+00 -1.718762154483820953e-04
4.299999999999999822e+00 -1.520638175738064500e-04
4.350000000000000533e+00 -1.342682188842905442e-04
4.400000000000000355e+00 -1.183185795583939937e-04
4.450000000000000178e+00 -1.040550521512871330e-04
4.500000000000000000e+00 -9.132837302461102754e-05
4.549999999999999822e+00 -7.999937815442945957e-05
4.600000000000000533e+00 -6.993848697003575453e-05
4.650000000000000355e+00 -6.102518808656289825e-05
4.700000000000000178e+00 -5.314755108737837907e-05
4.750000000000000000e+00 -4.620177936369395646e-05
4.800000000000000711e+00 -4.009181082406252701e-05
4.850000000000000533e+00 -3.472896634831245625e-05
4.900000000000000355e+00 -3.003164038242206880e-05
4.950000000000000178e+00 -2.592502415563191498e-05
5.000000000000000000e+00 -2.234084965481670108e-05
5.050000000000000711e+00 -1.921714163186312077e-05
5.100000000000000533e+00 -1.649796539017280941e-05
5.150000000000000355e+00 -1.413315967934185023e-05
5.200000000000000178e+00 -1.207804646327221173e-05
5.250000000000000000e+00 -1.029311233356304771e-05
5.300000000000000711e+00 -8.743659628825808326e-06
5.350000000000000533e+00 -7.399428615363204317e-06
5.400000000000000355e+00 -6.234195136390221829e-06
5.450000000000000178e+00 -5.225350736259107377e-06
5.500000000000000000e+00 -4.353474252477914727e-06
5.550000000000000711e+00 -3.601905135815638385e-06
5.600000000000000533e+00 -2.956329258268450164e-06
5.650000000000000355e+00 -2.404387706219452991e-06
5.700000000000000178e+00 -1.935318088538149142e-06
5.750000000000000000e+00 -1.539636316711345328e-06
5.800000000000000711e+00 -1.208864770402995491e-06
5.850000000000000533e+00 -9.353104041632359663e-07
5.900000000000000355e+00 -7.118938479154909271e-07
5.950000000000000178e+00 -5.320280739769567151e-07
6.000000000000000000e+00 -3.895429045369040415e-07
6.050000000000000711e+00 -2.786496535335493711e-07
6.100000000000000533e+00 -1.939386456170786260e-07
6.150000000000000355e+00 -1.304013092616715459e-07
6.200000000000000178e+00 -8.346804166301310042e-08
6.250000000000000000e+00 -4.905309368510079733e-08
6.300000000000000711e+00 -2.359829255590847210e-08
6.350000000000000533e+00 -4.108445824912248262e-09
6.400000000000000355e+00 1.182733584219485541e-08
6.450000000000000178e+00 2.603250396382710027e-08
6.500000000000000000e+00 3.976043358095120766e-08
6.550000000000000711e+00 5.373276702132996777e-08
6.600000000000000533e+00 6.819749860747058105e-08
6.650000000000000355e+00 8.300402902123620717e-08
6.700000000000000178e+00 9.769117289689736623e-08
6.750000000000000000e+00 1.115832069204689371e-07
6.800000000000000711e+00 1.238885370730511850e-07
6.850000000000000533e+00 1.337954549580132625e-07
6.900000000000000355e+00 1.405597305415338481e-07
6.950000000000000178e+00 1.435794144250320383e-07
7.000000000000000000e+00 1.424531387601032094e-07
7.050000000000000711e+00 1.370193382319029297e-07
7.100000000000000533e+00 1.273750769272296281e-07
7.150000000000000355e+00 1.138744746066982573e-07
7.200000000000000178e+00 9.710798950080556808e-08
7.250000000000000000e+00 7.786495363004562302e-08
7.300000000000000711e+00 5.708270183145079978e-08
7.350000000000000533e+00 3.578633366254157177e-08
7.400000000000000355e+00 1.502356285136215125e-08
7.450000000000000178e+00 -4.200773687531822774e-09
7.500000000000000000e+00 -2.098615194592757949e-08
7.550000000000000711e+00 -3.458979466110262556e-08
7.600000000000000533e+00 -4.446883561605925489e-08
7.650000000000000355e+00 -5.030880693776514629e-08
7.700000000000000178e+00 -5.203701978138112499e-08
7.750000000000000000e+00 -4.982043799424648181e-08
7.800000000000000711e+00 -4.404865761572773716e-08
7.850000000000000533e+00 -3.530353886408838047e-08
7.900000000000000355e+00 -2.431783563896513716e-08
7.950000000000000178e+00 -1.192578542680424492e-08
8.000000000000000000e+00 9.909720307036863596e-10
8.050000000000000711e+00 1.355860299773425472e-08
8.099999999999999645e+00 2.496392615379769192e-08
8.150000000000000355e+00 3.450168261709510506e-08
8.200000000000001066e+00 4.161348196283327780e-08
8.250000000000000000e+00 4.591629906370157440e-08
8.300000000000000711e+00 4.721912908470406790e-08
8.349999999999999645e+00 4.552719999910440711e-08
8.400000000000000355e+00 4.103394129546762416e-08
8.450000000000001066e+00 3.410166353136654342e-08
8.500000000000000000e+00 2.523257028043507949e-08
8.550000000000000711e+00 1.503226345492725416e-08
8.599999999999999645e+00 4.168286260873039271e-09
8.650000000000000355e+00 -6.673542633233157045e-09
8.700000000000001066e+00 -1.683222083591224715e-08
8.750000000000000000e+00 -2.571144228328843844e-08
8.800000000000000711e+00 -3.281393168186964187e-08
8.849999999999999645e+00 -3.776833603590329705e-08
8.900000000000000355e+00 -4.034731279128521321e-08
8.950000000000001066e+00 -4.047605353344631365e-08
9.000000000000000000e+00 -3.823110418867925591e-08
9.050000000000000711e+00 -3.382994757420303159e-08
9.099999999999999645e+00 -2.761236496868873218e-08
9.150000000000000355e+00 -2.001505813161540339e-08
9.200000000000001066e+00 -1.154136662620466654e-08
9.250000000000000000e+00 -2.728140190686870380e-09
9.300000000000000711e+00 5.888086184359360967e-09
9.349999999999999645e+00 1.380351539693642586e-08
9.400000000000000355e+00 2.057618662005094243e-08
9.450000000000001066e+00 2.585011304939370341e-08
9.500000000000000000e+00 2.937319848462285117e-08
9.550000000000000711e+00 3.100810862936049162e-08
9.600000000000001421e+00 3.073574070496979357e-08
9.650000000000000355e+00 2.865140357533284469e-08
9.700000000000001066e+00 2.495426106292492304e-08
9.750000000000000000e+00 1.993097753119370489e-08
9.800000000000000711e+00 1.393481575375749477e-08
9.850000000000001421e+00 7.361656898624697084e-09
9.900000000000000355e+00 6.245318616242282003e-10
9.950000000000001066e+00 -5.871730397197180873e-09
1.000000000000000000e+01 -1.175421450351514814e-08
1.005000000000000071e+01 -1.670263907386540706e-08
1.010000000000000142e+01 -2.046598065096669360e-08
1.015000000000000036e+01 -2.287419733129130479e-08
1.020000000000000107e+01 -2.384458372871412649e-08
1.025000000000000000e+01 -2.338263614723147347e-08
1.030000000000000071e+01 -2.157764388679120646e-08
1.035000000000000142e+01 -1.859352931454138331e-08
1.040000000000000036e+01 -1.465571847849607044e-08
1.045000000000000107e+01 -1.003502224344963929e-08
1.050000000000000000e+01 -5.029636315054254609e-09
1.055000000000000071e+01 5.357700073980558666e-11
1.060000000000000142e+01 4.917381158965852210e-09
1.065000000000000036e+01 9.290974417403198882e-09
1.070000000000000107e+01 1.294440370155555577e-08
1.075000000000000000e+01 1.569986369148065795e-08
1.080000000000000071e+01 1.743938606029915599e-08
1.085000000000000142e+01 1.810866505892989464e-08
1.090000000000000036e+01 1.771700800446074185e-08
1.095000000000000107e+01 1.633362792345456206e-08
1.100000000000000000e+01 1.408069761745998118e-08
1.105000000000000071e+01 1.112374919519681068e-08
1.110000000000000142e+01 7.660123066469472832e-09
1.115000000000000036e+01 3.906241161430584203e-09
1.120000000000000107e+01 8.449968750226051292e-11
1.125000000000000000e+01 -3.589450825409895395e-09
1.130000000000000071e+01 -6.918341206116629935e-09
1.135000000000000142e+01 -9.733244799197987666e-09
1.140000000000000036e+01 -1.190140767242845495e-08
1.145000000000000107e+01 -1.333164243078481031e-08
1.150000000000000000e+01 -1.397713812148435481e-08
1.155000000000000071e+01 -1.383569372514154318e-08
1.160000000000000142e+01 -1.294752589499478698e-08
1.165000000000000036e+01 -1.139092545030347217e-08
1.170000000000000107e+01 -9.276135954238118736e-09
1.175000000000000000e+01 -6.737897811502373438e-09
1.180000000000000071e+01 -3.927141067231582988e-09
1.185000000000000142e+01 -1.002319830028655580e-09
1.190000000000000036e+01 1.879136917613909962e-09
1.195000000000000107e+01 4.568825793798607235e-09
1.200000000000000000e+01 6.934450471326802253e-09
1.205000000000000071e+01 8.865690008743120629e-09
1.210000000000000142e+01 1.027864464996407288e-08
1.215000000000000036e+01 1.111873733347654117e-08
1.220000000000000107e+01 1.136203461965081915e-08
1.225000000000000000e+01 1.101502970928404283e-08
1.230000000000000071e+01 1.011299921743281391e-08
1.235000000000000142e+01 8.717102016493265731e-09
1.240000000000000036e+01 6.910431395622584726e-09
1.245000000000000107e+01 4.793260675104746147e-09
1.250000000000000000e+01 2.477737728229171525e-09
1.255000000000000071e+01 8.228683328345586930e-11
1.260000000000000142e+01 -2.274031459403332440e-09
1.265000000000000036e+01 -4.476968235972613228e-09
1.270000000000000107e+01 -6.422130912853928366e-09
1.275000000000000000e+01 -8.019441762063337261e-09
1.280000000000000071e+01 -9.196858498505076970e-09
1.285000000000000142e+01 -9.903238130419903722e-09
1.290000000000000036e+01 -1.011025901993900739e-08
1.295000000000000107e+01 -9.813349934813397205e-09
1.300000000000000000e+01 -9.031608404223811172e-09
1.305000000000000071e+01 -7.806723678038868875e-09
1.310000000000000142e+01 -6.200951901614205702e-09
1.315000000000000036e+01 -4.294222552091121760e-09
1.320000000000000107e+01 -2.180485443101847618e-09
1.325000000000000000e+01 3.656387051423382921e-11
1.330000000000000071e+01 2.248216416968175116e-09
1.335000000000000142e+01 4.345753513212451379e-09
1.340000000000000036e+01 6.225517795442796425e-09
1.345000000000000107e+01 7.793836003079380845e-09
1.350000000000000000e+01 8.971573964035077738e-09
1.355000000000000071e+01 9.698109076484741056e-09
1.360000000000000142e+01 9.934520199426224719e-09
1.365000000000000036e+01 9.665819811252797097e-09
1.370000000000000107e+01 8.902088526050896326e-09
1.375000000000000000e+01 7.678416903998011937e-09
1.380000000000000071e+01 6.053612550299518513e-09
1.385000000000000142e+01 4.107689671433771477e-09
1.390000000000000036e+01 1.938220813473103134e-09
1.395000000000000107e+01 -3.443068186873805585e-10
1.400000000000000000e+01 -2.621928867753361734e-09
1.405000000000000071e+01 -4.775181569383591015e-09
1.410000000000000142e+01 -6.689324963592986774e-09
1.415000000000000036e+01 -8.260489634023445465e-09
1.420000000000000107e+01 -9.401414474027393058e-09
1.425000000000000000e+01 -1.004645073531514863e-08
1.430000000000000071e+01 -1.015553437885329860e-08
1.435000000000000142e+01 -9.716874026708791581e-09
1.440000000000000036e+01 -8.748163929572650829e-09
1.445000000000000107e+01 -7.296207482939056177e-09
1.450000000000000000e+01 -5.434923020969432823e-09
1.455000000000000071e+01 -3.261795191415559480e-09
1.460000000000000142e+01 -8.929268108674874626e-10
1.465000000000000036e+01 1.543067834080829976e-09
1.470000000000000107e+01 3.912012240488535008e-09
1.475000000000000000e+01 6.081584525033659425e-09
1.480000000000000071e+01 7.928788188907661554e-09
1.485000000000000142e+01 9.347047889537888734e-09
1.490000000000000036e+01 1.025251122124296982e-08
1.495000000000000107e+01 1.058917285142996142e-08
