0.000000000000000000e+00 0.000000000000000000e+00
5.000000000000000278e-02 4.209419020863750286e-12
1.000000000000000056e-01 1.344497168480469439e-10
1.500000000000000222e-01 1.017800186969894065e-09
2.000000000000000111e-01 4.270328212822157200e-09
2.500000000000000000e-01 1.295911208710494389e-08
3.000000000000000444e-01 3.202613296193692454e-08
3.500000000000000333e-01 6.866269539832451225e-08
4.000000000000000222e-01 1.326241681424302156e-07
4.500000000000000111e-01 2.364762008207107535e-07
5.000000000000000000e-01 3.957651360551636966e-07
5.500000000000000444e-01 6.291070633190217645e-07
6.000000000000000888e-01 9.581918103013325340e-07
6.500000000000000222e-01 1.407700096612423048e-06
7.000000000000000666e-01 2.005134038767536463e-06
7.500000000000000000e-01 2.780563149500961701e-06
8.000000000000000444e-01 3.766289874200085015e-06
8.500000000000000888e-01 4.996440509937259339e-06
9.000000000000000222e-01 6.506489018280462835e-06
9.500000000000000666e-01 8.332722735510933511e-06
1.000000000000000000e+00 1.051166027128987084e-05
1.050000000000000044e+00 1.307943294261356773e-05
1.100000000000000089e+00 1.607114189324277361e-05
1.150000000000000133e+00 1.952020358500820911e-05
1.200000000000000178e+00 2.345769660819180751e-05
1.250000000000000000e+00 2.791172274174468103e-05
1.300000000000000044e+00 3.290679490498786818e-05
1.350000000000000089e+00 3.846326409134503900e-05
1.400000000000000133e+00 4.459679657801452634e-05
1.450000000000000178e+00 5.131791168494726575e-05
1.500000000000000000e+00 5.863158913828442321e-05
1.550000000000000044e+00 6.653695370757661766e-05
1.600000000000000089e+00 7.502704326573510923e-05
1.650000000000000133e+00 8.408866480100001504e-05
1.700000000000000178e+00 9.370234122774891562e-05
1.750000000000000000e+00 1.038423501346185502e-04
1.800000000000000044e+00 1.144768539105490339e-04
1.850000000000000089e+00 1.255681190370728974e-04
1.900000000000000133e+00 1.370728207614310874e-04
1.950000000000000178e+00 1.489424279001098743e-04
2.000000000000000000e+00 1.611236611929723033e-04
2.050000000000000266e+00 1.735590174572750153e-04
2.100000000000000089e+00 1.861873507972043660e-04
2.149999999999999911e+00 1.989445013223700080e-04
2.200000000000000178e+00 2.117639612274883779e-04
2.250000000000000000e+00 2.245775676902058262e-04
2.300000000000000266e+00 2.373162118549385969e-04
2.350000000000000089e+00 2.499105531837068472e-04
2.400000000000000355e+00 2.622917286620527876e-04
2.450000000000000178e+00 2.743920467373926406e-04
2.500000000000000000e+00 2.861456564234194917e-04
2.550000000000000266e+00 2.974891827095387528e-04
2.600000000000000089e+00 3.083623202486051543e-04
2.650000000000000355e+00 3.187083782376385417e-04
2.700000000000000178e+00 3.284747704317423690e-04
2.750000000000000000e+00 3.376134453176828022e-04
2.800000000000000266e+00 3.460812525969851942e-04
2.850000000000000089e+00 3.538402432660078291e-04
2.900000000000000355e+00 3.608579017102443590e-04
2.950000000000000178e+00 3.671073093314929092e-04
3.000000000000000000e+00 3.725672402806479979e-04
3.050000000000000266e+00 3.772221908589484113e-04
3.100000000000000089e+00 3.810623450620261444e-04
3.150000000000000355e+00 3.840834795619982008e-04
3.200000000000000178e+00 3.862868121436102372e-04
3.250000000000000000e+00 3.876787982241459312e-04
3.300000000000000266e+00 3.882708805890659341e-04
3.350000000000000089e+00 3.880791978642385526e-04
3.400000000000000355e+00 3.871242575215489280e-04
3.450000000000000178e+00 3.854305793802521906e-04
3.500000000000000000e+00 3.830263156261376001e-04
3.550000000000000266e+00 3.799428533306713988e-04
3.600000000000000089e+00 3.762144053204408253e-04
3.650000000000000355e+00 3.718775950323275595e-04
3.700000000000000178e+00 3.669710407016454575e-04
3.750000000000000000e+00 3.615349438794313182e-04
3.800000000000000266e+00 3.556106868719399869e-04
3.850000000000000089e+00 3.492404432511034751e-04
3.900000000000000355e+00 3.424668051100502263e-04
3.950000000000000178e+00 3.353324302432559331e-04
4.000000000000000000e+00 3.278797119264754501e-04
4.049999999999999822e+00 3.201504734666205674e-04
4.100000000000000533e+00 3.121856891947486141e-04
4.150000000000000355e+00 3.040252330939286298e-04
4.200000000000000178e+00 2.957076557946760839e-04
4.250000000000000000e+00 2.872699902395553831e-04
4.299999999999999822e+00 2.787475859200794692e-04
4.350000000000000533e+00 2.701739712268581232e-04
4.400000000000000355e+00 2.615807431306549661e-04
4.450000000000000178e+00 2.529974831293085630e-04
4.500000000000000000e+00 2.444516981541677999e-04
4.549999999999999822e+00 2.359687849296971144e-04
4.600000000000000533e+00 2.275720161205412311e-04
4.650000000000000355e+00 2.192825464801115753e-04
4.700000000000000178e+00 2.111194371317609466e-04
4.750000000000000000e+00 2.030996960654016215e-04
4.800000000000000711e+00 1.952383329162123691e-04
4.850000000000000533e+00 1.875484261048318937e-04
4.900000000000000355e+00 1.800412004569047438e-04
4.950000000000000178e+00 1.727261134807016416e-04
5.000000000000000000e+00 1.656109485614224515e-04
5.050000000000000711e+00 1.587019134263758754e-04
5.100000000000000533e+00 1.520037423433319077e-04
5.150000000000000355e+00 1.455198006318430908e-04
5.200000000000000178e+00 1.392521901914093620e-04
5.250000000000000000e+00 1.332018548783173877e-04
5.300000000000000711e+00 1.273686846924362295e-04
5.350000000000000533e+00 1.217516178640430712e-04
5.400000000000000355e+00 1.163487400570007390e-04
5.450000000000000178e+00 1.111573800267140428e-04
5.500000000000000000e+00 1.061742011879090959e-04
5.550000000000000711e+00 1.013952886573179113e-04
5.600000000000000533e+00 9.681623143899279686e-05
5.650000000000000355e+00 9.243219951458025703e-05
5.700000000000000178e+00 8.823801568708286287e-05
5.750000000000000000e+00 8.422822210419424237e-05
5.800000000000000711e+00 8.039714145618088493e-05
5.850000000000000533e+00 7.673893290359647828e-05
5.900000000000000355e+00 7.324764284208831592e-05
5.950000000000000178e+00 6.991725065551357215e-05
6.000000000000000000e+00 6.674170964494647446e-05
6.050000000000000711e+00 6.371498335040875756e-05
6.100000000000000533e+00 6.083107750481498539e-05
6.150000000000000355e+00 5.808406787625829934e-05
6.200000000000000178e+00 5.546812426595273705e-05
6.250000000000000000e+00 5.297753093546411627e-05
6.300000000000000711e+00 5.060670373889948728e-05
6.350000000000000533e+00 4.835020423404019839e-05
6.400000000000000355e+00 4.620275104153666291e-05
6.450000000000000178e+00 4.415922871376305227e-05
6.500000000000000000e+00 4.221469436522649643e-05
6.550000000000000711e+00 4.036438230499518528e-05
6.600000000000000533e+00 3.860370689886711572e-05
6.650000000000000355e+00 3.692826387530755985e-05
6.700000000000000178e+00 3.533383027488243121e-05
6.750000000000000000e+00 3.381636322829002528e-05
6.800000000000000711e+00 3.237199773340654655e-05
6.850000000000000533e+00 3.099704358722270666e-05
6.900000000000000355e+00 2.968798161434267542e-05
6.950000000000000178e+00 2.844145931999061589e-05
7.000000000000000000e+00 2.725428608234110208e-05
7.050000000000000711e+00 2.612342798654158961e-05
7.100000000000000533e+00 2.504600239109783176e-05
7.150000000000000355e+00 2.401927230637877859e-05
7.200000000000000178e+00 2.304064065489208195e-05
7.250000000000000000e+00 2.210764447368331986e-05
7.300000000000000711e+00 2.121794911071362634e-05
7.350000000000000533e+00 2.036934245934908760e-05
7.400000000000000355e+00 1.955972926811437229e-05
7.450000000000000178e+00 1.878712555659557178e-05
7.500000000000000000e+00 1.804965316276756801e-05
7.550000000000000711e+00 1.734553444203657953e-05
7.600000000000000533e+00 1.667308713387454912e-05
7.650000000000000355e+00 1.603071940803676439e-05
7.700000000000000178e+00 1.541692509895484068e-05
7.750000000000000000e+00 1.483027913393624132e-05
7.800000000000000711e+00 1.426943315824430582e-05
7.850000000000000533e+00 1.373311135794053890e-05
7.900000000000000355e+00 1.322010647950796922e-05
7.950000000000000178e+00 1.272927604371301863e-05
8.000000000000000000e+00 1.225953874987029158e-05
8.050000000000000711e+00 1.180987106562898778e-05
8.099999999999999645e+00 1.137930399657082496e-05
8.150000000000000355e+00 1.096692002928140351e-05
8.200000000000001066e+00 1.057185024110213415e-05
8.250000000000000000e+00 1.019327156947250545e-05
8.300000000000000711e+00 9.830404233609612514e-06
8.349999999999999645e+00 9.482509301228323679e-06
8.400000000000000355e+00 9.148886393059013487e-06
8.450000000000001066e+00 8.828871518054823883e-06
8.500000000000000000e+00 8.521835032382092651e-06
8.550000000000000711e+00 8.227179715534623460e-06
8.599999999999999645e+00 7.944338957195917953e-06
8.650000000000000355e+00 7.672775048775942058e-06
8.700000000000001066e+00 7.411977573859539599e-06
8.750000000000000000e+00 7.161461892112834317e-06
8.800000000000000711e+00 6.920767711491849328e-06
8.849999999999999645e+00 6.689457743880003486e-06
8.900000000000000355e+00 6.467116439540149849e-06
8.950000000000001066e+00 6.253348796005555155e-06
9.000000000000000000e+00 6.047779237244765311e-06
9.050000000000000711e+00 5.850050559126891485e-06
9.099999999999999645e+00 5.659822937382153407e-06
9.150000000000000355e+00 5.476772994404376805e-06
9.200000000000001066e+00 5.300592921382869653e-06
9.250000000000000000e+00 5.130989652381501764e-06
9.300000000000000711e+00 4.967684087112256721e-06
9.349999999999999645e+00 4.810410359278432990e-06
9.400000000000000355e+00 4.658915147497864343e-06
9.450000000000001066e+00 4.512957025957123614e-06
9.500000000000000000e+00 4.372305852097820548e-06
9.550000000000000711e+00 4.236742188797108575e-06
9.600000000000001421e+00 4.106056758673052811e-06
9.650000000000000355e+00 3.980049928322073973e-06
9.700000000000001066e+00 3.858531220477697519e-06
9.750000000000000000e+00 3.741318852262313251e-06
9.800000000000000711e+00 3.628239297883489226e-06
9.850000000000001421e+00 3.519126874300246687e-06
9.900000000000000355e+00 3.413823348547748494e-06
9.950000000000001066e+00 3.312177565555871365e-06
1.000000000000000000e+01 3.214045095428454523e-06
1.005000000000000071e+01 3.119287899259578941e-06
1.010000000000000142e+01 3.027774012652005525e-06
1.015000000000000036e+01 2.939377246169341807e-06
1.020000000000000107e+01 2.853976901999386300e-06
1.025000000000000000e+01 2.771457506131223054e-06
1.030000000000000071e+01 2.691708555358804645e-06
1.035000000000000142e+01 2.614624278418679178e-06
1.040000000000000036e+01 2.540103410557051135e-06
1.045000000000000107e+01 2.468048980801382246e-06
1.050000000000000000e+01 2.398368111194200334e-06
1.055000000000000071e+01 2.330971827230017492e-06
1.060000000000000142e+01 2.265774878727139780e-06
1.065000000000000036e+01 2.202695570368389367e-06
1.070000000000000107e+01 2.141655601157637443e-06
1.075000000000000000e+01 2.082579912065019258e-06
1.080000000000000071e+01 2.025396541175638810e-06
1.085000000000000142e+01 1.970036485707033950e-06
1.090000000000000036e+01 1.916433570326375343e-06
1.095000000000000107e+01 1.864524321269082171e-06
1.100000000000000000e+01 1.814247845838504544e-06
1.105000000000000071e+01 1.765545716944661648e-06
1.110000000000000142e+01 1.718361862418648225e-06
1.115000000000000036e+01 1.672642458908688420e-06
1.120000000000000107e+01 1.628335830228906944e-06
1.125000000000000000e+01 1.585392350082400939e-06
1.130000000000000071e+01 1.543764349118043677e-06
1.135000000000000142e+01 1.503406026304530709e-06
1.140000000000000036e+01 1.464273364612985299e-06
1.145000000000000107e+01 1.426324050993752610e-06
1.150000000000000000e+01 1.389517400614003817e-06
1.155000000000000071e+01 1.353814285292968689e-06
1.160000000000000142e+01 1.319177066033821426e-06
1.165000000000000036e+01 1.285569529508812190e-06
1.170000000000000107e+01 1.252956828310397975e-06
1.175000000000000000e+01 1.221305424739344824e-06
1.180000000000000071e+01 1.190583037863623851e-06
1.185000000000000142e+01 1.160758593554658989e-06
1.190000000000000036e+01 1.131802177188132866e-06
1.195000000000000107e+01 1.103684988690390809e-06
1.200000000000000000e+01 1.076379299618190220e-06
1.205000000000000071e+01 1.049858411976503533e-06
1.210000000000000142e+01 1.024096618510167606e-06
1.215000000000000036e+01 9.990691642435787734e-07
1.220000000000000107e+01 9.747522090900378381e-07
1.225000000000000000e+01 9.511227914030940551e-07
1.230000000000000071e+01 9.281587923967224720e-07
1.235000000000000142e+01 9.058389014111950566e-07
1.240000000000000036e+01 8.841425820501508327e-07
1.245000000000000107e+01 8.630500392538768159e-07
1.250000000000000000e+01 8.425421874045373422e-07
1.255000000000000071e+01 8.226006195795037215e-07
1.260000000000000142e+01 8.032075780771568195e-07
1.265000000000000036e+01 7.843459263346214220e-07
1.270000000000000107e+01 7.659991223437386174e-07
1.275000000000000000e+01 7.481511936445138006e-07
1.280000000000000071e+01 7.307867139433249586e-07
1.285000000000000142e+01 7.138907813636825654e-07
1.290000000000000036e+01 6.974489982957072023e-07
1.295000000000000107e+01 6.814474527678270279e-07
1.300000000000000000e+01 6.658727012259186394e-07
1.305000000000000071e+01 6.507117525694437704e-07
1.310000000000000142e+01 6.359520532692934357e-07
1.315000000000000036e+01 6.215814733731412349e-07
1.320000000000000107e+01 6.075882931981260935e-07
1.325000000000000000e+01 5.939611905138188497e-07
1.330000000000000071e+01 5.806892280328474075e-07
1.335000000000000142e+01 5.677618410499262968e-07
1.340000000000000036e+01 5.551688251024044704e-07
1.345000000000000107e+01 5.429003235616462967e-07
1.350000000000000000e+01 5.309468151076876002e-07
1.355000000000000071e+01 5.192991010798174690e-07
1.360000000000000142e+01 5.079482927376149157e-07
1.365000000000000036e+01 4.968857985025471904e-07
1.370000000000000107e+01 4.861033112808067068e-07
1.375000000000000000e+01 4.755927959896475272e-07
1.380000000000000071e+01 4.653464774222858405e-07
1.385000000000000142e+01 4.553568285895475877e-07
1.390000000000000036e+01 4.456165596682711975e-07
1.395000000000000107e+01 4.361186076711962060e-07
1.400000000000000000e+01 4.268561269275850671e-07
1.405000000000000071e+01 4.178224804330329036e-07
1.410000000000000142e+01 4.090112320926782191e-07
1.415000000000000036e+01 4.004161398430418388e-07
1.420000000000000107e+01 3.920311496032433484e-07
1.425000000000000000e+01 3.838503899709716230e-07
1.430000000000000071e+01 3.758681675504757123e-07
1.435000000000000142e+01 3.680789627781125675e-07
1.440000000000000036e+01 3.604774260964486665e-07
1.445000000000000107e+01 3.530583743241727876e-07
1.450000000000000000e+01 3.458167870718397235e-07
1.455000000000000071e+01 3.387478030686782357e-07
1.460000000000000142e+01 3.318467162846152950e-07
1.465000000000000036e+01 3.251089717609666214e-07
1.470000000000000107e+01 3.185301610942263100e-07
1.475000000000000000e+01 3.121060175532594329e-07
1.480000000000000071e+01 3.058324108442017266e-07
1.485000000000000142e+01 2.997053415719910415e-07
1.490000000000000036e+01 2.937209354759075948e-07
1.495000000000000107e+01 2.878754375406147277e-07
