0.000000000000000000e+00 1.221481803980438985e-01
5.000000000000000278e-02 1.221421426728848542e-01
1.000000000000000056e-01 1.221240064952083676e-01
1.500000000000000222e-01 1.220937030676474550e-01
2.000000000000000111e-01 1.220511182939865991e-01
2.500000000000000000e-01 1.219960938260997163e-01
3.000000000000000444e-01 1.219284283567287908e-01
3.500000000000000333e-01 1.218478792213145839e-01
4.000000000000000222e-01 1.217541645636797953e-01
4.500000000000000111e-01 1.216469652554040271e-01
5.000000000000000000e-01 1.215259281869618679e-01
5.500000000000000444e-01 1.213906687406192675e-01
6.000000000000000888e-01 1.212407742704608160e-01
6.500000000000000222e-01 1.210758067258943943e-01
7.000000000000000666e-01 1.208953079336689967e-01
7.500000000000000000e-01 1.206988018170204596e-01
8.000000000000000444e-01 1.204857992235071201e-01
8.500000000000000888e-01 1.202558022067265753e-01
9.000000000000000222e-01 1.200083070792374723e-01
9.500000000000000666e-01 1.197428107119577340e-01
1.000000000000000000e+00 1.194588136077522900e-01
1.050000000000000044e+00 1.191558247355372080e-01
1.100000000000000089e+00 1.188333660598291791e-01
1.150000000000000133e+00 1.184909769558512710e-01
1.200000000000000178e+00 1.181282183866127350e-01
1.250000000000000000e+00 1.177446787094862946e-01
1.300000000000000044e+00 1.173399756330634064e-01
1.350000000000000089e+00 1.169137625014023407e-01
1.400000000000000133e+00 1.164657314948266964e-01
1.450000000000000178e+00 1.159956177451160059e-01
1.500000000000000000e+00 1.155032033356597487e-01
1.550000000000000044e+00 1.149883197233488447e-01
1.600000000000000089e+00 1.144508533660543032e-01
1.650000000000000133e+00 1.138907464849666512e-01
1.700000000000000178e+00 1.133080009633437579e-01
1.750000000000000000e+00 1.127026805329192360e-01
1.800000000000000044e+00 1.120749133510843959e-01
1.850000000000000089e+00 1.114248922919508916e-01
1.900000000000000133e+00 1.107528788150880933e-01
1.950000000000000178e+00 1.100592000929152270e-01
2.000000000000000000e+00 1.093442532398865158e-01
2.050000000000000266e+00 1.086085030907893711e-01
2.100000000000000089e+00 1.078524821318884025e-01
2.149999999999999911e+00 1.070767894714969581e-01
2.200000000000000178e+00 1.062820891419836572e-01
2.250000000000000000e+00 1.054691082118786039e-01
2.300000000000000266e+00 1.046386341322218805e-01
2.350000000000000089e+00 1.037915114419342838e-01
2.400000000000000355e+00 1.029286384524250308e-01
2.450000000000000178e+00 1.020509637719272666e-01
2.500000000000000000e+00 1.011594805453681217e-01
2.550000000000000266e+00 1.002552227773057802e-01
2.600000000000000089e+00 9.933925992592268495e-02
2.650000000000000355e+00 9.841269140166926388e-02
2.700000000000000178e+00 9.747664096701952330e-02
2.750000000000000000e+00 9.653225091714096040e-02
2.800000000000000266e+00 9.558067614560311620e-02
2.850000000000000089e+00 9.462307808270485621e-02
2.900000000000000355e+00 9.366061909474995839e-02
2.950000000000000178e+00 9.269445580684715358e-02
3.000000000000000000e+00 9.172573430389771576e-02
3.050000000000000266e+00 9.075558327989528828e-02
3.100000000000000089e+00 8.978511048102781611e-02
3.150000000000000355e+00 8.881539612902572545e-02
3.200000000000000178e+00 8.784748848217441286e-02
3.250000000000000000e+00 8.688240028958472971e-02
3.300000000000000266e+00 8.592110424963014803e-02
3.350000000000000089e+00 8.496452973266743758e-02
3.400000000000000355e+00 8.401355979691935150e-02
3.450000000000000178e+00 8.306902873613809801e-02
3.500000000000000000e+00 8.213171983673832333e-02
3.550000000000000266e+00 8.120236406401802609e-02
3.600000000000000089e+00 8.028163894018584823e-02
3.650000000000000355e+00 7.937016827354163861e-02
3.700000000000000178e+00 7.846852064790936498e-02
3.750000000000000000e+00 7.757721159081709672e-02
3.800000000000000266e+00 7.669670253464040688e-02
3.850000000000000089e+00 7.582740279035986297e-02
3.900000000000000355e+00 7.496967042504029677e-02
3.950000000000000178e+00 7.412381391881540937e-02
4.000000000000000000e+00 7.329009392032810599e-02
4.049999999999999822e+00 7.246872561680442471e-02
4.100000000000000533e+00 7.165988019494731742e-02
4.150000000000000355e+00 7.086368817917242102e-02
4.200000000000000178e+00 7.008024102736983008e-02
4.250000000000000000e+00 6.930959426049737582e-02
4.299999999999999822e+00 6.855176824701537941e-02
4.350000000000000533e+00 6.780675496581548001e-02
4.400000000000000355e+00 6.707451571931287437e-02
4.450000000000000178e+00 6.635498657812670398e-02
4.500000000000000000e+00 6.564807967703234493e-02
4.549999999999999822e+00 6.495368621563463174e-02
4.600000000000000533e+00 6.427167808068336152e-02
4.650000000000000355e+00 6.360191099075612753e-02
4.700000000000000178e+00 6.294422539449905096e-02
4.750000000000000000e+00 6.229844946267017181e-02
4.800000000000000711e+00 6.166440047274850123e-02
4.850000000000000533e+00 6.104188633210779619e-02
4.900000000000000355e+00 6.043070879023285102e-02
4.950000000000000178e+00 5.983066099115869757e-02
5.000000000000000000e+00 5.924153354117226572e-02
5.050000000000000711e+00 5.866311285366671707e-02
5.100000000000000533e+00 5.809518308590966296e-02
5.150000000000000355e+00 5.753752711769184736e-02
5.200000000000000178e+00 5.698992730325926764e-02
5.250000000000000000e+00 5.645216627466318610e-02
5.300000000000000711e+00 5.592402811749987157e-02
5.350000000000000533e+00 5.540529831628768220e-02
5.400000000000000355e+00 5.489576454847173992e-02
5.450000000000000178e+00 5.439521746307128536e-02
5.500000000000000000e+00 5.390344939818672576e-02
5.550000000000000711e+00 5.342025849136652210e-02
5.600000000000000533e+00 5.294544476319251042e-02
5.650000000000000355e+00 5.247881232156065279e-02
5.700000000000000178e+00 5.202016951503720538e-02
5.750000000000000000e+00 5.156932868620478505e-02
5.800000000000000711e+00 5.112610658492520305e-02
5.850000000000000533e+00 5.069032409344461504e-02
5.900000000000000355e+00 5.026180623797336933e-02
5.950000000000000178e+00 4.984038261856436891e-02
