0.000000000000000000e+00 -3.134471734147548877e-06
5.000000000000000278e-02 -4.565931044403602377e-08
1.000000000000000056e-01 -3.619006019731143187e-07
1.500000000000000222e-01 -1.303193675228345579e-06
2.000000000000000111e-01 -3.111390484663102468e-06
2.500000000000000000e-01 -6.061236940849708137e-06
3.000000000000000444e-01 -1.038266314702798932e-05
3.500000000000000333e-01 -1.627871950421647972e-05
4.000000000000000222e-01 -2.391388186208267245e-05
4.500000000000000111e-01 -3.341207363756744326e-05
5.000000000000000000e-01 -4.485262690962424625e-05
5.500000000000000444e-01 -5.826829079731451723e-05
6.000000000000000888e-01 -7.364406009069204037e-05
6.500000000000000222e-01 -9.091717372186679073e-05
7.000000000000000666e-01 -1.099769052691010606e-04
7.500000000000000000e-01 -1.306658760072613827e-04
8.000000000000000444e-01 -1.527862760664958866e-04
8.500000000000000888e-01 -1.761001196123053285e-04
9.000000000000000222e-01 -2.003304349977971972e-04
9.500000000000000666e-01 -2.251736173156653354e-04
1.000000000000000000e+00 -2.503004553229266731e-04
1.050000000000000044e+00 -2.753651977730325060e-04
1.100000000000000089e+00 -3.000082003746777789e-04
1.150000000000000133e+00 -3.238634710631476624e-04
1.200000000000000178e+00 -3.465674307761453226e-04
1.250000000000000000e+00 -3.677663616388463126e-04
1.300000000000000044e+00 -3.871083582247747076e-04
1.350000000000000089e+00 -4.042913874649853713e-04
1.400000000000000133e+00 -4.190014098382412069e-04
1.450000000000000178e+00 -4.309915049186419252e-04
1.500000000000000000e+00 -4.400210814445458442e-04
1.550000000000000044e+00 -4.459076266282944990e-04
1.600000000000000089e+00 -4.484995238474091253e-04
1.650000000000000133e+00 -4.476911182693047299e-04
1.700000000000000178e+00 -4.434565360316297862e-04
1.750000000000000000e+00 -4.357521389432019126e-04
1.800000000000000044e+00 -4.246213364719210437e-04
1.850000000000000089e+00 -4.101609033966335588e-04
1.900000000000000133e+00 -3.925095347381013251e-04
1.950000000000000178e+00 -3.717930570086354250e-04
2.000000000000000000e+00 -3.482502699300553395e-04
2.050000000000000266e+00 -3.221215741088897426e-04
2.100000000000000089e+00 -2.936595632931192227e-04
2.149999999999999911e+00 -2.631648354853129081e-04
2.200000000000000178e+00 -2.309593728510089740e-04
2.250000000000000000e+00 -1.973746244395496805e-04
2.300000000000000266e+00 -1.627340232614390980e-04
2.350000000000000089e+00 -1.273964111393192835e-04
2.400000000000000355e+00 -9.172380939954654798e-05
2.450000000000000178e+00 -5.604532279700671086e-05
2.500000000000000000e+00 -2.070672805839660562e-05
2.550000000000000266e+00 1.401289813754202362e-05
2.600000000000000089e+00 4.774714718325518938e-05
2.650000000000000355e+00 8.025489482469327310e-05
2.700000000000000178e+00 1.112705505453227334e-04
2.750000000000000000e+00 1.405471144731209861e-04
2.800000000000000266e+00 1.679001642704581456e-04
2.850000000000000089e+00 1.931389151059165329e-04
2.900000000000000355e+00 2.161287189573165343e-04
2.950000000000000178e+00 2.367364737089971093e-04
3.000000000000000000e+00 2.549329973889582395e-04
3.050000000000000266e+00 2.705696568708896221e-04
3.100000000000000089e+00 2.837062244537313146e-04
3.150000000000000355e+00 2.943003741219173087e-04
3.200000000000000178e+00 3.024228525512107795e-04
3.250000000000000000e+00 3.080947096480512819e-04
3.300000000000000266e+00 3.114046298150845681e-04
3.350000000000000089e+00 3.124670987643953998e-04
3.400000000000000355e+00 3.113607487127848590e-04
3.450000000000000178e+00 3.082692050928053816e-04
3.500000000000000000e+00 3.032954969171990415e-04
3.550000000000000266e+00 2.965962857609298836e-04
3.600000000000000089e+00 2.883529042888870642e-04
3.650000000000000355e+00 2.787233284221045967e-04
3.700000000000000178e+00 2.678713001297506257e-04
3.750000000000000000e+00 2.559822276338730987e-04
3.800000000000000266e+00 2.432088280842572994e-04
3.850000000000000089e+00 2.297201585384352175e-04
3.900000000000000355e+00 2.156702444625618745e-04
3.950000000000000178e+00 2.012279436865949621e-04
4.000000000000000000e+00 1.865317138813674385e-04
4.049999999999999822e+00 1.717091872651389480e-04
4.100000000000000533e+00 1.569028649369021806e-04
4.150000000000000355e+00 1.422172267843419674e-04
4.200000000000000178e+00 1.277640866976410556e-04
4.250000000000000000e+00 1.136438823394088078e-04
4.299999999999999822e+00 9.992518995321905066e-05
4.350000000000000533e+00 8.668337289560547657e-05
4.400000000000000355e+00 7.399227920746759030e-05
4.450000000000000178e+00 6.188763181470878592e-05
4.500000000000000000e+00 5.042400433395503970e-05
4.549999999999999822e+00 3.963336562912487512e-05
4.600000000000000533e+00 2.951652881662609175e-05
4.650000000000000355e+00 2.010433899151030393e-05
4.700000000000000178e+00 1.140407294392393296e-05
4.750000000000000000e+00 3.408733162985191525e-06
4.800000000000000711e+00 -3.895362063865876182e-06
4.850000000000000533e+00 -1.050746893950237002e-05
4.900000000000000355e+00 -1.645649592414648836e-05
4.950000000000000178e+00 -2.176181979108611706e-05
5.000000000000000000e+00 -2.644612212670168627e-05
5.050000000000000711e+00 -3.053956591482469968e-05
5.100000000000000533e+00 -3.407772294405761102e-05
5.150000000000000355e+00 -3.708893262115350989e-05
5.200000000000000178e+00 -3.960119661953718926e-05
5.250000000000000000e+00 -4.165883193962827136e-05
5.300000000000000711e+00 -4.329110199586154787e-05
5.350000000000000533e+00 -4.453182872080606731e-05
5.400000000000000355e+00 -4.541469805935226804e-05
5.450000000000000178e+00 -4.597680765656927032e-05
5.500000000000000000e+00 -4.624424366916909073e-05
5.550000000000000711e+00 -4.625339786299143945e-05
5.600000000000000533e+00 -4.602774749386186366e-05
5.650000000000000355e+00 -4.559899526964667204e-05
5.700000000000000178e+00 -4.499253037062725733e-05
5.750000000000000000e+00 -4.423022500037848535e-05
5.800000000000000711e+00 -4.333827040691562671e-05
5.850000000000000533e+00 -4.233671593313991627e-05
5.900000000000000355e+00 -4.124271703304112612e-05
5.950000000000000178e+00 -4.007772216545063830e-05
6.000000000000000000e+00 -3.885524296627265701e-05
6.050000000000000711e+00 -3.758983316496298084e-05
6.100000000000000533e+00 -3.629698944599335839e-05
6.150000000000000355e+00 -3.498444384587798831e-05
6.200000000000000178e+00 -3.366430857636322076e-05
6.250000000000000000e+00 -3.234656909985647171e-05
6.300000000000000711e+00 -3.103641078632403649e-05
6.350000000000000533e+00 -2.974142505177668590e-05
6.400000000000000355e+00 -2.846945455934296018e-05
6.450000000000000178e+00 -2.722196933377031043e-05
6.500000000000000000e+00 -2.600459576197046787e-05
6.550000000000000711e+00 -2.482112887029482183e-05
6.600000000000000533e+00 -2.367235170658430331e-05
6.650000000000000355e+00 -2.256131827721462164e-05
6.700000000000000178e+00 -2.148920157838784921e-05
6.750000000000000000e+00 -2.045653657456256502e-05
6.800000000000000711e+00 -1.946425922695892795e-05
6.850000000000000533e+00 -1.851257825250982817e-05
6.900000000000000355e+00 -1.760069220679011466e-05
6.950000000000000178e+00 -1.672856613358376503e-05
7.000000000000000000e+00 -1.589587695689507113e-05
7.050000000000000711e+00 -1.510103661567399203e-05
7.100000000000000533e+00 -1.434431586546003406e-05
7.150000000000000355e+00 -1.362344618760412488e-05
7.200000000000000178e+00 -1.293795556473222505e-05
7.250000000000000000e+00 -1.228607432414047069e-05
7.300000000000000711e+00 -1.166717381696833798e-05
7.350000000000000533e+00 -1.107975558113448587e-05
7.400000000000000355e+00 -1.052203150237952194e-05
7.450000000000000178e+00 -9.993602745570203546e-06
7.500000000000000000e+00 -9.492331426378186675e-06
7.550000000000000711e+00 -9.017408672491640328e-06
7.600000000000000533e+00 -8.567217744425306992e-06
7.650000000000000355e+00 -8.141011515504140473e-06
7.700000000000000178e+00 -7.737207717999600680e-06
7.750000000000000000e+00 -7.354897644331558354e-06
7.800000000000000711e+00 -6.992649875292845920e-06
7.850000000000000533e+00 -6.649881624890636405e-06
7.900000000000000355e+00 -6.325144221165270545e-06
7.950000000000000178e+00 -6.017610123787534997e-06
8.000000000000000000e+00 -5.726558680904345291e-06
8.050000000000000711e+00 -5.450626420085561844e-06
8.099999999999999645e+00 -5.189275006090562843e-06
8.150000000000000355e+00 -4.941816595939354469e-06
8.200000000000001066e+00 -4.707142323568777229e-06
8.250000000000000000e+00 -4.485092001602234227e-06
8.300000000000000711e+00 -4.274406294046875082e-06
8.349999999999999645e+00 -4.074549055979834459e-06
8.400000000000000355e+00 -3.885209776132352685e-06
8.450000000000001066e+00 -3.705628236071982636e-06
8.500000000000000000e+00 -3.535275474917348146e-06
8.550000000000000711e+00 -3.373563700991641181e-06
8.599999999999999645e+00 -3.220107163291097410e-06
8.650000000000000355e+00 -3.074421128498249489e-06
8.700000000000001066e+00 -2.935954346092931073e-06
8.750000000000000000e+00 -2.804618561201368211e-06
8.800000000000000711e+00 -2.679874605473087863e-06
8.849999999999999645e+00 -2.561130808420811346e-06
8.900000000000000355e+00 -2.448385573691213406e-06
8.950000000000001066e+00 -2.341128757959176659e-06
9.000000000000000000e+00 -2.239087123030592144e-06
9.050000000000000711e+00 -2.142061980939903268e-06
9.099999999999999645e+00 -2.049792887209600398e-06
9.150000000000000355e+00 -1.961878642904676120e-06
9.200000000000001066e+00 -1.878207738550451966e-06
9.250000000000000000e+00 -1.798533356655840773e-06
9.300000000000000711e+00 -1.722575856848656828e-06
9.349999999999999645e+00 -1.650317106030964038e-06
9.400000000000000355e+00 -1.581416442786764587e-06
9.450000000000001066e+00 -1.515660507429745071e-06
9.500000000000000000e+00 -1.453034230973327439e-06
9.550000000000000711e+00 -1.393300657734394099e-06
9.600000000000001421e+00 -1.336237598364704887e-06
9.650000000000000355e+00 -1.281898465847020243e-06
9.700000000000001066e+00 -1.230007700279036431e-06
9.750000000000000000e+00 -1.180404835973530566e-06
9.800000000000000711e+00 -1.133079279828116912e-06
9.850000000000001421e+00 -1.087893705232614017e-06
9.900000000000000355e+00 -1.044714650891174503e-06
9.950000000000001066e+00 -1.003444221512176897e-06
1.000000000000000000e+01 -9.640255587227119801e-07
1.005000000000000071e+01 -9.262884389940924946e-07
1.010000000000000142e+01 -8.902431539047672544e-07
1.015000000000000036e+01 -8.557659314359396967e-07
1.020000000000000107e+01 -8.227669850880411042e-07
1.025000000000000000e+01 -7.912158457881080706e-07
1.030000000000000071e+01 -7.610160774713427908e-07
1.035000000000000142e+01 -7.320805332058310735e-07
1.040000000000000036e+01 -7.043929201901664413e-07
1.045000000000000107e+01 -6.779078482977242350e-07
1.050000000000000000e+01 -6.524880654513130345e-07
1.055000000000000071e+01 -6.281624345887652659e-07
1.060000000000000142e+01 -6.048450276560184210e-07
1.065000000000000036e+01 -5.824898248538015546e-07
1.070000000000000107e+01 -5.610612111410883936e-07
1.075000000000000000e+01 -5.405488996398900700e-07
1.080000000000000071e+01 -5.208360933149457087e-07
1.085000000000000142e+01 -5.019482799472705305e-07
1.090000000000000036e+01 -4.838170308001290008e-07
1.095000000000000107e+01 -4.664114485733723421e-07
1.100000000000000000e+01 -4.497322266479110317e-07
1.105000000000000071e+01 -4.337141071437176744e-07
1.110000000000000142e+01 -4.183226191631800245e-07
1.115000000000000036e+01 -4.035485395286670159e-07
1.120000000000000107e+01 -3.893627736904401011e-07
1.125000000000000000e+01 -3.757242296342260507e-07
1.130000000000000071e+01 -3.626391063229344441e-07
1.135000000000000142e+01 -3.500534853184347080e-07
1.140000000000000036e+01 -3.379521567283765132e-07
1.145000000000000107e+01 -3.263256681162911584e-07
1.150000000000000000e+01 -3.151484198332492813e-07
1.155000000000000071e+01 -3.043994812732739742e-07
1.160000000000000142e+01 -2.940624177800531886e-07
1.165000000000000036e+01 -2.841145372421110947e-07
1.170000000000000107e+01 -2.745428992069924618e-07
1.175000000000000000e+01 -2.653335224211737644e-07
1.180000000000000071e+01 -2.564740174853502292e-07
1.185000000000000142e+01 -2.479458375364184810e-07
1.190000000000000036e+01 -2.397347028590150224e-07
1.195000000000000107e+01 -2.318266566908067180e-07
1.200000000000000000e+01 -2.242055533602186635e-07
1.205000000000000071e+01 -2.168730431887410790e-07
1.210000000000000142e+01 -2.098096490915434510e-07
1.215000000000000036e+01 -2.030012861207150437e-07
1.220000000000000107e+01 -1.964366346300837449e-07
1.225000000000000000e+01 -1.901172943428753260e-07
1.230000000000000071e+01 -1.840219896820941305e-07
1.235000000000000142e+01 -1.781406947266394513e-07
1.240000000000000036e+01 -1.724824770219825750e-07
1.245000000000000107e+01 -1.670180208990515039e-07
1.250000000000000000e+01 -1.617455315324077643e-07
1.255000000000000071e+01 -1.566614733829076736e-07
1.260000000000000142e+01 -1.517577736931980512e-07
1.265000000000000036e+01 -1.470271048896192396e-07
1.270000000000000107e+01 -1.424589118227724017e-07
1.275000000000000000e+01 -1.380507325120220501e-07
1.280000000000000071e+01 -1.337923419667300093e-07
1.285000000000000142e+01 -1.296848003798986993e-07
1.290000000000000036e+01 -1.257175835146674731e-07
1.295000000000000107e+01 -1.218874964408324847e-07
1.300000000000000000e+01 -1.181881519752955509e-07
1.305000000000000071e+01 -1.146133038805566809e-07
1.310000000000000142e+01 -1.111595070968823405e-07
1.315000000000000036e+01 -1.078217906887005362e-07
1.320000000000000107e+01 -1.046005392627737673e-07
1.325000000000000000e+01 -1.014835792365255386e-07
1.330000000000000071e+01 -9.847043519798302999e-08
1.335000000000000142e+01 -9.555958649699255552e-08
1.340000000000000036e+01 -9.274084507701319177e-08
1.345000000000000107e+01 -9.001948841580518195e-08
1.350000000000000000e+01 -8.738903998633774441e-08
1.355000000000000071e+01 -8.484117423063883385e-08
1.360000000000000142e+01 -8.237670942667570827e-08
1.365000000000000036e+01 -7.999592528251483267e-08
1.370000000000000107e+01 -7.768731202371155540e-08
1.375000000000000000e+01 -7.545814262241836368e-08
1.380000000000000071e+01 -7.329928081522873615e-08
1.385000000000000142e+01 -7.120757724133953795e-08
1.390000000000000036e+01 -6.918424052831808975e-08
1.395000000000000107e+01 -6.722521829083219503e-08
1.400000000000000000e+01 -6.532678386386400169e-08
1.405000000000000071e+01 -6.349136982927740065e-08
1.410000000000000142e+01 -6.171320247468767585e-08
1.415000000000000036e+01 -5.998918189167550457e-08
1.420000000000000107e+01 -5.831948306476401283e-08
1.425000000000000000e+01 -5.670335214381838053e-08
1.430000000000000071e+01 -5.513710159307461093e-08
1.435000000000000142e+01 -5.361847491601625311e-08
1.440000000000000036e+01 -5.214660122756283818e-08
1.445000000000000107e+01 -5.071951161925449822e-08
1.450000000000000000e+01 -4.933770049508124027e-08
1.455000000000000071e+01 -4.799835475322137266e-08
1.460000000000000142e+01 -4.669915779457337836e-08
1.465000000000000036e+01 -4.543870673250733607e-08
1.470000000000000107e+01 -4.421691354129802643e-08
1.475000000000000000e+01 -4.303112237858724131e-08
1.480000000000000071e+01 -4.188255280636492481e-08
1.485000000000000142e+01 -4.076817074193608968e-08
1.490000000000000036e+01 -3.968584761922454419e-08
1.495000000000000107e+01 -3.863662180381389723e-08
1.500000000000000000e+01 -3.761860327443360933e-08
1.505000000000000071e+01 -3.662973621623755846e-08
1.510000000000000142e+01 -3.567066394889778862e-08
1.515000000000000036e+01 -3.474018060069522882e-08
1.520000000000000107e+01 -3.383589324904026130e-08
1.525000000000000000e+01 -3.295927074822587656e-08
1.530000000000000071e+01 -3.210715735922190638e-08
1.535000000000000142e+01 -3.127924113328278403e-08
1.540000000000000036e+01 -3.047659019429559104e-08
1.545000000000000107e+01 -2.969672010500464084e-08
1.550000000000000000e+01 -2.893865976469917004e-08
1.555000000000000071e+01 -2.820242310110773469e-08
1.560000000000000142e+01 -2.748734670157212250e-08
1.565000000000000036e+01 -2.679230115829959460e-08
1.570000000000000107e+01 -2.611798305663839381e-08
1.575000000000000000e+01 -2.546167181481208953e-08
1.580000000000000071e+01 -2.482436503243445494e-08
1.585000000000000142e+01 -2.420442252284775114e-08
1.590000000000000036e+01 -2.360227801142158528e-08
1.595000000000000107e+01 -2.301687739915354032e-08
1.600000000000000000e+01 -2.244810376883195056e-08
1.605000000000000071e+01 -2.189465594208842825e-08
1.610000000000000142e+01 -2.135670828250782194e-08
1.615000000000000213e+01 -2.083361811051190602e-08
1.619999999999999929e+01 -2.032403891163448527e-08
1.625000000000000000e+01 -1.982896533873017017e-08
1.630000000000000071e+01 -1.934777447508906032e-08
1.635000000000000142e+01 -1.887932744823616887e-08
1.640000000000000213e+01 -1.842443237196216283e-08
1.644999999999999929e+01 -1.798135552716276489e-08
