0.000000000000000000e+00 0.000000000000000000e+00
5.000000000000000278e-02 -3.514494783593858352e-09
1.000000000000000056e-01 -5.611494711923327726e-08
1.500000000000000222e-01 -2.830974252379915522e-07
2.000000000000000111e-01 -8.903876996986226489e-07
2.500000000000000000e-01 -2.160242379112033845e-06
3.000000000000000444e-01 -4.445334968885230988e-06
3.500000000000000333e-01 -8.161329389832526547e-06
4.000000000000000222e-01 -1.377807005537872512e-05
4.500000000000000111e-01 -2.180954216166972279e-05
5.000000000000000000e-01 -3.280277799764316494e-05
5.500000000000000444e-01 -4.732590446476986953e-05
6.000000000000000888e-01 -6.595554327598833857e-05
6.500000000000000222e-01 -8.926378818701861137e-05
7.000000000000000666e-01 -1.178049928517586247e-04
7.500000000000000000e-01 -1.521026082867873563e-04
8.000000000000000444e-01 -1.926363103314212492e-04
8.500000000000000888e-01 -2.398296548099851757e-04
9.000000000000000222e-01 -2.940384913137237470e-04
9.500000000000000666e-01 -3.555403556570336100e-04
1.000000000000000000e+00 -4.245250462290594043e-04
1.050000000000000044e+00 -5.010865708282261381e-04
1.100000000000000089e+00 -5.852166283741764251e-04
1.150000000000000133e+00 -6.767997644480965762e-04
1.200000000000000178e+00 -7.756103112950601865e-04
1.250000000000000000e+00 -8.813111921720808394e-04
1.300000000000000044e+00 -9.934546372442631685e-04
1.350000000000000089e+00 -1.111484824174355322e-03
1.400000000000000133e+00 -1.234742421720199171e-03
1.450000000000000178e+00 -1.362470979689162868e-03
1.500000000000000000e+00 -1.493825074164268100e-03
1.550000000000000044e+00 -1.627880083692426422e-03
1.600000000000000089e+00 -1.763643440790180249e-03
1.650000000000000133e+00 -1.900067174340753498e-03
1.700000000000000178e+00 -2.036061532861331482e-03
1.750000000000000000e+00 -2.170509456798230038e-03
1.800000000000000044e+00 -2.302281650483765582e-03
1.850000000000000089e+00 -2.430251991608319354e-03
1.900000000000000133e+00 -2.553313008377741840e-03
1.950000000000000178e+00 -2.670391152188470417e-03
2.000000000000000000e+00 -2.780461596793426873e-03
2.050000000000000266e+00 -2.882562303560767640e-03
2.100000000000000089e+00 -2.975807106425895458e-03
2.149999999999999911e+00 -3.059397589257135432e-03
2.200000000000000178e+00 -3.132633552221097094e-03
2.250000000000000000e+00 -3.194921891848758778e-03
2.300000000000000266e+00 -3.245783751259290369e-03
2.350000000000000089e+00 -3.284859831689630576e-03
2.400000000000000355e+00 -3.311913793316853712e-03
2.450000000000000178e+00 -3.326833711499054946e-03
2.500000000000000000e+00 -3.329631593111447539e-03
2.550000000000000266e+00 -3.320440995715187409e-03
2.600000000000000089e+00 -3.299512828974504163e-03
2.650000000000000355e+00 -3.267209452175011495e-03
2.700000000000000178e+00 -3.223997213094501827e-03
2.750000000000000000e+00 -3.170437601120581605e-03
2.800000000000000266e+00 -3.107177210784082058e-03
2.850000000000000089e+00 -3.034936730290312829e-03
2.900000000000000355e+00 -2.954499182823411545e-03
2.950000000000000178e+00 -2.866697656157663008e-03
3.000000000000000000e+00 -2.772402758368263352e-03
3.050000000000000266e+00 -2.672510034276500811e-03
3.100000000000000089e+00 -2.567927568919648167e-03
3.150000000000000355e+00 -2.459563991168883194e-03
3.200000000000000178e+00 -2.348317073116655031e-03
3.250000000000000000e+00 -2.235063099611011520e-03
3.300000000000000266e+00 -2.120647158006547326e-03
3.350000000000000089e+00 -2.005874471570192989e-03
3.400000000000000355e+00 -1.891502871803954532e-03
3.450000000000000178e+00 -1.778236476017667003e-03
3.500000000000000000e+00 -1.666720607583646162e-03
3.550000000000000266e+00 -1.557537968177184588e-03
3.600000000000000089e+00 -1.451206044641026576e-03
3.650000000000000355e+00 -1.348175708521479402e-03
3.700000000000000178e+00 -1.248830944330196323e-03
3.750000000000000000e+00 -1.153489623607086055e-03
3.800000000000000266e+00 -1.062405226202782407e-03
3.850000000000000089e+00 -9.757693980549613086e-04
3.900000000000000355e+00 -8.937152261775028377e-04
3.950000000000000178e+00 -8.163211065806269800e-04
4.000000000000000000e+00 -7.436150792560999347e-04
4.049999999999999822e+00 -6.755795059649945559e-04
4.100000000000000533e+00 -6.121559710489219049e-04
4.150000000000000355e+00 -5.532502924786702201e-04
4.200000000000000178e+00 -4.987375394408057917e-04
4.250000000000000000e+00 -4.484669634982696787e-04
4.299999999999999822e+00 -4.022667622889161535e-04
4.350000000000000533e+00 -3.599486073951200572e-04
4.400000000000000355e+00 -3.213118809959698754e-04
4.450000000000000178e+00 -2.861475788022112884e-04
4.500000000000000000e+00 -2.542418492171728134e-04
4.549999999999999822e+00 -2.253791503601402710e-04
4.600000000000000533e+00 -1.993450172850425343e-04
4.650000000000000355e+00 -1.759284412395756118e-04
4.700000000000000178e+00 -1.549238710112205673e-04
4.750000000000000000e+00 -1.361328532282448831e-04
4.800000000000000711e+00 -1.193653339111072398e-04
4.850000000000000533e+00 -1.044406476364190446e-04
4.900000000000000355e+00 -9.118822345648174748e-05
4.950000000000000178e+00 -7.944803832053954718e-05
5.000000000000000000e+00 -6.907084930195549243e-05
5.050000000000000711e+00 -5.991823559775960844e-05
5.100000000000000533e+00 -5.186248019085438408e-05
5.150000000000000355e+00 -4.478631940892441386e-05
5.200000000000000178e+00 -3.858258653060486429e-05
5.250000000000000000e+00 -3.315377322058626533e-05
