0.000000000000000000e+00 -0.000000000000000000e+00
5.000000000000000278e-02 -1.663297662040162505e-06
1.000000000000000056e-01 -1.325490784423377093e-05
1.500000000000000222e-01 -4.444728407652733296e-05
2.000000000000000111e-01 -1.044081528732085520e-04
2.500000000000000000e-01 -2.015653911369872319e-04
3.000000000000000444e-01 -3.433920080375494482e-04
3.500000000000000333e-01 -5.362168770437689396e-04
4.000000000000000222e-01 -7.850662006078255525e-04
4.500000000000000111e-01 -1.093539474784788884e-03
5.000000000000000000e-01 -1.463723043899295981e-03
5.500000000000000444e-01 -1.896142646496511673e-03
6.000000000000000888e-01 -2.389756031640178149e-03
6.500000000000000222e-01 -2.941984422755347141e-03
7.000000000000000666e-01 -3.548781561348393100e-03
7.500000000000000000e-01 -4.204737375770657704e-03
8.000000000000000444e-01 -4.903212647568665900e-03
8.500000000000000888e-01 -5.636500277546682702e-03
9.000000000000000222e-01 -6.396008039547351406e-03
9.500000000000000666e-01 -7.172457409830507342e-03
1.000000000000000000e+00 -7.956092723482988474e-03
1.050000000000000044e+00 -8.736894971152391401e-03
1.100000000000000089e+00 -9.504794548803728593e-03
1.150000000000000133e+00 -1.024987769007722725e-02
1.200000000000000178e+00 -1.096258171235802575e-02
1.250000000000000000e+00 -1.163387475173868410e-02
1.300000000000000044e+00 -1.225541639641028122e-02
1.350000000000000089e+00 -1.281969645757940340e-02
1.400000000000000133e+00 -1.332014939687450189e-02
1.450000000000000178e+00 -1.375124369193184842e-02
1.500000000000000000e+00 -1.410854517829834842e-02
1.550000000000000044e+00 -1.438875467840203606e-02
1.600000000000000089e+00 -1.458972090232742505e-02
1.650000000000000133e+00 -1.471042991063341472e-02
1.700000000000000178e+00 -1.475097332062827102e-02
1.750000000000000000e+00 -1.471249714530901281e-02
1.800000000000000044e+00 -1.459713428849928468e-02
1.850000000000000089e+00 -1.440792330689710105e-02
1.900000000000000133e+00 -1.414871617081855416e-02
1.950000000000000178e+00 -1.382407775894643233e-02
2.000000000000000000e+00 -1.343918021347278655e-02
2.050000000000000266e+00 -1.299969404066786231e-02
2.100000000000000089e+00 -1.251167870810193129e-02
2.149999999999999911e+00 -1.198147463552552347e-02
2.200000000000000178e+00 -1.141559830362941230e-02
2.250000000000000000e+00 -1.082064210948389948e-02
2.300000000000000266e+00 -1.020317995134099702e-02
2.350000000000000089e+00 -9.569679758142813492e-03
2.400000000000000355e+00 -8.926423472251688446e-03
2.450000000000000178e+00 -8.279434991785211695e-03
2.500000000000000000e+00 -7.634416922041291180e-03
2.550000000000000266e+00 -6.996695259390473334e-03
2.600000000000000089e+00 -6.371173259104498214e-03
2.650000000000000355e+00 -5.762293801213531214e-03
2.700000000000000178e+00 -5.174010216495614559e-03
2.750000000000000000e+00 -4.609765670641911839e-03
2.800000000000000266e+00 -4.072480719380339002e-03
2.850000000000000089e+00 -3.564548855987576675e-03
2.900000000000000355e+00 -3.087839791651112494e-03
2.950000000000000178e+00 -2.643709999222412874e-03
3.000000000000000000e+00 -2.233020293291775905e-03
3.050000000000000266e+00 -1.856159804180382246e-03
3.100000000000000089e+00 -1.513075836627232129e-03
3.150000000000000355e+00 -1.203308998239191983e-03
3.200000000000000178e+00 -9.260328037947217813e-04
3.250000000000000000e+00 -6.800969209610484593e-04
3.300000000000000266e+00 -4.640733203821766398e-04
3.350000000000000089e+00 -2.763041157478099939e-04
3.400000000000000355e+00 -1.149503030923156927e-04
3.450000000000000178e+00 2.195969018887654822e-05
3.500000000000000000e+00 1.364827555018409367e-04
3.550000000000000266e+00 2.307158842422305596e-04
3.600000000000000089e+00 3.067541448462630872e-04
3.650000000000000355e+00 3.666525573635595744e-04
3.700000000000000178e+00 4.123925576924117602e-04
3.750000000000000000e+00 4.458535631993624875e-04
3.800000000000000266e+00 4.687900655032784902e-04
3.850000000000000089e+00 4.828144402114540701e-04
3.900000000000000355e+00 4.893854370479612482e-04
3.950000000000000178e+00 4.898022254077633204e-04
4.000000000000000000e+00 4.852036392780068020e-04
4.049999999999999822e+00 4.765720970592117727e-04
4.100000000000000533e+00 4.647416588956764785e-04
4.150000000000000355e+00 4.504093601467888328e-04
4.200000000000000178e+00 4.341491003719631756e-04
4.250000000000000000e+00 4.164273342137156516e-04
4.299999999999999822e+00 3.976194800619138755e-04
4.350000000000000533e+00 3.780266275662314056e-04
4.400000000000000355e+00 3.578914612329514014e-04
4.450000000000000178e+00 3.374129903590287680e-04
4.500000000000000000e+00 3.167595174102221509e-04
4.549999999999999822e+00 2.960794358124212893e-04
4.600000000000000533e+00 2.755096886156621671e-04
4.650000000000000355e+00 2.551817498703351462e-04
4.700000000000000178e+00 2.352252028491766227e-04
4.750000000000000000e+00 2.157690748112169141e-04
4.800000000000000711e+00 1.969412517586152406e-04
4.850000000000000533e+00 1.788662379188024078e-04
4.900000000000000355e+00 1.616618554944056045e-04
4.950000000000000178e+00 1.454351496807053498e-04
5.000000000000000000e+00 1.302780986265965021e-04
5.050000000000000711e+00 1.162635780728639315e-04
5.100000000000000533e+00 1.034417441066710973e-04
5.150000000000000355e+00 9.183748242491026324e-05
5.200000000000000178e+00 8.144891231445564018e-05
5.250000000000000000e+00 7.224722316464476468e-05
5.300000000000000711e+00 6.417781885330413859e-05
5.350000000000000533e+00 5.716277330370234230e-05
5.400000000000000355e+00 5.110444778903773982e-05
5.450000000000000178e+00 4.589006196784889836e-05
5.500000000000000000e+00 4.139697505877382915e-05
5.550000000000000711e+00 3.749829670353191401e-05
5.600000000000000533e+00 3.406868336753199507e-05
5.650000000000000355e+00 3.098974474904911728e-05
5.700000000000000178e+00 2.815496635734525109e-05
5.750000000000000000e+00 2.547377035114679639e-05
5.800000000000000711e+00 2.287460329473554711e-05
5.850000000000000533e+00 2.030673750394318484e-05
5.900000000000000355e+00 1.774099857224115405e-05
5.950000000000000178e+00 1.516908716149125250e-05
