0.000000000000000000e+00 2.387518691818565908e-02
5.000000000000000278e-02 2.706172242516760237e-02
1.000000000000000056e-01 2.655651637042086288e-02
1.500000000000000222e-01 2.567963695169123498e-02
2.000000000000000111e-01 2.444252332639629613e-02
2.500000000000000000e-01 2.294432676214209002e-02
3.000000000000000444e-01 2.111494829856092395e-02
3.500000000000000333e-01 1.903935382315862651e-02
4.000000000000000222e-01 1.670262905645335944e-02
4.500000000000000111e-01 1.416904311577247763e-02
5.000000000000000000e-01 1.144769043535248665e-02
5.500000000000000444e-01 8.601930705025996604e-03
6.000000000000000888e-01 5.640415815662687751e-03
6.500000000000000222e-01 2.625656873887608628e-03
7.000000000000000666e-01 -4.199046312322705248e-04
7.500000000000000000e-01 -3.455373228285670180e-03
8.000000000000000444e-01 -6.444853871596973802e-03
8.500000000000000888e-01 -9.350689815887552533e-03
9.000000000000000222e-01 -1.214408000533514879e-02
9.500000000000000666e-01 -1.479609992730660135e-02
1.000000000000000000e+00 -1.727989471542006050e-02
1.050000000000000044e+00 -1.956814070060831565e-02
1.100000000000000089e+00 -2.164695387595557546e-02
1.150000000000000133e+00 -2.349591849840597033e-02
1.200000000000000178e+00 -2.509553280846368167e-02
1.250000000000000000e+00 -2.644924772038987834e-02
1.300000000000000044e+00 -2.754743533571965206e-02
1.350000000000000089e+00 -2.838262794601734140e-02
1.400000000000000133e+00 -2.896015756589567433e-02
1.450000000000000178e+00 -2.928250992314514883e-02
1.500000000000000000e+00 -2.935980565332840797e-02
1.550000000000000044e+00 -2.920257593480429098e-02
1.600000000000000089e+00 -2.882114464162298731e-02
1.650000000000000133e+00 -2.822959883652157581e-02
1.700000000000000178e+00 -2.744318855777535746e-02
1.750000000000000000e+00 -2.648586682730291048e-02
1.800000000000000044e+00 -2.537227466265386949e-02
1.850000000000000089e+00 -2.412345414804891591e-02
1.900000000000000133e+00 -2.274975469016363508e-02
1.950000000000000178e+00 -2.128945038896252681e-02
2.000000000000000000e+00 -1.974819253900324603e-02
2.050000000000000266e+00 -1.815270091342410450e-02
2.100000000000000089e+00 -1.652049233623266444e-02
2.149999999999999911e+00 -1.486707216263795199e-02
2.200000000000000178e+00 -1.321564796535391016e-02
2.250000000000000000e+00 -1.157560348387369660e-02
2.300000000000000266e+00 -9.970355837523528150e-03
2.350000000000000089e+00 -8.401086479799788759e-03
2.400000000000000355e+00 -6.896467669104075840e-03
2.450000000000000178e+00 -5.449761727378473440e-03
2.500000000000000000e+00 -4.084297912574998829e-03
2.550000000000000266e+00 -2.797562642903220643e-03
2.600000000000000089e+00 -1.603520661434226389e-03
2.650000000000000355e+00 -4.993095700018400796e-04
2.700000000000000178e+00 5.063913970938311486e-04
2.750000000000000000e+00 1.414750964435428212e-03
2.800000000000000266e+00 2.224743732100051101e-03
2.850000000000000089e+00 2.937235272976586927e-03
2.900000000000000355e+00 3.553360073398932964e-03
2.950000000000000178e+00 4.076375909037582325e-03
3.000000000000000000e+00 4.510714349876327432e-03
3.050000000000000266e+00 4.859773176689087364e-03
3.100000000000000089e+00 5.129287880241094159e-03
3.150000000000000355e+00 5.324489170135248729e-03
3.200000000000000178e+00 5.450483824610103181e-03
3.250000000000000000e+00 5.515152336832368149e-03
3.300000000000000266e+00 5.522972640345838978e-03
3.350000000000000089e+00 5.481481169065965074e-03
3.400000000000000355e+00 5.395927798033774495e-03
3.450000000000000178e+00 5.273206922140260752e-03
3.500000000000000000e+00 5.117842929240955067e-03
3.550000000000000266e+00 4.939316897437936484e-03
3.600000000000000089e+00 4.733917085975668237e-03
3.650000000000000355e+00 4.518795972124207451e-03
3.700000000000000178e+00 4.286223209223633673e-03
3.750000000000000000e+00 4.052924461744327085e-03
3.800000000000000266e+00 3.810114723142857089e-03
3.850000000000000089e+00 3.567147500100337557e-03
3.900000000000000355e+00 3.328378041951489917e-03
3.950000000000000178e+00 3.093160891394831392e-03
4.000000000000000000e+00 2.861119964819164741e-03
4.049999999999999822e+00 2.640935516794195182e-03
4.100000000000000533e+00 2.427562357562931816e-03
4.150000000000000355e+00 2.225145384687425565e-03
4.200000000000000178e+00 2.032823446936137413e-03
4.250000000000000000e+00 1.852161321734119770e-03
4.299999999999999822e+00 1.682336624478671452e-03
4.350000000000000533e+00 1.524444307127700241e-03
4.400000000000000355e+00 1.377587722586468303e-03
4.450000000000000178e+00 1.242031889051265327e-03
4.500000000000000000e+00 1.116783767501924093e-03
4.549999999999999822e+00 1.003278590726155734e-03
4.600000000000000533e+00 8.952146012199054285e-04
4.650000000000000355e+00 8.061405849168506348e-04
4.700000000000000178e+00 7.145790340312414921e-04
4.750000000000000000e+00 6.375186007120827282e-04
4.800000000000000711e+00 5.673380516050635603e-04
4.850000000000000533e+00 5.035647436058733476e-04
4.900000000000000355e+00 4.470351271478744011e-04
4.950000000000000178e+00 3.954976320844142941e-04
5.000000000000000000e+00 3.502261925493004285e-04
5.050000000000000711e+00 3.100521335032024222e-04
5.100000000000000533e+00 2.722500561171157054e-04
5.150000000000000355e+00 2.430341031828970862e-04
5.200000000000000178e+00 2.128196620563701179e-04
5.250000000000000000e+00 1.882703885107584612e-04
5.300000000000000711e+00 1.661208449750013066e-04
5.350000000000000533e+00 1.449966444360340152e-04
5.400000000000000355e+00 1.297336876344090347e-04
5.450000000000000178e+00 1.129470213894247921e-04
5.500000000000000000e+00 9.985310248751519987e-05
5.550000000000000711e+00 8.772499618325142452e-05
5.600000000000000533e+00 7.717035678760399955e-05
5.650000000000000355e+00 6.781790747714658740e-05
5.700000000000000178e+00 5.959411384259309338e-05
5.750000000000000000e+00 5.232009241609819855e-05
5.800000000000000711e+00 4.604194456012578892e-05
5.850000000000000533e+00 4.011293639688316779e-05
5.900000000000000355e+00 3.589503022651365557e-05
5.950000000000000178e+00 3.083178285741116346e-05
6.000000000000000000e+00 2.768655737585346810e-05
6.050000000000000711e+00 2.417082764179905583e-05
6.100000000000000533e+00 2.148219222689973733e-05
6.150000000000000355e+00 1.880984724205125475e-05
6.200000000000000178e+00 1.746772450803752528e-05
6.250000000000000000e+00 1.436781605165900327e-05
6.300000000000000711e+00 1.382582476616592538e-05
6.350000000000000533e+00 1.149805026869420331e-05
6.400000000000000355e+00 1.118605235119363765e-05
6.450000000000000178e+00 9.355961539628463090e-06
6.500000000000000000e+00 8.723733815598479983e-06
6.550000000000000711e+00 7.671405812659938038e-06
6.600000000000000533e+00 6.880838557994488087e-06
6.650000000000000355e+00 6.086805463344343372e-06
6.700000000000000178e+00 5.366750633530693224e-06
6.750000000000000000e+00 4.693804081226732658e-06
6.800000000000000711e+00 4.069221808945637170e-06
6.850000000000000533e+00 3.479110887389870702e-06
6.900000000000000355e+00 3.032487854433405123e-06
6.950000000000000178e+00 2.577864216137892858e-06
7.000000000000000000e+00 2.164115744435231467e-06
7.050000000000000711e+00 1.897579129424376046e-06
7.100000000000000533e+00 1.663853796614913910e-06
7.150000000000000355e+00 1.458901570762755391e-06
7.200000000000000178e+00 1.279178589037369096e-06
7.250000000000000000e+00 1.121575618604244136e-06
7.300000000000000711e+00 9.833844091372431216e-07
7.350000000000000533e+00 8.622102124618586549e-07
7.400000000000000355e+00 7.559554534878988365e-07
7.450000000000000178e+00 6.627911750922833877e-07
7.500000000000000000e+00 5.811010124788006205e-07
7.550000000000000711e+00 5.094751414536024317e-07
7.600000000000000533e+00 4.466700797616156410e-07
7.650000000000000355e+00 3.916059334684585211e-07
