0.000000000000000000e+00 2.557763564964853076e-02
5.000000000000000278e-02 2.851774734459232297e-02
1.000000000000000056e-01 2.804472918684033575e-02
1.500000000000000222e-01 2.722162462141513445e-02
2.000000000000000111e-01 2.609677184332197600e-02
2.500000000000000000e-01 2.466954017801837110e-02
3.000000000000000444e-01 2.297098182955447515e-02
3.500000000000000333e-01 2.103566437138367634e-02
4.000000000000000222e-01 1.886372882815053748e-02
4.500000000000000111e-01 1.650637697594501893e-02
5.000000000000000000e-01 1.398914474913294861e-02
5.500000000000000444e-01 1.134802186191419433e-02
6.000000000000000888e-01 8.612295970763930025e-03
6.500000000000000222e-01 5.828909403293443953e-03
7.000000000000000666e-01 3.029270770395381309e-03
7.500000000000000000e-01 2.385440352743496966e-04
8.000000000000000444e-01 -2.496365880606511278e-03
8.500000000000000888e-01 -5.150519416642929463e-03
9.000000000000000222e-01 -7.689994050294893593e-03
9.500000000000000666e-01 -1.009189416683424316e-02
1.000000000000000000e+00 -1.232912854781312469e-02
1.050000000000000044e+00 -1.438417383321002191e-02
1.100000000000000089e+00 -1.623622070277392498e-02
1.150000000000000133e+00 -1.787348560371329609e-02
1.200000000000000178e+00 -1.928218918523108907e-02
1.250000000000000000e+00 -2.045955659286175995e-02
1.300000000000000044e+00 -2.140185018279991414e-02
1.350000000000000089e+00 -2.210972500028304810e-02
1.400000000000000133e+00 -2.258323461609960947e-02
1.450000000000000178e+00 -2.283012694676985616e-02
1.500000000000000000e+00 -2.286106886388121137e-02
1.550000000000000044e+00 -2.268855631868764086e-02
1.600000000000000089e+00 -2.232398129440838278e-02
1.650000000000000133e+00 -2.178323433947758347e-02
1.700000000000000178e+00 -2.108013106072319925e-02
1.750000000000000000e+00 -2.023726424409840602e-02
1.800000000000000044e+00 -1.927199421031289966e-02
1.850000000000000089e+00 -1.819936973270354710e-02
1.900000000000000133e+00 -1.704170876238690971e-02
1.950000000000000178e+00 -1.581672533195490823e-02
2.000000000000000000e+00 -1.454220788406346276e-02
2.050000000000000266e+00 -1.323496803234324240e-02
2.100000000000000089e+00 -1.191395703686798542e-02
2.149999999999999911e+00 -1.059090840920138589e-02
2.200000000000000178e+00 -9.283539260841354099e-03
2.250000000000000000e+00 -8.002075059134952997e-03
2.300000000000000266e+00 -6.758870963019798610e-03
2.350000000000000089e+00 -5.563386999504453187e-03
2.400000000000000355e+00 -4.425681904880630381e-03
2.450000000000000178e+00 -3.351014120389668970e-03
2.500000000000000000e+00 -2.345695618696401041e-03
2.550000000000000266e+00 -1.414146269506573331e-03
2.600000000000000089e+00 -5.594420612853618236e-04
2.650000000000000355e+00 2.177770457242105765e-04
2.700000000000000178e+00 9.155896720319285512e-04
2.750000000000000000e+00 1.534621754435973665e-03
2.800000000000000266e+00 2.077195325038683031e-03
2.850000000000000089e+00 2.544253930130633765e-03
2.900000000000000355e+00 2.939363034148483045e-03
2.950000000000000178e+00 3.265774186221493021e-03
3.000000000000000000e+00 3.527707628329471937e-03
3.050000000000000266e+00 3.729119204164430944e-03
3.100000000000000089e+00 3.874730530520760410e-03
3.150000000000000355e+00 3.969274109065610776e-03
3.200000000000000178e+00 4.017578627209708597e-03
3.250000000000000000e+00 4.024929178283745412e-03
3.300000000000000266e+00 3.995593485838730766e-03
3.350000000000000089e+00 3.934710280901697853e-03
3.400000000000000355e+00 3.846631831347929395e-03
3.450000000000000178e+00 3.735762338051559078e-03
3.500000000000000000e+00 3.606109614621525253e-03
3.550000000000000266e+00 3.461565262744493911e-03
3.600000000000000089e+00 3.305596190850009896e-03
3.650000000000000355e+00 3.141326889820286305e-03
3.700000000000000178e+00 2.971730351744898951e-03
3.750000000000000000e+00 2.799373211833480410e-03
3.800000000000000266e+00 2.626386029914271666e-03
3.850000000000000089e+00 2.454715159203602667e-03
3.900000000000000355e+00 2.286051914160885327e-03
3.950000000000000178e+00 2.121744476178191122e-03
4.000000000000000000e+00 1.962847065049497242e-03
4.049999999999999822e+00 1.810334598429120742e-03
4.100000000000000533e+00 1.664728504226527803e-03
4.150000000000000355e+00 1.526569666683209045e-03
4.200000000000000178e+00 1.396225110541545172e-03
4.250000000000000000e+00 1.273720811344733255e-03
4.299999999999999822e+00 1.159167224955258424e-03
4.350000000000000533e+00 1.052521008489981343e-03
4.400000000000000355e+00 9.535487709533964178e-04
4.450000000000000178e+00 8.620828318920498385e-04
4.500000000000000000e+00 7.778305056727165614e-04
4.549999999999999822e+00 7.004582117497301034e-04
4.600000000000000533e+00 6.296454345373824965e-04
4.650000000000000355e+00 5.650177094472237475e-04
4.700000000000000178e+00 5.061872221163982557e-04
4.750000000000000000e+00 4.527947158290587500e-04
4.800000000000000711e+00 4.044577352451377700e-04
4.850000000000000533e+00 3.607985907077482430e-04
4.900000000000000355e+00 3.214699655914602587e-04
4.950000000000000178e+00 2.861174845286372764e-04
5.000000000000000000e+00 2.544097747400609331e-04
5.050000000000000711e+00 2.260278189691377411e-04
5.100000000000000533e+00 2.006782591996822851e-04
5.150000000000000355e+00 1.780760057213297352e-04
5.200000000000000178e+00 1.579543877274734720e-04
5.250000000000000000e+00 1.400722359190078637e-04
5.300000000000000711e+00 1.241985741207869145e-04
5.350000000000000533e+00 1.101222286976111828e-04
5.400000000000000355e+00 9.765166730910289036e-05
5.450000000000000178e+00 8.661008856223894887e-05
5.500000000000000000e+00 7.683677676180706401e-05
5.550000000000000711e+00 6.818901158826734033e-05
5.600000000000000533e+00 6.053466953555509044e-05
5.650000000000000355e+00 5.375974066564585845e-05
5.700000000000000178e+00 4.776088332873989605e-05
5.750000000000000000e+00 4.244666752993641690e-05
5.800000000000000711e+00 3.773820578902057986e-05
5.850000000000000533e+00 3.356460948737788411e-05
5.900000000000000355e+00 2.986400426795933870e-05
5.950000000000000178e+00 2.658298053677128191e-05
6.000000000000000000e+00 2.367385520874688292e-05
6.050000000000000711e+00 2.109487098536948205e-05
6.100000000000000533e+00 1.880963995343434649e-05
6.150000000000000355e+00 1.678464637824758824e-05
6.200000000000000178e+00 1.499095444400172164e-05
6.250000000000000000e+00 1.340234170368020109e-05
6.300000000000000711e+00 1.199452076127390031e-05
6.350000000000000533e+00 1.074604814669920120e-05
6.400000000000000355e+00 9.637430251374402100e-06
6.450000000000000178e+00 8.650562822409656313e-06
6.500000000000000000e+00 7.769612115089722935e-06
6.550000000000000711e+00 6.980449459324910891e-06
6.600000000000000533e+00 6.270235315375663356e-06
6.650000000000000355e+00 5.628272855179439131e-06
6.700000000000000178e+00 5.045252338710919313e-06
6.750000000000000000e+00 4.513479840494359552e-06
6.800000000000000711e+00 4.026816479902314011e-06
6.850000000000000533e+00 3.580381585361325689e-06
6.900000000000000355e+00 3.170532456796926254e-06
6.950000000000000178e+00 2.794667825392207775e-06
7.000000000000000000e+00 2.450938039824435520e-06
7.050000000000000711e+00 2.138086726451619583e-06
7.100000000000000533e+00 1.855264930431245326e-06
7.150000000000000355e+00 1.601749032261572074e-06
7.200000000000000178e+00 1.376814306691894741e-06
7.250000000000000000e+00 1.179559260757967140e-06
7.300000000000000711e+00 1.008823651989615816e-06
7.350000000000000533e+00 8.630793970051598662e-07
7.400000000000000355e+00 7.404264829056749080e-07
7.450000000000000178e+00 6.386227574892887730e-07
7.500000000000000000e+00 5.551146206245418263e-07
7.550000000000000711e+00 4.871421742420564512e-07
7.600000000000000533e+00 4.318407002941232234e-07
7.650000000000000355e+00 3.863731153082050695e-07
7.700000000000000178e+00 3.480422344186412588e-07
7.750000000000000000e+00 3.144159584786288123e-07
7.800000000000000711e+00 2.834251265638957128e-07
7.850000000000000533e+00 2.534418906522995948e-07
7.900000000000000355e+00 2.233222118578745097e-07
7.950000000000000178e+00 1.924225104545747610e-07
8.000000000000000000e+00 1.605811135590463907e-07
8.050000000000000711e+00 1.280668409770885365e-07
8.099999999999999645e+00 9.550484236284727869e-08
8.150000000000000355e+00 6.377926135304975005e-08
8.200000000000001066e+00 3.392528509095333501e-08
8.250000000000000000e+00 7.013963369416685841e-09
8.300000000000000711e+00 -1.595464347394033004e-08
8.349999999999999645e+00 -3.415197824053172100e-08
8.400000000000000355e+00 -4.700044165689271405e-08
8.450000000000001066e+00 -5.422833917848416855e-08
8.500000000000000000e+00 -5.590029674904065784e-08
8.550000000000000711e+00 -5.241835000740971750e-08
8.599999999999999645e+00 -4.449598746895651829e-08
8.650000000000000355e+00 -3.310775567295004678e-08
8.700000000000001066e+00 -1.941908849197937898e-08
8.750000000000000000e+00 -4.701717358530395768e-09
8.800000000000000711e+00 9.757543535634362252e-09
8.849999999999999645e+00 2.274825184458339767e-08
8.900000000000000355e+00 3.322202929981234485e-08
8.950000000000001066e+00 4.036353388484982177e-08
9.000000000000000000e+00 4.364443725599536025e-08
9.050000000000000711e+00 4.285495981070680022e-08
9.099999999999999645e+00 3.811160598867418768e-08
9.150000000000000355e+00 2.984138799398850818e-08
9.200000000000001066e+00 1.874205069275362449e-08
9.250000000000000000e+00 5.725099889121663783e-09
9.300000000000000711e+00 -8.157210213742192083e-09
9.349999999999999645e+00 -2.179423040436917176e-08
9.400000000000000355e+00 -3.410018921198769504e-08
9.450000000000001066e+00 -4.409700861994444341e-08
9.500000000000000000e+00 -5.098618950431815074e-08
9.550000000000000711e+00 -5.420639506753560380e-08
9.600000000000001421e+00 -5.347381869226810429e-08
9.650000000000000355e+00 -4.879991111284737555e-08
9.700000000000001066e+00 -4.049166849034057334e-08
9.750000000000000000e+00 -2.911647811432242981e-08
9.800000000000000711e+00 -1.549657578645609885e-08
9.850000000000001421e+00 nan
9.900000000000000355e+00 nan
9.950000000000001066e+00 nan
1.000000000000000000e+01 nan
1.005000000000000071e+01 nan
1.010000000000000142e+01 nan
1.015000000000000036e+01 nan
1.020000000000000107e+01 nan
1.025000000000000000e+01 nan
1.030000000000000071e+01 nan
1.035000000000000142e+01 nan
1.040000000000000036e+01 nan
1.045000000000000107e+01 nan
1.050000000000000000e+01 nan
1.055000000000000071e+01 nan
1.060000000000000142e+01 nan
1.065000000000000036e+01 nan
1.070000000000000107e+01 nan
1.075000000000000000e+01 nan
1.080000000000000071e+01 nan
1.085000000000000142e+01 nan
1.090000000000000036e+01 nan
1.095000000000000107e+01 nan
