0.000000000000000000e+00 -0.000000000000000000e+00
5.000000000000000278e-02 -1.166450575899881120e-07
1.000000000000000056e-01 -9.240115510266111696e-07
1.500000000000000222e-01 -3.067401028921367687e-06
2.000000000000000111e-01 -7.102780216876155860e-06
2.500000000000000000e-01 -1.345583069278851307e-05
3.000000000000000444e-01 -2.238533361411046153e-05
3.500000000000000333e-01 -3.395212947996693940e-05
4.000000000000000222e-01 -4.799472094920300102e-05
4.500000000000000111e-01 -6.411241442955588419e-05
5.000000000000000000e-01 -8.165659121150587742e-05
5.500000000000000444e-01 -9.973057002205711215e-05
6.000000000000000888e-01 -1.171981956340054944e-04
6.500000000000000222e-01 -1.327009531788980344e-04
7.000000000000000666e-01 -1.446833555667807411e-04
7.500000000000000000e-01 -1.514258845621938455e-04
8.000000000000000444e-01 -1.510846322807482176e-04
8.500000000000000888e-01 -1.417366771383620644e-04
9.000000000000000222e-01 -1.214298213042646479e-04
9.500000000000000666e-01 -8.823542259107084503e-05
1.000000000000000000e+00 -4.030281180547227267e-05
1.050000000000000044e+00 2.408622061492822817e-05
1.100000000000000089e+00 1.064644020593887551e-04
1.150000000000000133e+00 2.081289191685610853e-04
1.200000000000000178e+00 3.300957467407240279e-04
1.250000000000000000e+00 4.730596709265964101e-04
1.300000000000000044e+00 6.373611601303075854e-04
1.350000000000000089e+00 8.229610572065993584e-04
1.400000000000000133e+00 1.029423815435584737e-03
1.450000000000000178e+00 1.255909889391219024e-03
1.500000000000000000e+00 1.501177442946249148e-03
1.550000000000000044e+00 1.763593467189484513e-03
1.600000000000000089e+00 2.041154201918340440e-03
1.650000000000000133e+00 2.331514035998018611e-03
1.700000000000000178e+00 2.632022677970095349e-03
1.750000000000000000e+00 2.939769351948458721e-03
1.800000000000000044e+00 3.251633084193912126e-03
1.850000000000000089e+00 3.564337839400475230e-03
1.900000000000000133e+00 3.874511176231089805e-03
1.950000000000000178e+00 4.178745017387569018e-03
2.000000000000000000e+00 4.473657094202863199e-03
2.050000000000000266e+00 4.755951629636821429e-03
2.100000000000000089e+00 5.022477869192431589e-03
2.149999999999999911e+00 5.270285127625591072e-03
2.200000000000000178e+00 5.496673178479902395e-03
2.250000000000000000e+00 5.699236897363535795e-03
2.300000000000000266e+00 5.875904257330534855e-03
2.350000000000000089e+00 6.024967026854252325e-03
2.400000000000000355e+00 6.145103567634697776e-03
2.450000000000000178e+00 6.235393418025710066e-03
2.500000000000000000e+00 6.295323729041773370e-03
2.550000000000000266e+00 6.324787469084998393e-03
2.600000000000000089e+00 6.324073794516917903e-03
2.650000000000000355e+00 6.293851047820870140e-03
2.700000000000000178e+00 6.235143041909267138e-03
2.750000000000000000e+00 6.149299387471318483e-03
2.800000000000000266e+00 6.037960783470804060e-03
2.850000000000000089e+00 5.903020238426867801e-03
2.900000000000000355e+00 5.746581277176781265e-03
2.950000000000000178e+00 5.570914089294064057e-03
3.000000000000000000e+00 5.378410926555558975e-03
3.050000000000000266e+00 5.171541491768084572e-03
3.100000000000000089e+00 4.952809376650318431e-03
3.150000000000000355e+00 4.724710578886228036e-03
3.200000000000000178e+00 4.489694714076977039e-03
3.250000000000000000e+00 4.250129720693710499e-03
3.300000000000000266e+00 4.008270449351800969e-03
3.350000000000000089e+00 3.766231773527006430e-03
3.400000000000000355e+00 3.525966337450392018e-03
3.450000000000000178e+00 3.289247180926877998e-03
3.500000000000000000e+00 3.057655076152032865e-03
3.550000000000000266e+00 2.832570900376151207e-03
3.600000000000000089e+00 2.615172255293715230e-03
3.650000000000000355e+00 2.406434455055757662e-03
3.700000000000000178e+00 2.207135272091156290e-03
3.750000000000000000e+00 2.017863129195852749e-03
3.800000000000000266e+00 1.839028061509269830e-03
3.850000000000000089e+00 1.670875048409399587e-03
3.900000000000000355e+00 1.513499118280321699e-03
3.950000000000000178e+00 1.366861675271608626e-03
4.000000000000000000e+00 1.230807559748966140e-03
4.049999999999999822e+00 1.105082327578589974e-03
4.100000000000000533e+00 9.893493216230925692e-04
4.150000000000000355e+00 8.832061308717142770e-04
4.200000000000000178e+00 7.862001370338395989e-04
4.250000000000000000e+00 6.978428546213235294e-04
4.299999999999999822e+00 6.176228813254978954e-04
4.350000000000000533e+00 5.450173206175608917e-04
4.400000000000000355e+00 4.795015840317004585e-04
4.450000000000000178e+00 4.205576927028522238e-04
4.500000000000000000e+00 3.676807324619314971e-04
4.549999999999999822e+00 3.203841265676804907e-04
4.600000000000000533e+00 2.782034019658190618e-04
4.650000000000000355e+00 2.406985704863155414e-04
4.700000000000000178e+00 2.074556635921590583e-04
4.750000000000000000e+00 1.780872726299118688e-04
4.800000000000000711e+00 1.522322601644808353e-04
4.850000000000000533e+00 1.295551250011686792e-04
4.900000000000000355e+00 1.097448491087654076e-04
4.950000000000000178e+00 9.251348718734934149e-05
5.000000000000000000e+00 7.759468573000582146e-05
5.050000000000000711e+00 6.474217493679275133e-05
5.100000000000000533e+00 5.372833343845256015e-05
5.150000000000000355e+00 4.434288641060035990e-05
5.200000000000000178e+00 3.639176142913829847e-05
5.250000000000000000e+00 2.969613645541297001e-05
5.300000000000000711e+00 2.409166774478855376e-05
5.350000000000000533e+00 1.942788327299949235e-05
5.400000000000000355e+00 1.556771332404397593e-05
5.450000000000000178e+00 1.238711471370013781e-05
5.500000000000000000e+00 9.774792714100280687e-06
5.550000000000000711e+00 7.631848849831062979e-06
5.600000000000000533e+00 5.871570678373496185e-06
5.650000000000000355e+00 4.418902498967378236e-06
5.700000000000000178e+00 3.210155138657467701e-06
5.750000000000000000e+00 2.192353659763938697e-06
5.800000000000000711e+00 1.322578108700952210e-06
5.850000000000000533e+00 5.671540808940025354e-07
5.900000000000000355e+00 -9.920571364218471216e-08
5.950000000000000178e+00 -6.944867758869160971e-07
6.000000000000000000e+00 -1.230390982400411119e-06
6.050000000000000711e+00 -1.713477547095472641e-06
6.100000000000000533e+00 -2.146291794568444426e-06
6.150000000000000355e+00 -2.528477468358760402e-06
6.200000000000000178e+00 -2.857832533401162154e-06
6.250000000000000000e+00 -3.131277939717564920e-06
6.300000000000000711e+00 -3.345725126634101872e-06
6.350000000000000533e+00 -3.498730672058618854e-06
6.400000000000000355e+00 -3.589147220630783161e-06
6.450000000000000178e+00 -3.617460264652153906e-06
6.500000000000000000e+00 -3.586032108991513112e-06
6.550000000000000711e+00 -3.499169501494533094e-06
6.600000000000000533e+00 -3.363041072016822228e-06
6.650000000000000355e+00 -3.185476270147942704e-06
6.700000000000000178e+00 -2.975583808944919956e-06
6.750000000000000000e+00 -2.743429626859997173e-06
6.800000000000000711e+00 -2.499516739974725924e-06
6.850000000000000533e+00 -2.254312761802665975e-06
6.900000000000000355e+00 -2.017767716192772174e-06
6.950000000000000178e+00 -1.798865438573716203e-06
7.000000000000000000e+00 -1.605225674492663438e-06
7.050000000000000711e+00 -1.442790832915910667e-06
7.100000000000000533e+00 -1.315599255154265769e-06
7.150000000000000355e+00 -1.225660465149719662e-06
7.200000000000000178e+00 -1.172925568876583834e-06
7.250000000000000000e+00 -1.155400057076665248e-06
7.300000000000000711e+00 -1.169308233815138003e-06
7.350000000000000533e+00 -1.209325196736542933e-06
7.400000000000000355e+00 -1.268948871772984028e-06
7.450000000000000178e+00 -1.340867985883394548e-06
7.500000000000000000e+00 -1.417371500612154874e-06
7.550000000000000711e+00 -1.490763625824514640e-06
7.600000000000000533e+00 -1.553767730817297320e-06
7.650000000000000355e+00 -1.599893421450224359e-06
7.700000000000000178e+00 -1.623743776043969261e-06
7.750000000000000000e+00 -1.621301095445434822e-06
7.800000000000000711e+00 -1.590028364079051043e-06
7.850000000000000533e+00 -1.529062933620164497e-06
7.900000000000000355e+00 -1.439113241199184858e-06
7.950000000000000178e+00 -1.322448783430719290e-06
