0.000000000000000000e+00 9.242114021847792904e-02
5.000000000000000278e-02 9.245385657863802731e-02
1.000000000000000056e-01 9.255181288356179037e-02
1.500000000000000222e-01 9.271442734011280107e-02
2.000000000000000111e-01 9.294072123236421512e-02
2.500000000000000000e-01 9.322930467720234871e-02
3.000000000000000444e-01 9.357835843917773622e-02
3.500000000000000333e-01 9.398561213905323730e-02
4.000000000000000222e-01 9.444831998568962994e-02
4.500000000000000111e-01 9.496323584397831086e-02
5.000000000000000000e-01 9.552658853618721524e-02
5.500000000000000444e-01 9.613405939905098063e-02
6.000000000000000888e-01 9.678076359296036713e-02
6.500000000000000222e-01 9.746123610821230687e-02
7.000000000000000666e-01 9.816942583283418122e-02
7.500000000000000000e-01 9.889869583897836769e-02
8.000000000000000444e-01 9.964183416990930742e-02
8.500000000000000888e-01 1.003910741254398775e-01
9.000000000000000222e-01 1.011381255229241716e-01
9.500000000000000666e-01 1.018742166775793018e-01
1.000000000000000000e+00 1.025901466218725189e-01
1.050000000000000044e+00 1.032763558385920571e-01
1.100000000000000089e+00 1.039229883513646396e-01
1.150000000000000133e+00 1.045200191111386318e-01
1.200000000000000178e+00 1.050572124304201271e-01
1.250000000000000000e+00 1.055244084829037032e-01
1.300000000000000044e+00 1.059115664338120127e-01
1.350000000000000089e+00 1.062087809292420748e-01
1.400000000000000133e+00 1.064064932957093645e-01
1.450000000000000178e+00 1.064955744200137833e-01
1.500000000000000000e+00 1.064674429972889275e-01
1.550000000000000044e+00 1.063141183324561589e-01
1.600000000000000089e+00 1.060285277735591031e-01
1.650000000000000133e+00 1.056043019425194351e-01
1.700000000000000178e+00 1.050360668709385964e-01
1.750000000000000000e+00 1.043194702709361599e-01
1.800000000000000044e+00 1.034512500994261286e-01
1.850000000000000089e+00 1.024292896915315748e-01
1.900000000000000133e+00 1.012526590810904348e-01
1.950000000000000178e+00 9.992168070908058475e-02
2.000000000000000000e+00 9.843779028294058486e-02
2.050000000000000266e+00 9.680376341953771113e-02
2.100000000000000089e+00 9.502354663713329097e-02
2.149999999999999911e+00 9.310225962807565370e-02
2.200000000000000178e+00 9.104616765352112340e-02
2.250000000000000000e+00 8.886254226515860610e-02
2.300000000000000266e+00 8.655974262072770042e-02
2.350000000000000089e+00 8.414694522606454286e-02
2.400000000000000355e+00 8.163424864927132374e-02
2.450000000000000178e+00 7.903238981384962114e-02
2.500000000000000000e+00 7.635264924766781147e-02
2.550000000000000266e+00 7.360686719263796751e-02
2.600000000000000089e+00 7.080720256768902043e-02
2.650000000000000355e+00 6.796603785086346994e-02
2.700000000000000178e+00 6.509585071916117183e-02
2.750000000000000000e+00 6.220908469822614834e-02
2.800000000000000266e+00 5.931803082397431315e-02
2.850000000000000089e+00 5.643470143138058781e-02
2.900000000000000355e+00 5.357072301092580952e-02
2.950000000000000178e+00 5.073722787513277460e-02
3.000000000000000000e+00 4.794475769246890617e-02
3.050000000000000266e+00 4.520318076338403906e-02
3.100000000000000089e+00 4.252161641686053040e-02
3.150000000000000355e+00 3.990837364109356411e-02
3.200000000000000178e+00 3.737090260558603022e-02
3.250000000000000000e+00 3.491575820139019432e-02
3.300000000000000266e+00 3.254857875499023168e-02
3.350000000000000089e+00 3.027407689235453447e-02
3.400000000000000355e+00 2.809604112092839098e-02
3.450000000000000178e+00 2.601735288152247014e-02
3.500000000000000000e+00 2.404001204486786239e-02
3.550000000000000266e+00 2.216517343748680702e-02
3.600000000000000089e+00 2.039319260159495190e-02
3.650000000000000355e+00 1.872367842893580062e-02
3.700000000000000178e+00 1.715555215002014661e-02
3.750000000000000000e+00 1.568711342726133995e-02
3.800000000000000266e+00 1.431609855192356867e-02
3.850000000000000089e+00 1.303977702819631573e-02
3.900000000000000355e+00 1.185498328564276241e-02
3.950000000000000178e+00 1.075821610923405336e-02
4.000000000000000000e+00 9.745682805735882831e-03
4.049999999999999822e+00 8.813391310765512562e-03
4.100000000000000533e+00 7.957208268254556058e-03
4.150000000000000355e+00 7.172860364676169123e-03
4.200000000000000178e+00 6.456077324210389608e-03
4.250000000000000000e+00 5.802563221554370501e-03
4.299999999999999822e+00 5.208116491564596801e-03
4.350000000000000533e+00 4.668570971931782811e-03
4.400000000000000355e+00 4.179889806555684220e-03
4.450000000000000178e+00 3.738174979069471687e-03
4.500000000000000000e+00 3.339687540312070730e-03
4.549999999999999822e+00 2.980863152399259707e-03
4.600000000000000533e+00 2.658323018726976329e-03
4.650000000000000355e+00 2.368881516611598750e-03
4.700000000000000178e+00 2.109549760598298379e-03
4.750000000000000000e+00 1.877536437582568015e-03
4.800000000000000711e+00 1.670246941313967975e-03
4.850000000000000533e+00 1.485276002256924032e-03
4.900000000000000355e+00 1.320409048142340844e-03
4.950000000000000178e+00 1.173608652065708099e-03
5.000000000000000000e+00 1.043010222217367585e-03
5.050000000000000711e+00 9.269123602768468808e-04
5.100000000000000533e+00 8.237681206238655013e-04
5.150000000000000355e+00 7.321795938108981421e-04
5.200000000000000178e+00 6.508720427762500291e-04
5.250000000000000000e+00 5.787091133932378926e-04
5.300000000000000711e+00 5.146671793335699232e-04
5.350000000000000533e+00 4.578280343157677514e-04
5.400000000000000355e+00 4.073781821080986357e-04
5.450000000000000178e+00 3.625870889502605041e-04
5.500000000000000000e+00 3.228082910429595927e-04
5.550000000000000711e+00 2.874689657772277552e-04
5.600000000000000533e+00 2.560624670174639693e-04
5.650000000000000355e+00 2.281412930159728777e-04
5.700000000000000178e+00 2.033104820367930259e-04
5.750000000000000000e+00 1.812217019851227460e-04
5.800000000000000711e+00 1.615675463841855831e-04
5.850000000000000533e+00 1.440763281092433687e-04
5.900000000000000355e+00 1.285079834235533470e-04
5.950000000000000178e+00 1.146495090146657777e-04
6.000000000000000000e+00 1.023118571879307742e-04
6.050000000000000711e+00 9.132727205825857269e-05
6.100000000000000533e+00 8.154517013567637318e-05
6.150000000000000355e+00 7.283161853317900191e-05
6.200000000000000178e+00 6.506187196972317119e-05
6.250000000000000000e+00 5.813850728045127892e-05
6.300000000000000711e+00 5.196030331657643570e-05
6.350000000000000533e+00 4.644183612911979657e-05
6.400000000000000355e+00 4.150694131402637868e-05
6.450000000000000178e+00 3.709156181736492953e-05
6.500000000000000000e+00 3.312922638130709967e-05
6.550000000000000711e+00 2.957120013090225625e-05
6.600000000000000533e+00 2.637266110856229084e-05
6.650000000000000355e+00 2.349434052812318500e-05
6.700000000000000178e+00 2.090262417909815516e-05
6.750000000000000000e+00 1.856864832040354971e-05
6.800000000000000711e+00 1.646809030349259117e-05
6.850000000000000533e+00 1.457976285084542386e-05
6.900000000000000355e+00 1.288556559798425605e-05
6.950000000000000178e+00 1.136961087997122887e-05
