0.000000000000000000e+00 1.276728130117560644e-01
5.000000000000000278e-02 1.276652534766141989e-01
1.000000000000000056e-01 1.276425494278927708e-01
1.500000000000000222e-01 1.276046247735464212e-01
2.000000000000000111e-01 1.275513534845071628e-01
2.500000000000000000e-01 1.274825608736568638e-01
3.000000000000000444e-01 1.273980248266804727e-01
3.500000000000000333e-01 1.272974785227075634e-01
4.000000000000000222e-01 1.271806125189328118e-01
4.500000000000000111e-01 1.270470777937213469e-01
5.000000000000000000e-01 1.268964887889415805e-01
5.500000000000000444e-01 1.267284282466927259e-01
6.000000000000000888e-01 1.265424496967445522e-01
6.500000000000000222e-01 1.263380819568236668e-01
7.000000000000000666e-01 1.261148355135184584e-01
7.500000000000000000e-01 1.258722054249044597e-01
8.000000000000000444e-01 1.256096770597238121e-01
8.500000000000000888e-01 1.253267317504021261e-01
9.000000000000000222e-01 1.250228517811959594e-01
9.500000000000000666e-01 1.246975260371279981e-01
1.000000000000000000e+00 1.243502554570111301e-01
1.050000000000000044e+00 1.239805588141917325e-01
1.100000000000000089e+00 1.235879781798507743e-01
1.150000000000000133e+00 1.231720845580464574e-01
1.200000000000000178e+00 1.227324827310750793e-01
1.250000000000000000e+00 1.222688183484538088e-01
1.300000000000000044e+00 1.217807801930565620e-01
1.350000000000000089e+00 1.212681075675612341e-01
1.400000000000000133e+00 1.207305937609380875e-01
1.450000000000000178e+00 1.201680905771878027e-01
1.500000000000000000e+00 1.195805124207733605e-01
1.550000000000000044e+00 1.189678397436571694e-01
1.600000000000000089e+00 1.183301223285055936e-01
1.650000000000000133e+00 1.176674818568825970e-01
1.700000000000000178e+00 1.169801144742227267e-01
1.750000000000000000e+00 1.162682919796052955e-01
1.800000000000000044e+00 1.155323645183286702e-01
1.850000000000000089e+00 1.147727570702527788e-01
1.900000000000000133e+00 1.139899748278391384e-01
1.950000000000000178e+00 1.131845996442241153e-01
2.000000000000000000e+00 1.123572891541405744e-01
2.050000000000000266e+00 1.115087750300167296e-01
2.100000000000000089e+00 1.106398607708703880e-01
2.149999999999999911e+00 1.097514186381763762e-01
2.200000000000000178e+00 1.088443861013801556e-01
2.250000000000000000e+00 1.079197617355038968e-01
2.300000000000000266e+00 1.069786007216295548e-01
2.350000000000000089e+00 1.060220093499747163e-01
2.400000000000000355e+00 1.050511400412064145e-01
2.450000000000000178e+00 1.040671857640405595e-01
2.500000000000000000e+00 1.030713728769659943e-01
2.550000000000000266e+00 1.020649541924720100e-01
2.600000000000000089e+00 1.010492061561082261e-01
2.650000000000000355e+00 1.000254167118402177e-01
2.700000000000000178e+00 9.899488211305232377e-02
2.750000000000000000e+00 9.795889902974251606e-02
2.800000000000000266e+00 9.691875833668514573e-02
2.850000000000000089e+00 9.587573782387945331e-02
2.900000000000000355e+00 9.483109664227935831e-02
2.950000000000000178e+00 9.378606916727673382e-02
3.000000000000000000e+00 9.274185911105964353e-02
3.050000000000000266e+00 9.169963403538514135e-02
3.100000000000000089e+00 9.066052092371872095e-02
3.150000000000000355e+00 8.962560176022478509e-02
3.200000000000000178e+00 8.859591017978774019e-02
3.250000000000000000e+00 8.757242637027118359e-02
3.300000000000000266e+00 8.655607669092141299e-02
3.350000000000000089e+00 8.554772925397344241e-02
3.400000000000000355e+00 8.454819377204689235e-02
3.450000000000000178e+00 8.355821872122383420e-02
3.500000000000000000e+00 8.257849273258921485e-02
3.550000000000000266e+00 8.160964278427777774e-02
3.600000000000000089e+00 8.065223517075162385e-02
3.650000000000000355e+00 7.970677620573055067e-02
3.700000000000000178e+00 7.877371348979721188e-02
3.750000000000000000e+00 7.785343682679186916e-02
3.800000000000000266e+00 7.694628028177044610e-02
3.850000000000000089e+00 7.605252497796528843e-02
3.900000000000000355e+00 7.517240070175683353e-02
3.950000000000000178e+00 7.430608843923974804e-02
4.000000000000000000e+00 7.345372399567749733e-02
4.049999999999999822e+00 7.261539939617712991e-02
4.100000000000000533e+00 7.179116654964798339e-02
4.150000000000000355e+00 7.098104031254953705e-02
4.200000000000000178e+00 7.018500117030473939e-02
4.250000000000000000e+00 6.940299791317813827e-02
4.299999999999999822e+00 6.863495074282045805e-02
4.350000000000000533e+00 6.788075458515063776e-02
4.400000000000000355e+00 6.714028070628490219e-02
4.450000000000000178e+00 6.641337999738897158e-02
4.500000000000000000e+00 6.569988525177451744e-02
4.549999999999999822e+00 6.499961358304093273e-02
4.600000000000000533e+00 6.431236842313477198e-02
4.650000000000000355e+00 6.363794193653475595e-02
4.700000000000000178e+00 6.297611649266159073e-02
4.750000000000000000e+00 6.232666657219017303e-02
4.800000000000000711e+00 6.168936054593314455e-02
4.850000000000000533e+00 6.106396219041804879e-02
4.900000000000000355e+00 6.045023196003006249e-02
4.950000000000000178e+00 5.984792731430353674e-02
5.000000000000000000e+00 5.925680560151638798e-02
5.050000000000000711e+00 5.867662356297140974e-02
5.100000000000000533e+00 5.810713874316288108e-02
5.150000000000000355e+00 5.754811016161860693e-02
5.200000000000000178e+00 5.699929901789099057e-02
5.250000000000000000e+00 5.646046903091393732e-02
5.300000000000000711e+00 5.593138728067594684e-02
5.350000000000000533e+00 5.541182444839714422e-02
5.400000000000000355e+00 5.490155504938593056e-02
5.450000000000000178e+00 5.440035773768377159e-02
5.500000000000000000e+00 5.390801572650488066e-02
5.550000000000000711e+00 5.342431637568621078e-02
5.600000000000000533e+00 5.294905269928430053e-02
5.650000000000000355e+00 5.248202172715801112e-02
5.700000000000000178e+00 5.202302558051470627e-02
5.750000000000000000e+00 5.157187126646316233e-02
5.800000000000000711e+00 5.112837063832194329e-02
5.850000000000000533e+00 5.069234055129990396e-02
5.900000000000000355e+00 5.026360253694441699e-02
5.950000000000000178e+00 4.984198288539644361e-02
