0.000000000000000000e+00 -0.000000000000000000e+00
5.000000000000000278e-02 -1.295367434754537738e-06
1.000000000000000056e-01 -1.032358247978383011e-05
1.500000000000000222e-01 -3.462191649466900820e-05
2.000000000000000111e-01 -8.134204379501405095e-05
2.500000000000000000e-01 -1.570710441059788799e-04
3.000000000000000444e-01 -2.676682743564042259e-04
3.500000000000000333e-01 -4.181227221556805705e-04
4.000000000000000222e-01 -6.124343570719606748e-04
4.500000000000000111e-01 -8.535224488556834204e-04
5.000000000000000000e-01 -1.143162785168368341e-03
5.500000000000000444e-01 -1.481954702721210819e-03
6.000000000000000888e-01 -1.869318014153457724e-03
6.500000000000000222e-01 -2.303518855744995757e-03
7.000000000000000666e-01 -2.781722647410275924e-03
7.500000000000000000e-01 -3.300071651914734776e-03
8.000000000000000444e-01 -3.853783911618472065e-03
8.500000000000000888e-01 -4.437269908959314696e-03
9.000000000000000222e-01 -5.044262961220485030e-03
9.500000000000000666e-01 -5.667959208214836189e-03
1.000000000000000000e+00 -6.301163058780241341e-03
1.050000000000000044e+00 -6.936434119459423259e-03
1.100000000000000089e+00 -7.566231918746265349e-03
1.150000000000000133e+00 -8.183055139864767180e-03
1.200000000000000178e+00 -8.779572557833325783e-03
1.250000000000000000e+00 -9.348743409632757906e-03
1.300000000000000044e+00 -9.883925495740355019e-03
1.350000000000000089e+00 -1.037896979444973000e-02
1.400000000000000133e+00 -1.082830136571229923e-02
1.450000000000000178e+00 -1.122698518661997477e-02
1.500000000000000000e+00 -1.157077916541764638e-02
1.550000000000000044e+00 -1.185617291155769727e-02
1.600000000000000089e+00 -1.208041419607952700e-02
1.650000000000000133e+00 -1.224152371077136779e-02
1.700000000000000178e+00 -1.233829916780297513e-02
1.750000000000000000e+00 -1.237030964039274178e-02
1.800000000000000044e+00 -1.233788111973831841e-02
1.850000000000000089e+00 -1.224207407414184406e-02
1.900000000000000133e+00 -1.208465362310633465e-02
1.950000000000000178e+00 -1.186805284850495773e-02
2.000000000000000000e+00 -1.159532965248707102e-02
2.050000000000000266e+00 -1.127011744959124234e-02
2.100000000000000089e+00 -1.089656963440694890e-02
2.149999999999999911e+00 -1.047929894735850909e-02
2.200000000000000178e+00 -1.002331055049782149e-02
2.250000000000000000e+00 -9.533930611119982232e-03
2.300000000000000266e+00 -9.016730082205173802e-03
2.350000000000000089e+00 -8.477444717235528560e-03
2.400000000000000355e+00 -7.921892147475260992e-03
2.450000000000000178e+00 -7.355887181078657466e-03
2.500000000000000000e+00 -6.785156786265988602e-03
2.550000000000000266e+00 -6.215256225984154732e-03
2.600000000000000089e+00 -5.651488097861927414e-03
2.650000000000000355e+00 -5.098826085918644474e-03
2.700000000000000178e+00 -4.561845213094725161e-03
2.750000000000000000e+00 -4.044660516249939768e-03
2.800000000000000266e+00 -3.550875383279533757e-03
2.850000000000000089e+00 -3.083541332321946410e-03
2.900000000000000355e+00 -2.645130641430595581e-03
2.950000000000000178e+00 -2.237521505709929356e-03
3.000000000000000000e+00 -1.861997317374718521e-03
3.050000000000000266e+00 -1.519259224524241014e-03
3.100000000000000089e+00 -1.209451745870715076e-03
3.150000000000000355e+00 -9.322003880109444455e-04
3.200000000000000178e+00 -6.866599628299460342e-04
3.250000000000000000e+00 -4.715717733609014160e-04
3.300000000000000266e+00 -2.853277399875542384e-04
3.350000000000000089e+00 -1.260391855226694017e-04
3.400000000000000355e+00 8.392014338381444767e-06
3.450000000000000178e+00 1.202025177917862800e-04
3.500000000000000000e+00 2.116984224153369400e-04
3.550000000000000266e+00 2.851914221033734816e-04
3.600000000000000089e+00 3.429405382108172964e-04
3.650000000000000355e+00 3.871020983788827394e-04
3.700000000000000178e+00 4.196886112663616758e-04
3.750000000000000000e+00 4.425373400365458041e-04
3.800000000000000266e+00 4.572889166258099530e-04
3.850000000000000089e+00 4.653758161745478366e-04
3.900000000000000355e+00 4.680202087052691396e-04
3.950000000000000178e+00 4.662401638401465634e-04
4.000000000000000000e+00 4.608631876124351856e-04
4.049999999999999822e+00 4.525454947415958338e-04
4.100000000000000533e+00 4.417954411374362396e-04
4.150000000000000355e+00 4.289998703165940242e-04
4.200000000000000178e+00 4.144509994430016302e-04
4.250000000000000000e+00 3.983730956706943373e-04
4.299999999999999822e+00 3.809471645068508738e-04
4.350000000000000533e+00 3.623326533609162454e-04
4.400000000000000355e+00 3.426852915132255761e-04
4.450000000000000178e+00 3.221705548885023750e-04
4.500000000000000000e+00 3.009724457709633187e-04
4.549999999999999822e+00 2.792976644751424633e-04
4.600000000000000533e+00 2.573754184171739637e-04
4.650000000000000355e+00 2.354535182196893254e-04
4.700000000000000178e+00 2.137913775186476770e-04
4.750000000000000000e+00 1.926508344384340063e-04
4.800000000000000711e+00 1.722856997477519784e-04
4.850000000000000533e+00 1.529309437979699672e-04
4.900000000000000355e+00 1.347924659461316736e-04
4.950000000000000178e+00 1.180381372868459240e-04
5.000000000000000000e+00 1.027908710738122122e-04
5.050000000000000711e+00 8.912408198320216450e-05
5.100000000000000533e+00 7.705990766998020128e-05
5.150000000000000355e+00 6.657019186738125744e-05
5.200000000000000178e+00 5.758015445925910463e-05
5.250000000000000000e+00 4.997450614519824934e-05
5.300000000000000711e+00 4.360543493283773782e-05
5.350000000000000533e+00 3.830210669861690845e-05
5.400000000000000355e+00 3.388088047831511575e-05
5.450000000000000178e+00 3.015571332004695612e-05
5.500000000000000000e+00 2.694806393941350721e-05
5.550000000000000711e+00 2.409573696549952297e-05
5.600000000000000533e+00 2.146019688566917676e-05
5.650000000000000355e+00 1.893192625498602989e-05
5.700000000000000178e+00 1.643365835983181359e-05
5.750000000000000000e+00 1.392133737486621429e-05
5.800000000000000711e+00 1.138291761508325312e-05
5.850000000000000533e+00 8.835140039153488713e-06
5.900000000000000355e+00 6.318645996623409829e-06
5.950000000000000178e+00 3.891768940511252292e-06
6.000000000000000000e+00 1.623558603631665373e-06
6.050000000000000711e+00 -4.135085793209446304e-07
6.100000000000000533e+00 -2.150773606436744574e-06
6.150000000000000355e+00 -3.529588554989744696e-06
6.200000000000000178e+00 -4.507038001883075362e-06
6.250000000000000000e+00 -5.059755266988044841e-06
6.300000000000000711e+00 -5.186416621513662016e-06
6.350000000000000533e+00 -4.908463217248654539e-06
6.400000000000000355e+00 -4.269166001056599957e-06
6.450000000000000178e+00 -3.331058321830886456e-06
6.500000000000000000e+00 -2.172135269360503427e-06
6.550000000000000711e+00 -8.809277194974065177e-07
6.600000000000000533e+00 4.490441787652547927e-07
6.650000000000000355e+00 1.725126140664028690e-06
6.700000000000000178e+00 2.861236908482711236e-06
6.750000000000000000e+00 3.783162952499097982e-06
6.800000000000000711e+00 4.432694696123780483e-06
6.850000000000000533e+00 4.771204443462801304e-06
6.900000000000000355e+00 4.781380504893331853e-06
6.950000000000000178e+00 4.467839264971809312e-06
