0.000000000000000000e+00 0.000000000000000000e+00
5.000000000000000278e-02 5.071878019484019583e-14
1.000000000000000056e-01 1.619968294115597309e-12
1.500000000000000222e-01 1.226334987434186531e-11
2.000000000000000111e-01 5.145265699479350195e-11
2.500000000000000000e-01 1.561427212084163273e-10
3.000000000000000444e-01 3.858788148634204970e-10
3.500000000000000333e-01 8.273079683737743558e-10
4.000000000000000222e-01 1.597971202178324085e-09
4.500000000000000111e-01 2.849270110193365358e-09
5.000000000000000000e-01 4.768520074946929760e-09
5.500000000000000444e-01 7.580023201970539265e-09
6.000000000000000888e-01 1.154511634577665238e-08
6.500000000000000222e-01 1.696117284352008395e-08
7.000000000000000666e-01 2.415956023809801140e-08
7.500000000000000000e-01 3.350257981735784321e-08
8.000000000000000444e-01 4.537943668541096671e-08
8.500000000000000888e-01 6.020131080166939344e-08
9.000000000000000222e-01 7.839561949196935225e-08
9.500000000000000666e-01 1.003995799170639444e-07
1.000000000000000000e+00 1.266531954940545802e-07
1.050000000000000044e+00 1.575918029857859659e-07
1.100000000000000089e+00 1.936383266509311297e-07
1.150000000000000133e+00 2.351953923066877622e-07
1.200000000000000178e+00 2.826374572969280168e-07
1.250000000000000000e+00 3.363031121595081358e-07
1.300000000000000044e+00 3.964877063022433408e-07
1.350000000000000089e+00 4.634364433567316187e-07
1.400000000000000133e+00 5.373380822808239237e-07
1.450000000000000178e+00 6.183193679848970098e-07
1.500000000000000000e+00 7.064403005801837880e-07
1.550000000000000044e+00 8.016903356512664526e-07
1.600000000000000089e+00 9.039855896379680341e-07
1.650000000000000133e+00 1.013167104898797449e-06
1.700000000000000178e+00 1.129000208758526499e-06
1.750000000000000000e+00 1.251174980260844708e-06
1.800000000000000044e+00 1.379307817891696309e-06
1.850000000000000089e+00 1.512944081632299376e-06
1.900000000000000133e+00 1.651561763740350090e-06
1.950000000000000178e+00 1.794576125007185849e-06
2.000000000000000000e+00 1.941345217220999330e-06
2.050000000000000266e+00 2.091176198457978685e-06
2.100000000000000089e+00 2.243332335850075765e-06
2.149999999999999911e+00 2.397040580811175411e-06
2.200000000000000178e+00 2.551499594457889977e-06
2.250000000000000000e+00 2.705888096196412773e-06
2.300000000000000266e+00 2.859373406166599080e-06
2.350000000000000089e+00 3.011120052389877999e-06
2.400000000000000355e+00 3.160298315960985955e-06
2.450000000000000178e+00 3.306092592311519460e-06
2.500000000000000000e+00 3.447709453274161193e-06
2.550000000000000266e+00 3.584385303173912049e-06
2.600000000000000089e+00 3.715393532224256499e-06
2.650000000000000355e+00 3.840051081848863156e-06
2.700000000000000178e+00 3.957724348906493861e-06
2.750000000000000000e+00 4.067834368885657213e-06
2.800000000000000266e+00 4.169861231672568893e-06
2.850000000000000089e+00 4.263347697204744831e-06
2.900000000000000355e+00 4.347901991937239030e-06
2.950000000000000178e+00 4.423199780321370975e-06
3.000000000000000000e+00 4.488985318198968066e-06
3.050000000000000266e+00 4.545071806946638424e-06
3.100000000000000089e+00 4.591340978189204904e-06
3.150000000000000355e+00 4.627741948793871344e-06
3.200000000000000178e+00 4.654289394542261090e-06
3.250000000000000000e+00 4.671061098272397503e-06
3.300000000000000266e+00 4.678194934334403521e-06
3.350000000000000089e+00 4.675885355888720430e-06
3.400000000000000355e+00 4.664379454899415139e-06
3.450000000000000178e+00 4.643972666668343382e-06
3.500000000000000000e+00 4.615004191473604419e-06
3.550000000000000266e+00 4.577852205392632791e-06
3.600000000000000089e+00 4.532928930799496567e-06
3.650000000000000355e+00 4.480675634434392015e-06
3.700000000000000178e+00 4.421557617468832776e-06
3.750000000000000000e+00 4.356059257758440510e-06
3.800000000000000266e+00 4.284679159616419045e-06
3.850000000000000089e+00 4.207925461086642907e-06
3.900000000000000355e+00 4.126311342975574061e-06
3.950000000000000178e+00 4.040350777943962267e-06
4.000000000000000000e+00 3.950554551882124582e-06
4.049999999999999822e+00 3.857426583709270753e-06
4.100000000000000533e+00 3.761460563750631378e-06
4.150000000000000355e+00 3.663136925047775338e-06
4.200000000000000178e+00 3.562920156428210804e-06
4.250000000000000000e+00 3.461256460968472308e-06
4.299999999999999822e+00 3.358571758685909237e-06
4.350000000000000533e+00 3.255270027932583061e-06
4.400000000000000355e+00 3.151731976070974360e-06
4.450000000000000178e+00 3.048314026606423872e-06
4.500000000000000000e+00 2.945347607044374357e-06
4.549999999999999822e+00 2.843138719331298189e-06
4.600000000000000533e+00 2.741967772817699507e-06
4.650000000000000355e+00 2.642089658232333984e-06
4.700000000000000178e+00 2.543734040155622100e-06
4.750000000000000000e+00 2.447105844897794215e-06
4.800000000000000711e+00 2.352385920490215533e-06
4.850000000000000533e+00 2.259731845650023190e-06
4.900000000000000355e+00 2.169278865039669536e-06
4.950000000000000178e+00 2.081140928874334610e-06
5.000000000000000000e+00 1.995411815890967029e-06
5.050000000000000711e+00 1.912166319842998943e-06
5.100000000000000533e+00 1.831461480986287902e-06
5.150000000000000355e+00 1.753337845436958218e-06
5.200000000000000178e+00 1.677820736776775053e-06
5.250000000000000000e+00 1.604921525823747721e-06
5.300000000000000711e+00 1.534638886046207889e-06
5.350000000000000533e+00 1.466960023651633278e-06
5.400000000000000355e+00 1.401861872904143769e-06
5.450000000000000178e+00 1.339312248697520616e-06
5.500000000000000000e+00 1.279270949817536237e-06
5.550000000000000711e+00 1.221690807655044981e-06
5.600000000000000533e+00 1.166518676369601087e-06
5.650000000000000355e+00 1.113696361644799445e-06
5.700000000000000178e+00 1.063161486216149139e-06
5.750000000000000000e+00 1.014848291287554298e-06
5.800000000000000711e+00 9.686883737827950288e-07
5.850000000000000533e+00 9.246113601049640340e-07
5.900000000000000355e+00 8.825455177024738197e-07
5.950000000000000178e+00 8.424183062689645043e-07
6.000000000000000000e+00 8.041568708413243659e-07
6.050000000000000711e+00 7.676884794109653534e-07
6.100000000000000533e+00 7.329409079348848274e-07
6.150000000000000355e+00 6.998427758318099717e-07
6.200000000000000178e+00 6.683238351819227518e-07
6.250000000000000000e+00 6.383152169233629223e-07
6.300000000000000711e+00 6.097496373620764333e-07
6.350000000000000533e+00 5.825615682904256478e-07
6.400000000000000355e+00 5.566873739508864297e-07
6.450000000000000178e+00 5.320654179904600542e-07
6.500000000000000000e+00 5.086361434348691687e-07
6.550000000000000711e+00 4.863421285745638781e-07
6.600000000000000533e+00 4.651281215020731115e-07
6.650000000000000355e+00 4.449410558765155449e-07
6.700000000000000178e+00 4.257300503202243102e-07
6.750000000000000000e+00 4.074463936777427229e-07
6.800000000000000711e+00 3.900435181919995724e-07
6.850000000000000533e+00 3.734769624786774008e-07
6.900000000000000355e+00 3.577043260097905919e-07
6.950000000000000178e+00 3.426852166530300203e-07
7.000000000000000000e+00 3.283811926558064871e-07
7.050000000000000711e+00 3.147557003131481467e-07
7.100000000000000533e+00 3.017740084175332070e-07
7.150000000000000355e+00 2.894031404567143872e-07
7.200000000000000178e+00 2.776118054030111745e-07
7.250000000000000000e+00 2.663703278244420928e-07
7.300000000000000711e+00 2.556505779444026849e-07
7.350000000000000533e+00 2.454259021821819692e-07
7.400000000000000355e+00 2.356710546211236524e-07
7.450000000000000178e+00 2.263621297744075917e-07
7.500000000000000000e+00 2.174764969496760365e-07
7.550000000000000711e+00 2.089927364527484204e-07
7.600000000000000533e+00 2.008905778168330161e-07
7.650000000000000355e+00 1.931508401965231404e-07
7.700000000000000178e+00 1.857553750248940553e-07
7.750000000000000000e+00 1.786870109967139397e-07
7.800000000000000711e+00 1.719295014106014659e-07
7.850000000000000533e+00 1.654674738774589569e-07
7.900000000000000355e+00 1.592863823811732672e-07
7.950000000000000178e+00 1.533724616599884417e-07
8.000000000000000000e+00 1.477126838626418674e-07
8.050000000000000711e+00 1.422947174220040140e-07
8.099999999999999645e+00 1.371068880800688355e-07
8.150000000000000355e+00 1.321381419915375063e-07
8.200000000000001066e+00 1.273780108284088640e-07
8.250000000000000000e+00 1.228165788048466153e-07
8.300000000000000711e+00 1.184444515397040689e-07
8.349999999999999645e+00 1.142527266733633562e-07
8.400000000000000355e+00 1.102329661556898579e-07
8.450000000000001066e+00 1.063771701227837071e-07
8.500000000000000000e+00 1.026777522816662764e-07
8.550000000000000711e+00 9.912751672395014355e-08
8.599999999999999645e+00 9.571963609177696209e-08
8.650000000000000355e+00 9.244763102180815351e-08
8.700000000000001066e+00 8.930535079573642388e-08
8.750000000000000000e+00 8.628695512858209539e-08
8.800000000000000711e+00 8.338689702893201282e-08
8.849999999999999645e+00 8.059990666820831451e-08
8.900000000000000355e+00 7.792097619900081455e-08
8.950000000000001066e+00 7.534534546546757845e-08
9.000000000000000000e+00 7.286848855171144047e-08
9.050000000000000711e+00 7.048610111698167797e-08
9.099999999999999645e+00 6.819408846937386791e-08
9.150000000000000355e+00 6.598855433252004796e-08
9.200000000000001066e+00 6.386579026249362124e-08
9.250000000000000000e+00 6.182226567478749155e-08
9.300000000000000711e+00 5.985461844379811468e-08
9.349999999999999645e+00 5.795964603967971883e-08
9.400000000000000355e+00 5.613429716976838201e-08
9.450000000000001066e+00 5.437566389398564957e-08
9.500000000000000000e+00 5.268097418567284343e-08
9.550000000000000711e+00 5.104758491125721008e-08
9.600000000000001421e+00 4.947297520390635158e-08
9.650000000000000355e+00 4.795474020796094653e-08
9.700000000000001066e+00 4.649058517243415578e-08
9.750000000000000000e+00 4.507831987320666981e-08
9.800000000000000711e+00 4.371585334478040884e-08
9.850000000000001421e+00 4.240118890355502305e-08
9.900000000000000355e+00 4.113241944562449533e-08
9.950000000000001066e+00 3.990772300299478106e-08
1.000000000000000000e+01 3.872535854299476487e-08
1.005000000000000071e+01 3.758366199645936824e-08
1.010000000000000142e+01 3.648104250101497994e-08
1.015000000000000036e+01 3.541597884654836886e-08
1.020000000000000107e+01 3.438701611064751746e-08
1.025000000000000000e+01 3.339276247250993484e-08
1.030000000000000071e+01 3.243188619452403353e-08
1.035000000000000142e+01 3.150311276140360420e-08
1.040000000000000036e+01 3.060522216745859206e-08
1.045000000000000107e+01 2.973704634323992691e-08
1.050000000000000000e+01 2.889746671346178428e-08
1.055000000000000071e+01 2.808541187872527890e-08
1.060000000000000142e+01 2.729985541416000182e-08
1.065000000000000036e+01 2.653981377865016891e-08
1.070000000000000107e+01 2.580434432882039815e-08
1.075000000000000000e+01 2.509254343239224568e-08
1.080000000000000071e+01 2.440354467593023545e-08
1.085000000000000142e+01 2.373651716231180604e-08
1.090000000000000036e+01 2.309066389354733792e-08
1.095000000000000107e+01 2.246522023478790490e-08
1.100000000000000000e+01 2.185945245554713294e-08
1.105000000000000071e+01 2.127265634428579012e-08
1.110000000000000142e+01 2.070415589264022969e-08
1.115000000000000036e+01 2.015330204563587420e-08
1.120000000000000107e+01 1.961947151433434678e-08
1.125000000000000000e+01 1.910206564743078678e-08
1.130000000000000071e+01 1.860050935840189900e-08
1.135000000000000142e+01 1.811425010493212852e-08
1.140000000000000036e+01 1.764275691744805963e-08
1.145000000000000107e+01 1.718551947376241648e-08
1.150000000000000000e+01 1.674204721698945974e-08
1.155000000000000071e+01 1.631186851409811582e-08
1.160000000000000142e+01 1.589452985267726360e-08
1.165000000000000036e+01 1.548959507371396372e-08
1.170000000000000107e+01 1.509664463841428286e-08
1.175000000000000000e+01 1.471527492732130053e-08
1.180000000000000071e+01 1.434509757019055817e-08
1.185000000000000142e+01 1.398573880528977676e-08
1.190000000000000036e+01 1.363683886694278053e-08
1.195000000000000107e+01 1.329805140027943736e-08
1.200000000000000000e+01 1.296904290225907225e-08
1.205000000000000071e+01 1.264949218809165747e-08
1.210000000000000142e+01 1.233908988222667893e-08
1.215000000000000036e+01 1.203753793307015804e-08
1.220000000000000107e+01 1.174454915057601847e-08
1.225000000000000000e+01 1.145984676580536646e-08
1.230000000000000071e+01 1.118316401150818430e-08
1.235000000000000142e+01 1.091424372270439977e-08
1.240000000000000036e+01 1.065283795620303068e-08
1.245000000000000107e+01 1.039870762794931168e-08
1.250000000000000000e+01 1.015162216705931305e-08
1.255000000000000071e+01 9.911359185407335141e-09
1.260000000000000142e+01 9.677704161652529549e-09
1.265000000000000036e+01 9.450450138627086126e-09
1.270000000000000107e+01 9.229397433101505356e-09
1.275000000000000000e+01 9.014353357017527174e-09
1.280000000000000071e+01 8.805131949406408547e-09
1.285000000000000142e+01 8.601553718326366671e-09
1.290000000000000036e+01 8.403445392285375033e-09
1.295000000000000107e+01 8.210639680737535236e-09
1.300000000000000000e+01 8.022975043370016296e-09
1.305000000000000071e+01 7.840295467977928650e-09
1.310000000000000142e+01 7.662450256834313274e-09
1.315000000000000036e+01 7.489293821490633181e-09
1.320000000000000107e+01 7.320685485994041063e-09
1.325000000000000000e+01 7.156489298497683826e-09
1.330000000000000071e+01 6.996573851225176446e-09
1.335000000000000142e+01 6.840812108701745991e-09
1.340000000000000036e+01 6.689081244105812679e-09
1.345000000000000107e+01 6.541262483512354564e-09
1.350000000000000000e+01 6.397240957734055202e-09
1.355000000000000071e+01 6.256905561374244501e-09
1.360000000000000142e+01 6.120148818644337335e-09
1.365000000000000036e+01 5.986866755436689062e-09
1.370000000000000107e+01 5.856958777110052987e-09
1.375000000000000000e+01 5.730327551423901309e-09
1.380000000000000071e+01 5.606878896065103935e-09
1.385000000000000142e+01 5.486521670245809113e-09
1.390000000000000036e+01 5.369167669891587373e-09
1.395000000000000107e+01 5.254731526020967295e-09
1.400000000000000000e+01 5.143130605994333454e-09
1.405000000000000071e+01 5.034284917400061431e-09
1.410000000000000142e+01 4.928117014454281836e-09
1.415000000000000036e+01 4.824551906859660380e-09
1.420000000000000107e+01 4.723516971174768716e-09
1.425000000000000000e+01 4.624941864794793334e-09
1.430000000000000071e+01 4.528758442701205090e-09
1.435000000000000142e+01 4.434900677166019445e-09
1.440000000000000036e+01 4.343304580596029350e-09
1.445000000000000107e+01 4.253908131693187831e-09
1.450000000000000000e+01 4.166651205056566509e-09
1.455000000000000071e+01 4.081475504316806290e-09
1.460000000000000142e+01 3.998324498802883217e-09
1.465000000000000036e+01 3.917143363687688274e-09
1.470000000000000107e+01 3.837878923467140910e-09
1.475000000000000000e+01 3.760479598565976634e-09
1.480000000000000071e+01 3.684895354789842824e-09
1.485000000000000142e+01 3.611077655304164549e-09
1.490000000000000036e+01 3.538979414781138447e-09
1.495000000000000107e+01 3.468554955347600555e-09
