0.000000000000000000e+00 3.008343690020248706e-02
5.000000000000000278e-02 3.360482908180439238e-02
1.000000000000000056e-01 3.304664378273261538e-02
1.500000000000000222e-01 3.206035431945734177e-02
2.000000000000000111e-01 3.070595003289215350e-02
2.500000000000000000e-01 2.900140093214931616e-02
3.000000000000000444e-01 2.696881185937318945e-02
3.500000000000000333e-01 2.464895949131387654e-02
4.000000000000000222e-01 2.205285079178634020e-02
4.500000000000000111e-01 1.922740916190810584e-02
5.000000000000000000e-01 1.620817320982514964e-02
5.500000000000000444e-01 1.304089718786055965e-02
6.000000000000000888e-01 9.764297725477561612e-03
6.500000000000000222e-01 6.425429653957271878e-03
7.000000000000000666e-01 3.056250012481735202e-03
7.500000000000000000e-01 -2.854897070511454326e-04
8.000000000000000444e-01 -3.579493752358224330e-03
8.500000000000000888e-01 -6.767925190085418048e-03
9.000000000000000222e-01 -9.821240417773196424e-03
9.500000000000000666e-01 -1.271453517606886338e-02
1.000000000000000000e+00 -1.540865393119566530e-02
1.050000000000000044e+00 -1.788623001244052380e-02
1.100000000000000089e+00 -2.012037735567276386e-02
1.150000000000000133e+00 -2.209445764707397564e-02
1.200000000000000178e+00 -2.379516870396184910e-02
1.250000000000000000e+00 -2.521553301443941672e-02
1.300000000000000044e+00 -2.635313540501135407e-02
1.350000000000000089e+00 -2.720495072572901019e-02
1.400000000000000133e+00 -2.777242468936129416e-02
1.450000000000000178e+00 -2.806590474852416195e-02
1.500000000000000000e+00 -2.809741176390545547e-02
1.550000000000000044e+00 -2.787872104225278674e-02
1.600000000000000089e+00 -2.742447449083782948e-02
1.650000000000000133e+00 -2.675508273549756857e-02
1.700000000000000178e+00 -2.588800351751390297e-02
1.750000000000000000e+00 -2.484735483207916804e-02
1.800000000000000044e+00 -2.365468925875994013e-02
1.850000000000000089e+00 -2.233101993958041404e-02
1.900000000000000133e+00 -2.090174555310013449e-02
1.950000000000000178e+00 -1.938742235169360270e-02
2.000000000000000000e+00 -1.781097115164757480e-02
2.050000000000000266e+00 -1.619530533038909120e-02
2.100000000000000089e+00 -1.455868207668278153e-02
2.149999999999999911e+00 -1.291984315604906980e-02
2.200000000000000178e+00 -1.129867148407596479e-02
2.250000000000000000e+00 -9.709658319954720188e-03
2.300000000000000266e+00 -8.166255617344389886e-03
2.350000000000000089e+00 -6.682479130661814551e-03
2.400000000000000355e+00 -5.269734186907085172e-03
2.450000000000000178e+00 -3.935496895810070353e-03
2.500000000000000000e+00 -2.686625529665523891e-03
2.550000000000000266e+00 -1.529662160749256129e-03
2.600000000000000089e+00 -4.697501638942046926e-04
2.650000000000000355e+00 4.936541494534339497e-04
2.700000000000000178e+00 1.357825376828797987e-03
2.750000000000000000e+00 2.122958810277143435e-03
2.800000000000000266e+00 2.791698150808456010e-03
2.850000000000000089e+00 3.366027911178863432e-03
2.900000000000000355e+00 3.848960734248509010e-03
2.950000000000000178e+00 4.245470863267054515e-03
3.000000000000000000e+00 4.560408513398167031e-03
3.050000000000000266e+00 4.799301483298896304e-03
3.100000000000000089e+00 4.967697290146404383e-03
3.150000000000000355e+00 5.071451255489863030e-03
3.200000000000000178e+00 5.117094835606465948e-03
3.250000000000000000e+00 5.111189021776959066e-03
3.300000000000000266e+00 5.059388017347302147e-03
3.350000000000000089e+00 4.968082246264741639e-03
3.400000000000000355e+00 4.842908885951644447e-03
3.450000000000000178e+00 4.689626489278608638e-03
3.500000000000000000e+00 4.513387204790546281e-03
3.550000000000000266e+00 4.319161242859219027e-03
3.600000000000000089e+00 4.111513566941782383e-03
3.650000000000000355e+00 3.894399494370635352e-03
3.700000000000000178e+00 3.671654901537002493e-03
3.750000000000000000e+00 3.446475295511717152e-03
3.800000000000000266e+00 3.221736496117277686e-03
3.850000000000000089e+00 2.999770966326427857e-03
3.900000000000000355e+00 2.782795712618526922e-03
3.950000000000000178e+00 2.572436479923839378e-03
4.000000000000000000e+00 2.369933887330644140e-03
4.049999999999999822e+00 2.176531321310949414e-03
4.100000000000000533e+00 1.992776776044549725e-03
4.150000000000000355e+00 1.819275425928603990e-03
4.200000000000000178e+00 1.656355668932322925e-03
4.250000000000000000e+00 1.504015278094918443e-03
4.299999999999999822e+00 1.362249100767872617e-03
4.350000000000000533e+00 1.230917122454625642e-03
4.400000000000000355e+00 1.109640444865737843e-03
4.450000000000000178e+00 9.981126235132976345e-04
4.500000000000000000e+00 8.958681850198313467e-04
4.549999999999999822e+00 8.024412747648692603e-04
4.600000000000000533e+00 7.173445823151852968e-04
4.650000000000000355e+00 6.400587095965661749e-04
4.700000000000000178e+00 5.700511853473898011e-04
4.750000000000000000e+00 5.068321996319153028e-04
4.800000000000000711e+00 4.498874613876407101e-04
4.850000000000000533e+00 3.987255842295366038e-04
4.900000000000000355e+00 3.528878618988376989e-04
4.950000000000000178e+00 3.119227726306533712e-04
5.000000000000000000e+00 2.754032468194288468e-04
5.050000000000000711e+00 2.429235202744945798e-04
5.100000000000000533e+00 2.141086297183960707e-04
5.150000000000000355e+00 1.885982163181120224e-04
5.200000000000000178e+00 1.660545662970868395e-04
5.250000000000000000e+00 1.461697637745285972e-04
5.300000000000000711e+00 1.286506916925169667e-04
5.350000000000000533e+00 1.132286609164096750e-04
5.400000000000000355e+00 9.965983864174764281e-05
5.450000000000000178e+00 8.771927907796258088e-05
5.500000000000000000e+00 7.720291443754063283e-05
5.550000000000000711e+00 6.793181575750775151e-05
5.600000000000000533e+00 5.974233881992443995e-05
5.650000000000000355e+00 5.249503412507263870e-05
5.700000000000000178e+00 4.606812972064878710e-05
5.750000000000000000e+00 4.035330646847360971e-05
5.800000000000000711e+00 3.527620532383905923e-05
5.850000000000000533e+00 3.071470223076133086e-05
5.900000000000000355e+00 2.678756135106517925e-05
5.950000000000000178e+00 2.277492462669518833e-05
6.000000000000000000e+00 1.830773786693981608e-05
6.050000000000000711e+00 1.605879759273962413e-05
6.100000000000000533e+00 1.408601682596869552e-05
6.150000000000000355e+00 1.235515871494566892e-05
6.200000000000000178e+00 1.083676292339727076e-05
6.250000000000000000e+00 9.504945033535361698e-06
6.300000000000000711e+00 8.336518059786644693e-06
6.350000000000000533e+00 7.311595996246040088e-06
6.400000000000000355e+00 6.412649235045394405e-06
6.450000000000000178e+00 5.624054144606167868e-06
6.500000000000000000e+00 4.932352664602794187e-06
6.550000000000000711e+00 4.325712308764463443e-06
