0.000000000000000000e+00 0.000000000000000000e+00
5.000000000000000278e-02 -3.514494783593858352e-09
1.000000000000000056e-01 -5.611494711923327726e-08
1.500000000000000222e-01 -2.830974252379915522e-07
2.000000000000000111e-01 -8.903876996986226489e-07
2.500000000000000000e-01 -2.160242379112033845e-06
3.000000000000000444e-01 -4.445334968885230988e-06
3.500000000000000333e-01 -8.161329389832526547e-06
4.000000000000000222e-01 -1.377807005537872512e-05
4.500000000000000111e-01 -2.180954216166972279e-05
5.000000000000000000e-01 -3.280277799764316494e-05
5.500000000000000444e-01 -4.732590446476986953e-05
6.000000000000000888e-01 -6.595554327598833857e-05
6.500000000000000222e-01 -8.926378818701861137e-05
7.000000000000000666e-01 -1.178049928517586247e-04
7.500000000000000000e-01 -1.521026082867873563e-04
8.000000000000000444e-01 -1.926363103314212492e-04
8.500000000000000888e-01 -2.398296548099851757e-04
9.000000000000000222e-01 -2.940384913137237470e-04
9.500000000000000666e-01 -3.555403556570336100e-04
1.000000000000000000e+00 -4.245250462290594043e-04
1.050000000000000044e+00 -5.010865708282261381e-04
1.100000000000000089e+00 -5.852166283741764251e-04
1.150000000000000133e+00 -6.767997644480965762e-04
1.200000000000000178e+00 -7.756103112950601865e-04
1.250000000000000000e+00 -8.813111921720808394e-04
1.300000000000000044e+00 -9.934546372442631685e-04
1.350000000000000089e+00 -1.111484824174355322e-03
1.400000000000000133e+00 -1.234742421720199171e-03
1.450000000000000178e+00 -1.362470979689162868e-03
1.500000000000000000e+00 -1.493825074164268100e-03
1.550000000000000044e+00 -1.627880083692426422e-03
1.600000000000000089e+00 -1.763643440790180249e-03
1.650000000000000133e+00 -1.900067174340753498e-03
1.700000000000000178e+00 -2.036061532861331482e-03
1.750000000000000000e+00 -2.170509456798230038e-03
1.800000000000000044e+00 -2.302281650483765582e-03
1.850000000000000089e+00 -2.430251991608319354e-03
1.900000000000000133e+00 -2.553313008377741840e-03
1.950000000000000178e+00 -2.670391152188470417e-03
2.000000000000000000e+00 -2.780461596793426873e-03
2.050000000000000266e+00 -2.882562303560767640e-03
2.100000000000000089e+00 -2.975807106425895458e-03
2.149999999999999911e+00 -3.059397589257135432e-03
2.200000000000000178e+00 -3.132633552221097094e-03
2.250000000000000000e+00 -3.194921891848758778e-03
2.300000000000000266e+00 -3.245783751259290369e-03
2.350000000000000089e+00 -3.284859831689630576e-03
2.400000000000000355e+00 -3.311913793316853712e-03
2.450000000000000178e+00 -3.326833711499054946e-03
2.500000000000000000e+00 -3.329631593111447539e-03
2.550000000000000266e+00 -3.320440995715187409e-03
2.600000000000000089e+00 -3.299512828974504163e-03
2.650000000000000355e+00 -3.267209452175011495e-03
2.700000000000000178e+00 -3.223997213094501827e-03
2.750000000000000000e+00 -3.170437601120581605e-03
2.800000000000000266e+00 -3.107177210784082058e-03
2.850000000000000089e+00 -3.034936730290312829e-03
2.900000000000000355e+00 -2.954499182823411545e-03
2.950000000000000178e+00 -2.866697656157663008e-03
3.000000000000000000e+00 -2.772402758368263352e-03
3.050000000000000266e+00 -2.672510034276500811e-03
3.100000000000000089e+00 -2.567927568919648167e-03
3.150000000000000355e+00 -2.459563991168883194e-03
3.200000000000000178e+00 -2.348317073116655031e-03
3.250000000000000000e+00 -2.235063099611011520e-03
3.300000000000000266e+00 -2.120647158006547326e-03
3.350000000000000089e+00 -2.005874471570192989e-03
3.400000000000000355e+00 -1.891502871803954532e-03
3.450000000000000178e+00 -1.778236476017667003e-03
3.500000000000000000e+00 -1.666720607583646162e-03
3.550000000000000266e+00 -1.557537968177184588e-03
3.600000000000000089e+00 -1.451206044641026576e-03
3.650000000000000355e+00 -1.348175708521479402e-03
3.700000000000000178e+00 -1.248830944330196323e-03
3.750000000000000000e+00 -1.153489623607086055e-03
3.800000000000000266e+00 -1.062405226202782407e-03
3.850000000000000089e+00 -9.757693980549613086e-04
3.900000000000000355e+00 -8.937152261775028377e-04
3.950000000000000178e+00 -8.163211065806269800e-04
4.000000000000000000e+00 -7.436150792560999347e-04
4.049999999999999822e+00 -6.755795059649945559e-04
4.100000000000000533e+00 -6.121559710489219049e-04
4.150000000000000355e+00 -5.532502924786702201e-04
4.200000000000000178e+00 -4.987375394408057917e-04
4.250000000000000000e+00 -4.484669634982696787e-04
4.299999999999999822e+00 -4.022667622889161535e-04
4.350000000000000533e+00 -3.599486073951200572e-04
4.400000000000000355e+00 -3.213118809959698754e-04
4.450000000000000178e+00 -2.861475788022112884e-04
4.500000000000000000e+00 -2.542418492171728134e-04
4.549999999999999822e+00 -2.253791503601402710e-04
4.600000000000000533e+00 -1.993450172850425343e-04
4.650000000000000355e+00 -1.759284412395756118e-04
4.700000000000000178e+00 -1.549238710112205673e-04
4.750000000000000000e+00 -1.361328532282448831e-04
4.800000000000000711e+00 -1.193653339111072398e-04
4.850000000000000533e+00 -1.044406476364190446e-04
4.900000000000000355e+00 -9.118822345648174748e-05
4.950000000000000178e+00 -7.944803832053954718e-05
5.000000000000000000e+00 -6.907084930195549243e-05
5.050000000000000711e+00 -5.991823559775960844e-05
5.100000000000000533e+00 -5.186248019085438408e-05
5.150000000000000355e+00 -4.478631940892441386e-05
5.200000000000000178e+00 -3.858258653060486429e-05
5.250000000000000000e+00 -3.315377322058626533e-05
5.300000000000000711e+00 -2.841153004796463590e-05
5.350000000000000533e+00 -2.427612476545253954e-05
5.400000000000000355e+00 -2.067587449068435191e-05
5.450000000000000178e+00 -1.754656550481897167e-05
5.500000000000000000e+00 -1.483087211870069576e-05
5.550000000000000711e+00 -1.247778398613008004e-05
5.600000000000000533e+00 -1.044204938483778645e-05
5.650000000000000355e+00 -8.683640343095095206e-06
5.700000000000000178e+00 -7.167244057840478402e-06
5.750000000000000000e+00 -5.861783815650150077e-06
5.800000000000000711e+00 -4.739971573066985530e-06
5.850000000000000533e+00 -3.777893457581258734e-06
5.900000000000000355e+00 -2.954628694582267132e-06
5.950000000000000178e+00 -2.251901829750908424e-06
6.000000000000000000e+00 -1.653767583969976800e-06
6.050000000000000711e+00 -1.146327235145335340e-06
6.100000000000000533e+00 -7.174750578880317298e-07
6.150000000000000355e+00 -3.566730602649361427e-07
6.200000000000000178e+00 -5.475203178176005181e-08
6.250000000000000000e+00 1.962632447123122249e-07
6.300000000000000711e+00 4.033068645750950139e-07
6.350000000000000533e+00 5.724050441973276510e-07
6.400000000000000355e+00 7.087920061236029721e-07
6.450000000000000178e+00 8.170107067875824063e-07
6.500000000000000000e+00 9.010004874371131534e-07
6.550000000000000711e+00 9.641735665770971548e-07
6.600000000000000533e+00 1.009482095638046613e-06
6.650000000000000355e+00 1.039477278192507203e-06
6.700000000000000178e+00 1.056361817497609666e-06
6.750000000000000000e+00 1.062036718507763594e-06
6.800000000000000711e+00 1.058143239761486346e-06
6.850000000000000533e+00 1.046100577876800338e-06
6.900000000000000355e+00 1.027139681600507957e-06
6.950000000000000178e+00 1.002333440369551675e-06
7.000000000000000000e+00 9.726233787201367261e-07
7.050000000000000711e+00 9.388429147358126943e-07
7.100000000000000533e+00 9.017372074116879296e-07
7.150000000000000355e+00 8.619796213487764519e-07
7.200000000000000178e+00 8.201848721938810448e-07
7.250000000000000000e+00 7.769189756957029265e-07
7.300000000000000711e+00 7.327061987627889828e-07
7.350000000000000533e+00 6.880332935160319350e-07
7.400000000000000355e+00 6.433513760760373691e-07
7.450000000000000178e+00 5.990758823273053687e-07
7.500000000000000000e+00 5.555850860572641150e-07
7.550000000000000711e+00 5.132176951476089796e-07
7.600000000000000533e+00 4.722700454177076118e-07
7.650000000000000355e+00 4.329933879602918592e-07
7.700000000000000178e+00 3.955917152005189944e-07
7.750000000000000000e+00 3.602204964185675561e-07
7.800000000000000711e+00 3.269865997761648137e-07
7.850000000000000533e+00 2.959495711038409242e-07
7.900000000000000355e+00 2.671243268318492943e-07
7.950000000000000178e+00 2.404852068681982677e-07
8.000000000000000000e+00 2.159712301868115375e-07
8.050000000000000711e+00 1.934923078579026812e-07
8.099999999999999645e+00 1.729361006909430918e-07
8.150000000000000355e+00 1.541751653975812302e-07
8.200000000000001066e+00 1.370740163952715038e-07
8.250000000000000000e+00 1.214957403242036883e-07
8.300000000000000711e+00 1.073078355030175244e-07
8.349999999999999645e+00 9.438700562963761520e-08
8.400000000000000355e+00 8.262271141045107837e-08
8.450000000000001066e+00 7.191936971629890316e-08
8.500000000000000000e+00 6.219718097219469344e-08
8.550000000000000711e+00 5.339165524247567336e-08
8.599999999999999645e+00 4.545198962657240190e-08
8.650000000000000355e+00 3.833851858882515269e-08
8.700000000000001066e+00 3.201951025634381528e-08
8.750000000000000000e+00 2.646761244257721756e-08
8.800000000000000711e+00 2.165626063714607984e-08
8.849999999999999645e+00 1.755634651663387233e-08
8.900000000000000355e+00 1.413341129640449765e-08
8.950000000000001066e+00 1.134557649479891510e-08
9.000000000000000000e+00 9.142359598383300858e-09
9.050000000000000711e+00 7.464448723405039661e-09
9.099999999999999645e+00 6.244434106044962068e-09
9.150000000000000355e+00 5.408420675098754644e-09
9.200000000000001066e+00 4.878380205467909028e-09
9.250000000000000000e+00 4.575048143198350316e-09
9.300000000000000711e+00 4.421132595108308231e-09
9.349999999999999645e+00 4.344583477677475464e-09
9.400000000000000355e+00 4.281669354183178462e-09
9.450000000000001066e+00 4.179627581889800758e-09
9.500000000000000000e+00 3.998688318331553889e-09
9.550000000000000711e+00 3.713321726712048683e-09
9.600000000000001421e+00 3.312616594600473328e-09
9.650000000000000355e+00 2.799763015607655302e-09
9.700000000000001066e+00 2.190677054870037456e-09
9.750000000000000000e+00 1.511866701791996484e-09
9.800000000000000711e+00 7.976915748839049410e-10
9.850000000000001421e+00 8.721014215966765548e-11
9.900000000000000355e+00 -5.791650720071703380e-10
9.950000000000001066e+00 -1.162973328873108394e-09
1.000000000000000000e+01 -1.630747763097222219e-09
1.005000000000000071e+01 -1.956590963833695416e-09
1.010000000000000142e+01 -2.124117384765663182e-09
1.015000000000000036e+01 -2.127643183942900326e-09
1.020000000000000107e+01 -1.972558997619492641e-09
1.025000000000000000e+01 -1.674879634048856692e-09
1.030000000000000071e+01 -1.260022532435392664e-09
1.035000000000000142e+01 -7.609199668217095244e-10
1.040000000000000036e+01 -2.156147317937865459e-10
1.045000000000000107e+01 3.354776059691648156e-10
1.050000000000000000e+01 8.524369947147784660e-10
1.055000000000000071e+01 1.298629713456043982e-09
1.060000000000000142e+01 1.643223363210698357e-09
1.065000000000000036e+01 1.863251161412915011e-09
1.070000000000000107e+01 1.945086047502702784e-09
1.075000000000000000e+01 1.885229667000914922e-09
1.080000000000000071e+01 1.690371733231250657e-09
1.085000000000000142e+01 1.376727885833439319e-09
1.090000000000000036e+01 9.687152322498392321e-10
1.095000000000000107e+01 4.970706891931061922e-10
1.100000000000000000e+01 -3.445108008956008595e-12
1.105000000000000071e+01 -4.965886896054311200e-10
1.110000000000000142e+01 -9.472354174934018239e-10
1.115000000000000036e+01 -1.323856793948637837e-09
1.120000000000000107e+01 -1.600700287428052609e-09
1.125000000000000000e+01 -1.759522557848477345e-09
1.130000000000000071e+01 -1.790761112768968602e-09
1.135000000000000142e+01 -1.694071085344028860e-09
1.140000000000000036e+01 -1.478199945865053269e-09
1.145000000000000107e+01 -1.160220204073840749e-09
1.150000000000000000e+01 -7.641851698081600818e-10
1.155000000000000071e+01 -3.193124938224189651e-10
1.160000000000000142e+01 1.421682043420352630e-10
1.165000000000000036e+01 5.873458867642724507e-10
1.170000000000000107e+01 9.849691441924380207e-10
1.175000000000000000e+01 1.307632113924116342e-09
1.180000000000000071e+01 1.533653339843586311e-09
1.185000000000000142e+01 1.648519829524379293e-09
1.190000000000000036e+01 1.645801343272873080e-09
1.195000000000000107e+01 1.527478897021813798e-09
1.200000000000000000e+01 1.303673691867034949e-09
1.205000000000000071e+01 9.918052117499581513e-10
1.210000000000000142e+01 6.152470253267412048e-10
1.215000000000000036e+01 2.015831486671195854e-10
1.220000000000000107e+01 -2.194056560405839831e-10
1.225000000000000000e+01 -6.178792941197349714e-10
1.230000000000000071e+01 -9.660467268011623942e-10
1.235000000000000142e+01 -1.240097049398922569e-09
1.240000000000000036e+01 -1.421819825813793835e-09
1.245000000000000107e+01 -1.499805234032487767e-09
1.250000000000000000e+01 -1.470145900632430317e-09
1.255000000000000071e+01 -1.336598633030092052e-09
1.260000000000000142e+01 -1.110202955433595445e-09
1.265000000000000036e+01 -8.083916665927523069e-10
1.270000000000000107e+01 -4.536638740310211478e-10
1.275000000000000000e+01 -7.192068886551230939e-11
1.280000000000000071e+01 3.094140062872299050e-10
1.285000000000000142e+01 6.633520457687887958e-10
1.290000000000000036e+01 9.652395247519406544e-10
1.295000000000000107e+01 1.194462534080350987e-09
1.300000000000000000e+01 1.335842786593027136e-09
1.305000000000000071e+01 1.380629436578235260e-09
1.310000000000000142e+01 1.327023204285364695e-09
1.315000000000000036e+01 1.180202797264087284e-09
1.320000000000000107e+01 9.518590762833584924e-10
1.325000000000000000e+01 6.592769816731183842e-10
1.330000000000000071e+01 3.240364607270815204e-10
1.335000000000000142e+01 -2.957060718718778914e-11
1.340000000000000036e+01 -3.762919241652211067e-10
1.345000000000000107e+01 -6.917090023237937122e-10
1.350000000000000000e+01 -9.539472025265625237e-10
1.355000000000000071e+01 -1.145182432340096474e-09
1.360000000000000142e+01 -1.252841370832673185e-09
1.365000000000000036e+01 -1.270415116616919615e-09
1.370000000000000107e+01 -1.197834478454197224e-09
1.375000000000000000e+01 -1.041386689415220322e-09
1.380000000000000071e+01 -8.131858429816064723e-10
1.385000000000000142e+01 -5.302405487103569662e-10
1.390000000000000036e+01 -2.131899986703761212e-10
1.395000000000000107e+01 1.151980630243960896e-10
1.400000000000000000e+01 4.316585494329927530e-10
1.405000000000000071e+01 7.140729532561474767e-10
1.410000000000000142e+01 9.430102390537796886e-10
1.415000000000000036e+01 1.103057809509036955e-09
1.420000000000000107e+01 1.183851880805923829e-09
1.425000000000000000e+01 1.180738960893248064e-09
1.430000000000000071e+01 1.095026982854030864e-09
1.435000000000000142e+01 9.338140260125490428e-10
1.440000000000000036e+01 7.094123931763139234e-10
1.445000000000000107e+01 4.384139817791913986e-10
1.450000000000000000e+01 1.404674476265158374e-10
1.455000000000000071e+01 -1.631430618426865472e-10
1.460000000000000142e+01 -4.510151096273668098e-10
1.465000000000000036e+01 -7.031332666684963948e-10
1.470000000000000107e+01 -9.022569530708625337e-10
1.475000000000000000e+01 -1.035094929275790790e-09
1.480000000000000071e+01 -1.093186817176177986e-09
1.485000000000000142e+01 -1.073433646642709029e-09
1.490000000000000036e+01 -9.782448430647299952e-10
1.495000000000000107e+01 -8.152964143019199698e-10
