0.000000000000000000e+00 -1.060318289511693361e-05
5.000000000000000278e-02 -1.543627940218572727e-07
1.000000000000000056e-01 -1.223989060194895897e-06
1.500000000000000222e-01 -4.411640763288504496e-06
2.000000000000000111e-01 -1.054628239578220096e-05
2.500000000000000000e-01 -2.057823421390789321e-05
3.000000000000000444e-01 -3.531858104385521112e-05
3.500000000000000333e-01 -5.550080773836087129e-05
4.000000000000000222e-01 -8.174236861902834511e-05
4.500000000000000111e-01 -1.145356817738758803e-04
5.000000000000000000e-01 -1.542336074032817637e-04
5.500000000000000444e-01 -2.010382610297782320e-04
6.000000000000000888e-01 -2.549953009891788871e-04
6.500000000000000222e-01 -3.159845419427278384e-04
7.000000000000000666e-01 -3.837155984827682483e-04
7.500000000000000000e-01 -4.577304854522785244e-04
8.000000000000000444e-01 -5.374054345681581737e-04
8.500000000000000888e-01 -6.219632454831355633e-04
9.000000000000000222e-01 -7.104539682570945071e-04
9.500000000000000666e-01 -8.017997208109320590e-04
1.000000000000000000e+00 -8.948071817061137648e-04
1.050000000000000044e+00 -9.881530644451192412e-04
1.100000000000000089e+00 -1.080467338058706999e-03
1.150000000000000133e+00 -1.170254891907317662e-03
1.200000000000000178e+00 -1.256031701530057037e-03
1.250000000000000000e+00 -1.336284642013592979e-03
1.300000000000000044e+00 -1.409521912078048672e-03
1.350000000000000089e+00 -1.474305994877636410e-03
1.400000000000000133e+00 -1.529242744042827885e-03
1.450000000000000178e+00 -1.573077313426901385e-03
1.500000000000000000e+00 -1.604657172223232856e-03
1.550000000000000044e+00 -1.622984351059019153e-03
1.600000000000000089e+00 -1.627319631609984267e-03
1.650000000000000133e+00 -1.616953719121123293e-03
1.700000000000000178e+00 -1.591610553333346837e-03
1.750000000000000000e+00 -1.551025357623305465e-03
1.800000000000000044e+00 -1.495296592850889599e-03
1.850000000000000089e+00 -1.424757549326551714e-03
1.900000000000000133e+00 -1.340006577581528534e-03
1.950000000000000178e+00 -1.241711212488032104e-03
2.000000000000000000e+00 -1.131002994564656418e-03
2.050000000000000266e+00 -1.009054390477963446e-03
2.100000000000000089e+00 -8.772181126364767814e-04
2.149999999999999911e+00 -7.370738017239879605e-04
2.200000000000000178e+00 -5.902947658764706382e-04
2.250000000000000000e+00 -4.387935286830803175e-04
2.300000000000000266e+00 -2.843021814620445040e-04
2.350000000000000089e+00 -1.287882429724614467e-04
2.400000000000000355e+00 2.583027752143745941e-05
2.450000000000000178e+00 1.776404641702506435e-04
2.500000000000000000e+00 3.249458781019930144e-04
2.550000000000000266e+00 4.659441559371607904e-04
2.600000000000000089e+00 5.990680687239730365e-04
2.650000000000000355e+00 7.229302909901098211e-04
2.700000000000000178e+00 8.361733489051122181e-04
2.750000000000000000e+00 9.378132086787528948e-04
2.800000000000000266e+00 1.027003597204373050e-03
2.850000000000000089e+00 1.103113152692620233e-03
2.900000000000000355e+00 1.165719005408988752e-03
2.950000000000000178e+00 1.214558695431593302e-03
3.000000000000000000e+00 1.249827103067211679e-03
3.050000000000000266e+00 1.271569555795327468e-03
3.100000000000000089e+00 1.280334875300758899e-03
3.150000000000000355e+00 1.276727772067435228e-03
3.200000000000000178e+00 1.261477219039392524e-03
3.250000000000000000e+00 1.235434659455215576e-03
3.300000000000000266e+00 1.199688887401108078e-03
3.350000000000000089e+00 1.155274700583351936e-03
3.400000000000000355e+00 1.103367774940758545e-03
3.450000000000000178e+00 1.045135682102521588e-03
3.500000000000000000e+00 9.817683911682031309e-04
3.550000000000000266e+00 9.144206547001709111e-04
3.600000000000000089e+00 8.442639406919268509e-04
3.650000000000000355e+00 7.724212139540683527e-04
3.700000000000000178e+00 6.998213397979292623e-04
3.750000000000000000e+00 6.274465423121816350e-04
3.800000000000000266e+00 5.561589720197092530e-04
3.850000000000000089e+00 4.866773735107208089e-04
3.900000000000000355e+00 4.196381622598427787e-04
3.950000000000000178e+00 3.555875735826311891e-04
4.000000000000000000e+00 2.949576349007068665e-04
4.049999999999999822e+00 2.380367580335436052e-04
4.100000000000000533e+00 1.851108858853613463e-04
4.150000000000000355e+00 1.363107754034464220e-04
4.200000000000000178e+00 9.166135396882852055e-05
4.250000000000000000e+00 5.122039174410366219e-05
4.299999999999999822e+00 1.489702167683349833e-05
4.350000000000000533e+00 -1.747839138077726865e-05
4.400000000000000355e+00 -4.600237816137141641e-05
4.450000000000000178e+00 -7.090229579902814112e-05
4.500000000000000000e+00 -9.238486562613384392e-05
4.549999999999999822e+00 -1.106730707332056313e-04
4.600000000000000533e+00 -1.260459968683848807e-04
4.650000000000000355e+00 -1.387079285107672272e-04
4.700000000000000178e+00 -1.489112393137832790e-04
4.750000000000000000e+00 -1.569075908185118922e-04
4.800000000000000711e+00 -1.629120699440337748e-04
4.850000000000000533e+00 -1.671343239114378085e-04
4.900000000000000355e+00 -1.697894716254797691e-04
4.950000000000000178e+00 -1.710665760104225106e-04
5.000000000000000000e+00 -1.711243333146761629e-04
5.050000000000000711e+00 -1.701316730260247372e-04
5.100000000000000533e+00 -1.682432577496464909e-04
5.150000000000000355e+00 -1.655873824502856594e-04
5.200000000000000178e+00 -1.622804602212934999e-04
5.250000000000000000e+00 -1.584498961566498240e-04
5.300000000000000711e+00 -1.541906274504765712e-04
5.350000000000000533e+00 -1.495848944220245320e-04
5.400000000000000355e+00 -1.447328041702785543e-04
5.450000000000000178e+00 -1.397051642498319207e-04
5.500000000000000000e+00 -1.345590055330887140e-04
5.550000000000000711e+00 -1.293706959705080749e-04
5.600000000000000533e+00 -1.241739885176336531e-04
5.650000000000000355e+00 -1.190255783116681861e-04
5.700000000000000178e+00 -1.139592165415219752e-04
5.750000000000000000e+00 -1.090015567479490081e-04
5.800000000000000711e+00 -1.041819576940709218e-04
5.850000000000000533e+00 -9.951891580226467548e-05
5.900000000000000355e+00 -9.501791972820532672e-05
5.950000000000000178e+00 -9.069195639549153276e-05
6.000000000000000000e+00 -8.654156883990172004e-05
6.050000000000000711e+00 -8.256332131657137465e-05
6.100000000000000533e+00 -7.875892034995819833e-05
6.150000000000000355e+00 -7.511283372597285762e-05
6.200000000000000178e+00 -7.162143885546196423e-05
6.250000000000000000e+00 -6.827777068480881436e-05
6.300000000000000711e+00 -6.506793513896579398e-05
6.350000000000000533e+00 -6.198413064748970185e-05
6.400000000000000355e+00 -5.902277206382674829e-05
6.450000000000000178e+00 -5.616908644032195187e-05
6.500000000000000000e+00 -5.342220612982194933e-05
6.550000000000000711e+00 -5.078167643168164392e-05
6.600000000000000533e+00 -4.823829212537272793e-05
6.650000000000000355e+00 -4.579367010924015151e-05
6.700000000000000178e+00 -4.345019608417079074e-05
6.750000000000000000e+00 -4.120556723143507685e-05
6.800000000000000711e+00 -3.906334270354618000e-05
6.850000000000000533e+00 -3.702421913139861072e-05
6.900000000000000355e+00 -3.508914000458843705e-05
6.950000000000000178e+00 -3.325959849685935268e-05
7.000000000000000000e+00 -3.153495027731886342e-05
7.050000000000000711e+00 -2.991253749434784527e-05
7.100000000000000533e+00 -2.839214242483381688e-05
7.150000000000000355e+00 -2.696858772166329821e-05
7.200000000000000178e+00 -2.563716848786515488e-05
7.250000000000000000e+00 -2.439122948914646053e-05
7.300000000000000711e+00 -2.322424560869650395e-05
7.350000000000000533e+00 -2.212952162549129990e-05
7.400000000000000355e+00 -2.109761034346898368e-05
7.450000000000000178e+00 -2.012160301477210431e-05
7.500000000000000000e+00 -1.919370530023338541e-05
7.550000000000000711e+00 -1.830724337399354458e-05
7.600000000000000533e+00 -1.745550990351254898e-05
7.650000000000000355e+00 -1.663431295995863486e-05
7.700000000000000178e+00 -1.584005367986575616e-05
7.750000000000000000e+00 -1.506881874536664177e-05
7.800000000000000711e+00 -1.432021568406752828e-05
7.850000000000000533e+00 -1.359420057336762635e-05
7.900000000000000355e+00 -1.289128025226014888e-05
7.950000000000000178e+00 -1.221320711923605994e-05
8.000000000000000000e+00 -1.156249640830684228e-05
8.050000000000000711e+00 -1.094056604832184075e-05
8.099999999999999645e+00 -1.035123342902655885e-05
8.150000000000000355e+00 -9.796334123935041287e-06
8.200000000000001066e+00 -9.277185943053039747e-06
8.250000000000000000e+00 -8.796116945919499477e-06
8.300000000000000711e+00 -8.352488459741256140e-06
8.349999999999999645e+00 -7.945714458851458418e-06
8.400000000000000355e+00 -7.574946564518918669e-06
8.450000000000001066e+00 -7.237716606148427765e-06
8.500000000000000000e+00 -6.930842682943301865e-06
8.550000000000000711e+00 -6.650537492894595702e-06
8.599999999999999645e+00 -6.392805591703223345e-06
8.650000000000000355e+00 -6.153053653670036857e-06
8.700000000000001066e+00 -5.926968609587658876e-06
8.750000000000000000e+00 -5.710666545435318498e-06
8.800000000000000711e+00 -5.500375004760307208e-06
8.849999999999999645e+00 -5.292205303358293442e-06
8.900000000000000355e+00 -5.084601355949743667e-06
8.950000000000001066e+00 -4.875508629817813715e-06
9.000000000000000000e+00 -4.664081937078508907e-06
9.050000000000000711e+00 -4.450782496462885556e-06
9.099999999999999645e+00 -4.236571418204357386e-06
9.150000000000000355e+00 -4.022445323481148594e-06
9.200000000000001066e+00 -3.810935795632182773e-06
9.250000000000000000e+00 -3.604408344924833289e-06
9.300000000000000711e+00 -3.405278463529328405e-06
9.349999999999999645e+00 -3.216419785144583348e-06
9.400000000000000355e+00 -3.039981354617966045e-06
9.450000000000001066e+00 -2.877807097236771560e-06
9.500000000000000000e+00 -2.731539024982252142e-06
9.550000000000000711e+00 -2.601892186342649658e-06
9.600000000000001421e+00 -2.488814528857387049e-06
9.650000000000000355e+00 -2.392131035670343531e-06
9.700000000000001066e+00 -2.310154796173133803e-06
9.750000000000000000e+00 -2.241153694906414808e-06
9.800000000000000711e+00 -2.183001645292823139e-06
9.850000000000001421e+00 -2.132914507580448964e-06
9.900000000000000355e+00 -2.088078452414823947e-06
9.950000000000001066e+00 -2.045694233378970481e-06
1.000000000000000000e+01 -2.003082965239582286e-06
1.005000000000000071e+01 -1.957835578123470948e-06
1.010000000000000142e+01 -1.908085531994400715e-06
1.015000000000000036e+01 -1.852399452022587789e-06
1.020000000000000107e+01 -1.790045146212245585e-06
1.025000000000000000e+01 -1.720843824037828542e-06
1.030000000000000071e+01 -1.645255349871426086e-06
1.035000000000000142e+01 -1.564234990831601775e-06
1.040000000000000036e+01 -1.479468509255851586e-06
1.045000000000000107e+01 -1.392773672524742869e-06
1.050000000000000000e+01 -1.306153162244922980e-06
1.055000000000000071e+01 -1.221970961196869854e-06
1.060000000000000142e+01 -1.142313059852084329e-06
1.065000000000000036e+01 -1.069104034333986448e-06
1.070000000000000107e+01 -1.004019128351494506e-06
1.075000000000000000e+01 -9.483082912794479159e-07
1.080000000000000071e+01 -9.025679870557797318e-07
1.085000000000000142e+01 -8.670613034067938710e-07
1.090000000000000036e+01 -8.413701821188898037e-07
1.095000000000000107e+01 -8.245991114689064976e-07
1.100000000000000000e+01 -8.155015557538081762e-07
1.105000000000000071e+01 -8.122652642183293390e-07
1.110000000000000142e+01 -8.129741555202126341e-07
1.115000000000000036e+01 -8.155634285193567423e-07
1.120000000000000107e+01 -8.179311814883951361e-07
1.125000000000000000e+01 -8.181242851966243545e-07
1.130000000000000071e+01 -8.144654229803694095e-07
1.135000000000000142e+01 -8.055272553945183363e-07
1.140000000000000036e+01 -7.903780601980133449e-07
1.145000000000000107e+01 -7.685917008066117953e-07
1.150000000000000000e+01 -7.401350871089461464e-07
1.155000000000000071e+01 -7.055323879280110128e-07
1.160000000000000142e+01 -6.656983663325233643e-07
1.165000000000000036e+01 -6.219220292504243393e-07
1.170000000000000107e+01 -5.757428649657288443e-07
1.175000000000000000e+01 -5.289391058491133722e-07
1.180000000000000071e+01 -4.832962170254266933e-07
1.185000000000000142e+01 -4.405368779893304059e-07
1.190000000000000036e+01 -4.022104381184307177e-07
1.195000000000000107e+01 -3.696173483880081762e-07
1.200000000000000000e+01 -3.437041704228430027e-07
1.205000000000000071e+01 -3.250328328989372161e-07
1.210000000000000142e+01 -3.137092897187898658e-07
1.215000000000000036e+01 -3.094110242240794673e-07
1.220000000000000107e+01 -3.114256884193219718e-07
1.225000000000000000e+01 -3.186835012946522028e-07
1.230000000000000071e+01 -3.298317004722552874e-07
1.235000000000000142e+01 -3.433108906017007803e-07
1.240000000000000036e+01 -3.575075076187210256e-07
1.245000000000000107e+01 -3.707642238848418896e-07
1.250000000000000000e+01 -3.815681232397258506e-07
1.255000000000000071e+01 -3.886237307152787454e-07
1.260000000000000142e+01 -3.908876460433335825e-07
1.265000000000000036e+01 -3.876757446903865993e-07
1.270000000000000107e+01 -3.786778048839404772e-07
1.275000000000000000e+01 -3.639882748777439313e-07
1.280000000000000071e+01 -3.440455064198384089e-07
1.285000000000000142e+01 -3.196804551870375511e-07
1.290000000000000036e+01 -2.919656923960967232e-07
1.295000000000000107e+01 -2.622108636504704523e-07
1.300000000000000000e+01 -2.318380075424783998e-07
1.305000000000000071e+01 -2.023067958940633503e-07
1.310000000000000142e+01 -1.750084486346038455e-07
1.315000000000000036e+01 -1.512028896357171281e-07
