0.000000000000000000e+00 -1.209839895339656080e-01
5.000000000000000278e-02 -1.247917696541530896e-01
1.000000000000000056e-01 -1.241831411890687437e-01
1.500000000000000222e-01 -1.230644745541890211e-01
2.000000000000000111e-01 -1.215504975091485362e-01
2.500000000000000000e-01 -1.195737148546038991e-01
3.000000000000000444e-01 -1.172078218142512257e-01
3.500000000000000333e-01 -1.144637455609814336e-01
4.000000000000000222e-01 -1.113017938564269393e-01
4.500000000000000111e-01 -1.077742886509398396e-01
5.000000000000000000e-01 -1.038760763863444403e-01
5.500000000000000444e-01 -9.965118553788605837e-02
6.000000000000000888e-01 -9.511649798258313415e-02
6.500000000000000222e-01 -9.020628408765096751e-02
7.000000000000000666e-01 -8.523119642320901856e-02
7.500000000000000000e-01 -7.947046067950370996e-02
8.000000000000000444e-01 -7.415592682376176414e-02
8.500000000000000888e-01 -6.809802143402070296e-02
9.000000000000000222e-01 -6.204485301099733202e-02
9.500000000000000666e-01 -5.576811468446467995e-02
1.000000000000000000e+00 -4.932705732416109434e-02
1.050000000000000044e+00 -4.274393298213286646e-02
1.100000000000000089e+00 -3.605715547813174299e-02
1.150000000000000133e+00 -2.925090343639865503e-02
1.200000000000000178e+00 -2.244725894141032935e-02
1.250000000000000000e+00 -1.555861973182952156e-02
1.300000000000000044e+00 -8.631769289202234283e-03
1.350000000000000089e+00 -1.787519831699322043e-03
1.400000000000000133e+00 5.024088866495148541e-03
1.450000000000000178e+00 1.174817467189273254e-02
1.500000000000000000e+00 1.834368024885198872e-02
1.550000000000000044e+00 2.477532536561187146e-02
1.600000000000000089e+00 3.102693803628283134e-02
1.650000000000000133e+00 3.702695396374216380e-02
1.700000000000000178e+00 4.274429691014841604e-02
1.750000000000000000e+00 4.815960529277127367e-02
1.800000000000000044e+00 5.320806343303381009e-02
1.850000000000000089e+00 5.792720195221903734e-02
1.900000000000000133e+00 6.209354256863192090e-02
1.950000000000000178e+00 6.592796729925357035e-02
2.000000000000000000e+00 6.920777227634640483e-02
2.050000000000000266e+00 7.200938345558070830e-02
2.100000000000000089e+00 7.422449286571188021e-02
2.149999999999999911e+00 7.598561330196476615e-02
2.200000000000000178e+00 7.708276219616516656e-02
2.250000000000000000e+00 7.766419181079903256e-02
2.300000000000000266e+00 7.766200849846102705e-02
2.350000000000000089e+00 7.709120161797718140e-02
2.400000000000000355e+00 7.598481270249957120e-02
2.450000000000000178e+00 7.434350114571200430e-02
2.500000000000000000e+00 7.219327905768783971e-02
2.550000000000000266e+00 6.958225691015290648e-02
2.600000000000000089e+00 6.651086618826111685e-02
2.650000000000000355e+00 6.310170001786716276e-02
2.700000000000000178e+00 5.925632419937657686e-02
2.750000000000000000e+00 5.518303399784369595e-02
2.800000000000000266e+00 5.084568848350439624e-02
2.850000000000000089e+00 4.629934772064672743e-02
2.900000000000000355e+00 4.162713248415812056e-02
2.950000000000000178e+00 3.686658778043021972e-02
3.000000000000000000e+00 3.207381652708334724e-02
3.050000000000000266e+00 2.730217429997587250e-02
3.100000000000000089e+00 2.259865024653469334e-02
3.150000000000000355e+00 1.801332370485334705e-02
3.200000000000000178e+00 1.358342727164106416e-02
3.250000000000000000e+00 9.351992291297607507e-03
3.300000000000000266e+00 5.344087459984259852e-03
3.350000000000000089e+00 1.595439699812164092e-03
3.400000000000000355e+00 -1.875751215644841981e-03
3.450000000000000178e+00 -5.052709375633128615e-03
3.500000000000000000e+00 -7.922060335016991445e-03
3.550000000000000266e+00 -1.047761104197888170e-02
3.600000000000000089e+00 -1.271804426157473189e-02
3.650000000000000355e+00 -1.464486497805991133e-02
3.700000000000000178e+00 -1.626609489026979369e-02
3.750000000000000000e+00 -1.759149089695567769e-02
3.800000000000000266e+00 -1.863388657251702218e-02
3.850000000000000089e+00 -1.941247247957082755e-02
3.900000000000000355e+00 -1.993938766135160134e-02
3.950000000000000178e+00 -2.024189080768546908e-02
4.000000000000000000e+00 -2.033492487868438295e-02
4.049999999999999822e+00 -2.024400268847225542e-02
4.100000000000000533e+00 -1.998859001614887443e-02
4.150000000000000355e+00 -1.958592313579333652e-02
4.200000000000000178e+00 -1.908439985132138333e-02
4.250000000000000000e+00 -1.843238754693437773e-02
4.299999999999999822e+00 -1.774684202657627816e-02
4.350000000000000533e+00 -1.697157010135952326e-02
4.400000000000000355e+00 -1.615891821919319959e-02
4.450000000000000178e+00 -1.528762764846899359e-02
4.500000000000000000e+00 -1.444730590628924734e-02
4.549999999999999822e+00 -1.354620723934001590e-02
4.600000000000000533e+00 -1.267241189551600658e-02
4.650000000000000355e+00 -1.180345644080465009e-02
4.700000000000000178e+00 -1.095373217901702070e-02
4.750000000000000000e+00 -1.012924845540659306e-02
4.800000000000000711e+00 -9.334240080780521753e-03
4.850000000000000533e+00 -8.573703738643714128e-03
4.900000000000000355e+00 -7.848516102853241375e-03
4.950000000000000178e+00 -7.166218472462535481e-03
5.000000000000000000e+00 -6.520904257771114459e-03
5.050000000000000711e+00 -5.918638335970860011e-03
5.100000000000000533e+00 -5.357407138067580600e-03
5.150000000000000355e+00 -4.837312660218120487e-03
5.200000000000000178e+00 -4.357303787935316690e-03
5.250000000000000000e+00 -3.916218245655742232e-03
5.300000000000000711e+00 -3.512717820623388956e-03
5.350000000000000533e+00 -3.144602818817583429e-03
5.400000000000000355e+00 -2.810194263704987767e-03
5.450000000000000178e+00 -2.508241443701830515e-03
5.500000000000000000e+00 -2.232187514223734834e-03
5.550000000000000711e+00 -1.990501211286794473e-03
5.600000000000000533e+00 -1.767121063763859180e-03
5.650000000000000355e+00 -1.569910435966805941e-03
5.700000000000000178e+00 -1.392769110359550139e-03
5.750000000000000000e+00 -1.234643063958291249e-03
5.800000000000000711e+00 -1.093862001516403889e-03
5.850000000000000533e+00 -9.673366319334796752e-04
5.900000000000000355e+00 -8.584882696074851247e-04
5.950000000000000178e+00 -7.471699393264407416e-04
6.000000000000000000e+00 -6.220581370266094461e-04
6.050000000000000711e+00 -5.568313087943001704e-04
6.100000000000000533e+00 -4.984408313730596474e-04
6.150000000000000355e+00 -4.461531897876931793e-04
6.200000000000000178e+00 -3.993421949525698339e-04
6.250000000000000000e+00 -3.574398623735994284e-04
6.300000000000000711e+00 -3.199216202438049132e-04
6.350000000000000533e+00 -2.863344807387526933e-04
6.400000000000000355e+00 -2.562725868649181411e-04
6.450000000000000178e+00 -2.293576347552181340e-04
6.500000000000000000e+00 -2.052656904136750365e-04
6.550000000000000711e+00 -1.837036673639957029e-04
