0.000000000000000000e+00 -1.570069542049333175e-02
5.000000000000000278e-02 -1.569847904469556799e-02
1.000000000000000056e-01 -1.569182743800307325e-02
1.500000000000000222e-01 -1.568073325696814693e-02
2.000000000000000111e-01 -1.566518464264289937e-02
2.500000000000000000e-01 -1.564516540651749929e-02
3.000000000000000444e-01 -1.562065603239957967e-02
3.500000000000000333e-01 -1.559163441838461346e-02
4.000000000000000222e-01 -1.555807658874746972e-02
4.500000000000000111e-01 -1.551995767869279383e-02
5.000000000000000000e-01 -1.547725360349975522e-02
5.500000000000000444e-01 -1.542994174366223506e-02
6.000000000000000888e-01 -1.537800248800550232e-02
6.500000000000000222e-01 -1.532142071358526085e-02
7.000000000000000666e-01 -1.526018675724187534e-02
7.500000000000000000e-01 -1.519429784735334965e-02
8.000000000000000444e-01 -1.512375947133649465e-02
8.500000000000000888e-01 -1.504858626056449974e-02
9.000000000000000222e-01 -1.496880339813584995e-02
9.500000000000000666e-01 -1.488444732561329184e-02
1.000000000000000000e+00 -1.479556682026973886e-02
1.050000000000000044e+00 -1.470222338607293788e-02
1.100000000000000089e+00 -1.460449183274293954e-02
1.150000000000000133e+00 -1.450246101725377601e-02
1.200000000000000178e+00 -1.439623337789957061e-02
1.250000000000000000e+00 -1.428592739063654082e-02
1.300000000000000044e+00 -1.417166766975669345e-02
1.350000000000000089e+00 -1.405360364527531887e-02
1.400000000000000133e+00 -1.393188998931336152e-02
1.450000000000000178e+00 -1.380669593218720320e-02
1.500000000000000000e+00 -1.367820195014870545e-02
1.550000000000000044e+00 -1.354659922470636234e-02
1.600000000000000089e+00 -1.341208854412259330e-02
1.650000000000000133e+00 -1.327487924257912850e-02
1.700000000000000178e+00 -1.313518774816838097e-02
1.750000000000000000e+00 -1.299323682748448894e-02
1.800000000000000044e+00 -1.284925382623814012e-02
1.850000000000000089e+00 -1.270346956146615677e-02
1.900000000000000133e+00 -1.255611695653409930e-02
1.950000000000000178e+00 -1.240742972237394819e-02
2.000000000000000000e+00 -1.225764102579528399e-02
2.050000000000000266e+00 -1.210698237728241936e-02
2.100000000000000089e+00 -1.195568221737893476e-02
2.149999999999999911e+00 -1.180396490543444109e-02
2.200000000000000178e+00 -1.165204961877922864e-02
2.250000000000000000e+00 -1.150014939128998770e-02
2.300000000000000266e+00 -1.134847009234602432e-02
2.350000000000000089e+00 -1.119720980864614621e-02
2.400000000000000355e+00 -1.104655799854024033e-02
2.450000000000000178e+00 -1.089669491276643379e-02
2.500000000000000000e+00 -1.074779108007747376e-02
2.550000000000000266e+00 -1.060000689169710367e-02
2.600000000000000089e+00 -1.045349228288646251e-02
2.650000000000000355e+00 -1.030838650883614954e-02
2.700000000000000178e+00 -1.016481801116097747e-02
2.750000000000000000e+00 -1.002290437046412727e-02
2.800000000000000266e+00 -9.882752339756217808e-03
2.850000000000000089e+00 -9.744457952960187963e-03
2.900000000000000355e+00 -9.608106702301720189e-03
2.950000000000000178e+00 -9.473773778071530385e-03
3.000000000000000000e+00 -9.341524364043693116e-03
3.050000000000000266e+00 -9.211413981735958045e-03
3.100000000000000089e+00 -9.083488876695394038e-03
3.150000000000000355e+00 -8.957786440076958082e-03
3.200000000000000178e+00 -8.834335658944623276e-03
3.250000000000000000e+00 -8.713157588955709743e-03
3.300000000000000266e+00 -8.594265843379118516e-03
3.350000000000000089e+00 -8.477667092738946225e-03
3.400000000000000355e+00 -8.363361569756790070e-03
3.450000000000000178e+00 -8.251343574680634202e-03
3.500000000000000000e+00 -8.141601976526935749e-03
3.550000000000000266e+00 -8.034120701600651338e-03
3.600000000000000089e+00 -7.928879238055564632e-03
3.650000000000000355e+00 -7.825853056452242856e-03
3.700000000000000178e+00 -7.725014105270445672e-03
3.750000000000000000e+00 -7.626331217606472854e-03
3.800000000000000266e+00 -7.529770524257832325e-03
3.850000000000000089e+00 -7.435295839538481021e-03
3.900000000000000355e+00 -7.342869023487816858e-03
3.950000000000000178e+00 -7.252450319877145300e-03
4.000000000000000000e+00 -7.163998669743721834e-03
4.049999999999999822e+00 -7.077472000476331231e-03
4.100000000000000533e+00 -6.992827490736481036e-03
4.150000000000000355e+00 -6.910021811725550189e-03
4.200000000000000178e+00 -6.829011345500672625e-03
4.250000000000000000e+00 -6.749752381202060725e-03
4.299999999999999822e+00 -6.672201290182781450e-03
4.350000000000000533e+00 -6.596314681131159978e-03
4.400000000000000355e+00 -6.522049536347594191e-03
4.450000000000000178e+00 -6.449363330384632470e-03
4.500000000000000000e+00 -6.378214132284011975e-03
4.549999999999999822e+00 -6.308560692649821562e-03
4.600000000000000533e+00 -6.240362516785869472e-03
4.650000000000000355e+00 -6.173579925100179840e-03
4.700000000000000178e+00 -6.108174101943117211e-03
4.750000000000000000e+00 -6.044107134000075744e-03
4.800000000000000711e+00 -5.981342039307324492e-03
4.850000000000000533e+00 -5.919842787902233720e-03
4.900000000000000355e+00 -5.859574315058489052e-03
4.950000000000000178e+00 -5.800502527994351280e-03
5.000000000000000000e+00 -5.742594306878907005e-03
5.050000000000000711e+00 -5.685817500898080086e-03
5.100000000000000533e+00 -5.630140920080332727e-03
5.150000000000000355e+00 -5.575534323521443188e-03
5.200000000000000178e+00 -5.521968404589192372e-03
5.250000000000000000e+00 -5.469414773632747841e-03
5.300000000000000711e+00 -5.417845938667694913e-03
5.350000000000000533e+00 -5.367235284456775557e-03
5.400000000000000355e+00 -5.317557050358166955e-03
5.450000000000000178e+00 -5.268786307267930846e-03
5.500000000000000000e+00 -5.220898933940932261e-03
5.550000000000000711e+00 -5.173871592935357089e-03
5.600000000000000533e+00 -5.127681706389886941e-03
5.650000000000000355e+00 -5.082307431809639578e-03
5.700000000000000178e+00 -5.037727638007222231e-03
5.750000000000000000e+00 -4.993921881318746404e-03
5.800000000000000711e+00 -4.950870382191101260e-03
5.850000000000000533e+00 -4.908554002216547127e-03
5.900000000000000355e+00 -4.866954221673083260e-03
5.950000000000000178e+00 -4.826053117614577219e-03
