0.000000000000000000e+00 0.000000000000000000e+00
5.000000000000000278e-02 9.382310865202745157e-05
1.000000000000000056e-01 1.830144494461261560e-04
1.500000000000000222e-01 2.630124646970976644e-04
2.000000000000000111e-01 3.293949072672686888e-04
2.500000000000000000e-01 3.779457411226641345e-04
3.000000000000000444e-01 4.047187911844249788e-04
3.500000000000000333e-01 4.060971492530338262e-04
4.000000000000000222e-01 3.788474177618368697e-04
4.500000000000000111e-01 3.201679638439931157e-04
5.000000000000000000e-01 2.277304607963000053e-04
5.500000000000000444e-01 9.971411035623981315e-05
6.000000000000000888e-01 -6.516793506846941262e-05
6.500000000000000222e-01 -2.676502984555832461e-04
7.000000000000000666e-01 -5.079054637991436321e-04
7.500000000000000000e-01 -7.855422939318909472e-04
8.000000000000000444e-01 -1.099612915322236003e-03
8.500000000000000888e-01 -1.448627770110215473e-03
9.000000000000000222e-01 -1.830578506779967189e-03
9.500000000000000666e-01 -2.242968259804698720e-03
1.000000000000000000e+00 -2.682848757278990214e-03
1.050000000000000044e+00 -3.146863595661650824e-03
1.100000000000000089e+00 -3.631296933711637524e-03
1.150000000000000133e+00 -4.132126784652800054e-03
1.200000000000000178e+00 -4.645082027408284006e-03
1.250000000000000000e+00 -5.165702214978315845e-03
1.300000000000000044e+00 -5.689399230994650856e-03
1.350000000000000089e+00 -6.211519834207852517e-03
1.400000000000000133e+00 -6.727408134935336168e-03
1.450000000000000178e+00 -7.232467066875741292e-03
1.500000000000000000e+00 -7.722217951521143965e-03
1.550000000000000044e+00 -8.192357299825836839e-03
1.600000000000000089e+00 -8.638810055796496135e-03
1.650000000000000133e+00 -9.057778558080964090e-03
1.700000000000000178e+00 -9.445786577141285570e-03
1.750000000000000000e+00 -9.799717875775673659e-03
1.800000000000000044e+00 -1.011684883807712453e-02
1.850000000000000089e+00 -1.039487481477314491e-02
1.900000000000000133e+00 -1.063192993960498586e-02
1.950000000000000178e+00 -1.082660028024967636e-02
2.000000000000000000e+00 -1.097793029650671708e-02
2.050000000000000266e+00 -1.108542268629700463e-02
2.100000000000000089e+00 -1.114903180469759350e-02
2.149999999999999911e+00 -1.116915094104400930e-02
2.200000000000000178e+00 -1.114659383241430046e-02
2.250000000000000000e+00 -1.108257087700123544e-02
2.300000000000000266e+00 -1.097866058653654449e-02
2.350000000000000089e+00 -1.083677688176234999e-02
2.400000000000000355e+00 -1.065913288784073841e-02
2.450000000000000178e+00 -1.044820192665677633e-02
2.500000000000000000e+00 -1.020667642954524966e-02
2.550000000000000266e+00 -9.937425506663620511e-03
2.600000000000000089e+00 -9.643451907929130248e-03
2.650000000000000355e+00 -9.327849095317225503e-03
2.700000000000000178e+00 -8.993759117860100627e-03
2.750000000000000000e+00 -8.644331939661447500e-03
2.800000000000000266e+00 -8.282686818714267429e-03
2.850000000000000089e+00 -7.911876271593521956e-03
2.900000000000000355e+00 -7.534853087749174456e-03
2.950000000000000178e+00 -7.154440778900339817e-03
3.000000000000000000e+00 -6.773307765832370722e-03
3.050000000000000266e+00 -6.393945518734126671e-03
3.100000000000000089e+00 -6.018650780137510536e-03
3.150000000000000355e+00 -5.649511913582603087e-03
3.200000000000000178e+00 -5.288399338309628626e-03
3.250000000000000000e+00 -4.936959932429346720e-03
3.300000000000000266e+00 -4.596615215828350060e-03
3.350000000000000089e+00 -4.268563060981813741e-03
3.400000000000000355e+00 -3.953782626069856851e-03
3.450000000000000178e+00 -3.653042161224394953e-03
3.500000000000000000e+00 -3.366909305958570939e-03
3.550000000000000266e+00 -3.095763474110638409e-03
3.600000000000000089e+00 -2.839809911905509434e-03
3.650000000000000355e+00 -2.599095014624711215e-03
3.700000000000000178e+00 -2.373522497213745742e-03
3.750000000000000000e+00 -2.162870033022143944e-03
3.800000000000000266e+00 -1.966806001625564897e-03
3.850000000000000089e+00 -1.784906020009785011e-03
3.900000000000000355e+00 -1.616668969872870308e-03
3.950000000000000178e+00 -1.461532275927369907e-03
4.000000000000000000e+00 -1.318886234350409971e-03
4.049999999999999822e+00 -1.188087235467403602e-03
4.100000000000000533e+00 -1.068469768984693473e-03
4.150000000000000355e+00 -9.593571423583487252e-04
4.200000000000000178e+00 -8.600708821184006739e-04
4.250000000000000000e+00 -7.699388232712879067e-04
4.299999999999999822e+00 -6.883019226018511402e-04
4.350000000000000533e+00 -6.145198573353128800e-04
4.400000000000000355e+00 -5.479754909648608049e-04
4.450000000000000178e+00 -4.880783030800518035e-04
4.500000000000000000e+00 -4.342668899179826132e-04
4.549999999999999822e+00 -3.860106474469569404e-04
4.600000000000000533e+00 -3.428107495673235537e-04
4.650000000000000355e+00 -3.042005310710520108e-04
4.700000000000000178e+00 -2.697453790095413620e-04
4.750000000000000000e+00 -2.390422277856639401e-04
4.800000000000000711e+00 -2.117187433228924498e-04
4.850000000000000533e+00 -1.874322707565277842e-04
4.900000000000000355e+00 -1.658686088693301492e-04
4.950000000000000178e+00 -1.467406635091815113e-04
5.000000000000000000e+00 -1.297870219381983784e-04
5.050000000000000711e+00 -1.147704808244604885e-04
5.100000000000000533e+00 -1.014765526430229397e-04
5.150000000000000355e+00 -8.971196873717047354e-05
5.200000000000000178e+00 -7.930319223726502945e-05
5.250000000000000000e+00 -7.009495038528340755e-05
5.300000000000000711e+00 -6.194879343479378869e-05
5.350000000000000533e+00 -5.474168599662401102e-05
5.400000000000000355e+00 -4.836463624832130798e-05
5.450000000000000178e+00 -4.272136856898661647e-05
5.500000000000000000e+00 -3.772704564659240170e-05
5.550000000000000711e+00 -3.330704669406201970e-05
5.600000000000000533e+00 -2.939580889402005617e-05
5.650000000000000355e+00 -2.593573940133440841e-05
5.700000000000000178e+00 -2.287620504662236373e-05
5.750000000000000000e+00 -2.017260623364723550e-05
5.800000000000000711e+00 -1.778554039189484361e-05
5.850000000000000533e+00 -1.568005876424916230e-05
5.900000000000000355e+00 -1.382501835275989132e-05
5.950000000000000178e+00 -1.219252862120759094e-05
