0.000000000000000000e+00 1.726035506746018782e-07
5.000000000000000278e-02 -1.957380350877492431e-06
1.000000000000000056e-01 -3.896383738380323472e-06
1.500000000000000222e-01 -5.792929977472010647e-06
2.000000000000000111e-01 -7.630065479071663053e-06
2.500000000000000000e-01 -9.388012634008814682e-06
3.000000000000000444e-01 -1.104928357493512199e-05
3.500000000000000333e-01 -1.259726458854446552e-05
4.000000000000000222e-01 -1.401697428806344755e-05
4.500000000000000111e-01 -1.529498813648602946e-05
5.000000000000000000e-01 -1.641971097074785416e-05
5.500000000000000444e-01 -1.738149115111853647e-05
6.000000000000000888e-01 -1.817284086012724582e-05
6.500000000000000222e-01 -1.878820291630243391e-05
7.000000000000000666e-01 -1.922445521585561528e-05
7.500000000000000000e-01 -1.947982016483184323e-05
8.000000000000000444e-01 -1.955582517928796917e-05
8.500000000000000888e-01 -1.945563888611061694e-05
9.000000000000000222e-01 -1.918394314466851657e-05
9.500000000000000666e-01 -1.874736788145428507e-05
1.000000000000000000e+00 -1.815476692183836185e-05
1.050000000000000044e+00 -1.741682214914962290e-05
1.100000000000000089e+00 -1.654466139720278626e-05
1.150000000000000133e+00 -1.555088481012752526e-05
1.200000000000000178e+00 -1.444977736119895412e-05
1.250000000000000000e+00 -1.325543011725799528e-05
1.300000000000000044e+00 -1.198383909323095685e-05
1.350000000000000089e+00 -1.064994579241734115e-05
1.400000000000000133e+00 -9.269496484589775798e-06
1.450000000000000178e+00 -7.859117310737215301e-06
1.500000000000000000e+00 -6.432900088748600267e-06
1.550000000000000044e+00 -5.006020419654496079e-06
1.600000000000000089e+00 -3.593416748075918671e-06
1.650000000000000133e+00 -2.207784307066182701e-06
1.700000000000000178e+00 -8.638182627667188288e-07
1.750000000000000000e+00 4.294186172066041495e-07
1.800000000000000044e+00 1.660808881355871335e-06
1.850000000000000089e+00 2.820433761137821679e-06
1.900000000000000133e+00 3.900165553602253374e-06
1.950000000000000178e+00 4.893742739050813899e-06
2.000000000000000000e+00 5.796628370676361641e-06
2.050000000000000266e+00 6.603241327889816829e-06
2.100000000000000089e+00 7.312462469926890357e-06
2.149999999999999911e+00 7.921522944266238227e-06
2.200000000000000178e+00 8.430922599098901641e-06
2.250000000000000000e+00 8.841561793795408805e-06
2.300000000000000266e+00 9.155322902146630402e-06
2.350000000000000089e+00 9.374487849261517249e-06
2.400000000000000355e+00 9.503887686003193507e-06
2.450000000000000178e+00 9.547410753174037952e-06
2.500000000000000000e+00 9.509928056356585114e-06
2.550000000000000266e+00 9.398092814278278533e-06
2.600000000000000089e+00 9.217470877332515882e-06
2.650000000000000355e+00 8.974578341252132600e-06
2.700000000000000178e+00 8.676491500062164531e-06
2.750000000000000000e+00 8.330271082525262516e-06
2.800000000000000266e+00 7.941651058233313365e-06
2.850000000000000089e+00 7.518843496827503050e-06
2.900000000000000355e+00 7.067859093064733083e-06
2.950000000000000178e+00 6.594926847153815080e-06
3.000000000000000000e+00 6.106762299262433947e-06
3.050000000000000266e+00 5.609038517623523675e-06
3.100000000000000089e+00 5.106890457312912369e-06
3.150000000000000355e+00 4.605891674367616001e-06
3.200000000000000178e+00 4.110493181666622137e-06
3.250000000000000000e+00 3.624554939448831863e-06
3.300000000000000266e+00 3.152174340657221078e-06
3.350000000000000089e+00 2.696254600243280545e-06
3.400000000000000355e+00 2.259803849068888593e-06
3.450000000000000178e+00 1.845011435646603769e-06
3.500000000000000000e+00 1.453617611791768473e-06
3.550000000000000266e+00 1.087115130185676794e-06
3.600000000000000089e+00 7.465262110164853473e-07
3.650000000000000355e+00 4.325226564495049904e-07
3.700000000000000178e+00 1.453792498560261319e-07
3.750000000000000000e+00 -1.151780988444885386e-07
3.800000000000000266e+00 -3.492213440745007875e-07
3.850000000000000089e+00 -5.572559375922817337e-07
3.900000000000000355e+00 -7.403206542862166593e-07
3.950000000000000178e+00 -8.991403068846543274e-07
4.000000000000000000e+00 -1.034851493488989733e-06
4.049999999999999822e+00 -1.149078478151783647e-06
4.100000000000000533e+00 -1.242598340762421857e-06
4.150000000000000355e+00 -1.317065405575809644e-06
4.200000000000000178e+00 -1.374158995840735600e-06
4.250000000000000000e+00 -1.414886934028868611e-06
4.299999999999999822e+00 -1.441047855188597925e-06
4.350000000000000533e+00 -1.454149576843907004e-06
4.400000000000000355e+00 -1.455330831778027495e-06
4.450000000000000178e+00 -1.446261734689448104e-06
4.500000000000000000e+00 -1.428029170045957112e-06
4.549999999999999822e+00 -1.401969402666825471e-06
4.600000000000000533e+00 -1.369299020996975995e-06
4.650000000000000355e+00 -1.331135822298596880e-06
4.700000000000000178e+00 -1.288387383798790921e-06
4.750000000000000000e+00 -1.242138163797217653e-06
4.800000000000000711e+00 -1.193172561060572341e-06
4.850000000000000533e+00 -1.142257874624065212e-06
4.900000000000000355e+00 -1.090107266226049424e-06
4.950000000000000178e+00 -1.037358460000189409e-06
5.000000000000000000e+00 -9.844899962391025599e-07
5.050000000000000711e+00 -9.319715709835923708e-07
5.100000000000000533e+00 -8.802577330520444084e-07
5.150000000000000355e+00 -8.296926721976281041e-07
5.200000000000000178e+00 -7.804573067695015964e-07
5.250000000000000000e+00 -7.328740537875361972e-07
5.300000000000000711e+00 -6.870748146959737963e-07
5.350000000000000533e+00 -6.431936418472513265e-07
5.400000000000000355e+00 -6.013220845800883201e-07
5.450000000000000178e+00 -5.615552413209323156e-07
5.500000000000000000e+00 -5.238657877902082156e-07
5.550000000000000711e+00 -4.883276348105215121e-07
5.600000000000000533e+00 -4.548577516140703845e-07
5.650000000000000355e+00 -4.234599038003085190e-07
5.700000000000000178e+00 -3.940624788759232413e-07
5.750000000000000000e+00 -3.665959684549207485e-07
5.800000000000000711e+00 -3.410111204029319788e-07
5.850000000000000533e+00 -3.172210609232908584e-07
5.900000000000000355e+00 -2.951173586557530123e-07
5.950000000000000178e+00 -2.746373895828097356e-07
6.000000000000000000e+00 -2.556747398399313148e-07
6.050000000000000711e+00 -2.381377463879852048e-07
6.100000000000000533e+00 -2.219590760816929597e-07
6.150000000000000355e+00 -2.070133623213332430e-07
6.200000000000000178e+00 -1.932285350005259247e-07
6.250000000000000000e+00 -1.805369807314398738e-07
6.300000000000000711e+00 -1.688336131005488069e-07
6.350000000000000533e+00 -1.580500458627297849e-07
6.400000000000000355e+00 -1.481319507902941242e-07
6.450000000000000178e+00 -1.389800318843955683e-07
6.500000000000000000e+00 -1.305462715973307712e-07
6.550000000000000711e+00 -1.227833044490803641e-07
6.600000000000000533e+00 -1.156096225845295286e-07
6.650000000000000355e+00 -1.089932889147284303e-07
6.700000000000000178e+00 -1.028791847730808664e-07
6.750000000000000000e+00 -9.722317072773221234e-08
6.800000000000000711e+00 -9.198797933232381414e-08
6.850000000000000533e+00 -8.713511064446165068e-08
6.900000000000000355e+00 -8.262920712383423306e-08
6.950000000000000178e+00 -7.844377448464635002e-08
7.000000000000000000e+00 -7.454992609378813213e-08
7.050000000000000711e+00 -7.091738902523495837e-08
7.100000000000000533e+00 -6.752996097991826562e-08
7.150000000000000355e+00 -6.436157625225882739e-08
7.200000000000000178e+00 -6.139582885716827955e-08
7.250000000000000000e+00 -5.861297718456531551e-08
7.300000000000000711e+00 -5.600323304057525394e-08
7.350000000000000533e+00 -5.355024802171480073e-08
7.400000000000000355e+00 -5.123639700581572871e-08
7.450000000000000178e+00 -4.905844421953115133e-08
7.500000000000000000e+00 -4.700070799675787356e-08
7.550000000000000711e+00 -4.505643540283883729e-08
7.600000000000000533e+00 -4.321405990159811619e-08
7.650000000000000355e+00 -4.146951733784177934e-08
