0.000000000000000000e+00 -0.000000000000000000e+00
5.000000000000000278e-02 -3.100055151999428726e-08
1.000000000000000056e-01 -2.467178304216054530e-07
1.500000000000000222e-01 -8.254845377692373099e-07
2.000000000000000111e-01 -1.933091422293161680e-06
2.500000000000000000e-01 -3.717072569203455064e-06
3.000000000000000444e-01 -6.301633450153289190e-06
3.500000000000000333e-01 -9.783395916371855311e-06
4.000000000000000222e-01 -1.422810228652467870e-05
4.500000000000000111e-01 -1.966838340129295126e-05
5.000000000000000000e-01 -2.610265462193195351e-05
5.500000000000000444e-01 -3.349516101076064972e-05
6.000000000000000888e-01 -4.177715016906751908e-05
6.500000000000000222e-01 -5.084911020774711036e-05
7.000000000000000666e-01 -6.058397275439791885e-05
7.500000000000000000e-01 -7.083114822946220610e-05
8.000000000000000444e-01 -8.142123406700040641e-05
8.500000000000000888e-01 -9.217121701949258208e-05
9.000000000000000222e-01 -1.028899787379039115e-04
9.500000000000000666e-01 -1.133839096716701797e-04
1.000000000000000000e+00 -1.234624398516609716e-04
1.050000000000000044e+00 -1.329433058365393663e-04
1.100000000000000089e+00 -1.416573902598203391e-04
1.150000000000000133e+00 -1.494529930071472449e-04
1.200000000000000178e+00 -1.561994198905341667e-04
1.250000000000000000e+00 -1.617898044561358122e-04
1.300000000000000044e+00 -1.661431098976264519e-04
1.350000000000000089e+00 -1.692052895923956809e-04
1.400000000000000133e+00 -1.709496152491054525e-04
1.450000000000000178e+00 -1.713762098959304911e-04
1.500000000000000000e+00 -1.705108479635101919e-04
1.550000000000000044e+00 -1.684031057442495860e-04
1.600000000000000089e+00 -1.651239619847353712e-04
1.650000000000000133e+00 -1.607629599696164431e-04
1.700000000000000178e+00 -1.554250490934097270e-04
1.750000000000000000e+00 -1.492272257185550254e-04
1.800000000000000044e+00 -1.422950904046919982e-04
1.850000000000000089e+00 -1.347594318498686382e-04
1.900000000000000133e+00 -1.267529377209591186e-04
1.950000000000000178e+00 -1.184071196685431072e-04
2.000000000000000000e+00 -1.098495249708507241e-04
2.050000000000000266e+00 -1.012012911934760114e-04
2.100000000000000089e+00 -9.257508372425088069e-05
2.149999999999999911e+00 -8.407343972984950378e-05
2.200000000000000178e+00 -7.578752658764870088e-05
2.250000000000000000e+00 -6.779630868116987127e-05
2.300000000000000266e+00 -6.016610400905586379e-05
2.350000000000000089e+00 -5.295050163025264876e-05
2.400000000000000355e+00 -4.619060272184054593e-05
2.450000000000000178e+00 -3.991554202217696494e-05
2.500000000000000000e+00 -3.414324263348838254e-05
2.550000000000000266e+00 -2.888135544252259994e-05
2.600000000000000089e+00 -2.412833459368748021e-05
2.650000000000000355e+00 -1.987460227221911983e-05
2.700000000000000178e+00 -1.610375924614593918e-05
2.750000000000000000e+00 -1.279380187739167412e-05
2.800000000000000266e+00 -9.918311343282779977e-06
2.850000000000000089e+00 -7.447586319065283041e-06
2.900000000000000355e+00 -5.349696090034982253e-06
2.950000000000000178e+00 -3.591436748486887601e-06
3.000000000000000000e+00 -2.139178581553502053e-06
3.050000000000000266e+00 -9.595978059711633708e-07
3.100000000000000089e+00 -2.029033013777789052e-08
3.150000000000000355e+00 7.097308626471642936e-07
3.200000000000000178e+00 1.259649861160977029e-06
3.250000000000000000e+00 1.656566073618505376e-06
3.300000000000000266e+00 1.925307223752641354e-06
3.350000000000000089e+00 2.088326443983182350e-06
3.400000000000000355e+00 2.165672080284219170e-06
3.450000000000000178e+00 2.175018587409293215e-06
3.500000000000000000e+00 2.131747078830733653e-06
3.550000000000000266e+00 2.049064623675655412e-06
3.600000000000000089e+00 1.938152174286720519e-06
3.650000000000000355e+00 1.808331987768752705e-06
3.700000000000000178e+00 1.667246504150453408e-06
3.750000000000000000e+00 1.521041801734145943e-06
3.800000000000000266e+00 1.374549914842179596e-06
3.850000000000000089e+00 1.231465428095197332e-06
3.900000000000000355e+00 1.094512821482688171e-06
3.950000000000000178e+00 9.656020077578673691e-07
4.000000000000000000e+00 8.459703622361995715e-07
4.049999999999999822e+00 7.363102863467495456e-07
4.100000000000000533e+00 6.368819678106917508e-07
4.150000000000000355e+00 5.476115047399353399e-07
4.200000000000000178e+00 4.681749548206766307e-07
4.250000000000000000e+00 3.980691632458009127e-07
4.299999999999999822e+00 3.366704256567725287e-07
4.350000000000000533e+00 2.832821670116835543e-07
4.400000000000000355e+00 2.371728767096436763e-07
4.450000000000000178e+00 1.976055466615700247e-07
4.500000000000000000e+00 1.638598238814863360e-07
4.549999999999999822e+00 1.352480231225334258e-07
4.600000000000000533e+00 1.111260573856435728e-07
4.650000000000000355e+00 9.090024302507082004e-08
4.700000000000000178e+00 7.403082774848637213e-08
4.750000000000000000e+00 6.003298049499156138e-08
4.800000000000000711e+00 4.847587489085141379e-08
4.850000000000000533e+00 3.898039686151929794e-08
4.900000000000000355e+00 3.121591355150963884e-08
4.950000000000000178e+00 2.489645651081381982e-08
5.000000000000000000e+00 1.977659775217051431e-08
5.050000000000000711e+00 1.564723289145994008e-08
5.100000000000000533e+00 1.233143087508528993e-08
5.150000000000000355e+00 9.680464178932481126e-09
5.200000000000000178e+00 7.570096301723199410e-09
5.250000000000000000e+00 5.897172922631151509e-09
5.300000000000000711e+00 4.576541177884059463e-09
5.350000000000000533e+00 3.538302193991982847e-09
5.400000000000000355e+00 2.725390416853317315e-09
5.450000000000000178e+00 2.091463556413488660e-09
5.500000000000000000e+00 1.599081233784411400e-09
5.550000000000000711e+00 1.218146942941756172e-09
5.600000000000000533e+00 9.245863793753434070e-10
5.650000000000000355e+00 6.992350413115299001e-10
5.700000000000000178e+00 5.269088712248979690e-10
5.750000000000000000e+00 3.956332510788223549e-10
5.800000000000000711e+00 2.960076365637266890e-10
5.850000000000000533e+00 2.206853133736492876e-10
5.900000000000000355e+00 1.639500338897474163e-10
5.950000000000000178e+00 1.213735343891645687e-10
6.000000000000000000e+00 8.954007090316650623e-11
6.050000000000000711e+00 6.582609095227242106e-11
6.100000000000000533e+00 4.822495949404331029e-11
6.150000000000000355e+00 3.520826110753213368e-11
6.200000000000000178e+00 2.561661044669799283e-11
6.250000000000000000e+00 1.857412629800553590e-11
6.300000000000000711e+00 1.342177063239589216e-11
6.350000000000000533e+00 9.665643458140280745e-12
6.400000000000000355e+00 6.937067582986908905e-12
6.450000000000000178e+00 4.961919987779938758e-12
6.500000000000000000e+00 3.537175247717415056e-12
6.550000000000000711e+00 2.513046575114237078e-12
6.600000000000000533e+00 1.779449394135907129e-12
6.650000000000000355e+00 1.255786298596877446e-12
6.700000000000000178e+00 8.832721843141714081e-13
6.750000000000000000e+00 6.191924940863589160e-13
6.800000000000000711e+00 4.326259749746746057e-13
6.850000000000000533e+00 3.012719027087915597e-13
6.900000000000000355e+00 2.091060703631746908e-13
6.950000000000000178e+00 1.446573007997595480e-13
7.000000000000000000e+00 9.974320863516022096e-14
7.050000000000000711e+00 6.854838111211204413e-14
7.100000000000000533e+00 4.695539144445072097e-14
7.150000000000000355e+00 3.205906109604304189e-14
7.200000000000000178e+00 2.181702953616581762e-14
7.250000000000000000e+00 1.479868040430684136e-14
7.300000000000000711e+00 1.000541681875735925e-14
7.350000000000000533e+00 6.742709960247368117e-15
7.400000000000000355e+00 4.529233402137010602e-15
7.450000000000000178e+00 3.032525044781466694e-15
7.500000000000000000e+00 2.023858772630105191e-15
7.550000000000000711e+00 1.346327792627231560e-15
7.600000000000000533e+00 8.927301083664199281e-16
7.650000000000000355e+00 5.900549742473132828e-16
7.700000000000000178e+00 3.887416044488878077e-16
7.750000000000000000e+00 2.553000537127778617e-16
7.800000000000000711e+00 1.671132830585926470e-16
7.850000000000000533e+00 1.110631120553370601e-16
7.900000000000000355e+00 7.092278931118835594e-17
7.950000000000000178e+00 4.597945383789281444e-17
8.000000000000000000e+00 2.971217598760352299e-17
8.050000000000000711e+00 1.913909142021935086e-17
8.099999999999999645e+00 1.229373369245552246e-17
8.150000000000000355e+00 7.863716601110577545e-18
8.200000000000001066e+00 5.007851720615545464e-18
8.250000000000000000e+00 -2.001325729586401338e-17
8.300000000000000711e+00 2.024560791051428546e-18
8.349999999999999645e+00 1.280259970957484033e-18
8.400000000000000355e+00 8.192655995130459127e-19
8.450000000000001066e+00 5.139150781477080595e-19
8.500000000000000000e+00 3.374850068294986619e-19
8.550000000000000711e+00 2.175910120341761120e-19
8.599999999999999645e+00 1.452801690961332794e-19
8.650000000000000355e+00 1.032978986962434535e-19
8.700000000000001066e+00 6.519780075998783588e-20
8.750000000000000000e+00 4.556068360505827614e-20
8.800000000000000711e+00 2.244661085858145415e-20
8.849999999999999645e+00 2.493233798569115765e-20
8.900000000000000355e+00 1.112444989404048227e-20
8.950000000000001066e+00 1.269712114413604874e-20
9.000000000000000000e+00 -1.179284927640385381e-20
9.050000000000000711e+00 -2.331283528560496617e-20
9.099999999999999645e+00 -5.008221539766394868e-20
9.150000000000000355e+00 -4.569161501021522355e-20
9.200000000000001066e+00 -6.613735832033826647e-20
9.250000000000000000e+00 -7.257578183417904680e-20
9.300000000000000711e+00 2.475373409845466819e-21
9.349999999999999645e+00 5.144931965231795495e-21
9.400000000000000355e+00 1.601356687822043251e-21
9.450000000000001066e+00 2.606456265276396097e-21
9.500000000000000000e+00 -8.659152772063105354e-21
9.550000000000000711e+00 -4.739463004619738135e-21
9.600000000000001421e+00 -7.392234497992895347e-21
9.650000000000000355e+00 -8.195202711924905937e-21
9.700000000000001066e+00 1.508251015818449895e-19
9.750000000000000000e+00 1.964199014670283389e-19
9.800000000000000711e+00 -4.172991202482352900e-21
9.850000000000001421e+00 -9.130182675836696244e-21
9.900000000000000355e+00 2.603821861429179342e-21
9.950000000000001066e+00 -5.491394125973064415e-22
