0.000000000000000000e+00 -0.000000000000000000e+00
5.000000000000000278e-02 1.355648905855291932e-10
1.000000000000000056e-01 4.327338006139677634e-09
1.500000000000000222e-01 3.272504886721073348e-08
2.000000000000000111e-01 1.371047569272981839e-07
2.500000000000000000e-01 4.152891514213189516e-07
3.000000000000000444e-01 1.023921754961464964e-06
3.500000000000000333e-01 2.189089643440253155e-06
4.000000000000000222e-01 4.214327148094476622e-06
4.500000000000000111e-01 7.485591939833184425e-06
5.000000000000000000e-01 1.247284741573821799e-05
5.500000000000000444e-01 1.972799497773850827e-05
6.000000000000000888e-01 2.987896270056073617e-05
6.500000000000000222e-01 4.361986827566549511e-05
7.000000000000000666e-01 6.169731139411020672e-05
7.500000000000000000e-01 8.489292892528165261e-05
8.000000000000000444e-01 1.140025711262093380e-04
8.500000000000000888e-01 1.498124130126837945e-04
9.000000000000000222e-01 1.930727411065873915e-04
9.500000000000000666e-01 2.444699316817681729e-04
1.000000000000000000e+00 3.045975746301057439e-04
1.050000000000000044e+00 3.739275693270907607e-04
1.100000000000000089e+00 4.527822020875983807e-04
1.150000000000000133e+00 5.413082203047127339e-04
1.200000000000000178e+00 6.394539568675243479e-04
1.250000000000000000e+00 7.469504435709290336e-04
1.300000000000000044e+00 8.632975480206042228e-04
1.350000000000000089e+00 9.877558619040237298e-04
1.400000000000000133e+00 1.119345072550225915e-03
1.450000000000000178e+00 1.256849293845820710e-03
1.500000000000000000e+00 1.398829638840082702e-03
1.550000000000000044e+00 1.543644076627430578e-03
1.600000000000000089e+00 1.689474366566781757e-03
1.650000000000000133e+00 1.834359579962967874e-03
1.700000000000000178e+00 1.976235537293160281e-03
1.750000000000000000e+00 2.112979125620536181e-03
1.800000000000000044e+00 2.242456367439479761e-03
1.850000000000000089e+00 2.362572893690412321e-03
1.900000000000000133e+00 2.471325182421703955e-03
1.950000000000000178e+00 2.566851306761976700e-03
2.000000000000000000e+00 2.647479170090210037e-03
2.050000000000000266e+00 2.711770945826576414e-03
2.100000000000000089e+00 2.758562120195080011e-03
2.149999999999999911e+00 2.786993841884329373e-03
2.200000000000000178e+00 2.796537334758305259e-03
2.250000000000000000e+00 2.787009695327019067e-03
2.300000000000000266e+00 2.758580222922782724e-03
2.350000000000000089e+00 2.711767158584171312e-03
2.400000000000000355e+00 2.647424845467579845e-03
2.450000000000000178e+00 2.566721640950889258e-03
2.500000000000000000e+00 2.471109313033797213e-03
2.550000000000000266e+00 2.362284852491324579e-03
2.600000000000000089e+00 2.242146015052234615e-03
2.650000000000000355e+00 2.112742059842284258e-03
2.700000000000000178e+00 1.976221034303050211e-03
2.750000000000000000e+00 1.834775814210991025e-03
2.800000000000000266e+00 1.690590149607835730e-03
2.850000000000000089e+00 1.545786691530225175e-03
2.900000000000000355e+00 1.402378507376183733e-03
2.950000000000000178e+00 1.262225538295908348e-03
3.000000000000000000e+00 1.126997331194536014e-03
3.050000000000000266e+00 9.981427987783685757e-04
3.100000000000000089e+00 8.768679906692461055e-04
3.150000000000000355e+00 7.641220691320421048e-04
3.200000000000000178e+00 6.605916666081923429e-04
3.250000000000000000e+00 5.667033626864068389e-04
3.300000000000000266e+00 4.826338296400413982e-04
3.350000000000000089e+00 4.083267729325906867e-04
3.400000000000000355e+00 3.435159446322666888e-04
3.450000000000000178e+00 2.877527231955247385e-04
3.500000000000000000e+00 2.404373116493595600e-04
3.550000000000000266e+00 2.008520590332504364e-04
3.600000000000000089e+00 1.681956533257089332e-04
3.650000000000000355e+00 1.416168609403932845e-04
3.700000000000000178e+00 1.202466693022026501e-04
3.750000000000000000e+00 1.032277344145505831e-04
3.800000000000000266e+00 8.974030993140283961e-05
3.850000000000000089e+00 7.902402863009915369e-05
3.900000000000000355e+00 7.039498452770932119e-05
3.950000000000000178e+00 6.325794204682232569e-05
4.000000000000000000e+00 5.711378011251297935e-05
4.049999999999999822e+00 5.156202998623131076e-05
4.100000000000000533e+00 4.629933931572462511e-05
4.150000000000000355e+00 4.111403791896687566e-05
4.200000000000000178e+00 3.587757467487727415e-05
4.250000000000000000e+00 3.053356553496028623e-05
4.299999999999999822e+00 2.508517203156473196e-05
4.350000000000000533e+00 1.958160806672687803e-05
4.400000000000000355e+00 1.410449259605845888e-05
4.450000000000000178e+00 8.754726494057881128e-06
