0.000000000000000000e+00 -2.006162891521709180e-01
5.000000000000000278e-02 -2.083552005489213987e-01
1.000000000000000056e-01 -2.071241970956187173e-01
1.500000000000000222e-01 -2.048588922856702521e-01
2.000000000000000111e-01 -2.017327534245990650e-01
2.500000000000000000e-01 -1.977685476411972509e-01
3.000000000000000444e-01 -1.929866329175470852e-01
3.500000000000000333e-01 -1.873781969506671807e-01
4.000000000000000222e-01 -1.809486039273497937e-01
4.500000000000000111e-01 -1.737927814703430496e-01
5.000000000000000000e-01 -1.658562669727229599e-01
5.500000000000000444e-01 -1.572524915164902337e-01
6.000000000000000888e-01 -1.479848475929105012e-01
6.500000000000000222e-01 -1.381255827593950436e-01
7.000000000000000666e-01 -1.277144480940824722e-01
7.500000000000000000e-01 -1.167897756070872262e-01
8.000000000000000444e-01 -1.054353226091503948e-01
8.500000000000000888e-01 -9.369970107071579069e-02
9.000000000000000222e-01 -8.164980748857282589e-02
9.500000000000000666e-01 -6.935533192020090776e-02
1.000000000000000000e+00 -5.687407219137630143e-02
1.050000000000000044e+00 -4.430620653835735945e-02
1.100000000000000089e+00 -3.170891029359217822e-02
1.150000000000000133e+00 -1.918021628744993878e-02
1.200000000000000178e+00 -6.794976340241879256e-03
1.250000000000000000e+00 5.374440685083452934e-03
1.300000000000000044e+00 1.722933353743807267e-02
1.350000000000000089e+00 2.870610035855129805e-02
1.400000000000000133e+00 3.970716056834539681e-02
1.450000000000000178e+00 5.014533632633313281e-02
1.500000000000000000e+00 5.997811735726344545e-02
1.550000000000000044e+00 6.911436587778300999e-02
1.600000000000000089e+00 7.750401854734562113e-02
1.650000000000000133e+00 8.505816875747816697e-02
1.700000000000000178e+00 9.174411945014727954e-02
1.750000000000000000e+00 9.753209171893882645e-02
1.800000000000000044e+00 1.023756094526439286e-01
1.850000000000000089e+00 1.062387340917059358e-01
1.900000000000000133e+00 1.091262369840663715e-01
1.950000000000000178e+00 1.110180511492350475e-01
2.000000000000000000e+00 1.119354306779174468e-01
2.050000000000000266e+00 1.118852904749442073e-01
2.100000000000000089e+00 1.109089264462298358e-01
2.149999999999999911e+00 1.090320195222709287e-01
2.200000000000000178e+00 1.063146050781184765e-01
2.250000000000000000e+00 1.027890979145078543e-01
2.300000000000000266e+00 9.858254803334090544e-02
2.350000000000000089e+00 9.366144525580852309e-02
2.400000000000000355e+00 8.822876914694828543e-02
2.450000000000000178e+00 8.227578424757542308e-02
2.500000000000000000e+00 7.592961581132889881e-02
2.550000000000000266e+00 6.926557273221184419e-02
2.600000000000000089e+00 6.238207559454754525e-02
2.650000000000000355e+00 5.535879807227474941e-02
2.700000000000000178e+00 4.828511545415097028e-02
2.750000000000000000e+00 4.124815739707701073e-02
2.800000000000000266e+00 3.431156474454681582e-02
2.850000000000000089e+00 2.755752057231853486e-02
2.900000000000000355e+00 2.104010535384707309e-02
2.950000000000000178e+00 1.485204554061971514e-02
3.000000000000000000e+00 8.974602224956187285e-03
3.050000000000000266e+00 3.520840155253972779e-03
3.100000000000000089e+00 -1.519950382431400080e-03
3.150000000000000355e+00 -6.106501020712707881e-03
3.200000000000000178e+00 -1.022418510015327305e-02
3.250000000000000000e+00 -1.387542067166421499e-02
3.300000000000000266e+00 -1.704152465149573123e-02
3.350000000000000089e+00 -1.973285888963532270e-02
3.400000000000000355e+00 -2.200337132861469869e-02
3.450000000000000178e+00 -2.377482413893634156e-02
3.500000000000000000e+00 -2.516187595493838552e-02
3.550000000000000266e+00 -2.617997239119040920e-02
3.600000000000000089e+00 -2.679654366142476818e-02
3.650000000000000355e+00 -2.710619442128238410e-02
3.700000000000000178e+00 -2.711106031730331142e-02
3.750000000000000000e+00 -2.685728547139767247e-02
3.800000000000000266e+00 -2.637366733290507498e-02
3.850000000000000089e+00 -2.569569360684767489e-02
3.900000000000000355e+00 -2.484908315184032254e-02
3.950000000000000178e+00 -2.388365207272322502e-02
4.000000000000000000e+00 -2.280307183563646048e-02
4.049999999999999822e+00 -2.164604794192695816e-02
4.100000000000000533e+00 -2.044194511011803925e-02
4.150000000000000355e+00 -1.920388897060664943e-02
4.200000000000000178e+00 -1.795558124038253850e-02
4.250000000000000000e+00 -1.671167830457143122e-02
4.299999999999999822e+00 -1.548709433206206174e-02
4.350000000000000533e+00 -1.429447178282091009e-02
4.400000000000000355e+00 -1.314219689083692862e-02
4.450000000000000178e+00 -1.203856578722603370e-02
4.500000000000000000e+00 -1.098920598028573295e-02
4.549999999999999822e+00 -9.997773781671014104e-03
4.600000000000000533e+00 -9.067284993740999319e-03
4.650000000000000355e+00 -8.198867944265622598e-03
4.700000000000000178e+00 -7.392208529187533142e-03
4.750000000000000000e+00 -6.648123081603831905e-03
4.800000000000000711e+00 -5.961835379538766265e-03
4.850000000000000533e+00 -5.336221920274282493e-03
4.900000000000000355e+00 -4.763952092674939021e-03
4.950000000000000178e+00 -4.245092796529694422e-03
5.000000000000000000e+00 -3.775377709069883004e-03
5.050000000000000711e+00 -3.351923661320686289e-03
5.100000000000000533e+00 -2.971315784853633887e-03
5.150000000000000355e+00 -2.630395636492409775e-03
5.200000000000000178e+00 -2.325716955061785541e-03
5.250000000000000000e+00 -2.054314490531385703e-03
5.300000000000000711e+00 -1.812962702934835333e-03
5.350000000000000533e+00 -1.599037077557802179e-03
5.400000000000000355e+00 -1.409093427906373680e-03
5.450000000000000178e+00 -1.243092919769001742e-03
5.500000000000000000e+00 -1.092714235149679081e-03
5.550000000000000711e+00 -9.626725426192120696e-04
5.600000000000000533e+00 -8.535025253313016950e-04
5.650000000000000355e+00 -7.422814033179018795e-04
5.700000000000000178e+00 -6.590946507415701558e-04
5.750000000000000000e+00 -5.796982127136209332e-04
5.800000000000000711e+00 -5.077955393195511622e-04
5.850000000000000533e+00 -4.512460542556119211e-04
5.900000000000000355e+00 -3.964004528679426222e-04
5.950000000000000178e+00 -3.403376031556120079e-04
6.000000000000000000e+00 -3.053725944711140343e-04
6.050000000000000711e+00 -2.697843548616141239e-04
6.100000000000000533e+00 -2.383420064605866527e-04
6.150000000000000355e+00 -2.105563075670169478e-04
6.200000000000000178e+00 -1.860056338568750469e-04
6.250000000000000000e+00 -1.643171069432014790e-04
6.300000000000000711e+00 -1.451519201995206875e-04
6.350000000000000533e+00 -1.282197807481894611e-04
6.400000000000000355e+00 -1.132622762826145579e-04
6.450000000000000178e+00 -1.000463287749119419e-04
6.500000000000000000e+00 -8.837092747180833431e-05
6.550000000000000711e+00 -7.805766649503318323e-05
