0.000000000000000000e+00 -0.000000000000000000e+00
5.000000000000000278e-02 1.547599115290598350e-07
1.000000000000000056e-01 1.235148664917438713e-06
1.500000000000000222e-01 4.151338365447107724e-06
2.000000000000000111e-01 9.783139112677539942e-06
2.500000000000000000e-01 1.896537674280057007e-05
3.000000000000000444e-01 3.247424042962720407e-05
3.500000000000000333e-01 5.101461121135573474e-05
4.000000000000000222e-01 7.520874437778559589e-05
4.500000000000000111e-01 1.055863982964700667e-04
5.000000000000000000e-01 1.425765989083789163e-04
5.500000000000000444e-01 1.865011742391891258e-04
6.000000000000000888e-01 2.375701249667009046e-04
6.500000000000000222e-01 2.958788728426709857e-04
7.000000000000000666e-01 3.614074371738681827e-04
7.500000000000000000e-01 4.340214381780034677e-04
8.000000000000000444e-01 5.134749111629006470e-04
8.500000000000000888e-01 5.994148084607084717e-04
9.000000000000000222e-01 6.913875065340477919e-04
9.500000000000000666e-01 7.888445453663961654e-04
1.000000000000000000e+00 8.911538004498129831e-04
1.050000000000000044e+00 9.976075903219449367e-04
1.100000000000000089e+00 1.107433590871190849e-03
1.150000000000000133e+00 1.219805972285735668e-03
1.200000000000000178e+00 1.333856933453805588e-03
1.250000000000000000e+00 1.448688427379174210e-03
1.300000000000000044e+00 1.563383878477140210e-03
1.350000000000000089e+00 1.677019721861669260e-03
1.400000000000000133e+00 1.788676559924700466e-03
1.450000000000000178e+00 1.897449390789199882e-03
1.500000000000000000e+00 2.002461235478371696e-03
1.550000000000000044e+00 2.102860818736400524e-03
1.600000000000000089e+00 2.197850765776692816e-03
1.650000000000000133e+00 2.286676815257887747e-03
1.700000000000000178e+00 2.368644089789560814e-03
1.750000000000000000e+00 2.443118379641848973e-03
1.800000000000000044e+00 2.509536441104616086e-03
1.850000000000000089e+00 2.567404549534823589e-03
1.900000000000000133e+00 2.616304872117839603e-03
1.950000000000000178e+00 2.655894956551933372e-03
2.000000000000000000e+00 2.685912594510550533e-03
2.050000000000000266e+00 2.706172633486463985e-03
2.100000000000000089e+00 2.716574360422634258e-03
2.149999999999999911e+00 2.717091914139661141e-03
2.200000000000000178e+00 2.707774290877342210e-03
2.250000000000000000e+00 2.688753163927102684e-03
2.300000000000000266e+00 2.660229472657685626e-03
2.350000000000000089e+00 2.622477394464990848e-03
2.400000000000000355e+00 2.575834790023599427e-03
2.450000000000000178e+00 2.520710232513676940e-03
2.500000000000000000e+00 2.457568353861058763e-03
2.550000000000000266e+00 2.386930957809558444e-03
2.600000000000000089e+00 2.309370728207544438e-03
2.650000000000000355e+00 2.225506405360290398e-03
2.700000000000000178e+00 2.135997045640253018e-03
2.750000000000000000e+00 2.041536058120238268e-03
2.800000000000000266e+00 1.942844907353472516e-03
2.850000000000000089e+00 1.840667049141483892e-03
2.900000000000000355e+00 1.735758663620011379e-03
2.950000000000000178e+00 1.628885209469469169e-03
3.000000000000000000e+00 1.520811541058028410e-03
3.050000000000000266e+00 1.412295160375451244e-03
3.100000000000000089e+00 1.304078772662051926e-03
3.150000000000000355e+00 1.196882924681652886e-03
3.200000000000000178e+00 1.091398789221880274e-03
3.250000000000000000e+00 9.882812340875719512e-04
3.300000000000000266e+00 8.881509855348851314e-04
3.350000000000000089e+00 7.915449637171630744e-04
3.400000000000000355e+00 6.989979950669269982e-04
3.450000000000000178e+00 6.109508630104425924e-04
3.500000000000000000e+00 5.277899130274199156e-04
3.550000000000000266e+00 4.498352286995084873e-04
3.600000000000000089e+00 3.773384930176415346e-04
3.650000000000000355e+00 3.104818085386440072e-04
3.700000000000000178e+00 2.493776254572211250e-04
3.750000000000000000e+00 1.940694674488588648e-04
3.800000000000000266e+00 1.445264212158198106e-04
3.850000000000000089e+00 1.006848600711664405e-04
3.900000000000000355e+00 6.237440427171431331e-05
3.950000000000000178e+00 2.940073347227756663e-05
4.000000000000000000e+00 1.512165306352373369e-06
4.049999999999999822e+00 -2.158630586132126889e-05
4.100000000000000533e+00 -4.022622523570793711e-05
4.150000000000000355e+00 -5.476849823724206029e-05
4.200000000000000178e+00 -6.559594979509371425e-05
4.250000000000000000e+00 -7.310581876808979829e-05
4.299999999999999822e+00 -7.770229095140300773e-05
4.350000000000000533e+00 -7.978924996180242766e-05
4.400000000000000355e+00 -7.976341587327212762e-05
4.450000000000000178e+00 -7.800795995085514818e-05
4.500000000000000000e+00 -7.488674250405602951e-05
4.549999999999999822e+00 -7.073930818447604152e-05
4.600000000000000533e+00 -6.587663232471905174e-05
4.650000000000000355e+00 -6.057779289085618839e-05
4.700000000000000178e+00 -5.508752730986684221e-05
4.750000000000000000e+00 -4.961471947654530652e-05
4.800000000000000711e+00 -4.433180037193152473e-05
4.850000000000000533e+00 -3.937507652747594721e-05
4.900000000000000355e+00 -3.484568299542287548e-05
4.950000000000000178e+00 -3.081172074730621860e-05
5.000000000000000000e+00 -2.731053659781011180e-05
5.050000000000000711e+00 -2.435220910558468467e-05
5.100000000000000533e+00 -2.192235354814534070e-05
5.150000000000000355e+00 -1.998674188532546881e-05
5.200000000000000178e+00 -1.849546030017288766e-05
5.250000000000000000e+00 -1.739096607893701664e-05
5.300000000000000711e+00 -1.659131167531114736e-05
5.350000000000000533e+00 -1.602353648376417394e-05
5.400000000000000355e+00 -1.562358243365443960e-05
5.450000000000000178e+00 -1.531400408261695807e-05
5.500000000000000000e+00 -1.502865618817430720e-05
5.550000000000000711e+00 -1.470944385314927673e-05
5.600000000000000533e+00 -1.430810261804199106e-05
5.650000000000000355e+00 -1.378381422076054874e-05
5.700000000000000178e+00 -1.312213040531230717e-05
5.750000000000000000e+00 -1.229869945754874661e-05
5.800000000000000711e+00 -1.131537386033376629e-05
5.850000000000000533e+00 -1.018121558882436998e-05
5.900000000000000355e+00 -8.914942078923021479e-06
5.950000000000000178e+00 -7.543450688753428734e-06
