0.000000000000000000e+00 0.000000000000000000e+00
5.000000000000000278e-02 -1.054571603540440691e-05
1.000000000000000056e-01 -8.411279278958105063e-05
1.500000000000000222e-01 -2.824660180855037323e-04
2.000000000000000111e-01 -6.648944614718004095e-04
2.500000000000000000e-01 -1.287065456357992192e-03
3.000000000000000444e-01 -2.199983863705296926e-03
3.500000000000000333e-01 -3.449084291647850232e-03
4.000000000000000222e-01 -5.073477262750843500e-03
4.500000000000000111e-01 -7.105364034442182911e-03
5.000000000000000000e-01 -9.569626814170208162e-03
5.500000000000000444e-01 -1.248359403648744044e-02
6.000000000000000888e-01 -1.585697289024153370e-02
6.500000000000000222e-01 -1.969193497665203130e-02
7.000000000000000666e-01 -2.398333543685544564e-02
7.500000000000000000e-01 -2.871904203949827289e-02
8.000000000000000444e-01 -3.388034772470475964e-02
8.500000000000000888e-01 -3.944243972264552256e-02
9.000000000000000222e-01 -4.537489867772317997e-02
9.500000000000000666e-01 -5.164220371686020078e-02
1.000000000000000000e+00 -5.820422319090649832e-02
1.050000000000000044e+00 -6.501667558164790639e-02
1.100000000000000089e+00 -7.203155066980200527e-02
1.150000000000000133e+00 -7.919748797967371412e-02
1.200000000000000178e+00 -8.646011430573785628e-02
1.250000000000000000e+00 -9.376234968158946026e-02
1.300000000000000044e+00 -1.010446950859811843e-01
1.350000000000000089e+00 -1.082455199344723173e-01
1.400000000000000133e+00 -1.153013697951535133e-01
1.450000000000000178e+00 -1.221473161972188304e-01
1.500000000000000000e+00 -1.287173695797617368e-01
1.550000000000000044e+00 -1.349449746823714602e-01
1.600000000000000089e+00 -1.407636033577764068e-01
1.650000000000000133e+00 -1.461074547000374702e-01
1.700000000000000178e+00 -1.509122662519679914e-01
1.750000000000000000e+00 -1.551162321877643802e-01
1.800000000000000044e+00 -1.586610172028065369e-01
1.850000000000000089e+00 -1.614928468211475066e-01
1.900000000000000133e+00 -1.635636474493283865e-01
1.950000000000000178e+00 -1.648322036032568716e-01
2.000000000000000000e+00 -1.652652936556287533e-01
2.050000000000000266e+00 -1.648387629623027373e-01
2.100000000000000089e+00 -1.635384904468649980e-01
2.149999999999999911e+00 -1.613612057202065686e-01
2.200000000000000178e+00 -1.583151159700657007e-01
2.250000000000000000e+00 -1.544203058918723614e-01
2.300000000000000266e+00 -1.497088812144438674e-01
2.350000000000000089e+00 -1.442248331136301853e-01
2.400000000000000355e+00 -1.380236111612781202e-01
2.450000000000000178e+00 -1.311714022068820595e-01
2.500000000000000000e+00 -1.237441235412424928e-01
2.550000000000000266e+00 -1.158261492622994215e-01
2.600000000000000089e+00 -1.075087992992371511e-01
2.650000000000000355e+00 -9.888862965771624824e-02
2.700000000000000178e+00 -9.006557061081858773e-02
2.750000000000000000e+00 -8.114096572448527278e-02
2.800000000000000266e+00 -7.221556869208646534e-02
2.850000000000000089e+00 -6.338755713112749490e-02
2.900000000000000355e+00 -5.475062240772349265e-02
2.950000000000000178e+00 -4.639219130362734478e-02
3.000000000000000000e+00 -3.839183138956914904e-02
3.050000000000000266e+00 -3.081988476885020797e-02
3.100000000000000089e+00 -2.373636677079260862e-02
3.150000000000000355e+00 -1.719015640809409134e-02
