0.000000000000000000e+00 -1.747627723384233278e-01
5.000000000000000278e-02 -1.812339861533876217e-01
1.000000000000000056e-01 -1.801700939775958132e-01
1.500000000000000222e-01 -1.783064774912739570e-01
2.000000000000000111e-01 -1.757312382339811518e-01
2.500000000000000000e-01 -1.724700059602124746e-01
3.000000000000000444e-01 -1.685246087811387294e-01
3.500000000000000333e-01 -1.639359481445400168e-01
4.000000000000000222e-01 -1.587298251899062762e-01
4.500000000000000111e-01 -1.529448020416135645e-01
5.000000000000000000e-01 -1.465905074502874827e-01
5.500000000000000444e-01 -1.397256485289381789e-01
6.000000000000000888e-01 -1.324074328459794170e-01
6.500000000000000222e-01 -1.246554647204613925e-01
7.000000000000000666e-01 -1.165098401868269878e-01
7.500000000000000000e-01 -1.080068434865222443e-01
8.000000000000000444e-01 -9.919666816234959383e-02
8.500000000000000888e-01 -9.014327418232780109e-02
9.000000000000000222e-01 -8.083559548214999668e-02
9.500000000000000666e-01 -7.134445844435516326e-02
1.000000000000000000e+00 -6.170193378451926947e-02
1.050000000000000044e+00 -5.194628187830435673e-02
1.100000000000000089e+00 -4.212017846971773116e-02
1.150000000000000133e+00 -3.226942089028593530e-02
1.200000000000000178e+00 -2.243043405773480908e-02
1.250000000000000000e+00 -1.264301577405844111e-02
1.300000000000000044e+00 -2.941289968422391900e-03
1.350000000000000089e+00 6.594714596600712193e-03
1.400000000000000133e+00 1.595004517493448654e-02
1.450000000000000178e+00 2.504911367131447061e-02
1.500000000000000000e+00 3.386732078854610972e-02
1.550000000000000044e+00 4.234072736400011638e-02
1.600000000000000089e+00 5.041670605231718394e-02
1.650000000000000133e+00 5.803045417548520490e-02
1.700000000000000178e+00 6.514377908929749883e-02
1.750000000000000000e+00 7.169665634935054599e-02
1.800000000000000044e+00 7.765734144684560691e-02
1.850000000000000089e+00 8.295984071441178664e-02
1.900000000000000133e+00 8.757104423538669691e-02
1.950000000000000178e+00 9.145222767285533794e-02
2.000000000000000000e+00 9.457260526900730657e-02
2.050000000000000266e+00 9.692784106453124215e-02
2.100000000000000089e+00 9.847687901053411852e-02
2.149999999999999911e+00 9.923051804153716626e-02
2.200000000000000178e+00 9.919100357103299848e-02
2.250000000000000000e+00 9.834651851655649979e-02
2.300000000000000266e+00 9.677502468274032377e-02
2.350000000000000089e+00 9.444264006200010775e-02
2.400000000000000355e+00 9.140770190452426891e-02
2.450000000000000178e+00 8.775567077088682055e-02
2.500000000000000000e+00 8.350157431280537390e-02
2.550000000000000266e+00 7.872269322522813806e-02
2.600000000000000089e+00 7.350250226889122607e-02
2.650000000000000355e+00 6.786441998491694882e-02
2.700000000000000178e+00 6.196079397240043113e-02
2.750000000000000000e+00 5.580183056493726035e-02
2.800000000000000266e+00 4.950022498948505184e-02
2.850000000000000089e+00 4.312362788201650615e-02
2.900000000000000355e+00 3.676219349904615019e-02
2.950000000000000178e+00 3.046051238793674384e-02
3.000000000000000000e+00 2.431590631007334719e-02
3.050000000000000266e+00 1.837364874449819510e-02
3.100000000000000089e+00 1.269079689183273511e-02
3.150000000000000355e+00 7.322689281872659176e-03
3.200000000000000178e+00 2.307519136292819541e-03
3.250000000000000000e+00 -2.326630619146891413e-03
3.300000000000000266e+00 -6.546545586979711333e-03
3.350000000000000089e+00 -1.034179307124793827e-02
3.400000000000000355e+00 -1.369835785338222207e-02
3.450000000000000178e+00 -1.661528720214087984e-02
3.500000000000000000e+00 -1.909756283977356861e-02
3.550000000000000266e+00 -2.115454673345438727e-02
3.600000000000000089e+00 -2.280417565246825942e-02
3.650000000000000355e+00 -2.406275923163135252e-02
3.700000000000000178e+00 -2.496297423865358536e-02
3.750000000000000000e+00 -2.552444719043312632e-02
3.800000000000000266e+00 -2.577965514639784725e-02
3.850000000000000089e+00 -2.576243465008347736e-02
3.900000000000000355e+00 -2.549518193306769126e-02
3.950000000000000178e+00 -2.503035448668416985e-02
4.000000000000000000e+00 -2.437384781922569479e-02
4.049999999999999822e+00 -2.356726560516854765e-02
4.100000000000000533e+00 -2.264570082534243453e-02
4.150000000000000355e+00 -2.162503308960233434e-02
4.200000000000000178e+00 -2.053678614432240951e-02
4.250000000000000000e+00 -1.939937856431944024e-02
4.299999999999999822e+00 -1.823442620176940823e-02
4.350000000000000533e+00 -1.705996894467230046e-02
4.400000000000000355e+00 -1.588995847424079164e-02
4.450000000000000178e+00 -1.473809319950503127e-02
4.500000000000000000e+00 -1.361493982799431846e-02
4.549999999999999822e+00 -1.252871506010471044e-02
4.600000000000000533e+00 -1.148735323344959175e-02
4.650000000000000355e+00 -1.049522346685512371e-02
4.700000000000000178e+00 -9.556159029987130668e-03
4.750000000000000000e+00 -8.672921457273210719e-03
4.800000000000000711e+00 -7.846854272466976393e-03
4.850000000000000533e+00 -7.078127832041992626e-03
4.900000000000000355e+00 -6.365916425740662452e-03
4.950000000000000178e+00 -5.710276323894118364e-03
5.000000000000000000e+00 -5.108250911295409737e-03
5.050000000000000711e+00 -4.559704173872712596e-03
5.100000000000000533e+00 -4.056456137464783430e-03
5.150000000000000355e+00 -3.617428908099853783e-03
5.200000000000000178e+00 -3.188208168384751122e-03
5.250000000000000000e+00 -2.833908773820010239e-03
5.300000000000000711e+00 -2.505338401481157530e-03
5.350000000000000533e+00 -2.208700224097265123e-03
5.400000000000000355e+00 -1.950643619368997014e-03
5.450000000000000178e+00 -1.721154016858778175e-03
5.500000000000000000e+00 -1.508757367610525897e-03
5.550000000000000711e+00 -1.341604780788202035e-03
5.600000000000000533e+00 -1.175652341098742688e-03
5.650000000000000355e+00 -1.035575555495658103e-03
5.700000000000000178e+00 -9.131779478329017262e-04
5.750000000000000000e+00 -8.045116708927129616e-04
5.800000000000000711e+00 -7.092067408623384771e-04
5.850000000000000533e+00 -6.245402124943157975e-04
5.900000000000000355e+00 -5.522695156197300528e-04
5.950000000000000178e+00 -4.783703875936224422e-04
6.000000000000000000e+00 -4.039310966182746931e-04
6.050000000000000711e+00 -3.604773615793002445e-04
6.100000000000000533e+00 -3.216957831735605517e-04
6.150000000000000355e+00 -2.870743624235803601e-04
6.200000000000000178e+00 -2.561731319982490842e-04
6.250000000000000000e+00 -2.285966719243308365e-04
6.300000000000000711e+00 -2.039809372848092636e-04
6.350000000000000533e+00 -1.820119124838850716e-04
6.400000000000000355e+00 -1.624081550714378760e-04
6.450000000000000178e+00 -1.449105020759593057e-04
6.500000000000000000e+00 -1.292953545702280244e-04
6.550000000000000711e+00 -1.153624864268111273e-04
