0.000000000000000000e+00 1.947988792739476643e-02
5.000000000000000278e-02 2.164790639999147892e-02
1.000000000000000056e-01 2.130354088493380260e-02
1.500000000000000222e-01 2.069258235110930239e-02
2.000000000000000111e-01 1.985734571402495569e-02
2.500000000000000000e-01 1.881188370599085058e-02
3.000000000000000444e-01 1.755106897550210571e-02
3.500000000000000333e-01 1.611869267437070555e-02
4.000000000000000222e-01 1.450734512064212264e-02
4.500000000000000111e-01 1.275110229986571239e-02
5.000000000000000000e-01 1.086369207671059912e-02
5.500000000000000444e-01 8.879636792475954429e-03
6.000000000000000888e-01 6.824962942631653678e-03
6.500000000000000222e-01 4.712758630412296201e-03
7.000000000000000666e-01 2.572882375525958280e-03
7.500000000000000000e-01 4.392089538183193169e-04
8.000000000000000444e-01 -1.679944157259156490e-03
8.500000000000000888e-01 -3.746672765424407820e-03
9.000000000000000222e-01 -5.745536069898971032e-03
9.500000000000000666e-01 -7.660303761161479583e-03
1.000000000000000000e+00 -9.469048317160508668e-03
1.050000000000000044e+00 -1.115160478747415605e-02
1.100000000000000089e+00 -1.269968140261631268e-02
1.150000000000000133e+00 -1.409865364201795014e-02
1.200000000000000178e+00 -1.533631300857769310e-02
1.250000000000000000e+00 -1.640869486458424939e-02
1.300000000000000044e+00 -1.731592504212723163e-02
1.350000000000000089e+00 -1.804820997351589892e-02
1.400000000000000133e+00 -1.860661321051042955e-02
1.450000000000000178e+00 -1.899412124849866185e-02
1.500000000000000000e+00 -1.921637358003202081e-02
1.550000000000000044e+00 -1.927425903402847987e-02
1.600000000000000089e+00 -1.918226323517744497e-02
1.650000000000000133e+00 -1.894325780321016658e-02
1.700000000000000178e+00 -1.856478636903705418e-02
1.750000000000000000e+00 -1.806658265209081654e-02
1.800000000000000044e+00 -1.745220017960555717e-02
1.850000000000000089e+00 -1.673842608402276166e-02
1.900000000000000133e+00 -1.593658002193308609e-02
1.950000000000000178e+00 -1.505784364975122983e-02
2.000000000000000000e+00 -1.411751647702186307e-02
2.050000000000000266e+00 -1.312756822376337507e-02
2.100000000000000089e+00 -1.209940150969688634e-02
2.149999999999999911e+00 -1.104937931660543091e-02
2.200000000000000178e+00 -9.982660675351438806e-03
2.250000000000000000e+00 -8.915027137953718608e-03
2.300000000000000266e+00 -7.854128179921558706e-03
2.350000000000000089e+00 -6.809635514080974485e-03
2.400000000000000355e+00 -5.793101382431734003e-03
2.450000000000000178e+00 -4.809750168868778993e-03
2.500000000000000000e+00 -3.864955285339176545e-03
2.550000000000000266e+00 -2.967097995466243861e-03
2.600000000000000089e+00 -2.123056012487232937e-03
2.650000000000000355e+00 -1.329174409610464061e-03
2.700000000000000178e+00 -5.968985995177080502e-04
2.750000000000000000e+00 7.598815901579385071e-05
2.800000000000000266e+00 6.877039534119037999e-04
2.850000000000000089e+00 1.237340055066047176e-03
2.900000000000000355e+00 1.723805608454124453e-03
2.950000000000000178e+00 2.150884979396420343e-03
3.000000000000000000e+00 2.516920830318106986e-03
3.050000000000000266e+00 2.825949754785611959e-03
3.100000000000000089e+00 3.079899583693134716e-03
3.150000000000000355e+00 3.281485471152899031e-03
3.200000000000000178e+00 3.434322966224410446e-03
3.250000000000000000e+00 3.541686408277869465e-03
3.300000000000000266e+00 3.607957668909670887e-03
3.350000000000000089e+00 3.633605072253005917e-03
3.400000000000000355e+00 3.630891808374422328e-03
3.450000000000000178e+00 3.591602309518142182e-03
3.500000000000000000e+00 3.531852935710397875e-03
3.550000000000000266e+00 3.443460410726378873e-03
3.600000000000000089e+00 3.340733031500140414e-03
3.650000000000000355e+00 3.220390054770132932e-03
3.700000000000000178e+00 3.086889281744944862e-03
3.750000000000000000e+00 2.946392708397412279e-03
3.800000000000000266e+00 2.796354113003999414e-03
3.850000000000000089e+00 2.643198284895648554e-03
3.900000000000000355e+00 2.487357505289111703e-03
3.950000000000000178e+00 2.331889236503357013e-03
4.000000000000000000e+00 2.176455466589358179e-03
4.049999999999999822e+00 2.025594175069923755e-03
4.100000000000000533e+00 1.876598693098632678e-03
4.150000000000000355e+00 1.734761966489229172e-03
4.200000000000000178e+00 1.597067572101392276e-03
4.250000000000000000e+00 1.466324648089012113e-03
4.299999999999999822e+00 1.342250291636581331e-03
4.350000000000000533e+00 1.224695815322382128e-03
4.400000000000000355e+00 1.115346417494469033e-03
4.450000000000000178e+00 1.012504922425199383e-03
4.500000000000000000e+00 9.156709534204679479e-04
4.549999999999999822e+00 8.296886266381731838e-04
4.600000000000000533e+00 7.451933537814495623e-04
4.650000000000000355e+00 6.714257304531635754e-04
4.700000000000000178e+00 6.010579202105422077e-04
4.750000000000000000e+00 5.407823929917523814e-04
4.800000000000000711e+00 4.808325721233760661e-04
4.850000000000000533e+00 4.289821547302195837e-04
4.900000000000000355e+00 3.834106189665606131e-04
4.950000000000000178e+00 3.405493252152287653e-04
5.000000000000000000e+00 3.012887437829394601e-04
5.050000000000000711e+00 2.674099866962126098e-04
5.100000000000000533e+00 2.379690449096942475e-04
5.150000000000000355e+00 2.074442887936504127e-04
5.200000000000000178e+00 1.866310757929322695e-04
5.250000000000000000e+00 1.621778922745552699e-04
5.300000000000000711e+00 1.440359011692939853e-04
5.350000000000000533e+00 1.270123160367874480e-04
5.400000000000000355e+00 1.113833883053745767e-04
5.450000000000000178e+00 9.823719987330004121e-05
5.500000000000000000e+00 8.633819899679897789e-05
5.550000000000000711e+00 7.591846087156558847e-05
5.600000000000000533e+00 6.670508629576529867e-05
5.650000000000000355e+00 5.860657239117449818e-05
5.700000000000000178e+00 5.141708106994691090e-05
5.750000000000000000e+00 4.529242458302778623e-05
5.800000000000000711e+00 3.913758122187090642e-05
5.850000000000000533e+00 3.555170249919325598e-05
5.900000000000000355e+00 3.041796079613603483e-05
5.950000000000000178e+00 2.517544878335678554e-05
6.000000000000000000e+00 2.927530591496187024e-05
6.050000000000000711e+00 2.469024211943505174e-05
6.100000000000000533e+00 2.082320161348794919e-05
6.150000000000000355e+00 1.756137711098312349e-05
6.200000000000000178e+00 1.481026431418457381e-05
6.250000000000000000e+00 1.249011377619255098e-05
6.300000000000000711e+00 1.053315100392405666e-05
6.350000000000000533e+00 8.882701428564734002e-06
6.400000000000000355e+00 7.490840955052097546e-06
6.450000000000000178e+00 6.316928821557781225e-06
6.500000000000000000e+00 5.326916824148333069e-06
6.550000000000000711e+00 4.492048635148053595e-06
