0.000000000000000000e+00 1.407979472737276305e-01
5.000000000000000278e-02 1.407876191044929171e-01
1.000000000000000056e-01 1.407566172925905079e-01
1.500000000000000222e-01 1.407048900752096987e-01
2.000000000000000111e-01 1.406323516804951490e-01
2.500000000000000000e-01 1.405388830747067164e-01
3.000000000000000444e-01 1.404243330434284398e-01
3.500000000000000333e-01 1.402885194363211740e-01
4.000000000000000222e-01 1.401312310141117901e-01
4.500000000000000111e-01 1.399522293259133077e-01
5.000000000000000000e-01 1.397512506341690997e-01
5.500000000000000444e-01 1.395280091520060273e-01
6.000000000000000888e-01 1.392821995207748631e-01
6.500000000000000222e-01 1.390134994852550154e-01
7.000000000000000666e-01 1.387215745383908738e-01
7.500000000000000000e-01 1.384060804042690496e-01
8.000000000000000444e-01 1.380666675991081838e-01
8.500000000000000888e-01 1.377029854987736335e-01
9.000000000000000222e-01 1.373146867414293815e-01
9.500000000000000666e-01 1.369014318175667821e-01
1.000000000000000000e+00 1.364628938173539918e-01
1.050000000000000044e+00 1.359987633014725916e-01
1.100000000000000089e+00 1.355087532579986043e-01
1.150000000000000133e+00 1.349926041045382830e-01
1.200000000000000178e+00 1.344500885704147664e-01
1.250000000000000000e+00 1.338810172624375072e-01
1.300000000000000044e+00 1.332852423161202116e-01
1.350000000000000089e+00 1.326626633318715720e-01
1.400000000000000133e+00 1.320132312958028908e-01
1.450000000000000178e+00 1.313369529837206673e-01
1.500000000000000000e+00 1.306338949477102163e-01
1.550000000000000044e+00 1.299041871467651044e-01
1.600000000000000089e+00 1.291480262347623476e-01
1.650000000000000133e+00 1.283656783117191891e-01
1.700000000000000178e+00 1.275574813034666410e-01
1.750000000000000000e+00 1.267238463727510533e-01
1.800000000000000044e+00 1.258652610618710976e-01
1.850000000000000089e+00 1.249822868535050979e-01
1.900000000000000133e+00 1.240755602655653628e-01
1.950000000000000178e+00 1.231457946841532508e-01
2.000000000000000000e+00 1.221937766903421624e-01
2.050000000000000266e+00 1.212203649796761290e-01
2.100000000000000089e+00 1.202264879347170606e-01
2.149999999999999911e+00 1.192131405835627628e-01
2.200000000000000178e+00 1.181813809639682966e-01
2.250000000000000000e+00 1.171323249789106014e-01
2.300000000000000266e+00 1.160671454697867061e-01
2.350000000000000089e+00 1.149870612696582972e-01
2.400000000000000355e+00 1.138933350259391936e-01
2.450000000000000178e+00 1.127872672998501413e-01
2.500000000000000000e+00 1.116701884355530278e-01
2.550000000000000266e+00 1.105434533785771417e-01
2.600000000000000089e+00 1.094084341651843789e-01
2.650000000000000355e+00 1.082665130633278516e-01
2.700000000000000178e+00 1.071190755391439459e-01
2.750000000000000000e+00 1.059675032433867042e-01
2.800000000000000266e+00 1.048131670910523033e-01
2.850000000000000089e+00 1.036574205059409837e-01
2.900000000000000355e+00 1.025015923665886786e-01
2.950000000000000178e+00 1.013469834385226226e-01
3.000000000000000000e+00 1.001948557664476130e-01
3.050000000000000266e+00 9.904642979667399594e-02
3.100000000000000089e+00 9.790288224773018022e-02
3.150000000000000355e+00 9.676533638280646055e-02
3.200000000000000178e+00 9.563486133530435529e-02
3.250000000000000000e+00 9.451246786489704566e-02
3.300000000000000266e+00 9.339910556916358741e-02
3.350000000000000089e+00 9.229566073240090540e-02
3.400000000000000355e+00 9.120295464958191878e-02
3.450000000000000178e+00 9.012174212408853580e-02
3.500000000000000000e+00 8.905271326167314705e-02
3.550000000000000266e+00 8.799648894113711040e-02
3.600000000000000089e+00 8.695362607462998883e-02
3.650000000000000355e+00 8.592461743097130900e-02
3.700000000000000178e+00 8.490988990802805780e-02
3.750000000000000000e+00 8.390981047137437143e-02
3.800000000000000266e+00 8.292468657055757086e-02
3.850000000000000089e+00 8.195476873275665819e-02
3.900000000000000355e+00 8.100025336517441277e-02
3.950000000000000178e+00 8.006128579711244142e-02
4.000000000000000000e+00 7.913796321524224631e-02
4.049999999999999822e+00 7.823033789927320847e-02
4.100000000000000533e+00 7.733842069045762657e-02
4.150000000000000355e+00 7.646218405493583614e-02
4.200000000000000178e+00 7.560156559395761477e-02
4.250000000000000000e+00 7.475646943640057440e-02
4.299999999999999822e+00 7.392677367704356128e-02
4.350000000000000533e+00 7.311232913018689272e-02
4.400000000000000355e+00 7.231296407986965991e-02
4.450000000000000178e+00 7.152848693596251806e-02
4.500000000000000000e+00 7.075868879098431985e-02
4.549999999999999822e+00 7.000334576942084108e-02
4.600000000000000533e+00 6.926222195937102588e-02
4.650000000000000355e+00 6.853507086577084739e-02
4.700000000000000178e+00 6.782163618399508764e-02
4.750000000000000000e+00 6.712165751194107410e-02
4.800000000000000711e+00 6.643486759200907532e-02
4.850000000000000533e+00 6.576099779315559835e-02
4.900000000000000355e+00 6.509977474048934953e-02
4.950000000000000178e+00 6.445092583414342713e-02
5.000000000000000000e+00 6.381417837103037227e-02
5.050000000000000711e+00 6.318926077085516846e-02
5.100000000000000533e+00 6.257590338750142200e-02
5.150000000000000355e+00 6.197383924382809245e-02
5.200000000000000178e+00 6.138280457830927461e-02
5.250000000000000000e+00 6.080253969323301533e-02
5.300000000000000711e+00 6.023278868042072215e-02
5.350000000000000533e+00 5.967330069181642910e-02
5.400000000000000355e+00 5.912382980085189449e-02
5.450000000000000178e+00 5.858413345064732852e-02
5.500000000000000000e+00 5.805397747534959269e-02
5.550000000000000711e+00 5.753313083524095456e-02
5.600000000000000533e+00 5.702136851904542059e-02
5.650000000000000355e+00 5.651847108877364884e-02
5.700000000000000178e+00 5.602422459257026810e-02
5.750000000000000000e+00 5.553842057562497631e-02
5.800000000000000711e+00 5.506085659411309036e-02
5.850000000000000533e+00 5.459133346275441695e-02
5.900000000000000355e+00 5.412966032408163958e-02
5.950000000000000178e+00 5.367564973741586337e-02
