0.000000000000000000e+00 1.312572617183494494e-01
5.000000000000000278e-02 1.312499595398870234e-01
1.000000000000000056e-01 1.312280337589891988e-01
1.500000000000000222e-01 1.311914268124587946e-01
2.000000000000000111e-01 1.311400432029528884e-01
2.500000000000000000e-01 1.310737503708817586e-01
3.000000000000000444e-01 1.309923797401716938e-01
3.500000000000000333e-01 1.308957280100714049e-01
4.000000000000000222e-01 1.307835589659792630e-01
4.500000000000000111e-01 1.306556049711170009e-01
5.000000000000000000e-01 1.305115698386821455e-01
5.500000000000000444e-01 1.303511308056106710e-01
6.000000000000000888e-01 1.301739417411136857e-01
6.500000000000000222e-01 1.299796341398308797e-01
7.000000000000000666e-01 1.297678241192767312e-01
7.500000000000000000e-01 1.295381118896326844e-01
8.000000000000000444e-01 1.292900875663546001e-01
8.500000000000000888e-01 1.290233328842016747e-01
9.000000000000000222e-01 1.287374274561064180e-01
9.500000000000000666e-01 1.284319509829997541e-01
1.000000000000000000e+00 1.281064877126875667e-01
1.050000000000000044e+00 1.277606305245556351e-01
1.100000000000000089e+00 1.273939850618027170e-01
1.150000000000000133e+00 1.270061739478016150e-01
1.200000000000000178e+00 1.265968402477447574e-01
1.250000000000000000e+00 1.261656541342191240e-01
1.300000000000000044e+00 1.257123124867745301e-01
1.350000000000000089e+00 1.252365470447829865e-01
1.400000000000000133e+00 1.247381262943134533e-01
1.450000000000000178e+00 1.242168595932275632e-01
1.500000000000000000e+00 1.236726007382694531e-01
1.550000000000000044e+00 1.231052513573194507e-01
1.600000000000000089e+00 1.225147640331644278e-01
1.650000000000000133e+00 1.219011449307915718e-01
1.700000000000000178e+00 1.212644577306272314e-01
1.750000000000000000e+00 1.206048235386923129e-01
1.800000000000000044e+00 1.199224253633267290e-01
1.850000000000000089e+00 1.192175065278250345e-01
1.900000000000000133e+00 1.184903764725481895e-01
1.950000000000000178e+00 1.177414073066239270e-01
2.000000000000000000e+00 1.169710361603662763e-01
2.050000000000000266e+00 1.161797646988903671e-01
2.100000000000000089e+00 1.153681585584617475e-01
2.149999999999999911e+00 1.145368463111427065e-01
2.200000000000000178e+00 1.136865179535001408e-01
2.250000000000000000e+00 1.128179229200904632e-01
2.300000000000000266e+00 1.119318676879826058e-01
2.350000000000000089e+00 1.110292126005242019e-01
2.400000000000000355e+00 1.101108685383085650e-01
2.450000000000000178e+00 1.091777947776342156e-01
2.500000000000000000e+00 1.082309912878180597e-01
2.550000000000000266e+00 1.072714974137203292e-01
2.600000000000000089e+00 1.063003858678529534e-01
2.650000000000000355e+00 1.053187576205112663e-01
2.700000000000000178e+00 1.043277366538798989e-01
2.750000000000000000e+00 1.033284644662317286e-01
2.800000000000000266e+00 1.023220944594931264e-01
2.850000000000000089e+00 1.013097862666729604e-01
2.900000000000000355e+00 1.002927000818586156e-01
2.950000000000000178e+00 9.927199101007445903e-02
3.000000000000000000e+00 9.824880401526570051e-02
3.050000000000000266e+00 9.722426655737875789e-02
3.100000000000000089e+00 9.619948761376206914e-02
3.150000000000000355e+00 9.517554805457147105e-02
3.200000000000000178e+00 9.415349938004793917e-02
3.250000000000000000e+00 9.313435822107302142e-02
3.300000000000000266e+00 9.211910276313813040e-02
3.350000000000000089e+00 9.110866934580262588e-02
3.400000000000000355e+00 9.010394949367482587e-02
3.450000000000000178e+00 8.910578745203688589e-02
3.500000000000000000e+00 8.811497789694207328e-02
3.550000000000000266e+00 8.713226455684193461e-02
3.600000000000000089e+00 8.615833876789631696e-02
3.650000000000000355e+00 8.519384023961185104e-02
3.700000000000000178e+00 8.423935315897482234e-02
3.750000000000000000e+00 8.329541048675175030e-02
3.800000000000000266e+00 8.236249161429586019e-02
3.850000000000000089e+00 8.144102442096591565e-02
3.900000000000000355e+00 8.053138609725724040e-02
3.950000000000000178e+00 7.963390447204851674e-02
4.000000000000000000e+00 7.874885973155139329e-02
4.049999999999999822e+00 7.787648662621970974e-02
4.100000000000000533e+00 7.701697575164127840e-02
4.150000000000000355e+00 7.617047680278989097e-02
4.200000000000000178e+00 7.533710000806929930e-02
4.250000000000000000e+00 7.451691846980526557e-02
4.299999999999999822e+00 7.370997204299774286e-02
4.350000000000000533e+00 7.291626769480612225e-02
4.400000000000000355e+00 7.213578368054308909e-02
4.450000000000000178e+00 7.136847099434717734e-02
4.500000000000000000e+00 7.061425616716573983e-02
4.549999999999999822e+00 6.987304357963872170e-02
4.600000000000000533e+00 6.914471739080065016e-02
4.650000000000000355e+00 6.842914416373774289e-02
4.700000000000000178e+00 6.772617480807692492e-02
4.750000000000000000e+00 6.703564607253466312e-02
4.800000000000000711e+00 6.635738300110574639e-02
4.850000000000000533e+00 6.569120055550635440e-02
4.900000000000000355e+00 6.503690515990659393e-02
4.950000000000000178e+00 6.439429522231392145e-02
5.000000000000000000e+00 6.376316459677623671e-02
5.050000000000000711e+00 6.314330191445620410e-02
5.100000000000000533e+00 6.253449274925383661e-02
5.150000000000000355e+00 6.193652062647729550e-02
5.200000000000000178e+00 6.134916739519592072e-02
5.250000000000000000e+00 6.077221442744207280e-02
5.300000000000000711e+00 6.020544377141999470e-02
5.350000000000000533e+00 5.964863819054940647e-02
5.400000000000000355e+00 5.910158184064776693e-02
5.450000000000000178e+00 5.856406103905933275e-02
5.500000000000000000e+00 5.803586432987873495e-02
5.550000000000000711e+00 5.751678399344112291e-02
5.600000000000000533e+00 5.700661446067809696e-02
5.650000000000000355e+00 5.650515406039955529e-02
5.700000000000000178e+00 5.601220469508361860e-02
5.750000000000000000e+00 5.552757202161189010e-02
5.800000000000000711e+00 5.505106584451135987e-02
5.850000000000000533e+00 5.458249986613356031e-02
5.900000000000000355e+00 5.412169173084593887e-02
5.950000000000000178e+00 5.366846356201282475e-02
