0.000000000000000000e+00 3.760933341698179892e-04
5.000000000000000278e-02 1.962936282686126573e-05
1.000000000000000056e-01 7.665944523701705377e-05
1.500000000000000222e-01 1.753631953629911327e-04
2.000000000000000111e-01 3.090649769984270463e-04
2.500000000000000000e-01 4.766754103767293694e-04
3.000000000000000444e-01 6.742962936486413287e-04
3.500000000000000333e-01 8.980453859487101502e-04
4.000000000000000222e-01 1.143360722013096612e-03
4.500000000000000111e-01 1.405310348638294125e-03
5.000000000000000000e-01 1.678637795443378017e-03
5.500000000000000444e-01 1.957899700284916784e-03
6.000000000000000888e-01 2.237568531464351803e-03
6.500000000000000222e-01 2.512139295619274324e-03
7.000000000000000666e-01 2.776216008638067445e-03
7.500000000000000000e-01 3.024668487343582911e-03
8.000000000000000444e-01 3.252687390703537431e-03
8.500000000000000888e-01 3.455905108523521767e-03
9.000000000000000222e-01 3.630276987946178847e-03
9.500000000000000666e-01 3.772449252067197611e-03
1.000000000000000000e+00 3.879618038502355426e-03
1.050000000000000044e+00 3.949560807229892702e-03
1.100000000000000089e+00 3.980817019612180145e-03
1.150000000000000133e+00 3.972347375186816715e-03
1.200000000000000178e+00 3.923850563659789410e-03
1.250000000000000000e+00 3.835717418995996959e-03
1.300000000000000044e+00 3.708730127301344305e-03
1.350000000000000089e+00 3.544583458144751759e-03
1.400000000000000133e+00 3.344972504705151246e-03
1.450000000000000178e+00 3.112767799796038650e-03
1.500000000000000000e+00 2.850533630974514537e-03
1.550000000000000044e+00 2.561577803339900022e-03
1.600000000000000089e+00 2.249384339837073952e-03
1.650000000000000133e+00 1.917920715901055275e-03
1.700000000000000178e+00 1.571249673883134664e-03
1.750000000000000000e+00 1.213147162400912086e-03
1.800000000000000044e+00 8.480437908163003958e-04
1.850000000000000089e+00 4.801159740316063274e-04
1.900000000000000133e+00 1.136650540090316256e-04
1.950000000000000178e+00 -2.474263028113135934e-04
2.000000000000000000e+00 -5.990479745645685980e-04
2.050000000000000266e+00 -9.375056452767716215e-04
2.100000000000000089e+00 -1.259186060997969292e-03
2.149999999999999911e+00 -1.561004658524548427e-03
2.200000000000000178e+00 -1.839817446755508991e-03
2.250000000000000000e+00 -2.093272232030938922e-03
2.300000000000000266e+00 -2.318934485692468808e-03
2.350000000000000089e+00 -2.514916620697080392e-03
2.400000000000000355e+00 -2.680116864211373219e-03
2.450000000000000178e+00 -2.813320899924625935e-03
2.500000000000000000e+00 -2.914080534951170483e-03
2.550000000000000266e+00 -2.982310248773293367e-03
2.600000000000000089e+00 -3.018414704209288618e-03
2.650000000000000355e+00 -3.023002765578429972e-03
2.700000000000000178e+00 -2.997468394357567529e-03
2.750000000000000000e+00 -2.943213427031452813e-03
2.800000000000000266e+00 -2.862068974952642654e-03
2.850000000000000089e+00 -2.756387682185766110e-03
2.900000000000000355e+00 -2.628548869781957911e-03
2.950000000000000178e+00 -2.481230032873513874e-03
3.000000000000000000e+00 -2.317243924087469820e-03
3.050000000000000266e+00 -2.139503180881169048e-03
3.100000000000000089e+00 -1.950975724392099882e-03
3.150000000000000355e+00 -1.754796345300132111e-03
3.200000000000000178e+00 -1.553771308223674029e-03
3.250000000000000000e+00 -1.350659264441171582e-03
3.300000000000000266e+00 -1.148378576622867105e-03
3.350000000000000089e+00 -9.492116538629897290e-04
3.400000000000000355e+00 -7.556167972819929999e-04
3.450000000000000178e+00 -5.695533674826010846e-04
3.500000000000000000e+00 -3.928590934550833130e-04
3.550000000000000266e+00 -2.270242659810902753e-04
3.600000000000000089e+00 -7.324138794491272470e-05
3.650000000000000355e+00 6.754543626186416310e-05
3.700000000000000178e+00 1.946650992307118980e-04
3.750000000000000000e+00 3.078025656577665901e-04
3.800000000000000266e+00 4.067976446990522561e-04
3.850000000000000089e+00 4.917298999698258705e-04
3.900000000000000355e+00 5.630014918649474658e-04
3.950000000000000178e+00 6.210505706162673971e-04
4.000000000000000000e+00 6.665312655539796767e-04
4.049999999999999822e+00 7.003273905866615840e-04
4.100000000000000533e+00 7.231925795708454147e-04
4.150000000000000355e+00 7.361363024488545631e-04
4.200000000000000178e+00 7.402002278286259679e-04
4.250000000000000000e+00 7.363003220804357346e-04
4.299999999999999822e+00 7.255167367492903162e-04
4.350000000000000533e+00 7.088665657316871359e-04
4.400000000000000355e+00 6.872405322827814227e-04
4.450000000000000178e+00 6.615948137285879247e-04
4.500000000000000000e+00 6.327548361660491815e-04
4.549999999999999822e+00 6.014942308832261098e-04
4.600000000000000533e+00 5.685589348370915673e-04
4.650000000000000355e+00 5.345614563053537657e-04
4.700000000000000178e+00 5.000572879654381023e-04
4.750000000000000000e+00 4.655571151669153532e-04
4.800000000000000711e+00 4.314734510645983046e-04
4.850000000000000533e+00 3.981480904851304259e-04
4.900000000000000355e+00 3.658863767504263206e-04
4.950000000000000178e+00 3.349128076718072911e-04
5.000000000000000000e+00 3.054085487430812079e-04
5.050000000000000711e+00 2.775002846909429351e-04
5.100000000000000533e+00 2.512843548406635272e-04
5.150000000000000355e+00 2.268078518575517141e-04
5.200000000000000178e+00 2.040881387556795824e-04
5.250000000000000000e+00 1.831193634243191823e-04
5.300000000000000711e+00 1.638653925496822848e-04
5.350000000000000533e+00 1.462710546258177134e-04
5.400000000000000355e+00 1.302696128907279921e-04
5.450000000000000178e+00 1.157773982474359100e-04
5.500000000000000000e+00 1.027019390773903308e-04
5.550000000000000711e+00 9.094810505345670793e-05
5.600000000000000533e+00 8.041136943551940733e-05
5.650000000000000355e+00 7.099154938406043237e-05
5.700000000000000178e+00 6.258694173472844789e-05
5.750000000000000000e+00 5.509925212154628517e-05
5.800000000000000711e+00 4.843633277570335742e-05
5.850000000000000533e+00 4.251046523998492190e-05
5.900000000000000355e+00 3.724134710845751440e-05
5.950000000000000178e+00 3.255672676203154163e-05
6.000000000000000000e+00 2.839158534114148274e-05
6.050000000000000711e+00 2.468874931055897227e-05
6.100000000000000533e+00 2.139904469740984224e-05
6.150000000000000355e+00 1.847930683798447798e-05
6.200000000000000178e+00 1.589332846544025318e-05
6.250000000000000000e+00 1.361013993775976300e-05
6.300000000000000711e+00 1.160264730714732472e-05
6.350000000000000533e+00 9.847641707737404173e-06
6.400000000000000355e+00 8.324334837716005551e-06
6.450000000000000178e+00 7.013283472306929608e-06
6.500000000000000000e+00 5.896289638140890044e-06
6.550000000000000711e+00 4.955460117196361175e-06
6.600000000000000533e+00 4.172766979813496222e-06
6.650000000000000355e+00 3.530164299728924663e-06
6.700000000000000178e+00 3.009339657389356375e-06
6.750000000000000000e+00 2.591928202312882256e-06
6.800000000000000711e+00 2.259840631885052925e-06
6.850000000000000533e+00 1.995550369703143504e-06
6.900000000000000355e+00 1.782570986791690868e-06
6.950000000000000178e+00 1.605913322220756260e-06
7.000000000000000000e+00 1.452442640536273654e-06
7.050000000000000711e+00 1.311254948644130540e-06
7.100000000000000533e+00 1.173927299220473703e-06
7.150000000000000355e+00 1.034614612319091789e-06
7.200000000000000178e+00 8.900608354918774079e-07
7.250000000000000000e+00 7.394458143568677156e-07
7.300000000000000711e+00 5.841164812811372351e-07
7.350000000000000533e+00 4.271967570973390699e-07
7.400000000000000355e+00 2.731237925097696708e-07
7.450000000000000178e+00 1.271217185915321038e-07
7.500000000000000000e+00 -5.339757256309552277e-09
7.550000000000000711e+00 -1.190731034569001332e-07
7.600000000000000533e+00 -2.096500913758761251e-07
7.650000000000000355e+00 -2.737997634762666851e-07
7.700000000000000178e+00 -3.096994114965719086e-07
7.750000000000000000e+00 -3.171493335155547231e-07
7.800000000000000711e+00 -2.976161225889091878e-07
7.850000000000000533e+00 -2.541490074780299595e-07
7.900000000000000355e+00 -1.911811303899203063e-07
7.950000000000000178e+00 -1.142288580272800041e-07
8.000000000000000000e+00 -2.951344792413065823e-08
8.050000000000000711e+00 5.645350641703905237e-08
8.099999999999999645e+00 1.373201921841725407e-07
8.150000000000000355e+00 2.073042383897633797e-07
8.200000000000001066e+00 2.615741196676441193e-07
8.250000000000000000e+00 2.965556443981031338e-07
8.300000000000000711e+00 3.101363847346048433e-07
8.349999999999999645e+00 3.017807844344813464e-07
8.400000000000000355e+00 2.725221797620580966e-07
8.450000000000001066e+00 2.248520200187110641e-07
8.500000000000000000e+00 1.625095867261645727e-07
8.550000000000000711e+00 9.019001553129224812e-08
8.599999999999999645e+00 1.319196265767316272e-08
8.650000000000000355e+00 -6.296822678806077740e-08
8.700000000000001066e+00 -1.329484622746685009e-07
8.750000000000000000e+00 -1.919559304146386809e-07
8.800000000000000711e+00 -2.360675840874217342e-07
8.849999999999999645e+00 -2.624885432981257118e-07
8.900000000000000355e+00 -2.697284355911728363e-07
8.950000000000001066e+00 -2.576743077704130040e-07
9.000000000000000000e+00 -2.275728764605228096e-07
9.050000000000000711e+00 -1.819130697492261401e-07
9.099999999999999645e+00 -1.242271552701622415e-07
9.150000000000000355e+00 -5.882419674830772433e-08
9.200000000000001066e+00 9.535158705811476489e-09
9.250000000000000000e+00 7.597453656325495460e-08
9.300000000000000711e+00 1.358494238957790451e-07
9.349999999999999645e+00 1.850708753017718192e-07
9.400000000000000355e+00 2.203751127666397224e-07
9.450000000000001066e+00 2.395424750257466428e-07
9.500000000000000000e+00 2.415303185453514776e-07
9.550000000000000711e+00 2.265223621212634979e-07
9.600000000000001421e+00 1.958936685470471304e-07
9.650000000000000355e+00 1.520888562951283678e-07
9.700000000000001066e+00 9.843400321807124366e-08
9.750000000000000000e+00 3.888316597201040984e-08
9.800000000000000711e+00 -2.227130321142871653e-08
9.850000000000001421e+00 -8.070299819514860640e-08
9.900000000000000355e+00 -1.323579311593734719e-07
9.950000000000001066e+00 -1.737330735988762337e-07
1.000000000000000000e+01 -2.021118071736570718e-07
1.005000000000000071e+01 -2.157396758527319277e-07
1.010000000000000142e+01 -2.139300992148511766e-07
1.015000000000000036e+01 -1.970918819574941903e-07
1.020000000000000107e+01 -1.666814150698923467e-07
1.025000000000000000e+01 -1.250810675149571065e-07
1.030000000000000071e+01 -7.541549381039140606e-08
1.035000000000000142e+01 -2.131953608074210477e-08
1.040000000000000036e+01 3.332760969703489702e-08
1.045000000000000107e+01 8.467621243163497812e-08
1.050000000000000000e+01 1.291749813983114739e-07
1.055000000000000071e+01 1.638187236350510875e-07
1.060000000000000142e+01 1.863447958880554307e-07
1.065000000000000036e+01 1.953807451374879221e-07
1.070000000000000107e+01 1.905247781247139638e-07
1.075000000000000000e+01 1.723561356214313052e-07
1.080000000000000071e+01 1.423789583744705798e-07
1.085000000000000142e+01 1.028988379918112777e-07
1.090000000000000036e+01 5.684921222488551021e-08
1.095000000000000107e+01 7.574705693794374071e-09
1.100000000000000000e+01 -4.141228276592991751e-08
1.105000000000000071e+01 -8.667623573859062130e-08
1.110000000000000142e+01 -1.251018501584512135e-07
1.115000000000000036e+01 -1.541060272618899966e-07
1.120000000000000107e+01 -1.718083008612327154e-07
1.125000000000000000e+01 -1.771521844309969420e-07
1.130000000000000071e+01 -1.699652365620404629e-07
1.135000000000000142e+01 -1.509562895438883073e-07
1.140000000000000036e+01 -1.216516259899425984e-07
1.145000000000000107e+01 -8.427367697995897254e-08
1.150000000000000000e+01 -4.157525469443033503e-08
1.155000000000000071e+01 3.362609203139152065e-09
1.160000000000000142e+01 4.735160010375679561e-08
1.165000000000000036e+01 8.732108773687766520e-08
1.170000000000000107e+01 1.205310335767217544e-07
1.175000000000000000e+01 1.447594711692184363e-07
1.180000000000000071e+01 1.584482079757482330e-07
1.185000000000000142e+01 1.608024846476874704e-07
1.190000000000000036e+01 1.518341801266793618e-07
1.195000000000000107e+01 1.323482535795838091e-07
1.200000000000000000e+01 1.038740885767195834e-07
1.205000000000000071e+01 6.854628118063668203e-08
1.210000000000000142e+01 2.894668262284294579e-08
1.215000000000000036e+01 -1.208260297029324982e-08
1.220000000000000107e+01 -5.164477812405879359e-08
1.225000000000000000e+01 -8.698908605594838556e-08
1.230000000000000071e+01 -1.157024968002254420e-07
1.235000000000000142e+01 -1.358728723882810154e-07
1.240000000000000036e+01 -1.462157669145345268e-07
1.245000000000000107e+01 -1.461535655959563509e-07
1.250000000000000000e+01 -1.358462705329309861e-07
1.255000000000000071e+01 -1.161683888270714277e-07
1.260000000000000142e+01 -8.863740225968369578e-08
1.265000000000000036e+01 -5.529776812866279135e-08
1.270000000000000107e+01 -1.857003653897052369e-08
1.275000000000000000e+01 1.892402622122260868e-08
1.280000000000000071e+01 5.454761624056437465e-08
1.285000000000000142e+01 8.583439001776765238e-08
1.290000000000000036e+01 1.106570509187827315e-07
1.295000000000000107e+01 1.273720155536755917e-07
1.300000000000000000e+01 1.349269515630371024e-07
1.305000000000000071e+01 1.329257475510246485e-07
1.310000000000000142e+01 1.216465856818978464e-07
1.315000000000000036e+01 1.020124041123035426e-07
1.320000000000000107e+01 7.551718281511290665e-08
1.325000000000000000e+01 4.411383284994357071e-08
1.330000000000000071e+01 1.006939198537017259e-08
1.335000000000000142e+01 -2.419629508077468161e-08
1.340000000000000036e+01 -5.628258953126380904e-08
1.345000000000000107e+01 -8.397616036027606245e-08
1.350000000000000000e+01 -1.054019368760743843e-07
1.355000000000000071e+01 -1.191496099820472753e-07
1.360000000000000142e+01 -1.243663489773894998e-07
1.365000000000000036e+01 -1.208074668684972393e-07
1.370000000000000107e+01 -1.088454873261307656e-07
1.375000000000000000e+01 -8.943479267529032663e-08
1.380000000000000071e+01 -6.403757809221864607e-08
1.385000000000000142e+01 -3.451382143443225313e-08
1.390000000000000036e+01 -2.985458292136175093e-09
1.395000000000000107e+01 2.831466837496662543e-08
1.400000000000000000e+01 5.720087127211869705e-08
1.405000000000000071e+01 8.168727049182782352e-08
1.410000000000000142e+01 1.001222818113488538e-07
1.415000000000000036e+01 1.113008027078519029e-07
1.420000000000000107e+01 1.145416507556016253e-07
1.425000000000000000e+01 1.097276581748383786e-07
1.430000000000000071e+01 9.730636092679460566e-08
1.435000000000000142e+01 7.825078361917401439e-08
1.440000000000000036e+01 5.398426654775530342e-08
1.445000000000000107e+01 2.627490304119172926e-08
1.450000000000000000e+01 -2.893233712222510363e-09
1.455000000000000071e+01 -3.146112173598759140e-08
1.460000000000000142e+01 -5.743908858766863046e-08
1.465000000000000036e+01 -7.904904558281310257e-08
1.470000000000000107e+01 -9.482978239995523258e-08
1.475000000000000000e+01 -1.037946329771892335e-07
1.480000000000000071e+01 -1.052704004218540630e-07
1.485000000000000142e+01 -9.977478054179264822e-08
1.490000000000000036e+01 -8.584832775030294656e-08
1.495000000000000107e+01 -7.182046765753729447e-08
1.500000000000000000e+01 1.862115591764527010e-07
1.505000000000000071e+01 1.092231681405617811e-07
1.510000000000000142e+01 6.406532959468735388e-08
1.515000000000000036e+01 3.757781476495888349e-08
1.520000000000000107e+01 2.204140620202342514e-08
1.525000000000000000e+01 1.292847342217142858e-08
1.530000000000000071e+01 7.583244559474996749e-09
1.535000000000000142e+01 4.447976609182195659e-09
1.540000000000000036e+01 2.608977665127259732e-09
1.545000000000000107e+01 1.530304409631057779e-09
1.550000000000000000e+01 8.976043165896640923e-10
1.555000000000000071e+01 5.264924836549185193e-10
1.560000000000000142e+01 3.088156668672140268e-10
1.565000000000000036e+01 1.811365481001503031e-10
1.570000000000000107e+01 1.062461720484562485e-10
1.575000000000000000e+01 6.231893989868317669e-11
1.580000000000000071e+01 3.655329791819843852e-11
1.585000000000000142e+01 2.144041284350683247e-11
1.590000000000000036e+01 1.257591760933783415e-11
1.595000000000000107e+01 7.376427094662900073e-12
1.600000000000000000e+01 4.326655725783494753e-12
1.605000000000000071e+01 2.537806788857882640e-12
1.610000000000000142e+01 1.488554241137233692e-12
1.615000000000000213e+01 8.731132965225234042e-13
1.619999999999999929e+01 5.121250654999393577e-13
1.625000000000000000e+01 3.003874630835920727e-13
1.630000000000000071e+01 1.761925443411801967e-13
1.635000000000000142e+01 1.033458703277235619e-13
1.640000000000000213e+01 6.061765799063430585e-14
1.644999999999999929e+01 3.555531392383113137e-14
