0.000000000000000000e+00 -8.439579248161217795e-02
5.000000000000000278e-02 -8.731594142590537455e-02
1.000000000000000056e-01 -8.686626554223970953e-02
1.500000000000000222e-01 -8.598824143037588075e-02
2.000000000000000111e-01 -8.484215452288794423e-02
2.500000000000000000e-01 -8.334709002064123740e-02
3.000000000000000444e-01 -8.154568844317157394e-02
3.500000000000000333e-01 -7.945133207569443634e-02
4.000000000000000222e-01 -7.703540999277457002e-02
4.500000000000000111e-01 -7.433386508999653697e-02
5.000000000000000000e-01 -7.134668975177411998e-02
5.500000000000000444e-01 -6.805402605380231340e-02
6.000000000000000888e-01 -6.454314580865858075e-02
6.500000000000000222e-01 -6.075446061280676685e-02
7.000000000000000666e-01 -5.677577071157081934e-02
7.500000000000000000e-01 -5.254762499027272604e-02
8.000000000000000444e-01 -4.814856501721277715e-02
8.500000000000000888e-01 -4.353345407773939746e-02
9.000000000000000222e-01 -3.886400482577339471e-02
9.500000000000000666e-01 -3.388218343204596472e-02
1.000000000000000000e+00 -2.888647331229787785e-02
1.050000000000000044e+00 -2.386802715999583255e-02
1.100000000000000089e+00 -1.863855661675754144e-02
1.150000000000000133e+00 -1.343012852713682155e-02
1.200000000000000178e+00 -8.189142255680422963e-03
1.250000000000000000e+00 -2.930396752908059291e-03
1.300000000000000044e+00 2.311505754655635014e-03
1.350000000000000089e+00 7.501998066109436675e-03
1.400000000000000133e+00 1.262355649477799047e-02
1.450000000000000178e+00 1.764236296021539155e-02
1.500000000000000000e+00 2.256307716157973306e-02
1.550000000000000044e+00 2.732087706654693499e-02
1.600000000000000089e+00 3.192188728187009966e-02
1.650000000000000133e+00 3.631816196091464111e-02
1.700000000000000178e+00 4.049317490855591783e-02
1.750000000000000000e+00 4.443482501439158933e-02
1.800000000000000044e+00 4.811535284916027694e-02
1.850000000000000089e+00 5.147102146153161029e-02
1.900000000000000133e+00 5.454651336398965572e-02
1.950000000000000178e+00 5.726959723462350660e-02
2.000000000000000000e+00 5.964531081016632985e-02
2.050000000000000266e+00 6.164752935580726512e-02
2.100000000000000089e+00 6.326556554865957194e-02
2.149999999999999911e+00 6.448381531504367159e-02
2.200000000000000178e+00 6.529616231426318973e-02
2.250000000000000000e+00 6.569681208542518802e-02
2.300000000000000266e+00 6.568415245971762073e-02
2.350000000000000089e+00 6.525528810390303358e-02
2.400000000000000355e+00 6.442799615119326750e-02
2.450000000000000178e+00 6.318868957927116503e-02
2.500000000000000000e+00 6.161422745216377922e-02
2.550000000000000266e+00 5.957034965667672849e-02
2.600000000000000089e+00 5.732864175160333475e-02
2.650000000000000355e+00 5.465648312448777302e-02
2.700000000000000178e+00 5.175614627160090436e-02
2.750000000000000000e+00 4.858848648555769839e-02
2.800000000000000266e+00 4.520406161403808798e-02
2.850000000000000089e+00 4.163920866581241609e-02
2.900000000000000355e+00 3.794045380281975410e-02
2.950000000000000178e+00 3.413416734285922710e-02
3.000000000000000000e+00 3.026970334107925709e-02
3.050000000000000266e+00 2.638192118822613175e-02
3.100000000000000089e+00 2.251292126672002278e-02
3.150000000000000355e+00 1.869820045499229894e-02
3.200000000000000178e+00 1.497477124475202898e-02
3.250000000000000000e+00 1.136815680690902650e-02
3.300000000000000266e+00 7.915351777233530298e-03
3.350000000000000089e+00 4.637376191923620571e-03
3.400000000000000355e+00 1.557745559453213276e-03
3.450000000000000178e+00 -1.308590126294130853e-03
3.500000000000000000e+00 -3.939635182959057985e-03
3.550000000000000266e+00 -6.334259323001358369e-03
3.600000000000000089e+00 -8.481839732936318973e-03
3.650000000000000355e+00 -1.037900332293165140e-02
3.700000000000000178e+00 -1.203073430491624976e-02
3.750000000000000000e+00 -1.343394165261162926e-02
3.800000000000000266e+00 -1.460580284981463292e-02
3.850000000000000089e+00 -1.554647025847586544e-02
3.900000000000000355e+00 -1.627441528201745494e-02
3.950000000000000178e+00 -1.679603434564545458e-02
4.000000000000000000e+00 -1.713755626575608204e-02
4.049999999999999822e+00 -1.729988328242513390e-02
4.100000000000000533e+00 -1.731018631919605671e-02
4.150000000000000355e+00 -1.718158859420892970e-02
4.200000000000000178e+00 -1.692528885543191641e-02
4.250000000000000000e+00 -1.658798811424281802e-02
4.299999999999999822e+00 -1.610499267351235553e-02
4.350000000000000533e+00 -1.560704239831743438e-02
4.400000000000000355e+00 -1.499442387415242384e-02
4.450000000000000178e+00 -1.439410353966932669e-02
4.500000000000000000e+00 -1.370196435748988022e-02
4.549999999999999822e+00 -1.301062841182556301e-02
4.600000000000000533e+00 -1.229689124080594886e-02
4.650000000000000355e+00 -1.157817422912195068e-02
4.700000000000000178e+00 -1.086000848367276589e-02
4.750000000000000000e+00 -1.014848146520108858e-02
4.800000000000000711e+00 -9.453651352273701944e-03
4.850000000000000533e+00 -8.773495409974515352e-03
4.900000000000000355e+00 -8.118699232975838329e-03
4.950000000000000178e+00 -7.487958721432787061e-03
5.000000000000000000e+00 -6.887071756038014997e-03
5.050000000000000711e+00 -6.315659173597586336e-03
5.100000000000000533e+00 -5.774093499518131826e-03
5.150000000000000355e+00 -5.268290014796864380e-03
5.200000000000000178e+00 -4.793258423333847905e-03
5.250000000000000000e+00 -4.351436501728257224e-03
5.300000000000000711e+00 -3.941722269148659891e-03
5.350000000000000533e+00 -3.563368580465047473e-03
5.400000000000000355e+00 -3.215348170513233558e-03
5.450000000000000178e+00 -2.896407577545612178e-03
5.500000000000000000e+00 -2.605058285813962714e-03
5.550000000000000711e+00 -2.339623940927265233e-03
5.600000000000000533e+00 -2.098854099713948294e-03
5.650000000000000355e+00 -1.880169951618764802e-03
5.700000000000000178e+00 -1.682827953494561322e-03
5.750000000000000000e+00 -1.504483620246153085e-03
5.800000000000000711e+00 -1.343498529970934370e-03
5.850000000000000533e+00 -1.199628343635905214e-03
5.900000000000000355e+00 -1.067953244560984486e-03
5.950000000000000178e+00 -9.516077117732770754e-04
6.000000000000000000e+00 -8.460818783624491192e-04
6.050000000000000711e+00 -7.520392734503462701e-04
6.100000000000000533e+00 -6.658023109054899986e-04
6.150000000000000355e+00 -5.923574973775269214e-04
6.200000000000000178e+00 -5.229561156471657654e-04
6.250000000000000000e+00 -4.634852387189097368e-04
6.300000000000000711e+00 -4.076069340659182268e-04
6.350000000000000533e+00 -3.635443588927020028e-04
6.400000000000000355e+00 -3.193330662359970340e-04
6.450000000000000178e+00 -2.833214826082833672e-04
6.500000000000000000e+00 -2.503611398188121786e-04
6.550000000000000711e+00 -2.230258005431220677e-04
6.600000000000000533e+00 -1.987882220151919650e-04
6.650000000000000355e+00 -1.779663089382024907e-04
6.700000000000000178e+00 -1.603172761396966294e-04
6.750000000000000000e+00 -1.445401178644593985e-04
6.800000000000000711e+00 -1.316977871598411980e-04
6.850000000000000533e+00 -1.201021238304920806e-04
6.900000000000000355e+00 -1.103923118748786610e-04
6.950000000000000178e+00 -1.004825902047070383e-04
7.000000000000000000e+00 -9.860002153831745988e-05
7.050000000000000711e+00 -8.895531192193133620e-05
7.100000000000000533e+00 -8.025343506965659009e-05
7.150000000000000355e+00 -7.240155029021121244e-05
7.200000000000000178e+00 -6.531674511755455350e-05
7.250000000000000000e+00 -5.892392269193368645e-05
7.300000000000000711e+00 -5.315640695295308364e-05
7.350000000000000533e+00 -4.795255474882802166e-05
7.400000000000000355e+00 -4.325718139127808574e-05
7.450000000000000178e+00 -3.902138117658089769e-05
7.500000000000000000e+00 -3.519974748134544211e-05
7.550000000000000711e+00 -3.175201845860954955e-05
7.600000000000000533e+00 -2.864133775562906380e-05
7.650000000000000355e+00 -2.583526540720653309e-05
