0.000000000000000000e+00 0.000000000000000000e+00
5.000000000000000278e-02 3.351998232634900068e-09
1.000000000000000056e-01 2.675390619728613532e-08
1.500000000000000222e-01 8.994640032897042974e-08
2.000000000000000111e-01 2.120571012550987952e-07
2.500000000000000000e-01 4.113074566389269360e-07
3.000000000000000444e-01 7.047353945809297816e-07
3.500000000000000333e-01 1.107938476321952390e-06
4.000000000000000222e-01 1.634841842266452800e-06
4.500000000000000111e-01 2.297494723684833385e-06
5.000000000000000000e-01 3.105898697335694003e-06
5.500000000000000444e-01 4.067870206868448662e-06
6.000000000000000888e-01 5.188939179672443702e-06
6.500000000000000222e-01 6.472284848030349979e-06
7.000000000000000666e-01 7.918709156447766877e-06
7.500000000000000000e-01 9.526647420033328254e-06
8.000000000000000444e-01 1.129221520820208022e-05
8.500000000000000888e-01 1.320928977897233609e-05
9.000000000000000222e-01 1.526962379532741329e-05
9.500000000000000666e-01 1.746298852819485762e-05
1.000000000000000000e+00 1.977734330005037844e-05
1.050000000000000044e+00 2.219902755611927409e-05
1.100000000000000089e+00 2.471297167131010364e-05
1.150000000000000133e+00 2.730292241260066105e-05
1.200000000000000178e+00 2.995167887843996641e-05
1.250000000000000000e+00 3.264133472641456282e-05
1.300000000000000044e+00 3.535352257348591318e-05
1.350000000000000089e+00 3.806965660327585083e-05
1.400000000000000133e+00 4.077116963439923964e-05
1.450000000000000178e+00 4.343974118377047489e-05
1.500000000000000000e+00 4.605751338935938177e-05
1.550000000000000044e+00 4.860729202774073161e-05
1.600000000000000089e+00 5.107273026248162427e-05
1.650000000000000133e+00 5.343849317956869536e-05
1.700000000000000178e+00 5.569040159569513834e-05
1.750000000000000000e+00 5.781555405492784711e-05
1.800000000000000044e+00 5.980242635047711364e-05
1.850000000000000089e+00 6.164094831336143054e-05
1.900000000000000133e+00 6.332255799210964511e-05
1.950000000000000178e+00 6.484023370177919730e-05
2.000000000000000000e+00 6.618850474210679095e-05
2.050000000000000266e+00 6.736344187026010685e-05
2.100000000000000089e+00 6.836262886115631189e-05
2.149999999999999911e+00 6.918511669636262474e-05
2.200000000000000178e+00 6.983136209075404372e-05
2.250000000000000000e+00 7.030315219469927455e-05
2.300000000000000266e+00 7.060351739955622466e-05
2.350000000000000089e+00 7.073663422720622991e-05
2.400000000000000355e+00 7.070772030221122713e-05
2.450000000000000178e+00 7.052292339026705408e-05
2.500000000000000000e+00 7.018920644154704564e-05
2.550000000000000266e+00 6.971423050508987267e-05
2.600000000000000089e+00 6.910623728354735589e-05
2.650000000000000355e+00 6.837393297943195601e-05
2.700000000000000178e+00 6.752637494764202996e-05
2.750000000000000000e+00 6.657286251767673222e-05
2.800000000000000266e+00 6.552283318580141272e-05
2.850000000000000089e+00 6.438576520570491281e-05
2.900000000000000355e+00 6.317108742910614581e-05
2.950000000000000178e+00 6.188809706847728058e-05
3.000000000000000000e+00 6.054588587564590802e-05
3.050000000000000266e+00 5.915327505550907759e-05
3.100000000000000089e+00 5.771875906627868308e-05
3.150000000000000355e+00 5.625045829924120027e-05
3.200000000000000178e+00 5.475608048438031174e-05
3.250000000000000000e+00 5.324289053551930557e-05
3.300000000000000266e+00 5.171768843170265577e-05
3.350000000000000089e+00 5.018679463179132700e-05
3.400000000000000355e+00 4.865604243771872714e-05
3.450000000000000178e+00 4.713077665912667082e-05
3.500000000000000000e+00 4.561585788829974918e-05
3.550000000000000266e+00 4.411567166910941693e-05
3.600000000000000089e+00 4.263414183627496927e-05
3.650000000000000355e+00 4.117474731044586177e-05
3.700000000000000178e+00 3.974054165881137307e-05
3.750000000000000000e+00 3.833417476823595759e-05
3.800000000000000266e+00 3.695791602612433018e-05
3.850000000000000089e+00 3.561367846098367572e-05
3.900000000000000355e+00 3.430304335751363791e-05
3.950000000000000178e+00 3.302728492755523072e-05
4.000000000000000000e+00 3.178739468597362714e-05
4.049999999999999822e+00 3.058410524730135658e-05
4.100000000000000533e+00 2.941791332272385303e-05
4.150000000000000355e+00 2.828910175602809262e-05
4.200000000000000178e+00 2.719776049008376258e-05
4.250000000000000000e+00 2.614380640127621927e-05
4.299999999999999822e+00 2.512700197743677764e-05
4.350000000000000533e+00 2.414697284498416543e-05
4.400000000000000355e+00 2.320322417331970957e-05
4.450000000000000178e+00 2.229515599946468117e-05
4.500000000000000000e+00 2.142207752422265325e-05
4.549999999999999822e+00 2.058322043375151265e-05
4.600000000000000533e+00 1.977775129845265348e-05
4.650000000000000355e+00 1.900478309573331190e-05
4.700000000000000178e+00 1.826338589569566530e-05
4.750000000000000000e+00 1.755259674033117455e-05
4.800000000000000711e+00 1.687142873842354592e-05
4.850000000000000533e+00 1.621887939100844422e-05
4.900000000000000355e+00 1.559393815662740390e-05
4.950000000000000178e+00 1.499559326225802779e-05
5.000000000000000000e+00 1.442283776497914593e-05
5.050000000000000711e+00 1.387467487119272235e-05
5.100000000000000533e+00 1.335012252441239520e-05
5.150000000000000355e+00 1.284821727889685147e-05
5.200000000000000178e+00 1.236801748425789813e-05
5.250000000000000000e+00 1.190860581500617765e-05
5.300000000000000711e+00 1.146909118814476113e-05
5.350000000000000533e+00 1.104861012070769079e-05
5.400000000000000355e+00 1.064632758691935002e-05
5.450000000000000178e+00 1.026143744085119865e-05
5.500000000000000000e+00 9.893162474616473573e-06
5.550000000000000711e+00 9.540754183943757881e-06
5.600000000000000533e+00 9.203492312240851400e-06
5.650000000000000355e+00 8.880684240989237873e-06
5.700000000000000178e+00 8.571664288648604121e-06
5.750000000000000000e+00 8.275792972491524696e-06
5.800000000000000711e+00 7.992456278349420711e-06
5.850000000000000533e+00 7.721064972642298371e-06
5.900000000000000355e+00 7.461053979859393326e-06
5.950000000000000178e+00 7.211881837453126637e-06
6.000000000000000000e+00 6.973030229488350336e-06
6.050000000000000711e+00 6.744003590892530301e-06
6.100000000000000533e+00 6.524328766237722233e-06
6.150000000000000355e+00 6.313554701009089403e-06
6.200000000000000178e+00 6.111252139509610137e-06
6.250000000000000000e+00 5.917013302016376988e-06
6.300000000000000711e+00 5.730451514505368342e-06
6.350000000000000533e+00 5.551200767032936268e-06
6.400000000000000355e+00 5.378915181421972527e-06
6.450000000000000178e+00 5.213268374871720960e-06
6.500000000000000000e+00 5.053952713044022959e-06
6.550000000000000711e+00 4.900678453584797496e-06
6.600000000000000533e+00 4.753172788418033252e-06
6.650000000000000355e+00 4.611178800016945069e-06
6.700000000000000178e+00 4.474454352779802783e-06
6.750000000000000000e+00 4.342770945253928734e-06
6.800000000000000711e+00 4.215912551990216296e-06
6.850000000000000533e+00 4.093674485108257546e-06
6.900000000000000355e+00 3.975862305155696803e-06
6.950000000000000178e+00 3.862290808616310454e-06
7.000000000000000000e+00 3.752783115623526087e-06
7.050000000000000711e+00 3.647169876328235843e-06
7.100000000000000533e+00 3.545288608283899541e-06
7.150000000000000355e+00 3.446983170530138788e-06
7.200000000000000178e+00 3.352103373190769514e-06
7.250000000000000000e+00 3.260504714763481095e-06
7.300000000000000711e+00 3.172048233255528904e-06
7.350000000000000533e+00 3.086600452253820374e-06
7.400000000000000355e+00 3.004033399183877812e-06
7.450000000000000178e+00 2.924224670604942264e-06
7.500000000000000000e+00 2.847057518511223004e-06
7.550000000000000711e+00 2.772420932271525767e-06
7.600000000000000533e+00 2.700209692956972323e-06
7.650000000000000355e+00 2.630324380211534585e-06
7.700000000000000178e+00 2.562671316270969830e-06
7.750000000000000000e+00 2.497162436935187157e-06
7.800000000000000711e+00 2.433715084913643372e-06
7.850000000000000533e+00 2.372251726643325909e-06
7.900000000000000355e+00 2.312699599081010050e-06
7.950000000000000178e+00 2.254990297779180384e-06
8.000000000000000000e+00 2.199059321496239306e-06
8.050000000000000711e+00 2.144845591454937253e-06
8.099999999999999645e+00 2.092290965007838029e-06
8.150000000000000355e+00 2.041339763831903855e-06
8.200000000000001066e+00 1.991938335873402542e-06
8.250000000000000000e+00 1.944034668190697944e-06
8.300000000000000711e+00 1.897578064757688012e-06
8.349999999999999645e+00 1.852518899412187935e-06
8.400000000000000355e+00 1.808808449719946659e-06
8.450000000000001066e+00 1.766398812861290067e-06
8.500000000000000000e+00 1.725242900024086434e-06
8.550000000000000711e+00 1.685294501484385155e-06
8.599999999999999645e+00 1.646508410827472251e-06
8.650000000000000355e+00 1.608840593817303923e-06
8.700000000000001066e+00 1.572248385419220142e-06
8.750000000000000000e+00 1.536690697513603157e-06
8.800000000000000711e+00 1.502128219937521440e-06
8.849999999999999645e+00 1.468523598620744124e-06
8.900000000000000355e+00 1.435841576644907934e-06
8.950000000000001066e+00 1.404049086898824349e-06
9.000000000000000000e+00 1.373115288435109188e-06
9.050000000000000711e+00 1.343011542429067757e-06
9.099999999999999645e+00 1.313711327561310019e-06
9.150000000000000355e+00 1.285190098450333610e-06
9.200000000000001066e+00 1.257425094225041826e-06
9.250000000000000000e+00 1.230395107251591276e-06
9.300000000000000711e+00 1.204080224254007272e-06
9.349999999999999645e+00 1.178461553482257151e-06
9.400000000000000355e+00 1.153520952124003752e-06
9.450000000000001066e+00 1.129240767822995524e-06
9.500000000000000000e+00 1.105603607005568933e-06
9.550000000000000711e+00 1.082592140823929159e-06
9.600000000000001421e+00 1.060188957039069283e-06
9.650000000000000355e+00 1.038376463256735414e-06
9.700000000000001066e+00 1.017136843786825948e-06
9.750000000000000000e+00 9.964520692175184779e-07
9.800000000000000711e+00 9.763039547742571705e-07
9.850000000000001421e+00 9.566742608474046865e-07
9.900000000000000355e+00 9.375448268721734140e-07
9.950000000000001066e+00 9.188977281471155607e-07
1.000000000000000000e+01 9.007154442581982194e-07
1.005000000000000071e+01 8.829810275663436482e-07
1.010000000000000142e+01 8.656782607047661880e-07
1.015000000000000036e+01 8.487917931633348569e-07
1.020000000000000107e+01 8.323072487188125830e-07
1.025000000000000000e+01 8.162112975794972940e-07
1.030000000000000071e+01 8.004916895061605542e-07
1.035000000000000142e+01 7.851372466924121819e-07
1.040000000000000036e+01 7.701378176773780796e-07
1.045000000000000107e+01 7.554841958725186431e-07
1.050000000000000000e+01 7.411680082774267813e-07
1.055000000000000071e+01 7.271815815286516804e-07
1.060000000000000142e+01 7.135177934911212310e-07
1.065000000000000036e+01 7.001699191197484620e-07
1.070000000000000107e+01 6.871314792799631339e-07
1.075000000000000000e+01 6.743961006464730068e-07
1.080000000000000071e+01 6.619573937573549212e-07
1.085000000000000142e+01 6.498088548711611492e-07
1.090000000000000036e+01 6.379437955633068826e-07
1.095000000000000107e+01 6.263553021247859622e-07
1.100000000000000000e+01 6.150362249148078065e-07
1.105000000000000071e+01 6.039791959916083199e-07
1.110000000000000142e+01 5.931766717135188125e-07
1.115000000000000036e+01 5.826209956596440284e-07
1.120000000000000107e+01 5.723044762379008965e-07
1.125000000000000000e+01 5.622194727736630641e-07
1.130000000000000071e+01 5.523584837222055500e-07
1.135000000000000142e+01 5.427142309122745605e-07
1.140000000000000036e+01 5.332797343697226910e-07
1.145000000000000107e+01 5.240483732295672220e-07
1.150000000000000000e+01 5.150139294443982337e-07
1.155000000000000071e+01 5.061706123466586450e-07
1.160000000000000142e+01 4.975130635258736883e-07
1.165000000000000036e+01 4.890363428438924756e-07
1.170000000000000107e+01 4.807358976428384974e-07
1.175000000000000000e+01 4.726075182255264838e-07
1.180000000000000071e+01 4.646472834471168885e-07
1.185000000000000142e+01 4.568515007106454554e-07
1.190000000000000036e+01 4.492166447912999767e-07
1.195000000000000107e+01 4.417392997297217248e-07
1.200000000000000000e+01 4.344161075609302131e-07
1.205000000000000071e+01 4.272437269275894030e-07
1.210000000000000142e+01 4.202188037251769734e-07
1.215000000000000036e+01 4.133379549132035420e-07
1.220000000000000107e+01 4.065977655767319160e-07
1.225000000000000000e+01 3.999947983126564420e-07
1.230000000000000071e+01 3.935256131154128698e-07
1.235000000000000142e+01 3.871867952084619376e-07
1.240000000000000036e+01 3.809749877568172557e-07
1.245000000000000107e+01 3.748869261328991088e-07
1.250000000000000000e+01 3.689194704039270704e-07
1.255000000000000071e+01 3.630696329575718286e-07
1.260000000000000142e+01 3.573345986584750892e-07
1.265000000000000036e+01 3.517117355916797888e-07
1.270000000000000107e+01 3.461985952469266231e-07
1.275000000000000000e+01 3.407929018696411678e-07
1.280000000000000071e+01 3.354925315846767387e-07
1.285000000000000142e+01 3.302954827233834569e-07
1.290000000000000036e+01 3.251998394936364801e-07
1.295000000000000107e+01 3.202037316760955079e-07
1.300000000000000000e+01 3.153052933699048542e-07
1.305000000000000071e+01 3.105026239247963092e-07
1.310000000000000142e+01 3.057937540770541102e-07
1.315000000000000036e+01 3.011766199640762430e-07
1.320000000000000107e+01 2.966490471517224308e-07
1.325000000000000000e+01 2.922087461093869446e-07
1.330000000000000071e+01 2.878533197596169725e-07
1.335000000000000142e+01 2.835802828697001505e-07
1.340000000000000036e+01 2.793870922018425533e-07
1.345000000000000107e+01 2.752711855567669454e-07
1.350000000000000000e+01 2.712300271864818930e-07
1.355000000000000071e+01 2.672611565625047172e-07
1.360000000000000142e+01 2.633622371994505425e-07
1.365000000000000036e+01 2.595311021713038597e-07
1.370000000000000107e+01 2.557657931237317727e-07
1.375000000000000000e+01 2.520645899700045211e-07
1.380000000000000071e+01 2.484260290351831048e-07
1.385000000000000142e+01 2.448489081450124457e-07
1.390000000000000036e+01 2.413322779941042893e-07
1.395000000000000107e+01 2.378754200166332844e-07
1.400000000000000000e+01 2.344778118634014814e-07
1.405000000000000071e+01 2.311390824033033250e-07
1.410000000000000142e+01 2.278589588612328282e-07
1.415000000000000036e+01 2.246372092327844985e-07
1.420000000000000107e+01 2.214735834435240647e-07
1.425000000000000000e+01 2.183677568262146793e-07
1.430000000000000071e+01 2.153192793656482185e-07
1.435000000000000142e+01 2.123275338160599374e-07
1.440000000000000036e+01 2.093917052527402469e-07
1.445000000000000107e+01 2.065107639124080645e-07
1.450000000000000000e+01 2.036834623523336709e-07
1.455000000000000071e+01 2.009083470684138747e-07
1.460000000000000142e+01 1.981837838154617033e-07
1.465000000000000036e+01 1.955079950251206823e-07
1.470000000000000107e+01 1.928791069728515159e-07
1.475000000000000000e+01 1.902952037514308196e-07
1.480000000000000071e+01 1.877543847020984283e-07
1.485000000000000142e+01 1.852548217600028656e-07
1.490000000000000036e+01 1.827948131995861086e-07
1.495000000000000107e+01 1.803728305142847777e-07
1.500000000000000000e+01 1.779875556164920385e-07
1.505000000000000071e+01 1.756379061676980750e-07
1.510000000000000142e+01 1.733230476047050347e-07
1.515000000000000036e+01 1.710423912663537383e-07
1.520000000000000107e+01 1.687955788931361591e-07
1.525000000000000000e+01 1.665824546138483054e-07
1.530000000000000071e+01 1.644030262961828129e-07
1.535000000000000142e+01 1.622574187746942450e-07
1.540000000000000036e+01 1.601458219405865941e-07
1.545000000000000107e+01 1.580684369554785256e-07
1.550000000000000000e+01 1.560254239203560318e-07
1.555000000000000071e+01 1.540168541890641547e-07
1.560000000000000142e+01 1.520426701747568211e-07
1.565000000000000036e+01 1.501026549815072558e-07
1.570000000000000107e+01 1.481964135366761595e-07
1.575000000000000000e+01 1.463233661466516948e-07
1.580000000000000071e+01 1.444827545974980652e-07
1.585000000000000142e+01 1.426736601254721635e-07
1.590000000000000036e+01 1.408950318402220599e-07
1.595000000000000107e+01 1.391457235433199088e-07
