0.000000000000000000e+00 0.000000000000000000e+00
5.000000000000000278e-02 1.026265091551922630e-02
1.000000000000000056e-01 2.034881882416432475e-02
1.500000000000000222e-01 3.008539749401632074e-02
2.000000000000000111e-01 3.930596434186466037e-02
2.500000000000000000e-01 4.785394438625886759e-02
3.000000000000000444e-01 5.558556631309313767e-02
3.500000000000000333e-01 6.237254907050685665e-02
4.000000000000000222e-01 6.810446243757278806e-02
4.500000000000000111e-01 7.269071391936489379e-02
5.000000000000000000e-01 7.606212212679050455e-02
5.500000000000000444e-01 7.817204638298091979e-02
6.000000000000000888e-01 7.899705231574841169e-02
6.500000000000000222e-01 7.853710361792159977e-02
7.000000000000000666e-01 7.681528069541820880e-02
7.500000000000000000e-01 7.387703758178119917e-02
8.000000000000000444e-01 6.978901820972026326e-02
8.500000000000000888e-01 6.463746215404385376e-02
9.000000000000000222e-01 5.852624181857823266e-02
9.500000000000000666e-01 5.157457486050869705e-02
1.000000000000000000e+00 4.391446750572376018e-02
1.050000000000000044e+00 3.568794712996545271e-02
1.100000000000000089e+00 2.704410276020816767e-02
1.150000000000000133e+00 1.813626103826142949e-02
1.200000000000000178e+00 9.118745207145693976e-03
1.250000000000000000e+00 1.439126116447005999e-04
1.300000000000000044e+00 -8.640500018079960015e-03
1.350000000000000089e+00 -1.709424360496579823e-02
1.400000000000000133e+00 -2.508699053680399707e-02
1.450000000000000178e+00 -3.250054427043610333e-02
1.500000000000000000e+00 -3.923074068993935570e-02
1.550000000000000044e+00 -4.518901001194185196e-02
1.600000000000000089e+00 -5.030357428216495480e-02
1.650000000000000133e+00 -5.452026591136351769e-02
1.700000000000000178e+00 -5.780296131474215587e-02
1.750000000000000000e+00 -6.013363130339479529e-02
1.800000000000000044e+00 -6.151202061855957914e-02
1.850000000000000089e+00 -6.195497486899319284e-02
1.900000000000000133e+00 -6.149544165776534010e-02
1.950000000000000178e+00 -6.018116110494945575e-02
2.000000000000000000e+00 -5.807321117287180673e-02
2.050000000000000266e+00 -5.524406884080385050e-02
2.100000000000000089e+00 -5.177587082838250310e-02
2.149999999999999911e+00 -4.775828399354376669e-02
2.200000000000000178e+00 -4.328641861861270979e-02
2.250000000000000000e+00 -3.845870435638052559e-02
2.300000000000000266e+00 -3.337479558937075930e-02
2.350000000000000089e+00 -2.813355022481240156e-02
2.400000000000000355e+00 -2.283112381705983129e-02
2.450000000000000178e+00 -1.755921541641990852e-02
2.500000000000000000e+00 -1.240349693211578036e-02
2.550000000000000266e+00 -7.442252748986925327e-03
2.600000000000000089e+00 -2.745248332153019111e-03
2.650000000000000355e+00 1.627157082968543013e-03
2.700000000000000178e+00 5.624647581900168655e-03
2.750000000000000000e+00 9.207335020751024682e-03
2.800000000000000266e+00 1.234591073949740762e-02
2.850000000000000089e+00 1.502149182030672672e-02
2.900000000000000355e+00 1.722537158546352462e-02
2.950000000000000178e+00 1.895849505812357769e-02
3.000000000000000000e+00 2.023069689840731669e-02
3.050000000000000266e+00 2.105990569267246135e-02
3.100000000000000089e+00 2.147116085886554768e-02
3.150000000000000355e+00 2.149555153816159331e-02
3.200000000000000178e+00 2.116909448985780304e-02
3.250000000000000000e+00 2.053158177017948630e-02
3.300000000000000266e+00 1.962542711306053747e-02
3.350000000000000089e+00 1.849453877155758652e-02
3.400000000000000355e+00 1.718324399122597712e-02
3.450000000000000178e+00 1.573528701908322169e-02
3.500000000000000000e+00 1.419291824521673809e-02
3.550000000000000266e+00 1.259610037509292443e-02
3.600000000000000089e+00 1.098181658252390253e-02
3.650000000000000355e+00 9.383524289425342058e-03
3.700000000000000178e+00 7.830731393396057546e-03
3.750000000000000000e+00 6.348707627913093357e-03
3.800000000000000266e+00 4.958318032813780959e-03
3.850000000000000089e+00 3.675992133513956723e-03
3.900000000000000355e+00 2.513793873659053799e-03
3.950000000000000178e+00 1.479598630767194273e-03
4.000000000000000000e+00 5.773599872859452170e-04
4.049999999999999822e+00 -1.925513011358474390e-04
4.100000000000000533e+00 -8.329483736423486367e-04
4.150000000000000355e+00 -1.349387164210530008e-03
4.200000000000000178e+00 -1.749698228374068840e-03
4.250000000000000000e+00 -2.043506438213881470e-03
4.299999999999999822e+00 -2.241760545616318379e-03
4.350000000000000533e+00 -2.356244278787805301e-03
4.400000000000000355e+00 -2.399177321966678746e-03
4.450000000000000178e+00 -2.382813693254823024e-03
4.500000000000000000e+00 -2.319059759855741313e-03
4.549999999999999822e+00 -2.219197311345664538e-03
4.600000000000000533e+00 -2.093629157759527726e-03
4.650000000000000355e+00 -1.951688807654933635e-03
4.700000000000000178e+00 -1.801504767245860590e-03
4.750000000000000000e+00 -1.649921726862663965e-03
4.800000000000000711e+00 -1.502470500124110202e-03
4.850000000000000533e+00 -1.363386248195881450e-03
4.900000000000000355e+00 -1.235667737050366675e-03
4.950000000000000178e+00 -1.121170489690274767e-03
5.000000000000000000e+00 -1.020728922504056911e-03
5.050000000000000711e+00 -9.342965519078254722e-04
5.100000000000000533e+00 -8.611028615646250731e-04
5.150000000000000355e+00 -7.998138521120997605e-04
5.200000000000000178e+00 -7.486936715321939294e-04
5.250000000000000000e+00 -7.057599768601940026e-04
5.300000000000000711e+00 -6.689281741219882610e-04
5.350000000000000533e+00 -6.361404498768740258e-04
5.400000000000000355e+00 -6.054761948936842816e-04
5.450000000000000178e+00 -5.752416446194515576e-04
5.500000000000000000e+00 -5.440375658788837183e-04
5.550000000000000711e+00 -5.108041153001202650e-04
5.600000000000000533e+00 -4.748445493260496368e-04
5.650000000000000355e+00 -4.358276682085634730e-04
5.700000000000000178e+00 -3.937722977172264925e-04
5.750000000000000000e+00 -3.490108079274944044e-04
5.800000000000000711e+00 -3.021636093869679569e-04
5.850000000000000533e+00 -2.540551975066346834e-04
5.900000000000000355e+00 -2.056761831531056246e-04
5.950000000000000178e+00 -1.581013369756800898e-04
