0.000000000000000000e+00 -0.000000000000000000e+00
5.000000000000000278e-02 1.168839309878573818e-05
1.000000000000000056e-01 4.723699674114410925e-05
1.500000000000000222e-01 1.080751510200860286e-04
2.000000000000000111e-01 1.965160564483770466e-04
2.500000000000000000e-01 3.156557858218220279e-04
3.000000000000000444e-01 4.692369582968471944e-04
3.500000000000000333e-01 6.614818712207213300e-04
4.000000000000000222e-01 8.969009970142465069e-04
4.500000000000000111e-01 1.180083585861436361e-03
5.000000000000000000e-01 1.515477735242181908e-03
5.500000000000000444e-01 1.907167635891387917e-03
6.000000000000000888e-01 2.358655775123827403e-03
6.500000000000000222e-01 2.872657709870559285e-03
7.000000000000000666e-01 3.450916473861297476e-03
7.500000000000000000e-01 4.094043121616236514e-03
8.000000000000000444e-01 4.801388854334101911e-03
8.500000000000000888e-01 5.570953159863402913e-03
9.000000000000000222e-01 6.399331141807815780e-03
9.500000000000000666e-01 7.281701897947503478e-03
1.000000000000000000e+00 8.211858449826610687e-03
1.050000000000000044e+00 9.182278374837310811e-03
1.100000000000000089e+00 1.018423301710069499e-02
1.150000000000000133e+00 1.120793189106218841e-02
1.200000000000000178e+00 1.224269798109088939e-02
1.250000000000000000e+00 1.327716863486328065e-02
1.300000000000000044e+00 1.429951603103771750e-02
1.350000000000000089e+00 1.529768095961786534e-02
1.400000000000000133e+00 1.625961313360428998e-02
1.450000000000000178e+00 1.717351137291873650e-02
1.500000000000000000e+00 1.802805722906878835e-02
1.550000000000000044e+00 1.881263589100002492e-02
1.600000000000000089e+00 1.951753886632453736e-02
1.650000000000000133e+00 2.013414364734631562e-02
1.700000000000000178e+00 2.065506632903726589e-02
1.750000000000000000e+00 2.107428420309259698e-02
1.800000000000000044e+00 2.138722618957588847e-02
1.850000000000000089e+00 2.159083002964816769e-02
1.900000000000000133e+00 2.168356610399645515e-02
1.950000000000000178e+00 2.166542864940390611e-02
2.000000000000000000e+00 2.153789601488859812e-02
2.050000000000000266e+00 2.130386228904398299e-02
2.100000000000000089e+00 2.096754329913235251e-02
2.149999999999999911e+00 2.053436044873756250e-02
2.200000000000000178e+00 2.001080624376865361e-02
2.250000000000000000e+00 1.940429553278958871e-02
2.300000000000000266e+00 1.872300665762721347e-02
2.350000000000000089e+00 1.797571659772512209e-02
2.400000000000000355e+00 1.717163409410338640e-02
2.450000000000000178e+00 1.632023447862283871e-02
2.500000000000000000e+00 1.543109961073002058e-02
2.550000000000000266e+00 1.451376593257579402e-02
2.600000000000000089e+00 1.357758322670658824e-02
2.650000000000000355e+00 1.263158616961325767e-02
2.700000000000000178e+00 1.168438034183497121e-02
2.750000000000000000e+00 1.074404384417518635e-02
2.800000000000000266e+00 9.818045226379112575e-03
2.850000000000000089e+00 8.913178038079774476e-03
2.900000000000000355e+00 8.035511861431124739e-03
2.950000000000000178e+00 7.190359402153590276e-03
3.000000000000000000e+00 6.382258880146667382e-03
3.050000000000000266e+00 5.614970725380107053e-03
3.100000000000000089e+00 4.891487384802606364e-03
3.150000000000000355e+00 4.214054896283364431e-03
3.200000000000000178e+00 3.584204782889420949e-03
3.250000000000000000e+00 3.002794750577103544e-03
3.300000000000000266e+00 2.470056671931726393e-03
3.350000000000000089e+00 1.985650318216795624e-03
3.400000000000000355e+00 1.548721348709831275e-03
3.450000000000000178e+00 1.157962157457383514e-03
3.500000000000000000e+00 8.116742168793622016e-04
3.550000000000000266e+00 5.078306856069980625e-04
3.600000000000000089e+00 2.441381494613519042e-04
3.650000000000000355e+00 1.809648673993805568e-05
3.700000000000000178e+00 -1.729440234760832630e-04
3.750000000000000000e+00 -3.317290995185990447e-04
3.800000000000000266e+00 -4.610509785599315033e-04
3.850000000000000089e+00 -5.637035375977184374e-04
3.900000000000000355e+00 -6.424423766796137289e-04
3.950000000000000178e+00 -6.999500762583110453e-04
4.000000000000000000e+00 -7.388067226711301323e-04
4.049999999999999822e+00 -7.614657054394445047e-04
4.100000000000000533e+00 -7.702346476155914282e-04
4.150000000000000355e+00 -7.672612587820519785e-04
4.200000000000000178e+00 -7.545238086828365146e-04
4.250000000000000000e+00 -7.338258504142430557e-04
4.299999999999999822e+00 -7.067947662518115227e-04
4.350000000000000533e+00 -6.748836683448597440e-04
4.400000000000000355e+00 -6.393761609520824847e-04
4.450000000000000178e+00 -6.013934595326199438e-04
4.500000000000000000e+00 -5.619033737035974627e-04
4.549999999999999822e+00 -5.217306522715505542e-04
4.600000000000000533e+00 -4.815682711649908873e-04
4.650000000000000355e+00 -4.419892188909488773e-04
4.700000000000000178e+00 -4.034584350829385747e-04
4.750000000000000000e+00 -3.663445850439780538e-04
4.800000000000000711e+00 -3.309314178521038496e-04
4.850000000000000533e+00 -2.974285126252120535e-04
4.900000000000000355e+00 -2.659812740551184291e-04
4.950000000000000178e+00 -2.366800912593283181e-04
5.000000000000000000e+00 -2.095686215592271933e-04
5.050000000000000711e+00 -1.846512015548064866e-04
5.100000000000000533e+00 -1.618994208440876223e-04
5.150000000000000355e+00 -1.412579184077557358e-04
5.200000000000000178e+00 -1.226494779882487105e-04
5.250000000000000000e+00 -1.059795071180777784e-04
5.300000000000000711e+00 -9.113998556560144325e-05
5.350000000000000533e+00 -7.801296396067419303e-05
5.400000000000000355e+00 -6.647368356772791935e-05
5.450000000000000178e+00 -5.639337506376842086e-05
5.500000000000000000e+00 -4.764177927266281039e-05
5.550000000000000711e+00 -4.008941757407516639e-05
5.600000000000000533e+00 -3.360962547698973738e-05
5.650000000000000355e+00 -2.808035074346772254e-05
5.700000000000000178e+00 -2.338570831887887237e-05
5.750000000000000000e+00 -1.941727871575822702e-05
5.800000000000000711e+00 -1.607513463468306230e-05
5.850000000000000533e+00 -1.326858239876879611e-05
5.900000000000000355e+00 -1.091660985409199558e-05
5.950000000000000178e+00 -8.948040130596160649e-06
6.000000000000000000e+00 -7.301400269012111839e-06
6.050000000000000711e+00 -5.924524286552532288e-06
6.100000000000000533e+00 -4.773920824886169562e-06
6.150000000000000355e+00 -3.813945175833157803e-06
6.200000000000000178e+00 -3.015823389508382002e-06
6.250000000000000000e+00 -2.356581667073257453e-06
6.300000000000000711e+00 -1.817936855397882039e-06
6.350000000000000533e+00 -1.385203349997063302e-06
6.400000000000000355e+00 -1.046268069065309993e-06
6.450000000000000178e+00 -7.906786099542960315e-07
6.500000000000000000e+00 -6.088806730655265643e-07
6.550000000000000711e+00 -4.916299418684408183e-07
6.600000000000000533e+00 -4.295915707964735522e-07
6.650000000000000355e+00 -4.131280537748842415e-07
6.700000000000000178e+00 -4.322643346453141479e-07
6.750000000000000000e+00 -4.768083401136138589e-07
6.800000000000000711e+00 -5.365963305772648141e-07
6.850000000000000533e+00 -6.018260954965067907e-07
6.900000000000000355e+00 -6.634374132765701832e-07
6.950000000000000178e+00 -7.134985002410317896e-07
7.000000000000000000e+00 -7.455593368476026701e-07
7.050000000000000711e+00 -7.549375365010138120e-07
7.100000000000000533e+00 -7.389093963909036105e-07
7.150000000000000355e+00 -6.967873854496737226e-07
7.200000000000000178e+00 -6.298749303429229874e-07
7.250000000000000000e+00 -5.412992553785128262e-07
7.300000000000000711e+00 -4.357325163534271635e-07
7.350000000000000533e+00 -3.190198901062851436e-07
7.400000000000000355e+00 -1.977400822259983980e-07
7.450000000000000178e+00 -7.872846499737579393e-08
7.500000000000000000e+00 3.140451891803434670e-08
7.550000000000000711e+00 1.267270588861187722e-07
7.600000000000000533e+00 2.023815271136150406e-07
7.650000000000000355e+00 2.548961221281018226e-07
7.700000000000000178e+00 2.823931080619993451e-07
7.750000000000000000e+00 2.846816805872789500e-07
7.800000000000000711e+00 2.632317224572073762e-07
7.850000000000000533e+00 2.210330483841388715e-07
7.900000000000000355e+00 1.623525883663691846e-07
7.950000000000000178e+00 9.240877707999331728e-08
8.000000000000000000e+00 1.698774666835623873e-08
8.050000000000000711e+00 -5.797058148306756061e-08
8.099999999999999645e+00 -1.267869496162268016e-07
8.150000000000000355e+00 -1.844288398871546364e-07
8.200000000000001066e+00 -2.268418938534360626e-07
8.250000000000000000e+00 -2.512048134352667414e-07
8.300000000000000711e+00 -2.560917294956289784e-07
8.349999999999999645e+00 -2.415328612358252701e-07
8.400000000000000355e+00 -2.089716158451232385e-07
8.450000000000001066e+00 -1.611235702279577247e-07
8.500000000000000000e+00 -1.017495257967244233e-07
8.550000000000000711e+00 -3.536057303175876681e-08
8.599999999999999645e+00 3.312253529432497584e-08
8.650000000000000355e+00 9.873069974660784004e-08
8.700000000000001066e+00 1.568025844148735655e-07
8.750000000000000000e+00 2.033105705617193372e-07
8.800000000000000711e+00 2.351342750852599390e-07
8.849999999999999645e+00 2.502635326179683118e-07
8.900000000000000355e+00 2.479180975919355200e-07
8.950000000000001066e+00 2.285774596131774407e-07
9.000000000000000000e+00 1.939206353140662173e-07
9.050000000000000711e+00 1.466821418073564398e-07
9.099999999999999645e+00 9.043612884193001487e-08
9.150000000000000355e+00 2.932545578532708574e-08
9.200000000000001066e+00 -3.224397200607536871e-08
9.250000000000000000e+00 -8.992126618955526697e-08
9.300000000000000711e+00 -1.397182633510803156e-07
9.349999999999999645e+00 -1.782853197974274723e-07
9.400000000000000355e+00 -2.031363247935592650e-07
9.450000000000001066e+00 -2.128080278018319348e-07
9.500000000000000000e+00 -2.069437096643921892e-07
9.550000000000000711e+00 -1.862967667156876133e-07
9.600000000000001421e+00 -1.526555191071843063e-07
9.650000000000000355e+00 -1.086960926943752686e-07
9.700000000000001066e+00 -5.777517213754379881e-08
9.750000000000000000e+00 -3.678444692332343242e-09
9.800000000000000711e+00 4.965661566294360307e-08
9.850000000000001421e+00 9.842351227733616125e-08
9.900000000000000355e+00 1.392149101947515199e-07
9.950000000000001066e+00 1.692575164026397160e-07
1.000000000000000000e+01 1.865976297384112075e-07
1.005000000000000071e+01 1.902251136135088860e-07
1.010000000000000142e+01 1.801281195902901587e-07
1.015000000000000036e+01 1.572759237971549591e-07
1.020000000000000107e+01 1.235323685077267510e-07
1.025000000000000000e+01 8.150726501716516071e-08
1.030000000000000071e+01 3.435737331429086469e-08
1.035000000000000142e+01 -1.444806039826089326e-08
1.040000000000000036e+01 -6.137997721484127163e-08
1.045000000000000107e+01 -1.031021636350138124e-07
1.050000000000000000e+01 -1.367059761491167612e-07
1.055000000000000071e+01 -1.599107822612471013e-07
1.060000000000000142e+01 -1.712164643427914859e-07
1.065000000000000036e+01 -1.699979486529155029e-07
1.070000000000000107e+01 -1.565359875139519302e-07
1.075000000000000000e+01 -1.319830267156830846e-07
1.080000000000000071e+01 -9.826760291819132727e-08
1.085000000000000142e+01 -5.794501187913842807e-08
1.090000000000000036e+01 -1.400567008355822580e-08
1.095000000000000107e+01 3.034458997514670973e-08
