0.000000000000000000e+00 0.000000000000000000e+00
5.000000000000000278e-02 -5.728564936152447755e-10
1.000000000000000056e-01 -9.149433012540993252e-09
1.500000000000000222e-01 -4.618198808510270950e-08
2.000000000000000111e-01 -1.453534163617312880e-07
2.500000000000000000e-01 -3.529767878064021728e-07
3.000000000000000444e-01 -7.271663535659385237e-07
3.500000000000000333e-01 -1.336791582855003543e-06
4.000000000000000222e-01 -2.260228969257752896e-06
4.500000000000000111e-01 -3.583929410995023012e-06
5.000000000000000000e-01 -5.400821893403562636e-06
5.500000000000000444e-01 -7.808576943580215009e-06
6.000000000000000888e-01 -1.090775584251102059e-05
6.500000000000000222e-01 -1.479987382052573711e-05
7.000000000000000666e-01 -1.958540737601541113e-05
7.500000000000000000e-01 -2.536177739188060832e-05
8.000000000000000444e-01 -3.222134082629526193e-05
8.500000000000000888e-01 -4.024942437367041450e-05
9.000000000000000222e-01 -4.952243358256469953e-05
9.500000000000000666e-01 -6.010607044129720797e-05
1.000000000000000000e+00 -7.205369137035558778e-05
1.050000000000000044e+00 -8.540483587637612858e-05
1.100000000000000089e+00 -1.001839538223218246e-04
1.150000000000000133e+00 -1.163993563647173661e-04
1.200000000000000178e+00 -1.340424121301150167e-04
1.250000000000000000e+00 -1.530870061951296074e-04
1.300000000000000044e+00 -1.734892749601007545e-04
1.350000000000000089e+00 -1.951876251446942436e-04
1.400000000000000133e+00 -2.181030399783722112e-04
1.450000000000000178e+00 -2.421396703162938930e-04
1.500000000000000000e+00 -2.671857029987997683e-04
1.550000000000000044e+00 -2.931144934141631780e-04
1.600000000000000089e+00 -3.197859440474437901e-04
1.650000000000000133e+00 -3.470481059304371396e-04
1.700000000000000178e+00 -3.747389754721527628e-04
1.750000000000000000e+00 -4.026884552611078422e-04
1.800000000000000044e+00 -4.307204441931534468e-04
1.850000000000000089e+00 -4.586550197792699972e-04
1.900000000000000133e+00 -4.863106737959203688e-04
1.950000000000000178e+00 -5.135065616041379222e-04
2.000000000000000000e+00 -5.400647255076240685e-04
2.050000000000000266e+00 -5.658122534456649097e-04
2.100000000000000089e+00 -5.905833361001291667e-04
2.149999999999999911e+00 -6.142211880897378764e-04
2.200000000000000178e+00 -6.365798022590416069e-04
2.250000000000000000e+00 -6.575255100534035425e-04
2.300000000000000266e+00 -6.769383254962282534e-04
2.350000000000000089e+00 -6.947130552276977551e-04
2.400000000000000355e+00 -7.107601622918741178e-04
2.450000000000000178e+00 -7.250063767312481299e-04
2.500000000000000000e+00 -7.373950514228619097e-04
2.550000000000000266e+00 -7.478862668286141236e-04
2.600000000000000089e+00 -7.564566933018043900e-04
2.650000000000000355e+00 -7.630992241706796792e-04
2.700000000000000178e+00 -7.678223969006281761e-04
2.750000000000000000e+00 -7.706496231300891814e-04
2.800000000000000266e+00 -7.716182512116768512e-04
2.850000000000000089e+00 -7.707784870215578059e-04
2.900000000000000355e+00 -7.681922002015068550e-04
2.950000000000000178e+00 -7.639316436667705195e-04
3.000000000000000000e+00 -7.580781141684146598e-04
3.050000000000000266e+00 -7.507205809813882920e-04
3.100000000000000089e+00 -7.419543084578491795e-04
3.150000000000000355e+00 -7.318794963139443194e-04
3.200000000000000178e+00 -7.205999591945765666e-04
3.250000000000000000e+00 -7.082218643812978557e-04
3.300000000000000266e+00 -6.948525435754777414e-04
3.350000000000000089e+00 -6.805993916062784855e-04
3.400000000000000355e+00 -6.655688617828365607e-04
3.450000000000000178e+00 -6.498655645292603740e-04
3.500000000000000000e+00 -6.335914729980803451e-04
3.550000000000000266e+00 -6.168452366301241125e-04
3.600000000000000089e+00 -5.997216011807889611e-04
3.650000000000000355e+00 -5.823109316141151159e-04
3.700000000000000178e+00 -5.646988325111357461e-04
3.750000000000000000e+00 -5.469658592662068582e-04
3.800000000000000266e+00 -5.291873123575034426e-04
3.850000000000000089e+00 -5.114331063643005534e-04
3.900000000000000355e+00 -4.937677051397703493e-04
3.950000000000000178e+00 -4.762501145985276099e-04
4.000000000000000000e+00 -4.589339248988804298e-04
4.049999999999999822e+00 -4.418673943402239707e-04
4.100000000000000533e+00 -4.250935680019649380e-04
4.150000000000000355e+00 -4.086504249662836655e-04
4.200000000000000178e+00 -3.925710488387159822e-04
4.250000000000000000e+00 -3.768838171572384712e-04
4.299999999999999822e+00 -3.616126061170047649e-04
4.350000000000000533e+00 -3.467770077960099758e-04
4.400000000000000355e+00 -3.323925577167782894e-04
4.450000000000000178e+00 -3.184709710998561327e-04
4.500000000000000000e+00 -3.050203865448338782e-04
4.549999999999999822e+00 -2.920456161112811879e-04
4.600000000000000533e+00 -2.795484008715398076e-04
4.650000000000000355e+00 -2.675276709833165857e-04
4.700000000000000178e+00 -2.559798092025350946e-04
4.750000000000000000e+00 -2.448989165507565817e-04
4.800000000000000711e+00 -2.342770785946842209e-04
4.850000000000000533e+00 -2.241046305174169040e-04
4.900000000000000355e+00 -2.143704188914684371e-04
4.950000000000000178e+00 -2.050620578297081406e-04
5.000000000000000000e+00 -1.961661770165451719e-04
5.050000000000000711e+00 -1.876686590277136871e-04
5.100000000000000533e+00 -1.795548633474350017e-04
5.150000000000000355e+00 -1.718098345949812134e-04
5.200000000000000178e+00 -1.644184926810512537e-04
5.250000000000000000e+00 -1.573658029238990484e-04
5.300000000000000711e+00 -1.506369245560520238e-04
5.350000000000000533e+00 -1.442173365297621244e-04
5.400000000000000355e+00 -1.380929400637676387e-04
5.450000000000000178e+00 -1.322501379430692284e-04
5.500000000000000000e+00 -1.266758911628279962e-04
5.550000000000000711e+00 -1.213577540720631843e-04
5.600000000000000533e+00 -1.162838896980851949e-04
5.650000000000000355e+00 -1.114430673959128896e-04
5.700000000000000178e+00 -1.068246453485993403e-04
5.750000000000000000e+00 -1.024185407286471551e-04
5.800000000000000711e+00 -9.821519050636696893e-05
5.850000000000000533e+00 -9.420550595204539330e-05
5.900000000000000355e+00 -9.038082382440764350e-05
5.950000000000000178e+00 -8.673285707260915503e-05
6.000000000000000000e+00 -8.325364761236921888e-05
6.050000000000000711e+00 -7.993552338282762331e-05
6.100000000000000533e+00 -7.677106146687336704e-05
6.150000000000000355e+00 -7.375305858451418968e-05
6.200000000000000178e+00 -7.087450976851025384e-05
6.250000000000000000e+00 -6.812859552687543512e-05
6.300000000000000711e+00 -6.550867731044496354e-05
6.350000000000000533e+00 -6.300830065653997857e-05
6.400000000000000355e+00 -6.062120499045854172e-05
6.450000000000000178e+00 -5.834133875049116148e-05
6.500000000000000000e+00 -5.616287827091864018e-05
6.550000000000000711e+00 -5.408024871822742082e-05
6.600000000000000533e+00 -5.208814533124600678e-05
6.650000000000000355e+00 -5.018155326420378493e-05
6.700000000000000178e+00 -4.835576446663487920e-05
6.750000000000000000e+00 -4.660639024549421148e-05
6.800000000000000711e+00 -4.492936842937630477e-05
6.850000000000000533e+00 -4.332096437631496866e-05
6.900000000000000355e+00 -4.177776541752324386e-05
6.950000000000000178e+00 -4.029666869101588438e-05
7.000000000000000000e+00 -3.887486267280155529e-05
7.050000000000000711e+00 -3.750980304170887754e-05
7.100000000000000533e+00 -3.619918380115326277e-05
7.150000000000000355e+00 -3.494090481402933212e-05
7.200000000000000178e+00 -3.373303707526313113e-05
7.250000000000000000e+00 -3.257378714371563378e-05
7.300000000000000711e+00 -3.146146217815075412e-05
7.350000000000000533e+00 -3.039443697168189230e-05
7.400000000000000355e+00 -2.937112425992372829e-05
7.450000000000000178e+00 -2.838994939773764733e-05
7.500000000000000000e+00 -2.744933026853699351e-05
7.550000000000000711e+00 -2.654766302141143308e-05
7.600000000000000533e+00 -2.568331393919172175e-05
7.650000000000000355e+00 -2.485461744014224708e-05
7.700000000000000178e+00 -2.405987992242729470e-05
7.750000000000000000e+00 -2.329738888827392310e-05
7.800000000000000711e+00 -2.256542654690367862e-05
7.850000000000000533e+00 -2.186228690280846501e-05
7.900000000000000355e+00 -2.118629519728539522e-05
7.950000000000000178e+00 -2.053582849191767134e-05
8.000000000000000000e+00 -1.990933616539348059e-05
8.050000000000000711e+00 -1.930535913905739322e-05
8.099999999999999645e+00 -1.872254674823096011e-05
8.150000000000000355e+00 -1.815967032915934745e-05
8.200000000000001066e+00 -1.761563278662857350e-05
8.250000000000000000e+00 -1.708947363408425552e-05
8.300000000000000711e+00 -1.658036924444531606e-05
8.349999999999999645e+00 -1.608762830297640569e-05
8.400000000000000355e+00 -1.561068270078390339e-05
8.450000000000001066e+00 -1.514907433653781723e-05
8.500000000000000000e+00 -1.470243849388749044e-05
8.550000000000000711e+00 -1.427048462344263720e-05
8.599999999999999645e+00 -1.385297547395967694e-05
8.650000000000000355e+00 -1.344970558278877770e-05
8.700000000000001066e+00 -1.306048014859022455e-05
8.750000000000000000e+00 -1.268509527038371598e-05
8.800000000000000711e+00 -1.232332044929953053e-05
8.849999999999999645e+00 -1.197488411845018075e-05
8.900000000000000355e+00 -1.163946279970156473e-05
8.950000000000001066e+00 -1.131667429294171675e-05
9.000000000000000000e+00 -1.100607509402537799e-05
9.050000000000000711e+00 -1.070716202278344051e-05
9.099999999999999645e+00 -1.041937783324386172e-05
9.150000000000000355e+00 -1.014212038489716723e-05
9.200000000000001066e+00 -9.874754785840747623e-06
9.250000000000000000e+00 -9.616627783836965171e-06
9.300000000000000711e+00 -9.367083585798547643e-06
9.349999999999999645e+00 -9.125480233932728856e-06
9.400000000000000355e+00 -8.891205659449199342e-06
9.450000000000001066e+00 -8.663692571787644079e-06
9.500000000000000000e+00 -8.442431419953897581e-06
9.550000000000000711e+00 -8.226980777946852610e-06
9.600000000000001421e+00 -8.016974651840928505e-06
9.650000000000000355e+00 -7.812126373903651997e-06
9.700000000000001066e+00 -7.612228930277216368e-06
9.750000000000000000e+00 -7.417151753832227348e-06
9.800000000000000711e+00 -7.226834193412668355e-06
9.850000000000001421e+00 -7.041276035895619843e-06
9.900000000000000355e+00 -6.860525600251457305e-06
9.950000000000001066e+00 -6.684666036365669804e-06
1.000000000000000000e+01 -6.513800540634947810e-06
1.005000000000000071e+01 -6.348037241958130558e-06
1.010000000000000142e+01 -6.187474514365286486e-06
1.015000000000000036e+01 -6.032187436797179323e-06
1.020000000000000107e+01 -5.882216049024190700e-06
1.025000000000000000e+01 -5.737555949693078041e-06
1.030000000000000071e+01 -5.598151653821366888e-06
1.035000000000000142e+01 -5.463892979727768537e-06
1.040000000000000036e+01 -5.334614577191447626e-06
1.045000000000000107e+01 -5.210098547779746573e-06
1.050000000000000000e+01 -5.090079952958137299e-06
1.055000000000000071e+01 -4.974254863539632218e-06
1.060000000000000142e+01 -4.862290482185886469e-06
1.065000000000000036e+01 -4.753836774818762277e-06
1.070000000000000107e+01 -4.648538981298573499e-06
1.075000000000000000e+01 -4.546050343336526561e-06
1.080000000000000071e+01 -4.446044389345698981e-06
1.085000000000000142e+01 -4.348226151096029641e-06
1.090000000000000036e+01 -4.252341753220068562e-06
1.095000000000000107e+01 -4.158185909914613341e-06
1.100000000000000000e+01 -4.065606978370450909e-06
1.105000000000000071e+01 -3.974509349321604593e-06
1.110000000000000142e+01 -3.884853094719687641e-06
1.115000000000000036e+01 -3.796650933684360901e-06
1.120000000000000107e+01 -3.709962713379022472e-06
1.125000000000000000e+01 -3.624887724545343692e-06
1.130000000000000071e+01 -3.541555276088497234e-06
1.135000000000000142e+01 -3.460114034351698668e-06
1.140000000000000036e+01 -3.380720686850932641e-06
1.145000000000000107e+01 -3.303528514989119017e-06
1.150000000000000000e+01 -3.228676454883232202e-06
1.155000000000000071e+01 -3.156279190724407422e-06
1.160000000000000142e+01 -3.086418763307414288e-06
1.165000000000000036e+01 -3.019138091116776017e-06
1.170000000000000107e+01 -2.954436697368085010e-06
1.175000000000000000e+01 -2.892268819272376469e-06
1.180000000000000071e+01 -2.832543951682650815e-06
1.185000000000000142e+01 -2.775129752619993226e-06
1.190000000000000036e+01 -2.719857119291113771e-06
1.195000000000000107e+01 -2.666527136048612044e-06
