0.000000000000000000e+00 0.000000000000000000e+00
5.000000000000000278e-02 -7.518622131283440837e-10
1.000000000000000056e-01 -6.005238909869497927e-09
1.500000000000000222e-01 -2.021349329088198529e-08
2.000000000000000111e-01 -4.773434868763761316e-08
2.500000000000000000e-01 -9.278371106237790447e-08
3.000000000000000444e-01 -1.593914228354253367e-07
3.500000000000000333e-01 -2.513595272050194283e-07
4.000000000000000222e-01 -3.722235694443714405e-07
4.500000000000000111e-01 -5.252173990549490146e-07
5.000000000000000000e-01 -7.132418660915602833e-07
5.500000000000000444e-01 -9.388377286302809996e-07
6.000000000000000888e-01 -1.204163008524060671e-06
6.500000000000000222e-01 -1.510974951615095312e-06
7.000000000000000666e-01 -1.860616668722627237e-06
7.500000000000000000e-01 -2.254008457132049908e-06
8.000000000000000444e-01 -2.691643730887981284e-06
8.500000000000000888e-01 -3.173589423565675551e-06
9.000000000000000222e-01 -3.699490670648155690e-06
9.500000000000000666e-01 -4.268579531081820482e-06
1.000000000000000000e+00 -4.879687469537590020e-06
1.050000000000000044e+00 -5.531261292489456792e-06
1.100000000000000089e+00 -6.221382212179160714e-06
1.150000000000000133e+00 -6.947787702260305362e-06
1.200000000000000178e+00 -7.707895806502799353e-06
1.250000000000000000e+00 -8.498831566243858455e-06
1.300000000000000044e+00 -9.317455241976064755e-06
1.350000000000000089e+00 -1.016039201814733355e-05
1.400000000000000133e+00 -1.102406289646762923e-05
1.450000000000000178e+00 -1.190471650037635861e-05
1.500000000000000000e+00 -1.279846153054212178e-05
1.550000000000000044e+00 -1.370129962723717180e-05
1.600000000000000089e+00 -1.460915840927186543e-05
1.650000000000000133e+00 -1.551792447026821144e-05
1.700000000000000178e+00 -1.642347612105584875e-05
1.750000000000000000e+00 -1.732171567183639113e-05
1.800000000000000044e+00 -1.820860104970784714e-05
1.850000000000000089e+00 -1.908017654665064087e-05
1.900000000000000133e+00 -1.993260249085212520e-05
1.950000000000000178e+00 -2.076218363115846509e-05
2.000000000000000000e+00 -2.156539602148491714e-05
2.050000000000000266e+00 -2.233891219023575984e-05
2.100000000000000089e+00 -2.307962438023012953e-05
2.149999999999999911e+00 -2.378466564827941098e-05
2.200000000000000178e+00 -2.445142862127388023e-05
2.250000000000000000e+00 -2.507758171809677542e-05
2.300000000000000266e+00 -2.566108266436238234e-05
2.350000000000000089e+00 -2.620018915009826696e-05
2.400000000000000355e+00 -2.669346650902396664e-05
2.450000000000000178e+00 -2.713979233171497034e-05
2.500000000000000000e+00 -2.753835796311752130e-05
2.550000000000000266e+00 -2.788866687679683441e-05
2.600000000000000089e+00 -2.819052996294612624e-05
2.650000000000000355e+00 -2.844405781338619311e-05
2.700000000000000178e+00 -2.864965013325222244e-05
2.750000000000000000e+00 -2.880798245444761310e-05
2.800000000000000266e+00 -2.891999036888535260e-05
2.850000000000000089e+00 -2.898685153873659128e-05
2.900000000000000355e+00 -2.900996577516136074e-05
2.950000000000000178e+00 -2.899093350527084091e-05
3.000000000000000000e+00 -2.893153296851520869e-05
3.050000000000000266e+00 -2.883369649769001767e-05
3.100000000000000089e+00 -2.869948624594259289e-05
3.150000000000000355e+00 -2.853106971943279428e-05
3.200000000000000178e+00 -2.833069546581895172e-05
3.250000000000000000e+00 -2.810066925190988417e-05
3.300000000000000266e+00 -2.784333104028533388e-05
3.350000000000000089e+00 -2.756103304528144911e-05
3.400000000000000355e+00 -2.725611911446502395e-05
3.450000000000000178e+00 -2.693090564370513479e-05
3.500000000000000000e+00 -2.658766419338746211e-05
3.550000000000000266e+00 -2.622860593143260633e-05
3.600000000000000089e+00 -2.585586798677842559e-05
3.650000000000000355e+00 -2.547150175601317306e-05
3.700000000000000178e+00 -2.507746316694449895e-05
3.750000000000000000e+00 -2.467560486696999776e-05
3.800000000000000266e+00 -2.426767027193236137e-05
3.850000000000000089e+00 -2.385528938327094152e-05
3.900000000000000355e+00 -2.343997625811961979e-05
3.950000000000000178e+00 -2.302312799875103275e-05
4.000000000000000000e+00 -2.260602511446228126e-05
4.049999999999999822e+00 -2.218983310049834753e-05
4.100000000000000533e+00 -2.177560507463576506e-05
4.150000000000000355e+00 -2.136428531219489448e-05
4.200000000000000178e+00 -2.095671352401700500e-05
4.250000000000000000e+00 -2.055362972876551648e-05
4.299999999999999822e+00 -2.015567958018739422e-05
4.350000000000000533e+00 -1.976342002109007947e-05
4.400000000000000355e+00 -1.937732514815569495e-05
4.450000000000000178e+00 -1.899779218477173432e-05
4.500000000000000000e+00 -1.862514747230847927e-05
4.549999999999999822e+00 -1.825965240328655473e-05
4.600000000000000533e+00 -1.790150923230869530e-05
4.650000000000000355e+00 -1.755086671220835011e-05
4.700000000000000178e+00 -1.720782551341535651e-05
4.750000000000000000e+00 -1.687244339394891046e-05
4.800000000000000711e+00 -1.654474009568794368e-05
4.850000000000000533e+00 -1.622470194966541557e-05
4.900000000000000355e+00 -1.591228617915751260e-05
4.950000000000000178e+00 -1.560742489440192788e-05
5.000000000000000000e+00 -1.531002877700724006e-05
5.050000000000000711e+00 -1.501999045564775656e-05
5.100000000000000533e+00 -1.473718757760649788e-05
5.150000000000000355e+00 -1.446148558325936515e-05
5.200000000000000178e+00 -1.419274019278490030e-05
5.250000000000000000e+00 -1.393079961631974051e-05
5.300000000000000711e+00 -1.367550650051132927e-05
5.350000000000000533e+00 -1.342669962597557309e-05
5.400000000000000355e+00 -1.318421537155291248e-05
5.450000000000000178e+00 -1.294788896245673851e-05
5.500000000000000000e+00 -1.271755552039492023e-05
5.550000000000000711e+00 -1.249305093448120701e-05
5.600000000000000533e+00 -1.227421257220036778e-05
5.650000000000000355e+00 -1.206087984981291877e-05
5.700000000000000178e+00 -1.185289468135806807e-05
5.750000000000000000e+00 -1.165010182482362298e-05
5.800000000000000711e+00 -1.145234914310374596e-05
5.850000000000000533e+00 -1.125948779608131234e-05
5.900000000000000355e+00 -1.107137237859112731e-05
5.950000000000000178e+00 -1.088786101719876805e-05
6.000000000000000000e+00 -1.070881543673751535e-05
6.050000000000000711e+00 -1.053410100546115080e-05
6.100000000000000533e+00 -1.036358676557829176e-05
6.150000000000000355e+00 -1.019714545391821652e-05
6.200000000000000178e+00 -1.003465351561947741e-05
6.250000000000000000e+00 -9.875991112100563905e-06
6.300000000000000711e+00 -9.721042123223943009e-06
6.350000000000000533e+00 -9.569694142541019605e-06
6.400000000000000355e+00 -9.421838463827405947e-06
6.450000000000000178e+00 -9.277370056787817836e-06
6.500000000000000000e+00 -9.136187529809789600e-06
6.550000000000000711e+00 -8.998193077940804438e-06
6.600000000000000533e+00 -8.863292414804085968e-06
6.650000000000000355e+00 -8.731394687891669734e-06
6.700000000000000178e+00 -8.602412377510977186e-06
6.750000000000000000e+00 -8.476261180539287936e-06
6.800000000000000711e+00 -8.352859880988584271e-06
6.850000000000000533e+00 -8.232130210136238927e-06
6.900000000000000355e+00 -8.113996699577411071e-06
6.950000000000000178e+00 -7.998386530962011312e-06
7.000000000000000000e+00 -7.885229386362311557e-06
7.050000000000000711e+00 -7.774457303165719957e-06
7.100000000000000533e+00 -7.666004537105584142e-06
7.150000000000000355e+00 -7.559807436549805167e-06
7.200000000000000178e+00 -7.455804330497307526e-06
7.250000000000000000e+00 -7.353935431929917135e-06
7.300000000000000711e+00 -7.254142757284676465e-06
7.350000000000000533e+00 -7.156370061905683547e-06
7.400000000000000355e+00 -7.060562790462634696e-06
7.450000000000000178e+00 -6.966668040538196096e-06
7.500000000000000000e+00 -6.874634536936677118e-06
7.550000000000000711e+00 -6.784412613787972427e-06
7.600000000000000533e+00 -6.695954201240527837e-06
7.650000000000000355e+00 -6.609212813466876057e-06
7.700000000000000178e+00 -6.524143534844184040e-06
7.750000000000000000e+00 -6.440703001506117640e-06
7.800000000000000711e+00 -6.358849375964546979e-06
7.850000000000000533e+00 -6.278542313134084228e-06
7.900000000000000355e+00 -6.199742916814908743e-06
7.950000000000000178e+00 -6.122413686451810675e-06
8.000000000000000000e+00 -6.046518454739794201e-06
8.050000000000000711e+00 -5.972022317341088433e-06
8.099999999999999645e+00 -5.898891556572258678e-06
8.150000000000000355e+00 -5.827093561377127353e-06
8.200000000000001066e+00 -5.756596746196208326e-06
8.250000000000000000e+00 -5.687370471460415869e-06
8.300000000000000711e+00 -5.619384968373181156e-06
8.349999999999999645e+00 -5.552611270409013162e-06
8.400000000000000355e+00 -5.487021153566413594e-06
8.450000000000001066e+00 -5.422587086898305893e-06
8.500000000000000000e+00 -5.359282194238560134e-06
8.550000000000000711e+00 -5.297080227390011264e-06
8.599999999999999645e+00 -5.235955550380253676e-06
8.650000000000000355e+00 -5.175883133768441398e-06
8.700000000000001066e+00 -5.116838557438875588e-06
8.750000000000000000e+00 -5.058798019877927067e-06
8.800000000000000711e+00 -5.001738351626285785e-06
8.849999999999999645e+00 -4.945637030444668150e-06
8.900000000000000355e+00 -4.890472195734870596e-06
8.950000000000001066e+00 -4.836222659915728690e-06
9.000000000000000000e+00 -4.782867914752260816e-06
9.050000000000000711e+00 -4.730388131053395996e-06
9.099999999999999645e+00 -4.678764150661254662e-06
9.150000000000000355e+00 -4.627977470217740196e-06
9.200000000000001066e+00 -4.578010216776231838e-06
9.250000000000000000e+00 -4.528845115889716651e-06
9.300000000000000711e+00 -4.480465453316103869e-06
9.349999999999999645e+00 -4.432855031906284998e-06
9.400000000000000355e+00 -4.385998125554663320e-06
9.450000000000001066e+00 -4.339879432278438873e-06
9.500000000000000000e+00 -4.294484028541362690e-06
9.550000000000000711e+00 -4.249797326849798714e-06
9.600000000000001421e+00 -4.205805038432219200e-06
9.650000000000000355e+00 -4.162493142483997446e-06
9.700000000000001066e+00 -4.119847863041189107e-06
9.750000000000000000e+00 -4.077855654067869176e-06
9.800000000000000711e+00 -4.036503192833548982e-06
9.850000000000001421e+00 -3.995777381153197700e-06
9.900000000000000355e+00 -3.955665353594116620e-06
9.950000000000001066e+00 -3.916154491350990194e-06
1.000000000000000000e+01 -3.877232440176690922e-06
1.005000000000000071e+01 -3.838887130550581902e-06
1.010000000000000142e+01 -3.801106798178866895e-06
1.015000000000000036e+01 -3.763880002956321544e-06
1.020000000000000107e+01 -3.727195644671237133e-06
1.025000000000000000e+01 -3.691042973993363640e-06
1.030000000000000071e+01 -3.655411597629877215e-06
1.035000000000000142e+01 -3.620291476943533593e-06
1.040000000000000036e+01 -3.585672919772571922e-06
1.045000000000000107e+01 -3.551546565645282023e-06
1.050000000000000000e+01 -3.517903365013922733e-06
1.055000000000000071e+01 -3.484734553516426401e-06
1.060000000000000142e+01 -3.452031622586070443e-06
1.065000000000000036e+01 -3.419786287951224117e-06
1.070000000000000107e+01 -3.387990457686225868e-06
1.075000000000000000e+01 -3.356636201485560898e-06
1.080000000000000071e+01 -3.325715722737383100e-06
1.085000000000000142e+01 -3.295221334777654925e-06
1.090000000000000036e+01 -3.265145442426630770e-06
1.095000000000000107e+01 -3.235480529564453622e-06
1.100000000000000000e+01 -3.206219153115534259e-06
1.105000000000000071e+01 -3.177353943407118514e-06
1.110000000000000142e+01 -3.148877610472373257e-06
1.115000000000000036e+01 -3.120782955507257058e-06
1.120000000000000107e+01 -3.093062886385388051e-06
1.125000000000000000e+01 -3.065710435905164802e-06
1.130000000000000071e+01 -3.038718781300908098e-06
1.135000000000000142e+01 -3.012081263503274193e-06
1.140000000000000036e+01 -2.985791404683955402e-06
1.145000000000000107e+01 -2.959842922761749512e-06
1.150000000000000000e+01 -2.934229741770265502e-06
1.155000000000000071e+01 -2.908945997276462339e-06
1.160000000000000142e+01 -2.883986036374566015e-06
1.165000000000000036e+01 -2.859344412139372968e-06
1.170000000000000107e+01 -2.835015872783402924e-06
1.175000000000000000e+01 -2.810995346101033789e-06
1.180000000000000071e+01 -2.787277920078306006e-06
1.185000000000000142e+01 -2.763858820781663215e-06
1.190000000000000036e+01 -2.740733388798651550e-06
1.195000000000000107e+01 -2.717897055579555470e-06
1.200000000000000000e+01 -2.695345321017768024e-06
1.205000000000000071e+01 -2.673073733510573867e-06
1.210000000000000142e+01 -2.651077873568444241e-06
1.215000000000000036e+01 -2.629353341802210312e-06
1.220000000000000107e+01 -2.607895751829886874e-06
1.225000000000000000e+01 -2.586700728327473779e-06
1.230000000000000071e+01 -2.565763910121441883e-06
1.235000000000000142e+01 -2.545080957905682197e-06
1.240000000000000036e+01 -2.524647565882305940e-06
1.245000000000000107e+01 -2.504459476391276573e-06
1.250000000000000000e+01 -2.484512496422470923e-06
1.255000000000000071e+01 -2.464802514805446286e-06
1.260000000000000142e+01 -2.445325518851702786e-06
1.265000000000000036e+01 -2.426077609282048351e-06
1.270000000000000107e+01 -2.407055012402330135e-06
1.275000000000000000e+01 -2.388254088685476627e-06
1.280000000000000071e+01 -2.369671337162486379e-06
1.285000000000000142e+01 -2.351303395303939110e-06
1.290000000000000036e+01 -2.333147034368036125e-06
1.295000000000000107e+01 -2.315199150482704985e-06
1.300000000000000000e+01 -2.297456751998904631e-06
1.305000000000000071e+01 -2.279916943883649889e-06
1.310000000000000142e+01 -2.262576910100021928e-06
1.315000000000000036e+01 -2.245433895037237637e-06
1.320000000000000107e+01 -2.228485185100121699e-06
1.325000000000000000e+01 -2.211728091542485086e-06
1.330000000000000071e+01 -2.195159935535237790e-06
1.335000000000000142e+01 -2.178778036305135733e-06
1.340000000000000036e+01 -2.162579702973933846e-06
1.345000000000000107e+01 -2.146562230484994458e-06
1.350000000000000000e+01 -2.130722899740473600e-06
1.355000000000000071e+01 -2.115058981804569966e-06
1.360000000000000142e+01 -2.099567745773778969e-06
1.365000000000000036e+01 -2.084246469689681114e-06
1.370000000000000107e+01 -2.069092453687554284e-06
1.375000000000000000e+01 -2.054103034445639860e-06
1.380000000000000071e+01 -2.039275599932899857e-06
1.385000000000000142e+01 -2.024607603450714075e-06
1.390000000000000036e+01 -2.010096576025446035e-06
1.395000000000000107e+01 -1.995740136329237597e-06
1.400000000000000000e+01 -1.981535997477444976e-06
1.405000000000000071e+01 -1.967481970260875810e-06
1.410000000000000142e+01 -1.953575962605788293e-06
1.415000000000000036e+01 -1.939815975299191597e-06
1.420000000000000107e+01 -1.926200094255283448e-06
1.425000000000000000e+01 -1.912726479816467699e-06
1.430000000000000071e+01 -1.899393353765084736e-06
1.435000000000000142e+01 -1.886198984859147380e-06
1.440000000000000036e+01 -1.873141673788770193e-06
1.445000000000000107e+01 -1.860219738474997885e-06
1.450000000000000000e+01 -1.847431500598775857e-06
1.455000000000000071e+01 -1.834775274157807828e-06
1.460000000000000142e+01 -1.822249356709439005e-06
1.465000000000000036e+01 -1.809852023778259963e-06
1.470000000000000107e+01 -1.797581526699654995e-06
1.475000000000000000e+01 -1.785436093948638831e-06
1.480000000000000071e+01 -1.773413935781531548e-06
1.485000000000000142e+01 -1.761513251810074454e-06
1.490000000000000036e+01 -1.749732240946929907e-06
1.495000000000000107e+01 -1.738069113018928444e-06
