0.000000000000000000e+00 0.000000000000000000e+00
5.000000000000000278e-02 -7.897873481736217351e-11
1.000000000000000056e-01 -1.261365344169568778e-09
1.500000000000000222e-01 -6.366365508920216073e-09
2.000000000000000111e-01 -2.003589033944032695e-08
2.500000000000000000e-01 -4.865074840603262412e-08
3.000000000000000444e-01 -1.002159437290017058e-07
3.500000000000000333e-01 -1.842175947184573678e-07
4.000000000000000222e-01 -3.114545507782089668e-07
4.500000000000000111e-01 -4.938482379333172312e-07
5.000000000000000000e-01 -7.442345996361882831e-07
5.500000000000000444e-01 -1.076142206757208870e-06
6.000000000000000888e-01 -1.503560690505209638e-06
6.500000000000000222e-01 -2.040703608346782662e-06
7.000000000000000666e-01 -2.701769696090717958e-06
7.500000000000000000e-01 -3.500706204199773838e-06
8.000000000000000444e-01 -4.450977682042019153e-06
8.500000000000000888e-01 -5.565343181980283660e-06
9.000000000000000222e-01 -6.855644429289995464e-06
9.500000000000000666e-01 -8.332607067541348043e-06
1.000000000000000000e+00 -1.000565666490489303e-05
1.050000000000000044e+00 -1.188275077521276687e-05
1.100000000000000089e+00 -1.397022800556469011e-05
1.150000000000000133e+00 -1.627267476262190578e-05
1.200000000000000178e+00 -1.879281014043982930e-05
1.250000000000000000e+00 -2.153138927649893869e-05
1.300000000000000044e+00 -2.448712543698954548e-05
1.350000000000000089e+00 -2.765663108986226773e-05
1.400000000000000133e+00 -3.103437827267097342e-05
1.450000000000000178e+00 -3.461267864611633369e-05
1.500000000000000000e+00 -3.838168372507394407e-05
1.550000000000000044e+00 -4.232940587685567153e-05
1.600000000000000089e+00 -4.644176075131536838e-05
1.650000000000000133e+00 -5.070263183996770603e-05
1.700000000000000178e+00 -5.509395783452035336e-05
1.750000000000000000e+00 -5.959584335541946362e-05
1.800000000000000044e+00 -6.418669343866961600e-05
1.850000000000000089e+00 -6.884337189972788290e-05
1.900000000000000133e+00 -7.354138333743946135e-05
1.950000000000000178e+00 -7.825507810500000874e-05
2.000000000000000000e+00 -8.295787907033704326e-05
2.050000000000000266e+00 -8.762252843149616094e-05
2.100000000000000089e+00 -9.222135226412789841e-05
2.149999999999999911e+00 -9.672653988172382161e-05
2.200000000000000178e+00 -1.011104345106147436e-04
2.250000000000000000e+00 -1.053458312475088430e-04
2.300000000000000266e+00 -1.094062778035666250e-04
2.350000000000000089e+00 -1.132663731699494323e-04
2.400000000000000355e+00 -1.169020590866512617e-04
2.450000000000000178e+00 -1.202908990763272378e-04
2.500000000000000000e+00 -1.234123398298454604e-04
2.550000000000000266e+00 -1.262479499068212103e-04
2.600000000000000089e+00 -1.287816310427788080e-04
2.650000000000000355e+00 -1.309997978290340366e-04
2.700000000000000178e+00 -1.328915221400767794e-04
2.750000000000000000e+00 -1.344486394089021929e-04
2.800000000000000266e+00 -1.356658146712642692e-04
2.850000000000000089e+00 -1.365405671893001559e-04
2.900000000000000355e+00 -1.370732533946715992e-04
2.950000000000000178e+00 -1.372670088310722926e-04
3.000000000000000000e+00 -1.371276506951259178e-04
3.050000000000000266e+00 -1.366635434438214945e-04
3.100000000000000089e+00 -1.358854307283475517e-04
3.150000000000000355e+00 -1.348062376043697832e-04
3.200000000000000178e+00 -1.334408475375131492e-04
3.250000000000000000e+00 -1.318058591549314731e-04
3.300000000000000266e+00 -1.299193279796205275e-04
3.350000000000000089e+00 -1.278004985192972840e-04
3.400000000000000355e+00 -1.254695320675423831e-04
3.450000000000000178e+00 -1.229472354180259890e-04
3.500000000000000000e+00 -1.202547954043641496e-04
3.550000000000000266e+00 -1.174135237739550031e-04
3.600000000000000089e+00 -1.144446164028136288e-04
3.650000000000000355e+00 -1.113689302811710476e-04
3.700000000000000178e+00 -1.082067810690668194e-04
3.750000000000000000e+00 -1.049777633604640002e-04
3.800000000000000266e+00 -1.017005951261865907e-04
3.850000000000000089e+00 -9.839298715153107968e-05
3.900000000000000355e+00 -9.507153766295065879e-05
3.950000000000000178e+00 -9.175165176628713654e-05
4.000000000000000000e+00 -8.844748481000750339e-05
4.049999999999999822e+00 -8.517190835075839537e-05
4.100000000000000533e+00 -8.193649704170972081e-05
4.150000000000000355e+00 -7.875153448957943221e-05
4.200000000000000178e+00 -7.562603593359824372e-05
4.250000000000000000e+00 -7.256778548574079361e-05
4.299999999999999822e+00 -6.958338563055276016e-05
4.350000000000000533e+00 -6.667831670709818345e-05
4.400000000000000355e+00 -6.385700417571250540e-05
4.450000000000000178e+00 -6.112289159827721178e-05
4.500000000000000000e+00 -5.847851742215777764e-05
4.549999999999999822e+00 -5.592559384443406673e-05
4.600000000000000533e+00 -5.346508623484410536e-05
4.650000000000000355e+00 -5.109729180410534956e-05
4.700000000000000178e+00 -4.882191641131893289e-05
4.750000000000000000e+00 -4.663814860369096049e-05
4.800000000000000711e+00 -4.454473016894140843e-05
4.850000000000000533e+00 -4.254002265207434464e-05
4.900000000000000355e+00 -4.062206944153082521e-05
4.950000000000000178e+00 -3.878865316424229216e-05
5.000000000000000000e+00 -3.703734824484262197e-05
5.050000000000000711e+00 -3.536556858218884981e-05
5.100000000000000533e+00 -3.377061037785504050e-05
5.150000000000000355e+00 -3.224969021821896017e-05
5.200000000000000178e+00 -3.079997856612896781e-05
5.250000000000000000e+00 -2.941862886184439216e-05
5.300000000000000711e+00 -2.810280246775707238e-05
5.350000000000000533e+00 -2.684968971881603658e-05
5.400000000000000355e+00 -2.565652736176913509e-05
5.450000000000000178e+00 -2.452061268213571709e-05
5.500000000000000000e+00 -2.343931462875870213e-05
5.550000000000000711e+00 -2.241008225210129620e-05
5.600000000000000533e+00 -2.143045077421630722e-05
5.650000000000000355e+00 -2.049804560546994428e-05
5.700000000000000178e+00 -1.961058461557025530e-05
5.750000000000000000e+00 -1.876587895421239930e-05
5.800000000000000711e+00 -1.796183269981056294e-05
5.850000000000000533e+00 -1.719644159361845243e-05
5.900000000000000355e+00 -1.646779109152823271e-05
5.950000000000000178e+00 -1.577405393767330265e-05
6.000000000000000000e+00 -1.511348743352568544e-05
6.050000000000000711e+00 -1.448443054451148129e-05
6.100000000000000533e+00 -1.388530095440367783e-05
6.150000000000000355e+00 -1.331459214705933208e-05
6.200000000000000178e+00 -1.277087056657823905e-05
6.250000000000000000e+00 -1.225277288169013451e-05
6.300000000000000711e+00 -1.175900335897053045e-05
6.350000000000000533e+00 -1.128833133295341153e-05
6.400000000000000355e+00 -1.083958874969251815e-05
6.450000000000000178e+00 -1.041166775387903047e-05
6.500000000000000000e+00 -1.000351828801355790e-05
6.550000000000000711e+00 -9.614145674849587040e-06
6.600000000000000533e+00 -9.242608160640710318e-06
6.650000000000000355e+00 -8.888014405716603342e-06
6.700000000000000178e+00 -8.549520919556014681e-06
6.750000000000000000e+00 -8.226329448748001674e-06
6.800000000000000711e+00 -7.917684336991468531e-06
6.850000000000000533e+00 -7.622869885634235638e-06
6.900000000000000355e+00 -7.341207750409027619e-06
6.950000000000000178e+00 -7.072054414405346384e-06
7.000000000000000000e+00 -6.814798778579200254e-06
7.050000000000000711e+00 -6.568859909156906137e-06
7.100000000000000533e+00 -6.333684976296146169e-06
7.150000000000000355e+00 -6.108747410712920830e-06
7.200000000000000178e+00 -5.893545295252244792e-06
7.250000000000000000e+00 -5.687599997298497234e-06
7.300000000000000711e+00 -5.490455036304135799e-06
7.350000000000000533e+00 -5.301675169404247767e-06
7.400000000000000355e+00 -5.120845667884230311e-06
7.450000000000000178e+00 -4.947571748892069980e-06
7.500000000000000000e+00 -4.781478120803351585e-06
7.550000000000000711e+00 -4.622208597447835777e-06
7.600000000000000533e+00 -4.469425736174071316e-06
7.650000000000000355e+00 -4.322810457435456738e-06
7.700000000000000178e+00 -4.182061608991534880e-06
7.750000000000000000e+00 -4.046895445510559751e-06
7.800000000000000711e+00 -3.917045003758803267e-06
7.850000000000000533e+00 -3.792259363987447892e-06
7.900000000000000355e+00 -3.672302798837268523e-06
7.950000000000000178e+00 -3.556953821330569095e-06
