0.000000000000000000e+00 0.000000000000000000e+00
5.000000000000000278e-02 7.422315271511863120e-09
1.000000000000000056e-01 2.385766925201098616e-07
1.500000000000000222e-01 1.807388201811221161e-06
2.000000000000000111e-01 7.591657711509973234e-06
2.500000000000000000e-01 2.307099222914764158e-05
3.000000000000000444e-01 5.711349851221228437e-05
3.500000000000000333e-01 1.226892111585222984e-04
4.000000000000000222e-01 2.374996284243674862e-04
4.500000000000000111e-01 4.244968124740722965e-04
5.000000000000000000e-01 7.122795231905060167e-04
5.500000000000000444e-01 1.135347347868587327e-03
6.000000000000000888e-01 1.734193558941812515e-03
6.500000000000000222e-01 2.555228958968862318e-03
7.000000000000000666e-01 3.650512453492230601e-03
7.500000000000000000e-01 5.077288014082432382e-03
8.000000000000000444e-01 6.897313426429943842e-03
8.500000000000000888e-01 9.175984842748499334e-03
9.000000000000000222e-01 1.198125215545469899e-02
9.500000000000000666e-01 1.538233724746428457e-02
1.000000000000000000e+00 1.944826701997620297e-02
1.050000000000000044e+00 2.424624110797949164e-02
1.100000000000000089e+00 2.983986084812093043e-02
1.150000000000000133e+00 3.628725256865043824e-02
1.200000000000000178e+00 4.363912406481833262e-02
1.250000000000000000e+00 5.193680032762779120e-02
1.300000000000000044e+00 6.121028760038272482e-02
1.350000000000000089e+00 7.147641968953774572e-02
1.400000000000000133e+00 8.273714383802724393e-02
1.450000000000000178e+00 9.497800260742518541e-02
1.500000000000000000e+00 1.081668694868465203e-01
1.550000000000000044e+00 1.222529910196063080e-01
1.600000000000000089e+00 1.371663862176884241e-01
1.650000000000000133e+00 1.528176450882883508e-01
1.700000000000000178e+00 1.690981614164716873e-01
1.750000000000000000e+00 1.858808243025033557e-01
1.800000000000000044e+00 2.030211805447827422e-01
1.850000000000000089e+00 2.203590677409063003e-01
1.900000000000000133e+00 2.377207052343431326e-01
1.950000000000000178e+00 2.549212134762007254e-01
2.000000000000000000e+00 2.717676780080826027e-01
2.050000000000000266e+00 2.880616053986861380e-01
2.100000000000000089e+00 3.036039930312653401e-01
2.149999999999999911e+00 3.181974524538100924e-01
2.200000000000000178e+00 3.316507804748139998e-01
2.250000000000000000e+00 3.437825959971526069e-01
2.300000000000000266e+00 3.544250414540368044e-01
2.350000000000000089e+00 3.634272933988046961e-01
2.400000000000000355e+00 3.706587890450452338e-01
2.450000000000000178e+00 3.760120771114964788e-01
2.500000000000000000e+00 3.794052105777114825e-01
2.550000000000000266e+00 3.807836135212068207e-01
2.600000000000000089e+00 3.801213702371571412e-01
2.650000000000000355e+00 3.774218865600309503e-01
2.700000000000000178e+00 3.727179012624641796e-01
2.750000000000000000e+00 3.660708632380657579e-01
2.800000000000000266e+00 3.575696602333244822e-01
2.850000000000000089e+00 3.473287524514532820e-01
2.900000000000000355e+00 3.354857533823041860e-01
2.950000000000000178e+00 3.221985260875194212e-01
3.000000000000000000e+00 3.076418744798409266e-01
3.050000000000000266e+00 2.920039221737527613e-01
3.100000000000000089e+00 2.754822738208028698e-01
3.150000000000000355e+00 2.582800322534565263e-01
3.200000000000000178e+00 2.406019947003374404e-01
3.250000000000000000e+00 2.226506048267484772e-01
3.300000000000000266e+00 2.046223025500597259e-01
3.350000000000000089e+00 1.867043212018449916e-01
3.400000000000000355e+00 1.690715340198306882e-01
3.450000000000000178e+00 1.518838940840981921e-01
3.500000000000000000e+00 1.352843237331510517e-01
3.550000000000000266e+00 1.193971070457727074e-01
3.600000000000000089e+00 1.043268394361256818e-01
3.650000000000000355e+00 9.015770837781050817e-02
3.700000000000000178e+00 7.695376043223779716e-02
3.750000000000000000e+00 6.475900383501125013e-02
3.800000000000000266e+00 5.359842308620273166e-02
3.850000000000000089e+00 4.347917957192427157e-02
3.900000000000000355e+00 3.439215571271549837e-02
3.950000000000000178e+00 2.631374133764823736e-02
4.000000000000000000e+00 1.920783393027323746e-02
4.049999999999999822e+00 1.302784373199231301e-02
4.100000000000000533e+00 7.718867527340693598e-03
4.150000000000000355e+00 3.219733770371160323e-03
4.200000000000000178e+00 -5.349964802826036574e-04
4.250000000000000000e+00 -3.613170069853874171e-03
4.299999999999999822e+00 -6.083357427955190556e-03
4.350000000000000533e+00 -8.013368686197954241e-03
4.400000000000000355e+00 -9.468996778180997428e-03
4.450000000000000178e+00 -1.051298607754880786e-02
4.500000000000000000e+00 -1.120424844111215547e-02
4.549999999999999822e+00 -1.159728334539414027e-02
4.600000000000000533e+00 -1.174182291496647483e-02
4.650000000000000355e+00 -1.168265919478541671e-02
4.700000000000000178e+00 -1.145963531679496106e-02
4.750000000000000000e+00 -1.110777200349617397e-02
4.800000000000000711e+00 -1.065750066163096733e-02
4.850000000000000533e+00 -1.013497480518417079e-02
4.900000000000000355e+00 -9.562431479805736517e-03
4.950000000000000178e+00 -8.958581846384790562e-03
5.000000000000000000e+00 -8.339004651181541536e-03
5.050000000000000711e+00 -7.716532271701659340e-03
5.100000000000000533e+00 -7.101605289757013072e-03
5.150000000000000355e+00 -6.502603990443654204e-03
5.200000000000000178e+00 -5.926133305033704987e-03
5.250000000000000000e+00 -5.377272207725565696e-03
5.300000000000000711e+00 -4.859782983053600319e-03
5.350000000000000533e+00 -4.376287638378218749e-03
5.400000000000000355e+00 -3.928412210798841973e-03
5.450000000000000178e+00 -3.516912773964605155e-03
5.500000000000000000e+00 -3.141779707056248979e-03
5.550000000000000711e+00 -2.802344788259935639e-03
5.600000000000000533e+00 -2.497314937501607206e-03
5.650000000000000355e+00 -2.224975450555891771e-03
5.700000000000000178e+00 -1.983166359376678338e-03
5.750000000000000000e+00 -1.769431135609374553e-03
5.800000000000000711e+00 -1.581101333943586880e-03
5.850000000000000533e+00 -1.415392404283647917e-03
5.900000000000000355e+00 -1.269498434667215396e-03
5.950000000000000178e+00 -1.140682166165505251e-03
6.000000000000000000e+00 -1.026357547874447509e-03
6.050000000000000711e+00 -9.241593954929290143e-04
6.100000000000000533e+00 -8.320021814741191324e-04
6.150000000000000355e+00 -7.481181109912748550e-04
6.200000000000000178e+00 -6.710526809701537450e-04
6.250000000000000000e+00 -5.998056958177275678e-04
6.300000000000000711e+00 -5.335397410335399526e-04
6.350000000000000533e+00 -4.718273090559186819e-04
6.400000000000000355e+00 -4.144666562209219475e-04
6.450000000000000178e+00 -3.614551699275038183e-04
6.500000000000000000e+00 -3.129279425799754506e-04
6.550000000000000711e+00 -2.690942388210269690e-04
6.600000000000000533e+00 -2.301558717817165668e-04
6.650000000000000355e+00 -1.963307724389991423e-04
6.700000000000000178e+00 -1.677059225899077172e-04
6.750000000000000000e+00 -1.442038016790277968e-04
6.800000000000000711e+00 -1.256586721188684909e-04
6.850000000000000533e+00 -1.117292616408499772e-04
6.900000000000000355e+00 -1.019255202459772632e-04
6.950000000000000178e+00 -9.562819801993470512e-05
7.000000000000000000e+00 -9.211744950907529267e-05
7.050000000000000711e+00 -9.061172634733633913e-05
7.100000000000000533e+00 -9.031035709474496270e-05
7.150000000000000355e+00 -9.043904965262958881e-05
7.200000000000000178e+00 -9.029102407389944266e-05
7.250000000000000000e+00 -8.926787503610505504e-05
7.300000000000000711e+00 -8.690837902689984749e-05
7.350000000000000533e+00 -8.291115993764906842e-05
7.400000000000000355e+00 -7.714436572302233353e-05
7.450000000000000178e+00 -6.964536429587047587e-05
7.500000000000000000e+00 -6.060915303686082790e-05
7.550000000000000711e+00 -5.040200745698736887e-05
7.600000000000000533e+00 -3.938783724665998251e-05
7.650000000000000355e+00 -2.806902765939451466e-05
7.700000000000000178e+00 -1.705599660222535820e-05
7.750000000000000000e+00 -6.836111121622899212e-06
7.800000000000000711e+00 2.110333378835991551e-06
7.850000000000000533e+00 9.394212954528951713e-06
7.900000000000000355e+00 1.473278051426560755e-05
7.950000000000000178e+00 1.795690189641249157e-05
8.000000000000000000e+00 1.904606006686242040e-05
8.050000000000000711e+00 1.811128931919578789e-05
8.099999999999999645e+00 1.538672336419752898e-05
8.150000000000000355e+00 1.121252633992586773e-05
8.200000000000001066e+00 6.009216138660722848e-06
8.250000000000000000e+00 2.466243640943464693e-07
8.300000000000000711e+00 -5.589262013159965725e-06
8.349999999999999645e+00 -1.102861112642425475e-05
8.400000000000000355e+00 -1.565092572501717823e-05
8.450000000000001066e+00 -1.911113662794304652e-05
8.500000000000000000e+00 -2.116132928051026076e-05
8.550000000000000711e+00 -2.166417783783237250e-05
8.599999999999999645e+00 -2.060020436908195616e-05
8.650000000000000355e+00 -1.806443704649421167e-05
8.700000000000001066e+00 -1.425675750399025958e-05
8.750000000000000000e+00 -9.465163963095033983e-06
8.800000000000000711e+00 -4.041702016098315426e-06
8.849999999999999645e+00 1.622370898691396165e-06
8.900000000000000355e+00 7.126602159282750165e-06
8.950000000000001066e+00 1.208856212993080612e-05
9.000000000000000000e+00 1.617191896790106517e-05
9.050000000000000711e+00 1.910816303845954442e-05
9.099999999999999645e+00 2.072783996708687913e-05
9.150000000000000355e+00 2.090349537511063490e-05
9.200000000000001066e+00 1.968967379711700940e-05
9.250000000000000000e+00 1.718393557681856016e-05
9.300000000000000711e+00 1.358413996290883417e-05
9.349999999999999645e+00 9.162628444230133350e-06
9.400000000000000355e+00 4.241321009218833322e-06
9.450000000000001066e+00 -8.313619343383651801e-07
9.500000000000000000e+00 -5.701562261555378300e-06
9.550000000000000711e+00 -1.003759020826251107e-05
9.600000000000001421e+00 -1.355242546837140753e-05
9.650000000000000355e+00 -1.602138475351444006e-05
9.700000000000001066e+00 -1.729776814939417375e-05
9.750000000000000000e+00 -1.732059238939026794e-05
9.800000000000000711e+00 -1.611735143977979947e-05
9.850000000000001421e+00 -1.379998537132721178e-05
9.900000000000000355e+00 -1.055550440167524298e-05
9.950000000000001066e+00 -6.631328961375625084e-06
