0.000000000000000000e+00 0.000000000000000000e+00
5.000000000000000278e-02 -1.408651307614627734e-07
1.000000000000000056e-01 -5.620904730256818747e-07
1.500000000000000222e-01 -1.259593556925600653e-06
2.000000000000000111e-01 -2.226597322240588505e-06
2.500000000000000000e-01 -3.453686912643460463e-06
3.000000000000000444e-01 -4.928879692568133759e-06
3.500000000000000333e-01 -6.637716431973057036e-06
4.000000000000000222e-01 -8.563372205825547012e-06
4.500000000000000111e-01 -1.068679353250735044e-05
5.000000000000000000e-01 -1.298685736218192853e-05
5.500000000000000444e-01 -1.544043288482018102e-05
6.000000000000000888e-01 -1.802275175113355639e-05
6.500000000000000222e-01 -2.070747867610012066e-05
7.000000000000000666e-01 -2.346696008656855414e-05
7.500000000000000000e-01 -2.627245348313909674e-05
8.000000000000000444e-01 -2.909436871881254503e-05
8.500000000000000888e-01 -3.190248890917553510e-05
9.000000000000000222e-01 -3.466634672740876393e-05
9.500000000000000666e-01 -3.735533140324983758e-05
1.000000000000000000e+00 -3.993903166411253981e-05
1.050000000000000044e+00 -4.238751022992618653e-05
1.100000000000000089e+00 -4.467155924979543261e-05
1.150000000000000133e+00 -4.676296080214203396e-05
1.200000000000000178e+00 -4.863473915887104161e-05
1.250000000000000000e+00 -5.026140189200328405e-05
1.300000000000000044e+00 -5.161916696156138576e-05
1.350000000000000089e+00 -5.268617303732376478e-05
1.400000000000000133e+00 -5.344267047422063873e-05
1.450000000000000178e+00 -5.387119057996707020e-05
1.500000000000000000e+00 -5.395669108085612527e-05
1.550000000000000044e+00 -5.368667600289867871e-05
1.600000000000000089e+00 -5.305128853485013721e-05
1.650000000000000133e+00 -5.204337582015660751e-05
1.700000000000000178e+00 -5.065852502862231186e-05
1.750000000000000000e+00 -4.889507047713232096e-05
1.800000000000000044e+00 -4.675407199311792190e-05
1.850000000000000089e+00 -4.423926513554950283e-05
1.900000000000000133e+00 -4.135698429710476853e-05
1.950000000000000178e+00 -3.811606009919058348e-05
2.000000000000000000e+00 -3.452769285069201056e-05
2.050000000000000266e+00 -3.060530416449852223e-05
2.100000000000000089e+00 -2.636436910683192177e-05
2.149999999999999911e+00 -2.182223148812796119e-05
2.200000000000000178e+00 -1.699790508691313492e-05
2.250000000000000000e+00 -1.191186372728750211e-05
2.300000000000000266e+00 -6.585823205130306609e-06
2.350000000000000089e+00 -1.042518078167585373e-06
2.400000000000000355e+00 4.694523697992287659e-06
2.450000000000000178e+00 1.060120538920863713e-05
2.500000000000000000e+00 1.665308258913646898e-05
2.550000000000000266e+00 2.282557821654956028e-05
2.600000000000000089e+00 2.909418901697276823e-05
2.650000000000000355e+00 3.543468142220665179e-05
2.700000000000000178e+00 4.182327488626957885e-05
2.750000000000000000e+00 4.823681109941137349e-05
2.800000000000000266e+00 5.465290777660418951e-05
2.850000000000000089e+00 6.105009601689959738e-05
2.900000000000000355e+00 6.740794052909838334e-05
2.950000000000000178e+00 7.370714231160166202e-05
3.000000000000000000e+00 7.992962365487818769e-05
3.050000000000000266e+00 8.605859559910261159e-05
3.100000000000000089e+00 9.207860822327421709e-05
3.150000000000000355e+00 9.797558436230908053e-05
3.200000000000000178e+00 1.037368375427543727e-04
3.250000000000000000e+00 1.093510750941781127e-04
3.300000000000000266e+00 1.148083875309483876e-04
3.350000000000000089e+00 1.201002254077090237e-04
3.400000000000000355e+00 1.252193649317211621e-04
3.450000000000000178e+00 1.301598636672499933e-04
3.500000000000000000e+00 1.349170076927550660e-04
3.550000000000000266e+00 1.394872515725967266e-04
3.600000000000000089e+00 1.438681524834967075e-04
3.650000000000000355e+00 1.480582997945150705e-04
3.700000000000000178e+00 1.520572413404736316e-04
3.750000000000000000e+00 1.558654075553040253e-04
3.800000000000000266e+00 1.594840345465128330e-04
3.850000000000000089e+00 1.629150870975993096e-04
3.900000000000000355e+00 1.661611824845057883e-04
3.950000000000000178e+00 1.692255158875652040e-04
4.000000000000000000e+00 1.721117880743004171e-04
4.049999999999999822e+00 1.748241359229721695e-04
4.100000000000000533e+00 1.773670662538718256e-04
4.150000000000000355e+00 1.797453933366727024e-04
4.200000000000000178e+00 1.819641803490526218e-04
4.250000000000000000e+00 1.840286849754117391e-04
4.299999999999999822e+00 1.859443092556547562e-04
4.350000000000000533e+00 1.877165537232714074e-04
4.400000000000000355e+00 1.893509758096746762e-04
4.450000000000000178e+00 1.908531524380392664e-04
4.500000000000000000e+00 1.922286466846322118e-04
4.549999999999999822e+00 1.934829783485824881e-04
4.600000000000000533e+00 1.946215982417475007e-04
4.650000000000000355e+00 1.956498659882873153e-04
4.700000000000000178e+00 1.965730311080966656e-04
4.750000000000000000e+00 1.973962171486710253e-04
4.800000000000000711e+00 1.981244086255727936e-04
4.850000000000000533e+00 1.987624405316514736e-04
4.900000000000000355e+00 1.993149901788329389e-04
4.950000000000000178e+00 1.997865711429165452e-04
5.000000000000000000e+00 2.001815290907456757e-04
5.050000000000000711e+00 2.005040392797547723e-04
5.100000000000000533e+00 2.007581055317061406e-04
5.150000000000000355e+00 2.009475604949667496e-04
5.200000000000000178e+00 2.010760670225535606e-04
5.250000000000000000e+00 2.011471205061035128e-04
5.300000000000000711e+00 2.011640520186542907e-04
5.350000000000000533e+00 2.011300321315035334e-04
5.400000000000000355e+00 2.010480752823290396e-04
5.450000000000000178e+00 2.009210445831369966e-04
5.500000000000000000e+00 2.007516569674398571e-04
5.550000000000000711e+00 2.005424885863445650e-04
5.600000000000000533e+00 2.002959803729834163e-04
5.650000000000000355e+00 2.000143896727834744e-04
5.700000000000000178e+00 1.997000163688067843e-04
5.750000000000000000e+00 1.993548714598395691e-04
5.800000000000000711e+00 1.989809116817881909e-04
5.850000000000000533e+00 1.985799867014573531e-04
5.900000000000000355e+00 1.981538444845532888e-04
5.950000000000000178e+00 1.977041365012919215e-04
6.000000000000000000e+00 1.972324227502955023e-04
6.050000000000000711e+00 1.967401765869970223e-04
6.100000000000000533e+00 1.962287893477550251e-04
6.150000000000000355e+00 1.956995747652789345e-04
6.200000000000000178e+00 1.951537731747442466e-04
6.250000000000000000e+00 1.945925555131327233e-04
6.300000000000000711e+00 1.940170271168503463e-04
6.350000000000000533e+00 1.934282313245773779e-04
6.400000000000000355e+00 1.928271528936164301e-04
6.450000000000000178e+00 1.922147212387676429e-04
6.500000000000000000e+00 1.915918135030433736e-04
6.550000000000000711e+00 1.909592574693990850e-04
6.600000000000000533e+00 1.903178343221994498e-04
6.650000000000000355e+00 1.896682812664345552e-04
6.700000000000000178e+00 1.890112940118462786e-04
6.750000000000000000e+00 1.883475291282094325e-04
6.800000000000000711e+00 1.876776062771033627e-04
6.850000000000000533e+00 1.870021103246982935e-04
6.900000000000000355e+00 1.863215920687831951e-04
6.950000000000000178e+00 1.856365747502863818e-04
7.000000000000000000e+00 1.849475496564873206e-04
7.050000000000000711e+00 1.842549813596829848e-04
7.100000000000000533e+00 1.835593085332268759e-04
7.150000000000000355e+00 1.828609454202890063e-04
7.200000000000000178e+00 1.821602832071779281e-04
7.250000000000000000e+00 1.814576913054951018e-04
7.300000000000000711e+00 1.807535185479211234e-04
7.350000000000000533e+00 1.800480943029384047e-04
7.400000000000000355e+00 1.793417295142423797e-04
7.450000000000000178e+00 1.786347176709217387e-04
7.500000000000000000e+00 1.779273357146761165e-04
7.550000000000000711e+00 1.772198448903587915e-04
7.600000000000000533e+00 1.765124915459711965e-04
7.650000000000000355e+00 1.758055078878958987e-04
7.700000000000000178e+00 1.750991126966549986e-04
7.750000000000000000e+00 1.743935103164992993e-04
7.800000000000000711e+00 1.736888978276617120e-04
7.850000000000000533e+00 1.729854584274052333e-04
7.900000000000000355e+00 1.722833595955215627e-04
7.950000000000000178e+00 1.715827645547504134e-04
8.000000000000000000e+00 1.708838248391394109e-04
8.050000000000000711e+00 1.701866827546570508e-04
8.099999999999999645e+00 1.694914718819074035e-04
8.150000000000000355e+00 1.687983175547731458e-04
8.200000000000001066e+00 1.681073373142196012e-04
8.250000000000000000e+00 1.674186413365117722e-04
8.300000000000000711e+00 1.667323328352742905e-04
8.349999999999999645e+00 1.660485084371331275e-04
8.400000000000000355e+00 1.653672585310818279e-04
8.450000000000001066e+00 1.646886675921947340e-04
8.500000000000000000e+00 1.640128144807996731e-04
8.550000000000000711e+00 1.633397727187137249e-04
8.599999999999999645e+00 1.626696107445714501e-04
8.650000000000000355e+00 1.620023921506218558e-04
8.700000000000001066e+00 1.613381759036090269e-04
8.750000000000000000e+00 1.606770165524501047e-04
8.800000000000000711e+00 1.600189644254004328e-04
8.849999999999999645e+00 1.593640658192235532e-04
8.900000000000000355e+00 1.587123664794813725e-04
8.950000000000001066e+00 1.580638952955789461e-04
9.000000000000000000e+00 1.574186974465129128e-04
9.050000000000000711e+00 1.567768016071761363e-04
9.099999999999999645e+00 1.561382366065033531e-04
9.150000000000000355e+00 1.555030283026580739e-04
9.200000000000001066e+00 1.548711997527884763e-04
9.250000000000000000e+00 1.542427713794236252e-04
9.300000000000000711e+00 1.536177611321967013e-04
9.349999999999999645e+00 1.529961846434335962e-04
9.400000000000000355e+00 1.523780553761200547e-04
9.450000000000001066e+00 1.517633847628661165e-04
9.500000000000000000e+00 1.511521823346997939e-04
9.550000000000000711e+00 1.505444558388364452e-04
9.600000000000001421e+00 1.499402113449560124e-04
9.650000000000000355e+00 1.493394533399459469e-04
9.700000000000001066e+00 1.487421848115136878e-04
9.750000000000000000e+00 1.481484073214925530e-04
9.800000000000000711e+00 1.475581210700429604e-04
9.850000000000001421e+00 1.469713249522536084e-04
9.900000000000000355e+00 1.463880166088552502e-04
9.950000000000001066e+00 1.458081924728677869e-04
1.000000000000000000e+01 1.452318478139864204e-04
1.005000000000000071e+01 1.446589767824006060e-04
1.010000000000000142e+01 1.440895724535133800e-04
1.015000000000000036e+01 1.435236268747288040e-04
1.020000000000000107e+01 1.429611311151051983e-04
1.025000000000000000e+01 1.424020753182672172e-04
1.030000000000000071e+01 1.418464487585545917e-04
1.035000000000000142e+01 1.412942398999889320e-04
1.040000000000000036e+01 1.407454364572852524e-04
1.045000000000000107e+01 1.402000254578516668e-04
1.050000000000000000e+01 1.396579933035174898e-04
1.055000000000000071e+01 1.391193258306260374e-04
1.060000000000000142e+01 1.385840083671266800e-04
1.065000000000000036e+01 1.380520257853963323e-04
1.070000000000000107e+01 1.375233625497097271e-04
1.075000000000000000e+01 1.369980001545287524e-04
1.080000000000000071e+01 1.364759301742051541e-04
1.085000000000000142e+01 1.359571282606876334e-04
1.090000000000000036e+01 1.354415801949040629e-04
1.095000000000000107e+01 1.349292688869405945e-04
1.100000000000000000e+01 1.344201769891641054e-04
1.105000000000000071e+01 1.339142869023212420e-04
1.110000000000000142e+01 1.334115807789198842e-04
1.115000000000000036e+01 1.329120405252680684e-04
1.120000000000000107e+01 1.324156478035392573e-04
1.125000000000000000e+01 1.319223840351303311e-04
1.130000000000000071e+01 1.314322304064037658e-04
1.135000000000000142e+01 1.309451678776543378e-04
1.140000000000000036e+01 1.304611771958445418e-04
1.145000000000000107e+01 1.299802389113252383e-04
1.150000000000000000e+01 1.295023333984260893e-04
1.155000000000000071e+01 1.290274408794802859e-04
1.160000000000000142e+01 1.285555414515710297e-04
1.165000000000000036e+01 1.280866151150619606e-04
1.170000000000000107e+01 1.276206418028196312e-04
1.175000000000000000e+01 1.271576014089629972e-04
1.180000000000000071e+01 1.266974738159820787e-04
1.185000000000000142e+01 1.262402389191579063e-04
1.190000000000000036e+01 1.257858766473805314e-04
1.195000000000000107e+01 1.253343669796828377e-04
1.200000000000000000e+01 1.248856899570807612e-04
1.205000000000000071e+01 1.244398256896006279e-04
1.210000000000000142e+01 1.239967543586776525e-04
1.215000000000000036e+01 1.235564562153895025e-04
1.220000000000000107e+01 1.231189115752383311e-04
1.225000000000000000e+01 1.226841008103928226e-04
1.230000000000000071e+01 1.222520043404321964e-04
1.235000000000000142e+01 1.218226026226942860e-04
1.240000000000000036e+01 1.213958761433161268e-04
1.245000000000000107e+01 1.209718054099641631e-04
1.250000000000000000e+01 1.205503709470983313e-04
1.255000000000000071e+01 1.201316008199250539e-04
1.260000000000000142e+01 1.197153791377468068e-04
1.265000000000000036e+01 1.193017354079656728e-04
1.270000000000000107e+01 1.188906502448089473e-04
1.275000000000000000e+01 1.184821043067084612e-04
1.280000000000000071e+01 1.180760783109972666e-04
1.285000000000000142e+01 1.176725530502426269e-04
1.290000000000000036e+01 1.172715094092828726e-04
1.295000000000000107e+01 1.168729283819872007e-04
1.300000000000000000e+01 1.164767910867790248e-04
1.305000000000000071e+01 1.160830787800468643e-04
1.310000000000000142e+01 1.156917728667171045e-04
1.315000000000000036e+01 1.153028549074549967e-04
1.320000000000000107e+01 1.149163066221938850e-04
1.325000000000000000e+01 1.145321098899368384e-04
1.330000000000000071e+01 1.141502467450279705e-04
1.335000000000000142e+01 1.137706993703208416e-04
1.340000000000000036e+01 1.133934500878731573e-04
1.345000000000000107e+01 1.130184813479501811e-04
1.350000000000000000e+01 1.126457757172198861e-04
1.355000000000000071e+01 1.122753158670584798e-04
1.360000000000000142e+01 1.119070845628578802e-04
1.365000000000000036e+01 1.115410646551382936e-04
1.370000000000000107e+01 1.111772390731272716e-04
1.375000000000000000e+01 1.108155908212804378e-04
1.380000000000000071e+01 1.104561029789995961e-04
1.385000000000000142e+01 1.100987587035761087e-04
1.390000000000000036e+01 1.097435463040860441e-04
1.395000000000000107e+01 1.093904390482882527e-04
1.400000000000000000e+01 1.090394253315303015e-04
1.405000000000000071e+01 1.086904887055924375e-04
1.410000000000000142e+01 1.083436128496144835e-04
1.415000000000000036e+01 1.079987815819394054e-04
1.420000000000000107e+01 1.076559788707262685e-04
1.425000000000000000e+01 1.073151888426055595e-04
1.430000000000000071e+01 1.069763957887874593e-04
1.435000000000000142e+01 1.066395841682138765e-04
1.440000000000000036e+01 1.063047386075512097e-04
1.445000000000000107e+01 1.059718438980370141e-04
1.450000000000000000e+01 1.056408849894122770e-04
1.455000000000000071e+01 1.053118469813652333e-04
1.460000000000000142e+01 1.049847151130827057e-04
1.465000000000000036e+01 1.046594747516254247e-04
1.470000000000000107e+01 1.043361113799199204e-04
1.475000000000000000e+01 1.040146105851761938e-04
1.480000000000000071e+01 1.036949580485028625e-04
1.485000000000000142e+01 1.033771395364009848e-04
1.490000000000000036e+01 1.030611408946794630e-04
1.495000000000000107e+01 1.027469480451634055e-04
1.500000000000000000e+01 1.024345469853684461e-04
1.505000000000000071e+01 1.021239237911051738e-04
1.510000000000000142e+01 1.018150646217767341e-04
1.515000000000000036e+01 1.015079557279449071e-04
1.520000000000000107e+01 1.012025834605872424e-04
1.525000000000000000e+01 1.008989342813521750e-04
1.530000000000000071e+01 1.005969947730558911e-04
1.535000000000000142e+01 1.002967516496521639e-04
1.540000000000000036e+01 9.999819434452113514e-05
1.545000000000000107e+01 9.970130492283787419e-05
1.550000000000000000e+01 9.940606986463046879e-05
1.555000000000000071e+01 9.911248230495206199e-05
1.560000000000000142e+01 9.882051084672252756e-05
1.565000000000000036e+01 9.853017526238638433e-05
1.570000000000000107e+01 9.824144640282454646e-05
1.575000000000000000e+01 9.795432993005807757e-05
1.580000000000000071e+01 9.766878054495970829e-05
1.585000000000000142e+01 9.738480265177280675e-05
1.590000000000000036e+01 9.710238445782947011e-05
1.595000000000000107e+01 9.682151425832567510e-05
1.600000000000000000e+01 9.654218042658806989e-05
1.605000000000000071e+01 9.626437140616817510e-05
1.610000000000000142e+01 9.598807570523688242e-05
1.615000000000000213e+01 9.571328189358884462e-05
1.619999999999999929e+01 9.543997860238698336e-05
1.625000000000000000e+01 9.516815445292825157e-05
1.630000000000000071e+01 9.489779830267880000e-05
1.635000000000000142e+01 9.462889897441592059e-05
1.640000000000000213e+01 9.436144539237920092e-05
1.644999999999999929e+01 9.409542657381876163e-05
1.650000000000000000e+01 9.383083163835028134e-05
1.655000000000000071e+01 9.356765013300878263e-05
1.660000000000000142e+01 9.330587079123165860e-05
1.665000000000000213e+01 9.304548337894486367e-05
1.669999999999999929e+01 9.278647749868103268e-05
1.675000000000000000e+01 9.252884288268509497e-05
1.680000000000000071e+01 9.227256939148654276e-05
1.685000000000000142e+01 9.201764700993615720e-05
1.690000000000000213e+01 9.176406584094754621e-05
1.694999999999999929e+01 9.151181609734009524e-05
1.700000000000000000e+01 9.126088809230556399e-05
1.705000000000000071e+01 9.101127222911185204e-05
1.710000000000000142e+01 9.076295899070270826e-05
1.715000000000000213e+01 9.051593892985573646e-05
1.719999999999999929e+01 9.027020266051447007e-05
1.725000000000000000e+01 9.002574085082596462e-05
1.730000000000000071e+01 8.978254421829345183e-05
1.735000000000000142e+01 8.954060352730327437e-05
1.740000000000000213e+01 8.929990958912128096e-05
1.744999999999999929e+01 8.906045347195622479e-05
1.750000000000000000e+01 8.882222570187132049e-05
1.755000000000000071e+01 8.858521717216559261e-05
1.760000000000000142e+01 8.834941942154495714e-05
1.765000000000000213e+01 8.811482333342131443e-05
1.769999999999999929e+01 8.788142011021069237e-05
1.775000000000000000e+01 8.764920104633757813e-05
1.780000000000000071e+01 8.741815753482041628e-05
1.785000000000000142e+01 8.718828107221139655e-05
1.790000000000000213e+01 8.695956326151440781e-05
1.794999999999999929e+01 8.673199581285077886e-05
1.800000000000000000e+01 8.650557054179695252e-05
1.805000000000000071e+01 8.628027936548452912e-05
1.810000000000000142e+01 8.605611429670436156e-05
1.815000000000000213e+01 8.583306743639570406e-05
1.819999999999999929e+01 8.561113096500879360e-05
1.825000000000000000e+01 8.539029713330505568e-05
1.830000000000000071e+01 8.517055825319315649e-05
1.835000000000000142e+01 8.495190668919326896e-05
1.840000000000000213e+01 8.473433485107246686e-05
1.844999999999999929e+01 8.451783518811074544e-05
1.850000000000000000e+01 8.430240018533881276e-05
1.855000000000000071e+01 8.408802217391115686e-05
1.860000000000000142e+01 8.387469427194192879e-05
1.865000000000000213e+01 8.366240850686398271e-05
1.869999999999999929e+01 8.345115770045037943e-05
1.875000000000000000e+01 8.324093453472619826e-05
1.880000000000000071e+01 8.303173174712523972e-05
1.885000000000000142e+01 8.282354213806350301e-05
1.890000000000000213e+01 8.261635857839349606e-05
1.894999999999999929e+01 8.241017401617479349e-05
1.900000000000000000e+01 8.220498148224587355e-05
1.905000000000000071e+01 8.200077409417243007e-05
1.910000000000000142e+01 8.179754505826000407e-05
1.915000000000000213e+01 8.159528766945822157e-05
1.920000000000000284e+01 8.139399530913193144e-05
1.925000000000000000e+01 8.119366144082423820e-05
1.930000000000000071e+01 8.099427960427703214e-05
1.935000000000000142e+01 8.079584340809663266e-05
1.940000000000000213e+01 8.059834652154475158e-05
1.945000000000000284e+01 8.040178267877766936e-05
1.950000000000000000e+01 8.020614561567463992e-05
1.955000000000000071e+01 8.001142914489517411e-05
1.960000000000000142e+01 7.981762711223744930e-05
1.965000000000000213e+01 7.962473336551472748e-05
1.970000000000000284e+01 7.943274178434914961e-05
1.975000000000000000e+01 7.924164627059068170e-05
1.980000000000000071e+01 7.905144074988350235e-05
1.985000000000000142e+01 7.886211917519068981e-05
1.990000000000000213e+01 7.867367553199672541e-05
1.995000000000000284e+01 7.848610384478798684e-05
2.000000000000000000e+01 7.829939814924111922e-05
2.005000000000000071e+01 7.811355264175659182e-05
2.010000000000000142e+01 7.792856147303275720e-05
2.015000000000000213e+01 7.774441889593569968e-05
2.020000000000000284e+01 7.756111923563553700e-05
2.025000000000000000e+01 7.737865689293694030e-05
2.030000000000000071e+01 7.719702634563510514e-05
2.035000000000000142e+01 7.701622214776753005e-05
2.040000000000000213e+01 7.683623892677695754e-05
2.045000000000000284e+01 7.665707134903436849e-05
2.050000000000000000e+01 7.647871422383261872e-05
2.055000000000000071e+01 7.630116234438015380e-05
2.060000000000000142e+01 7.612441057033515399e-05
2.065000000000000213e+01 7.594845379900725432e-05
2.070000000000000284e+01 7.577328701000217112e-05
2.075000000000000000e+01 7.559890504406106067e-05
2.080000000000000071e+01 7.542530291927115925e-05
2.085000000000000142e+01 7.525247561337666227e-05
2.090000000000000213e+01 7.508041811445319541e-05
2.095000000000000284e+01 7.490912542099338524e-05
2.100000000000000000e+01 7.473859254411493189e-05
2.105000000000000071e+01 7.456881451171798220e-05
2.110000000000000142e+01 7.439978637428862004e-05
2.115000000000000213e+01 7.423150321192785743e-05
2.120000000000000284e+01 7.406396014210479134e-05
2.125000000000000000e+01 7.389715238665662525e-05
2.130000000000000071e+01 7.373107504977454384e-05
2.135000000000000142e+01 7.356572345566548274e-05
2.140000000000000213e+01 7.340109287370698624e-05
2.145000000000000284e+01 7.323717885420172986e-05
2.150000000000000000e+01 7.307397680436761279e-05
2.155000000000000071e+01 7.291148226937725890e-05
2.160000000000000142e+01 7.274969085979164705e-05
2.165000000000000213e+01 7.258859824656664183e-05
2.170000000000000284e+01 7.242820015438807750e-05
2.175000000000000000e+01 7.226849235375865424e-05
2.180000000000000071e+01 7.210947065234506973e-05
2.185000000000000142e+01 7.195113088614389911e-05
2.190000000000000213e+01 7.179346891104013248e-05
2.195000000000000284e+01 7.163648059530591881e-05
2.200000000000000000e+01 7.148016173368844004e-05
2.205000000000000071e+01 7.132450835753402984e-05
2.210000000000000142e+01 7.116951635826034451e-05
2.215000000000000213e+01 7.101518143774179434e-05
2.220000000000000284e+01 7.086149955939435115e-05
2.225000000000000000e+01 7.070846660826988659e-05
2.230000000000000071e+01 7.055607848185920189e-05
2.235000000000000142e+01 7.040433109740216609e-05
2.240000000000000213e+01 7.025322040000095002e-05
2.245000000000000284e+01 7.010274237097673133e-05
2.250000000000000000e+01 6.995289303589346825e-05
2.255000000000000071e+01 6.980366847169295274e-05
2.260000000000000142e+01 6.965506481244834616e-05
2.265000000000000213e+01 6.950707825333215595e-05
2.270000000000000284e+01 6.935970505251606952e-05
2.275000000000000000e+01 6.921294162888508164e-05
2.280000000000000071e+01 6.906678416904186762e-05
2.285000000000000142e+01 6.892122910468623112e-05
2.290000000000000213e+01 6.877627312260285589e-05
2.295000000000000284e+01 6.863191265046263677e-05
2.300000000000000000e+01 6.848814424850642186e-05
2.305000000000000071e+01 6.834496450097108256e-05
2.310000000000000142e+01 6.820237000743077681e-05
2.315000000000000213e+01 6.806035737494793526e-05
2.320000000000000284e+01 6.791892321153416689e-05
2.325000000000000000e+01 6.777806412133405680e-05
2.330000000000000071e+01 6.763777670182834472e-05
2.335000000000000142e+01 6.749805754321919595e-05
2.340000000000000213e+01 6.735890323001557595e-05
2.345000000000000284e+01 6.722031034468947826e-05
2.350000000000000000e+01 6.708227547313877200e-05
2.355000000000000071e+01 6.694479521157307826e-05
2.360000000000000142e+01 6.680786617434643967e-05
2.365000000000000213e+01 6.667148500220061789e-05
2.370000000000000284e+01 6.653564837035738893e-05
2.375000000000000000e+01 6.640035299591231404e-05
2.380000000000000071e+01 6.626559564402977607e-05
2.385000000000000142e+01 6.613137313252384207e-05
2.390000000000000213e+01 6.599768233451592744e-05
2.395000000000000284e+01 6.586452017899221132e-05
2.400000000000000000e+01 6.573188364922236842e-05
2.405000000000000071e+01 6.559976977914422911e-05
2.410000000000000142e+01 6.546817564795339372e-05
2.415000000000000213e+01 6.533709837325328389e-05
2.420000000000000284e+01 6.520653510321600848e-05
2.425000000000000000e+01 6.507648312643306363e-05
2.430000000000000071e+01 6.494693927282799758e-05
2.435000000000000142e+01 6.481790108766661337e-05
2.440000000000000213e+01 6.468936564331642289e-05
2.445000000000000284e+01 6.456133012500473280e-05
2.450000000000000000e+01 6.443379170938553461e-05
2.455000000000000071e+01 6.430674756326853515e-05
2.460000000000000142e+01 6.418019484439911810e-05
2.465000000000000213e+01 6.405413070420426210e-05
2.470000000000000284e+01 6.392855229229341639e-05
2.475000000000000000e+01 6.380345676238408580e-05
2.480000000000000071e+01 6.367884127923355536e-05
2.485000000000000142e+01 6.355470302609268535e-05
2.490000000000000213e+01 6.343103921216904409e-05
2.495000000000000284e+01 6.330784707958922062e-05
2.500000000000000000e+01 6.318512379215611744e-05
2.505000000000000071e+01 6.306286702614096005e-05
2.510000000000000142e+01 6.294107380088070946e-05
2.515000000000000213e+01 6.281974165219833702e-05
2.520000000000000284e+01 6.269886804537708929e-05
2.525000000000000000e+01 6.257845048967926121e-05
2.530000000000000071e+01 6.245848653396211619e-05
2.535000000000000142e+01 6.233897376092716936e-05
2.540000000000000213e+01 6.221990978039455627e-05
2.545000000000000284e+01 6.210129222205575117e-05
2.550000000000000000e+01 6.198311872818881266e-05
2.555000000000000071e+01 6.186538694681713573e-05
2.560000000000000142e+01 6.174809452575849642e-05
2.565000000000000213e+01 6.163123910794587922e-05
2.570000000000000284e+01 6.151481832831134445e-05
2.575000000000000000e+01 6.139882992080731303e-05
2.580000000000000071e+01 6.128327117688989233e-05
2.585000000000000142e+01 6.116814003161508205e-05
2.590000000000000213e+01 6.105343398348272229e-05
2.595000000000000284e+01 6.093915064143043511e-05
2.600000000000000000e+01 6.082528762239763410e-05
2.605000000000000071e+01 6.071184255777002881e-05
2.610000000000000142e+01 6.059881309985780732e-05
2.615000000000000213e+01 6.048619692795369039e-05
2.620000000000000284e+01 6.037399175355150825e-05
2.625000000000000000e+01 6.026219532436670684e-05
2.630000000000000071e+01 6.015080542688603217e-05
2.635000000000000142e+01 6.003981988727826016e-05
2.640000000000000213e+01 5.992923657060996611e-05
2.645000000000000284e+01 5.981905337843118939e-05
2.650000000000000000e+01 5.970926824490249392e-05
2.655000000000000071e+01 5.959987913173887938e-05
2.660000000000000142e+01 5.949088402232232629e-05
2.665000000000000213e+01 5.938228091538926598e-05
2.670000000000000284e+01 5.927406781872757808e-05
2.675000000000000000e+01 5.916624274331073151e-05
2.680000000000000071e+01 5.905880369826506024e-05
2.685000000000000142e+01 5.895174868700559228e-05
2.690000000000000213e+01 5.884507570479082135e-05
2.695000000000000284e+01 5.873878273784949728e-05
2.700000000000000000e+01 5.863286776411948267e-05
2.705000000000000071e+01 5.852732875552935467e-05
2.710000000000000142e+01 5.842216368164500389e-05
2.715000000000000213e+01 5.831737051441070131e-05
2.720000000000000284e+01 5.821294723363952528e-05
2.725000000000000000e+01 5.810889183285741446e-05
2.730000000000000071e+01 5.800520232508338166e-05
2.735000000000000142e+01 5.790187674813435922e-05
2.740000000000000213e+01 5.779891316907774626e-05
2.745000000000000284e+01 5.769630968751716471e-05
2.750000000000000000e+01 5.759406443747716180e-05
2.755000000000000071e+01 5.749217663128609250e-05
2.760000000000000142e+01 5.739064238139282104e-05
2.765000000000000213e+01 5.728946096732359081e-05
2.770000000000000284e+01 5.718863064916863796e-05
2.775000000000000000e+01 5.708814970887588386e-05
2.780000000000000071e+01 5.698801644455793854e-05
2.785000000000000142e+01 5.688822916451128915e-05
2.790000000000000213e+01 5.678878618135797617e-05
2.795000000000000284e+01 5.668968580671175916e-05
2.800000000000000000e+01 5.659092634673221699e-05
2.805000000000000071e+01 5.649250609887014238e-05
2.810000000000000142e+01 5.639442335002349012e-05
2.815000000000000213e+01 5.629667635018666323e-05
2.820000000000000284e+01 5.619926341795629989e-05
2.825000000000000000e+01 5.610218278663875653e-05
2.830000000000000071e+01 5.600543271271922252e-05
2.835000000000000142e+01 5.590901145465424464e-05
2.840000000000000213e+01 5.581291727845520559e-05
2.845000000000000284e+01 5.571714846351902100e-05
2.850000000000000000e+01 5.562170330829749353e-05
2.855000000000000071e+01 5.552658013540761180e-05
2.860000000000000142e+01 5.543177729582413299e-05
2.865000000000000213e+01 5.533729317185793372e-05
2.870000000000000284e+01 5.524312622294731586e-05
2.875000000000000000e+01 5.514927476446921664e-05
2.880000000000000071e+01 5.505573740859673700e-05
2.885000000000000142e+01 5.496251261890726972e-05
2.890000000000000213e+01 5.486959892733219427e-05
2.895000000000000284e+01 5.477699488469486909e-05
2.900000000000000000e+01 5.468469905486597539e-05
2.905000000000000071e+01 5.459271000869010806e-05
2.910000000000000142e+01 5.450102631809183575e-05
2.915000000000000213e+01 5.440964655075906481e-05
2.920000000000000284e+01 5.431856926576156827e-05
2.925000000000000000e+01 5.422779301039931177e-05
2.930000000000000071e+01 5.413731631849171125e-05
2.935000000000000142e+01 5.404713771022050494e-05
2.940000000000000213e+01 5.395725569353408663e-05
2.945000000000000284e+01 5.386766876701395317e-05
2.950000000000000000e+01 5.377837542400559610e-05
2.955000000000000071e+01 5.368937415772898346e-05
2.960000000000000142e+01 5.360066346701842095e-05
2.965000000000000213e+01 5.351224186229842358e-05
2.970000000000000284e+01 5.342410787138536282e-05
2.975000000000000000e+01 5.333626004471847103e-05
2.980000000000000071e+01 5.324869695966026161e-05
2.985000000000000142e+01 5.316141722357200399e-05
2.990000000000000213e+01 5.307441954783048476e-05
2.995000000000000284e+01 5.298770246414328378e-05
