0.000000000000000000e+00 -0.000000000000000000e+00
5.000000000000000278e-02 1.529209391878480191e-07
1.000000000000000056e-01 1.220496781860419959e-06
1.500000000000000222e-01 4.103079092103244541e-06
2.000000000000000111e-01 9.672646604327886041e-06
2.500000000000000000e-01 1.875919907838219158e-05
3.000000000000000444e-01 3.213783538308398431e-05
3.500000000000000333e-01 5.051672400042509127e-05
4.000000000000000222e-01 7.452615764301955329e-05
4.500000000000000111e-01 1.047088637169703691e-04
5.000000000000000000e-01 1.415117193605267476e-04
5.500000000000000444e-01 1.852789942262303533e-04
6.000000000000000888e-01 2.362472165811042911e-04
6.500000000000000222e-01 2.945417292436626868e-04
7.000000000000000666e-01 3.601749719501846675e-04
7.500000000000000000e-01 4.330464965485126758e-04
8.000000000000000444e-01 5.129446915552458896e-04
8.500000000000000888e-01 5.995501636647526666e-04
9.000000000000000222e-01 6.924406963198477061e-04
9.500000000000000666e-01 7.910976799569610076e-04
1.000000000000000000e+00 8.949138854840945788e-04
1.050000000000000044e+00 1.003202432337648668e-03
1.100000000000000089e+00 1.115206785425500126e-03
1.150000000000000133e+00 1.230111601655343263e-03
1.200000000000000178e+00 1.347054236747760808e-03
1.250000000000000000e+00 1.465136716741179991e-03
1.300000000000000044e+00 1.583437976028926122e-03
1.350000000000000089e+00 1.701026164867077469e-03
1.400000000000000133e+00 1.816970833921319368e-03
1.450000000000000178e+00 1.930354811377747552e-03
1.500000000000000000e+00 2.040285599161013094e-03
1.550000000000000044e+00 2.145906128562898550e-03
1.600000000000000089e+00 2.246404731720363143e-03
1.650000000000000133e+00 2.341024203493443159e-03
1.700000000000000178e+00 2.429069847954269147e-03
1.750000000000000000e+00 2.509916424468237092e-03
1.800000000000000044e+00 2.583013929781893727e-03
1.850000000000000089e+00 2.647892174189732297e-03
1.900000000000000133e+00 2.704164131309352934e-03
1.950000000000000178e+00 2.751528061850092369e-03
2.000000000000000000e+00 2.789768431644704984e-03
2.050000000000000266e+00 2.818755662794939637e-03
2.100000000000000089e+00 2.838444773771377130e-03
2.149999999999999911e+00 2.848872979464154003e-03
2.200000000000000178e+00 2.850156335313210314e-03
2.250000000000000000e+00 2.842485520614452220e-03
2.300000000000000266e+00 2.826120864814062918e-03
2.350000000000000089e+00 2.801386727029634306e-03
2.400000000000000355e+00 2.768665343185264943e-03
2.450000000000000178e+00 2.728390257074947943e-03
2.500000000000000000e+00 2.681039451472604172e-03
2.550000000000000266e+00 2.627128293222866836e-03
2.600000000000000089e+00 2.567202402240496752e-03
2.650000000000000355e+00 2.501830548710271690e-03
2.700000000000000178e+00 2.431597675725463183e-03
2.750000000000000000e+00 2.357098136357729974e-03
2.800000000000000266e+00 2.278929224948915248e-03
2.850000000000000089e+00 2.197685072492720597e-03
2.900000000000000355e+00 2.113950965566116936e-03
2.950000000000000178e+00 2.028298137603437318e-03
3.000000000000000000e+00 1.941279070595531555e-03
3.050000000000000266e+00 1.853423334742202149e-03
3.100000000000000089e+00 1.765233983369240587e-03
3.150000000000000355e+00 1.677184510702451866e-03
3.200000000000000178e+00 1.589716371007747009e-03
3.250000000000000000e+00 1.503237049272777631e-03
3.300000000000000266e+00 1.418118666111634930e-03
3.350000000000000089e+00 1.334697092985727982e-03
3.400000000000000355e+00 1.253271548193748888e-03
3.450000000000000178e+00 1.174104639411836662e-03
3.500000000000000000e+00 1.097422814861384339e-03
3.550000000000000266e+00 1.023417182427190314e-03
3.600000000000000089e+00 9.522446542068098039e-04
3.650000000000000355e+00 8.840293729927528295e-04
3.700000000000000178e+00 8.188643770100025206e-04
3.750000000000000000e+00 7.568134597802820499e-04
3.800000000000000266e+00 6.979131831822097277e-04
3.850000000000000089e+00 6.421750035389874999e-04
3.900000000000000355e+00 5.895874728056876455e-04
3.950000000000000178e+00 5.401184795594583549e-04
4.000000000000000000e+00 4.937174974318853582e-04
4.049999999999999822e+00 4.503178117804238520e-04
4.100000000000000533e+00 4.098386986965150210e-04
4.150000000000000355e+00 3.721875338185423273e-04
4.200000000000000178e+00 3.372618117915198517e-04
4.250000000000000000e+00 3.049510605326819770e-04
4.299999999999999822e+00 2.751386376709387513e-04
4.350000000000000533e+00 2.477033995843699833e-04
4.400000000000000355e+00 2.225212363270435935e-04
4.450000000000000178e+00 1.994664683859710447e-04
4.500000000000000000e+00 1.784131036196370552e-04
4.549999999999999822e+00 1.592359548870420527e-04
4.600000000000000533e+00 1.418116207728905718e-04
4.650000000000000355e+00 1.260193334484479991e-04
4.700000000000000178e+00 1.117416790820914080e-04
4.750000000000000000e+00 9.886519733643305203e-05
4.800000000000000711e+00 8.728086737174722549e-05
4.850000000000000533e+00 7.688448843296927259e-05
4.900000000000000355e+00 6.757696354682414780e-05
4.950000000000000178e+00 5.926449511554403657e-05
5.000000000000000000e+00 5.185870128408568368e-05
5.050000000000000711e+00 4.527666189930143920e-05
5.100000000000000533e+00 3.944090269278547191e-05
5.150000000000000355e+00 3.427932602436646809e-05
5.200000000000000178e+00 2.972509613999199150e-05
5.250000000000000000e+00 2.571648644461030982e-05
5.300000000000000711e+00 2.219669578483776426e-05
5.350000000000000533e+00 1.911364019359593157e-05
5.400000000000000355e+00 1.641972598376303821e-05
5.450000000000000178e+00 1.407160950292631612e-05
5.500000000000000000e+00 1.202994828754794068e-05
5.550000000000000711e+00 1.025914779171472809e-05
5.600000000000000533e+00 8.727107320933782811e-06
5.650000000000000355e+00 7.404968281556583515e-06
5.700000000000000178e+00 6.266867366274694135e-06
5.750000000000000000e+00 5.289696839434075176e-06
5.800000000000000711e+00 4.452873665173344276e-06
5.850000000000000533e+00 3.738118838077974662e-06
5.900000000000000355e+00 3.129247930798401028e-06
5.950000000000000178e+00 2.611973565684602386e-06
6.000000000000000000e+00 2.173720247181523721e-06
6.050000000000000711e+00 1.803451757142028989e-06
6.100000000000000533e+00 1.491511114615660085e-06
6.150000000000000355e+00 1.229472932990211696e-06
6.200000000000000178e+00 1.010007868295193548e-06
6.250000000000000000e+00 8.267587405897330394e-07
6.300000000000000711e+00 6.742278230978527009e-07
6.350000000000000533e+00 5.476747285974186689e-07
6.400000000000000355e+00 4.430242769420626910e-07
6.450000000000000178e+00 3.567836990695481486e-07
6.500000000000000000e+00 2.859685190264365205e-07
6.550000000000000711e+00 2.280364541756289700e-07
6.600000000000000533e+00 1.808286827580095152e-07
6.650000000000000355e+00 1.425178453885206188e-07
6.700000000000000178e+00 1.115621711111637982e-07
6.750000000000000000e+00 8.666514772084373175e-08
6.800000000000000711e+00 6.674018873780248453e-08
6.850000000000000533e+00 5.087978446891270180e-08
6.900000000000000355e+00 3.832866091088428543e-08
6.950000000000000178e+00 2.846050695690389759e-08
7.000000000000000000e+00 2.075786668908920170e-08
7.050000000000000711e+00 1.479482890923991633e-08
7.100000000000000533e+00 1.022217997820532606e-08
7.150000000000000355e+00 6.754718202428997942e-09
7.200000000000000178e+00 4.160458180617624002e-09
7.250000000000000000e+00 2.251481574240346535e-09
7.300000000000000711e+00 8.762166624207295972e-10
7.350000000000000533e+00 -8.704721511131467800e-11
7.400000000000000355e+00 -7.355825461985207272e-10
7.450000000000000178e+00 -1.146736379733504033e-09
7.500000000000000000e+00 -1.381667541267725269e-09
7.550000000000000711e+00 -1.488426774704779450e-09
7.600000000000000533e+00 -1.504483603260387257e-09
7.650000000000000355e+00 -1.458790436670750629e-09
7.700000000000000178e+00 -1.373462448576470645e-09
7.750000000000000000e+00 -1.265140880800461053e-09
7.800000000000000711e+00 -1.146097603202885789e-09
7.850000000000000533e+00 -1.025129887358479655e-09
7.900000000000000355e+00 -9.082863699682802440e-10
7.950000000000000178e+00 -7.994580447949794856e-10
8.000000000000000000e+00 -7.008617838312264553e-10
8.050000000000000711e+00 -6.134383307462742923e-10
8.099999999999999645e+00 -5.371818978921512582e-10
8.150000000000000355e+00 -4.714144196401862266e-10
8.200000000000001066e+00 -4.150141299194205524e-10
8.250000000000000000e+00 -3.666054200700812816e-10
8.300000000000000711e+00 -3.247148460804970571e-10
8.349999999999999645e+00 -2.878966434128541316e-10
8.400000000000000355e+00 -2.548301108045834463e-10
8.450000000000001066e+00 -2.243906759078921360e-10
8.500000000000000000e+00 -1.956962724962655352e-10
8.550000000000000711e+00 -1.681307650530501825e-10
8.599999999999999645e+00 -1.413464569559482624e-10
8.650000000000000355e+00 -1.152481452012355670e-10
8.700000000000001066e+00 -8.996164084366347424e-11
8.750000000000000000e+00 -6.579009981918118025e-11
8.800000000000000711e+00 -4.316184631744744822e-11
8.849999999999999645e+00 -2.257355709367994040e-11
8.900000000000000355e+00 -4.532696838841443863e-12
8.950000000000001066e+00 1.049706931391692346e-11
9.000000000000000000e+00 2.214412918317411844e-11
9.050000000000000711e+00 3.016800196047915961e-11
9.099999999999999645e+00 3.448709126876183412e-11
9.150000000000000355e+00 3.519373633231571554e-11
9.200000000000001066e+00 3.255603251347678439e-11
9.250000000000000000e+00 2.700674530069683577e-11
9.300000000000000711e+00 1.912044971044307325e-11
9.349999999999999645e+00 9.580751526512413333e-12
9.400000000000000355e+00 -8.599697705076739710e-13
9.450000000000001066e+00 -1.142543808035961695e-11
9.500000000000000000e+00 -2.136188563659091990e-11
9.550000000000000711e+00 -2.998287130272341724e-11
9.600000000000001421e+00 -3.670956490794664593e-11
9.650000000000000355e+00 -4.110390551089740151e-11
9.700000000000001066e+00 -4.289255571745498948e-11
9.750000000000000000e+00 -4.198021009905855392e-11
9.800000000000000711e+00 -3.845153070742763786e-11
9.850000000000001421e+00 -3.256173180242214625e-11
9.900000000000000355e+00 -2.471656999634108325e-11
9.950000000000001066e+00 -1.544316805708143063e-11
1.000000000000000000e+01 -5.353665738827042171e-12
1.005000000000000071e+01 4.895873479067695201e-12
1.010000000000000142e+01 1.464861082270587373e-11
1.015000000000000036e+01 2.328935096261624883e-11
1.020000000000000107e+01 3.028353828371122547e-11
1.025000000000000000e+01 3.521040409494743646e-11
1.030000000000000071e+01 3.778824023510711379e-11
1.035000000000000142e+01 3.789032303296380351e-11
1.040000000000000036e+01 3.555061987616502509e-11
1.045000000000000107e+01 3.095908886920434658e-11
1.050000000000000000e+01 2.444704221848648388e-11
1.055000000000000071e+01 1.646367393338892418e-11
1.060000000000000142e+01 7.545401749227050547e-12
1.065000000000000036e+01 -1.719898575548018018e-12
1.070000000000000107e+01 -1.073139254496817696e-11
1.075000000000000000e+01 -1.891400894503454616e-11
1.080000000000000071e+01 -2.575490335384576296e-11
1.085000000000000142e+01 -3.083536089587047619e-11
1.090000000000000036e+01 -3.385616948238153968e-11
1.095000000000000107e+01 -3.465494036400101572e-11
1.100000000000000000e+01 -3.321439294173040913e-11
1.105000000000000071e+01 -2.966121552398536660e-11
1.110000000000000142e+01 -2.425572119123149196e-11
1.115000000000000036e+01 -1.737310281136915642e-11
1.120000000000000107e+01 -9.477618333246100520e-12
1.125000000000000000e+01 -1.091467943379641006e-12
1.130000000000000071e+01 7.239564960074211609e-12
1.135000000000000142e+01 1.498145849968921415e-11
1.140000000000000036e+01 2.164600675750137898e-11
1.145000000000000107e+01 2.682142321326719029e-11
1.150000000000000000e+01 3.019758728016635727e-11
1.155000000000000071e+01 3.158439987906789666e-11
1.160000000000000142e+01 3.092217620102937220e-11
1.165000000000000036e+01 2.828353171587815001e-11
1.170000000000000107e+01 2.386676673368439257e-11
1.175000000000000000e+01 1.798130110984233167e-11
1.180000000000000071e+01 1.102620932615450638e-11
1.185000000000000142e+01 3.463330577398705712e-12
1.190000000000000036e+01 -4.213243081256351974e-12
1.195000000000000107e+01 -1.150929714774875103e-11
1.200000000000000000e+01 -1.796216233192105129e-11
1.205000000000000071e+01 -2.316990085108146932e-11
1.210000000000000142e+01 -2.681618064116338594e-11
1.215000000000000036e+01 -2.868930818645385889e-11
1.220000000000000107e+01 -2.869428817004883397e-11
1.225000000000000000e+01 -2.685723743135160862e-11
1.230000000000000071e+01 -2.332198384012591246e-11
1.235000000000000142e+01 -1.833917774809770444e-11
1.240000000000000036e+01 -1.224872124077029272e-11
1.245000000000000107e+01 -5.456734244397298051e-12
1.250000000000000000e+01 1.591391986869018999e-12
1.255000000000000071e+01 8.440074025031064816e-12
1.260000000000000142e+01 1.465285719417413527e-11
1.265000000000000036e+01 1.984010257680362988e-11
1.270000000000000107e+01 2.368328785695675912e-11
1.275000000000000000e+01 2.595441899466825854e-11
1.280000000000000071e+01 2.652937794955294020e-11
1.285000000000000142e+01 2.539443778861960887e-11
1.290000000000000036e+01 2.264562281970074476e-11
1.295000000000000107e+01 1.848105511086009507e-11
1.300000000000000000e+01 1.318687228428351429e-11
1.305000000000000071e+01 7.117707041208696060e-12
1.310000000000000142e+01 6.730496509468014554e-13
1.315000000000000036e+01 -5.728936743669709723e-12
1.320000000000000107e+01 -1.167844124792032615e-11
1.325000000000000000e+01 -1.680012834158539948e-11
1.330000000000000071e+01 -2.077670469006652293e-11
1.335000000000000142e+01 -2.336845358463854669e-11
1.340000000000000036e+01 -2.442754608795497904e-11
1.345000000000000107e+01 -2.390627984211528301e-11
1.350000000000000000e+01 -2.185880496384551322e-11
1.355000000000000071e+01 -1.843630979384225640e-11
1.360000000000000142e+01 -1.387606415568819727e-11
1.365000000000000036e+01 -8.485099554878201945e-12
1.370000000000000107e+01 -2.619643611717958487e-12
1.375000000000000000e+01 3.338323032944611347e-12
1.380000000000000071e+01 9.005849860194971924e-12
1.385000000000000142e+01 1.402353693692245071e-11
1.390000000000000036e+01 1.807823103488810693e-11
1.395000000000000107e+01 2.092246778846841094e-11
1.400000000000000000e+01 2.238946154010000909e-11
1.405000000000000071e+01 2.240274223798562449e-11
1.410000000000000142e+01 2.097989021346344640e-11
1.415000000000000036e+01 1.823021108271304354e-11
1.420000000000000107e+01 1.434657224952829179e-11
1.425000000000000000e+01 9.592000816646593794e-12
1.430000000000000071e+01 4.281965691127922597e-12
1.435000000000000142e+01 -1.236469431896019128e-12
1.440000000000000036e+01 -6.607248891372539648e-12
1.445000000000000107e+01 -1.148821898163101332e-11
1.450000000000000000e+01 -1.557284254918749414e-11
1.455000000000000071e+01 -1.860936633507894959e-11
1.460000000000000142e+01 -2.041624351330007415e-11
1.465000000000000036e+01 -2.089287674806736022e-11
1.470000000000000107e+01 -2.002505004173236674e-11
1.475000000000000000e+01 -1.788477245790319148e-11
1.480000000000000071e+01 -1.462460957867424861e-11
1.485000000000000142e+01 -1.046693484012793713e-11
1.490000000000000036e+01 -5.688851404538852647e-12
1.495000000000000107e+01 -6.037987836385859171e-13
