0.000000000000000000e+00 1.311671321510505528e-01
5.000000000000000278e-02 1.311570882478051980e-01
1.000000000000000056e-01 1.311269580017081215e-01
1.500000000000000222e-01 1.310767457518987877e-01
2.000000000000000111e-01 1.310064585598618714e-01
2.500000000000000000e-01 1.309161059613723199e-01
3.000000000000000444e-01 1.308056996341417644e-01
3.500000000000000333e-01 1.306752529956151099e-01
4.000000000000000222e-01 1.305247807488214562e-01
4.500000000000000111e-01 1.303542983971663904e-01
5.000000000000000000e-01 1.301638217514724805e-01
5.500000000000000444e-01 1.299533664543715827e-01
6.000000000000000888e-01 1.297229475482683525e-01
6.500000000000000222e-01 1.294725791135028226e-01
7.000000000000000666e-01 1.292022740030175920e-01
7.500000000000000000e-01 1.289120436987881702e-01
8.000000000000000444e-01 1.286018983135210070e-01
8.500000000000000888e-01 1.282718467587020128e-01
9.000000000000000222e-01 1.279218970970395219e-01
9.500000000000000666e-01 1.275520570937621612e-01
1.000000000000000000e+00 1.271623349771805744e-01
1.050000000000000044e+00 1.267527404145004366e-01
1.100000000000000089e+00 1.263232857041820811e-01
1.150000000000000133e+00 1.258739871812854239e-01
1.200000000000000178e+00 1.254048668273299583e-01
1.250000000000000000e+00 1.249159540713552785e-01
1.300000000000000044e+00 1.244072877641869274e-01
1.350000000000000089e+00 1.238789183035139824e-01
1.400000000000000133e+00 1.233309098833567097e-01
1.450000000000000178e+00 1.227633428379416025e-01
1.500000000000000000e+00 1.221763160469798437e-01
1.550000000000000044e+00 1.215699493669358117e-01
1.600000000000000089e+00 1.209443860511174029e-01
1.650000000000000133e+00 1.202997951203662597e-01
1.700000000000000178e+00 1.196363736457839166e-01
1.750000000000000000e+00 1.189543489053150327e-01
1.800000000000000044e+00 1.182539803770977227e-01
1.850000000000000089e+00 1.175355615342740800e-01
1.900000000000000133e+00 1.167994214083750704e-01
1.950000000000000178e+00 1.160459258914137426e-01
2.000000000000000000e+00 1.152754787503660200e-01
2.050000000000000266e+00 1.144885223317232276e-01
2.100000000000000089e+00 1.136855379381767339e-01
2.149999999999999911e+00 1.128670458641603952e-01
2.200000000000000178e+00 1.120336050818368373e-01
2.250000000000000000e+00 1.111858125740800424e-01
2.300000000000000266e+00 1.103243023159819064e-01
2.350000000000000089e+00 1.094497439113092524e-01
2.400000000000000355e+00 1.085628408950723156e-01
2.450000000000000178e+00 1.076643287178537522e-01
2.500000000000000000e+00 1.067549724317251730e-01
2.550000000000000266e+00 1.058355641013636605e-01
2.600000000000000089e+00 1.049069199673431235e-01
2.650000000000000355e+00 1.039698773914479457e-01
2.700000000000000178e+00 1.030252916162182897e-01
2.750000000000000000e+00 1.020740323727623994e-01
2.800000000000000266e+00 1.011169803721429922e-01
2.850000000000000089e+00 1.001550237163719437e-01
2.900000000000000355e+00 9.918905426522700575e-02
2.950000000000000178e+00 9.821996399476215500e-02
3.000000000000000000e+00 9.724864138254400714e-02
3.050000000000000266e+00 9.627596785334308072e-02
3.100000000000000089e+00 9.530281431728376829e-02
3.150000000000000355e+00 9.433003783035665002e-02
3.200000000000000178e+00 9.335847840477198845e-02
3.250000000000000000e+00 9.238895599393386060e-02
3.300000000000000266e+00 9.142226767390593256e-02
3.350000000000000089e+00 9.045918504016274564e-02
3.400000000000000355e+00 8.950045183524610315e-02
3.450000000000000178e+00 8.854678181971939455e-02
3.500000000000000000e+00 8.759885689558413735e-02
3.550000000000000266e+00 8.665732548815162362e-02
3.600000000000000089e+00 8.572280118927656789e-02
3.650000000000000355e+00 8.479586166191716012e-02
3.700000000000000178e+00 8.387704780320580367e-02
3.750000000000000000e+00 8.296686316063923983e-02
3.800000000000000266e+00 8.206577359364337909e-02
3.850000000000000089e+00 8.117420717065818025e-02
3.900000000000000355e+00 8.029255429003667732e-02
3.950000000000000178e+00 7.942116801146567595e-02
4.000000000000000000e+00 7.856036458329922201e-02
4.049999999999999822e+00 7.771042415014907390e-02
4.100000000000000533e+00 7.687159162429145487e-02
4.150000000000000355e+00 7.604407770392133947e-02
4.200000000000000178e+00 7.522806002099774458e-02
4.250000000000000000e+00 7.442368440136408470e-02
4.299999999999999822e+00 7.363106621997883572e-02
4.350000000000000533e+00 7.285029183443192391e-02
4.400000000000000355e+00 7.208142008043344484e-02
4.450000000000000178e+00 7.132448381362178902e-02
4.500000000000000000e+00 7.057949148282487151e-02
4.549999999999999822e+00 6.984642872080040754e-02
4.600000000000000533e+00 6.912525993945649316e-02
4.650000000000000355e+00 6.841592991759412601e-02
4.700000000000000178e+00 6.771836537029521375e-02
4.750000000000000000e+00 6.703247649018806431e-02
4.800000000000000711e+00 6.635815845193777929e-02
4.850000000000000533e+00 6.569529287241894500e-02
4.900000000000000355e+00 6.504374922011399440e-02
4.950000000000000178e+00 6.440338616833761465e-02
5.000000000000000000e+00 6.377405288789633753e-02
5.050000000000000711e+00 6.315559027575388951e-02
5.100000000000000533e+00 6.254783211717124258e-02
5.150000000000000355e+00 6.195060617962776933e-02
5.200000000000000178e+00 6.136373523759736798e-02
5.250000000000000000e+00 6.078703802795085154e-02
5.300000000000000711e+00 6.022033013638240090e-02
5.350000000000000533e+00 5.966342481581208418e-02
5.400000000000000355e+00 5.911613373820143874e-02
5.450000000000000178e+00 5.857826768163364173e-02
5.500000000000000000e+00 5.804963715486185366e-02
5.550000000000000711e+00 5.753005296181452205e-02
5.600000000000000533e+00 5.701932670877823961e-02
5.650000000000000355e+00 5.651727125715105826e-02
5.700000000000000178e+00 5.602370112478512187e-02
5.750000000000000000e+00 5.553843283901577915e-02
5.800000000000000711e+00 5.506128524451352202e-02
5.850000000000000533e+00 5.459207976909517812e-02
5.900000000000000355e+00 5.413064065060334967e-02
5.950000000000000178e+00 5.367679512790345109e-02
6.000000000000000000e+00 5.323037359896894832e-02
6.050000000000000711e+00 5.279120974892482360e-02
6.100000000000000533e+00 5.235914065080376351e-02
6.150000000000000355e+00 5.193400684164236475e-02
6.200000000000000178e+00 5.151565237640794159e-02
6.250000000000000000e+00 5.110392486210314777e-02
6.300000000000000711e+00 5.069867547424827814e-02
6.350000000000000533e+00 5.029975895779505851e-02
6.400000000000000355e+00 4.990703361437364566e-02
6.450000000000000178e+00 4.952036127763268653e-02
6.500000000000000000e+00 4.913960727828629166e-02
6.550000000000000711e+00 4.876464040034552555e-02
6.600000000000000533e+00 4.839533282987807522e-02
6.650000000000000355e+00 4.803156009751381045e-02
6.700000000000000178e+00 4.767320101579360092e-02
6.750000000000000000e+00 4.732013761234596383e-02
6.800000000000000711e+00 4.697225505977038751e-02
6.850000000000000533e+00 4.662944160300823426e-02
6.900000000000000355e+00 4.629158848489021982e-02
6.950000000000000178e+00 4.595858987046693572e-02
7.000000000000000000e+00 4.563034277065124156e-02
7.050000000000000711e+00 4.530674696563129211e-02
7.100000000000000533e+00 4.498770492845066693e-02
7.150000000000000355e+00 4.467312174909269379e-02
7.200000000000000178e+00 4.436290505935658324e-02
7.250000000000000000e+00 4.405696495876514768e-02
7.300000000000000711e+00 4.375521394170368145e-02
7.350000000000000533e+00 4.345756682595255244e-02
7.400000000000000355e+00 4.316394068274386625e-02
7.450000000000000178e+00 4.287425476844455158e-02
7.500000000000000000e+00 4.258843045794268034e-02
7.550000000000000711e+00 4.230639117979278357e-02
7.600000000000000533e+00 4.202806235315761918e-02
7.650000000000000355e+00 4.175337132656620903e-02
7.700000000000000178e+00 4.148224731849640273e-02
7.750000000000000000e+00 4.121462135977690261e-02
7.800000000000000711e+00 4.095042623779458768e-02
7.850000000000000533e+00 4.068959644248526519e-02
7.900000000000000355e+00 4.043206811407843576e-02
7.950000000000000178e+00 4.017777899256219643e-02
8.000000000000000000e+00 3.992666836882976383e-02
8.050000000000000711e+00 3.967867703746580377e-02
8.099999999999999645e+00 3.943374725112875484e-02
8.150000000000000355e+00 3.919182267648330109e-02
8.200000000000001066e+00 3.895284835163628084e-02
8.250000000000000000e+00 3.871677064502874327e-02
8.300000000000000711e+00 3.848353721573701675e-02
8.349999999999999645e+00 3.825309697513525758e-02
8.400000000000000355e+00 3.802540004987360611e-02
8.450000000000001066e+00 3.780039774612548725e-02
8.500000000000000000e+00 3.757804251505978549e-02
8.550000000000000711e+00 3.735828791949376976e-02
8.599999999999999645e+00 3.714108860168419818e-02
8.650000000000000355e+00 3.692640025221544109e-02
8.700000000000001066e+00 3.671417957994392578e-02
8.750000000000000000e+00 3.650438428296035043e-02
8.800000000000000711e+00 3.629697302053169067e-02
8.849999999999999645e+00 3.609190538598681941e-02
8.900000000000000355e+00 3.588914188050971316e-02
8.950000000000001066e+00 3.568864388780726427e-02
9.000000000000000000e+00 3.549037364961772634e-02
9.050000000000000711e+00 3.529429424202847748e-02
9.099999999999999645e+00 3.510036955257282015e-02
9.150000000000000355e+00 3.490856425807551539e-02
9.200000000000001066e+00 3.471884380321946240e-02
9.250000000000000000e+00 3.453117437980590676e-02
9.300000000000000711e+00 3.434552290668181629e-02
9.349999999999999645e+00 3.416185701030984012e-02
9.400000000000000355e+00 3.398014500595637061e-02
9.450000000000001066e+00 3.380035587947485126e-02
9.500000000000000000e+00 3.362245926966258430e-02
9.550000000000000711e+00 3.344642545116964516e-02
9.600000000000001421e+00 3.327222531794018362e-02
9.650000000000000355e+00 3.309983036716680760e-02
9.700000000000001066e+00 3.292921268373995292e-02
9.750000000000000000e+00 3.276034492517464203e-02
9.800000000000000711e+00 3.259320030699775633e-02
9.850000000000001421e+00 3.242775258858040383e-02
9.900000000000000355e+00 3.226397605939932550e-02
9.950000000000001066e+00 3.210184552571312272e-02
1.000000000000000000e+01 3.194133629763890730e-02
1.005000000000000071e+01 3.178242417661565622e-02
1.010000000000000142e+01 3.162508544324129506e-02
1.015000000000000036e+01 3.146929684547025013e-02
1.020000000000000107e+01 3.131503558715976326e-02
1.025000000000000000e+01 3.116227931695252779e-02
1.030000000000000071e+01 3.101100611748419320e-02
1.035000000000000142e+01 3.086119449490455982e-02
1.040000000000000036e+01 3.071282336870172908e-02
1.045000000000000107e+01 3.056587206181857891e-02
1.050000000000000000e+01 3.042032029105156549e-02
1.055000000000000071e+01 3.027614815772225812e-02
1.060000000000000142e+01 3.013333613861225377e-02
1.065000000000000036e+01 2.999186507715247141e-02
1.070000000000000107e+01 2.985171617485850651e-02
1.075000000000000000e+01 2.971287098300377794e-02
1.080000000000000071e+01 2.957531139452278246e-02
1.085000000000000142e+01 2.943901963613708775e-02
1.090000000000000036e+01 2.930397826069694803e-02
1.095000000000000107e+01 2.917017013973189840e-02
1.100000000000000000e+01 2.903757845620402039e-02
1.105000000000000071e+01 2.890618669745734226e-02
1.110000000000000142e+01 2.877597864835811092e-02
1.115000000000000036e+01 2.864693838461940256e-02
1.120000000000000107e+01 2.851905026630555465e-02
1.125000000000000000e+01 2.839229893151017092e-02
1.130000000000000071e+01 2.826666929020299132e-02
1.135000000000000142e+01 2.814214651824057875e-02
1.140000000000000036e+01 2.801871605153549022e-02
1.145000000000000107e+01 2.789636358037949487e-02
1.150000000000000000e+01 2.777507504391566254e-02
1.155000000000000071e+01 2.765483662475517676e-02
1.160000000000000142e+01 2.753563474373352249e-02
1.165000000000000036e+01 2.741745605480259973e-02
1.170000000000000107e+01 2.730028744005361108e-02
1.175000000000000000e+01 2.718411600486698304e-02
1.180000000000000071e+01 2.706892907318522029e-02
1.185000000000000142e+01 2.695471418290479662e-02
1.190000000000000036e+01 2.684145908138345360e-02
1.195000000000000107e+01 2.672915172105928133e-02
