0.000000000000000000e+00 0.000000000000000000e+00
5.000000000000000278e-02 2.326444180499913635e-05
1.000000000000000056e-01 4.648877850210053229e-05
1.500000000000000222e-01 6.963303211424201340e-05
2.000000000000000111e-01 9.265747834105554442e-05
2.500000000000000000e-01 1.155227719389767798e-04
3.000000000000000444e-01 1.381900703631763891e-04
3.500000000000000333e-01 1.606211551112450618e-04
4.000000000000000222e-01 1.827785502247560880e-04
4.500000000000000111e-01 2.046256374246178901e-04
5.000000000000000000e-01 2.261267673792287066e-04
5.500000000000000444e-01 2.472473666305372085e-04
6.000000000000000888e-01 2.679540397318383059e-04
6.500000000000000222e-01 2.882146661821175155e-04
7.000000000000000666e-01 3.079984917746150363e-04
7.500000000000000000e-01 3.272762140116203711e-04
8.000000000000000444e-01 3.460200612729297069e-04
8.500000000000000888e-01 3.642038654615648366e-04
9.000000000000000222e-01 3.818031278868735121e-04
9.500000000000000666e-01 3.987950781817219126e-04
1.000000000000000000e+00 4.151587260868498772e-04
1.050000000000000044e+00 4.308749059713561308e-04
1.100000000000000089e+00 4.459263139934854813e-04
1.150000000000000133e+00 4.602975378402856827e-04
1.200000000000000178e+00 4.739750790181284810e-04
1.250000000000000000e+00 4.869473676984948057e-04
1.300000000000000044e+00 4.992047701547558869e-04
1.350000000000000089e+00 5.107395888559490994e-04
1.400000000000000133e+00 5.215460553127414852e-04
1.450000000000000178e+00 5.316203157989611008e-04
1.500000000000000000e+00 5.409604100992990812e-04
1.550000000000000044e+00 5.495662434601063804e-04
1.600000000000000089e+00 5.574395519456704431e-04
1.650000000000000133e+00 5.645838614270690115e-04
1.700000000000000178e+00 5.710044404546015667e-04
1.750000000000000000e+00 5.767082472880361802e-04
1.800000000000000044e+00 5.817038713813558895e-04
1.850000000000000089e+00 5.860014696404164565e-04
1.900000000000000133e+00 5.896126977928092035e-04
1.950000000000000178e+00 5.925506372291953648e-04
2.000000000000000000e+00 5.948297176943257965e-04
2.050000000000000266e+00 5.964656362237302908e-04
2.100000000000000089e+00 5.974752727384697020e-04
2.149999999999999911e+00 5.978766027252147962e-04
2.200000000000000178e+00 5.976886074420424948e-04
2.250000000000000000e+00 5.969311821014719032e-04
2.300000000000000266e+00 5.956250424912205204e-04
2.350000000000000089e+00 5.937916304996985464e-04
2.400000000000000355e+00 5.914530190171594058e-04
2.450000000000000178e+00 5.886318166845528254e-04
2.500000000000000000e+00 5.853510729602203443e-04
2.550000000000000266e+00 5.816341839696189796e-04
2.600000000000000089e+00 5.775047995950445328e-04
2.650000000000000355e+00 5.729867322508780348e-04
2.700000000000000178e+00 5.681038677751500555e-04
2.750000000000000000e+00 5.628800788502442368e-04
2.800000000000000266e+00 5.573391413444407205e-04
2.850000000000000089e+00 5.515046539418834697e-04
2.900000000000000355e+00 5.453999614015686125e-04
2.950000000000000178e+00 5.390480817564194307e-04
3.000000000000000000e+00 5.324716377316044682e-04
3.050000000000000266e+00 5.256927926273863814e-04
3.100000000000000089e+00 5.187331908762087820e-04
3.150000000000000355e+00 5.116139034468967844e-04
3.200000000000000178e+00 5.043553782310956999e-04
3.250000000000000000e+00 4.969773955088395553e-04
3.300000000000000266e+00 4.894990285518450350e-04
3.350000000000000089e+00 4.819386093851529135e-04
3.400000000000000355e+00 4.743136996905395809e-04
3.450000000000000178e+00 4.666410667990357648e-04
3.500000000000000000e+00 4.589366646853286534e-04
3.550000000000000266e+00 4.512156198441144399e-04
3.600000000000000089e+00 4.434922218979134843e-04
3.650000000000000355e+00 4.357799187577487705e-04
3.700000000000000178e+00 4.280913161326487231e-04
3.750000000000000000e+00 4.204381811613362870e-04
3.800000000000000266e+00 4.128314499199026090e-04
3.850000000000000089e+00 4.052812385427780441e-04
3.900000000000000355e+00 3.977968576809885249e-04
3.950000000000000178e+00 3.903868300115532477e-04
4.000000000000000000e+00 3.830589105048416384e-04
4.049999999999999822e+00 3.758201091527709316e-04
4.100000000000000533e+00 3.686767158597101246e-04
4.150000000000000355e+00 3.616343271997626190e-04
4.200000000000000178e+00 3.546978747485263358e-04
4.250000000000000000e+00 3.478716547043026841e-04
4.299999999999999822e+00 3.411593585227921878e-04
4.350000000000000533e+00 3.345641043003698043e-04
4.400000000000000355e+00 3.280884686538073107e-04
4.450000000000000178e+00 3.217345188585605609e-04
4.500000000000000000e+00 3.155038450231995441e-04
4.549999999999999822e+00 3.093975920939816379e-04
4.600000000000000533e+00 3.034164915006952695e-04
4.650000000000000355e+00 2.975608922724943791e-04
4.700000000000000178e+00 2.918307914702694531e-04
4.750000000000000000e+00 2.862258637999553156e-04
4.800000000000000711e+00 2.807454902888336171e-04
4.850000000000000533e+00 2.753887859242010985e-04
4.900000000000000355e+00 2.701546261705520301e-04
4.950000000000000178e+00 2.650416722975472623e-04
5.000000000000000000e+00 2.600483954663699118e-04
5.050000000000000711e+00 2.551730995365223938e-04
5.100000000000000533e+00 2.504139425685943045e-04
5.150000000000000355e+00 2.457689570109963242e-04
5.200000000000000178e+00 2.412360685700414150e-04
5.250000000000000000e+00 2.368131137730537740e-04
5.300000000000000711e+00 2.324978562433948649e-04
5.350000000000000533e+00 2.282880017143927543e-04
5.400000000000000355e+00 2.241812118162165581e-04
5.450000000000000178e+00 2.201751166757218441e-04
5.500000000000000000e+00 2.162673263743110353e-04
5.550000000000000711e+00 2.124554413128910816e-04
5.600000000000000533e+00 2.087370615361934219e-04
5.650000000000000355e+00 2.051097950710426172e-04
5.700000000000000178e+00 2.015712653347421590e-04
5.750000000000000000e+00 1.981191176706183037e-04
5.800000000000000711e+00 1.947510250680196335e-04
5.850000000000000533e+00 1.914646931237583619e-04
5.900000000000000355e+00 1.882578643011896698e-04
5.950000000000000178e+00 1.851283215419051421e-04
6.000000000000000000e+00 1.820738912834366386e-04
6.050000000000000711e+00 1.790924459344953566e-04
6.100000000000000533e+00 1.761819058571457498e-04
6.150000000000000355e+00 1.733402409030070058e-04
6.200000000000000178e+00 1.705654715481251635e-04
6.250000000000000000e+00 1.678556696686093683e-04
6.300000000000000711e+00 1.652089589965199934e-04
6.350000000000000533e+00 1.626235152928719348e-04
6.400000000000000355e+00 1.600975662719903130e-04
6.450000000000000178e+00 1.576293913088813530e-04
6.500000000000000000e+00 1.552173209587449346e-04
6.550000000000000711e+00 1.528597363153153411e-04
6.600000000000000533e+00 1.505550682323522204e-04
6.650000000000000355e+00 1.483017964303566299e-04
6.700000000000000178e+00 1.460984485084447894e-04
6.750000000000000000e+00 1.439435988792957645e-04
6.800000000000000711e+00 1.418358676431918171e-04
6.850000000000000533e+00 1.397739194154049664e-04
6.900000000000000355e+00 1.377564621195382201e-04
6.950000000000000178e+00 1.357822457579142177e-04
7.000000000000000000e+00 1.338500611687120235e-04
7.050000000000000711e+00 1.319587387782730130e-04
7.100000000000000533e+00 1.301071473558379466e-04
7.150000000000000355e+00 1.282941927769251894e-04
7.200000000000000178e+00 1.265188168006087818e-04
7.250000000000000000e+00 1.247799958651053245e-04
7.300000000000000711e+00 1.230767399053159293e-04
7.350000000000000533e+00 1.214080911952922307e-04
7.400000000000000355e+00 1.197731232180004662e-04
7.450000000000000178e+00 1.181709395642249809e-04
7.500000000000000000e+00 1.166006728619972682e-04
7.550000000000000711e+00 1.150614837375337824e-04
7.600000000000000533e+00 1.135525598083169979e-04
7.650000000000000355e+00 1.120731147086596538e-04
7.700000000000000178e+00 1.106223871478371438e-04
7.750000000000000000e+00 1.091996400006575821e-04
7.800000000000000711e+00 1.078041594301622821e-04
7.850000000000000533e+00 1.064352540419963761e-04
7.900000000000000355e+00 1.050922540698730803e-04
7.950000000000000178e+00 1.037745105914539636e-04
8.000000000000000000e+00 1.024813947738913486e-04
8.050000000000000711e+00 1.012122971482215755e-04
8.099999999999999645e+00 9.996662691175357308e-05
8.150000000000000355e+00 9.874381125756682032e-05
8.200000000000001066e+00 9.754329473021622311e-05
8.250000000000000000e+00 9.636453860672971976e-05
8.300000000000000711e+00 9.520702030198437583e-05
8.349999999999999645e+00 9.407023279755496797e-05
8.400000000000000355e+00 9.295368409313461359e-05
8.450000000000001066e+00 9.185689667964785996e-05
8.500000000000000000e+00 9.077940703319263885e-05
8.550000000000000711e+00 8.972076512896937973e-05
8.599999999999999645e+00 8.868053397438146015e-05
8.650000000000000355e+00 8.765828916051261190e-05
8.700000000000001066e+00 8.665361843121876357e-05
8.750000000000000000e+00 8.566612126909214236e-05
8.800000000000000711e+00 8.469540849758947518e-05
8.849999999999999645e+00 8.374110189863782612e-05
8.900000000000000355e+00 8.280283384506292789e-05
8.950000000000001066e+00 8.188024694720908261e-05
9.000000000000000000e+00 8.097299371314708386e-05
9.050000000000000711e+00 8.008073622189196858e-05
9.099999999999999645e+00 7.920314580907773675e-05
9.150000000000000355e+00 7.833990276455931158e-05
9.200000000000001066e+00 7.749069604143726071e-05
9.250000000000000000e+00 7.665522297602081622e-05
9.300000000000000711e+00 7.583318901826802821e-05
9.349999999999999645e+00 7.502430747226343500e-05
9.400000000000000355e+00 7.422829924631024832e-05
9.450000000000001066e+00 7.344489261223744402e-05
9.500000000000000000e+00 7.267382297353650023e-05
9.550000000000000711e+00 7.191483264196242065e-05
9.600000000000001421e+00 7.116767062224974006e-05
9.650000000000000355e+00 7.043209240460864256e-05
9.700000000000001066e+00 6.970785976468377903e-05
9.750000000000000000e+00 6.899474057067119046e-05
9.800000000000000711e+00 6.829250859730214788e-05
9.850000000000001421e+00 6.760094334641749119e-05
9.900000000000000355e+00 6.691982987386712234e-05
9.950000000000001066e+00 6.624895862248070526e-05
1.000000000000000000e+01 6.558812526086887993e-05
1.005000000000000071e+01 6.493713052782303888e-05
1.010000000000000142e+01 6.429578008209324797e-05
1.015000000000000036e+01 6.366388435733211942e-05
1.020000000000000107e+01 6.304125842200377521e-05
1.025000000000000000e+01 6.242772184406456036e-05
1.030000000000000071e+01 6.182309856022970100e-05
1.035000000000000142e+01 6.122721674965034787e-05
1.040000000000000036e+01 6.063990871183178147e-05
1.045000000000000107e+01 6.006101074862982340e-05
1.050000000000000000e+01 5.949036305017163946e-05
1.055000000000000071e+01 5.892780958455165328e-05
1.060000000000000142e+01 5.837319799116168548e-05
1.065000000000000036e+01 5.782637947751726522e-05
1.070000000000000107e+01 5.728720871945177192e-05
1.075000000000000000e+01 5.675554376455193488e-05
1.080000000000000071e+01 5.623124593871556412e-05
1.085000000000000142e+01 5.571417975571649889e-05
1.090000000000000036e+01 5.520421282966712039e-05
1.095000000000000107e+01 5.470121579027175670e-05
1.100000000000000000e+01 5.420506220077098267e-05
1.105000000000000071e+01 5.371562847847880282e-05
1.110000000000000142e+01 5.323279381781984866e-05
1.115000000000000036e+01 5.275644011577691999e-05
1.120000000000000107e+01 5.228645189966315057e-05
1.125000000000000000e+01 5.182271625713616838e-05
1.130000000000000071e+01 5.136512276837520524e-05
1.135000000000000142e+01 5.091356344034512636e-05
1.140000000000000036e+01 5.046793264307388414e-05
1.145000000000000107e+01 5.002812704787395337e-05
1.150000000000000000e+01 4.959404556743976137e-05
1.155000000000000071e+01 4.916558929775614916e-05
1.160000000000000142e+01 4.874266146175624024e-05
1.165000000000000036e+01 4.832516735466799493e-05
1.170000000000000107e+01 4.791301429099223825e-05
1.175000000000000000e+01 4.750611155305696867e-05
1.180000000000000071e+01 4.710437034109403578e-05
1.185000000000000142e+01 4.670770372478720236e-05
1.190000000000000036e+01 4.631602659624271345e-05
1.195000000000000107e+01 4.592925562433382752e-05
1.200000000000000000e+01 4.554730921037456587e-05
1.205000000000000071e+01 4.517010744507799093e-05
1.210000000000000142e+01 4.479757206675728516e-05
1.215000000000000036e+01 4.442962642072810562e-05
1.220000000000000107e+01 4.406619541987323043e-05
1.225000000000000000e+01 4.370720550633193613e-05
1.230000000000000071e+01 4.335258461427678926e-05
1.235000000000000142e+01 4.300226213374376744e-05
1.240000000000000036e+01 4.265616887548083925e-05
1.245000000000000107e+01 4.231423703678286998e-05
1.250000000000000000e+01 4.197640016828120806e-05
1.255000000000000071e+01 4.164259314165765549e-05
1.260000000000000142e+01 4.131275211825357583e-05
1.265000000000000036e+01 4.098681451854544925e-05
1.270000000000000107e+01 4.066471899246036571e-05
1.275000000000000000e+01 4.034640539050478498e-05
1.280000000000000071e+01 4.003181473568075946e-05
1.285000000000000142e+01 3.972088919616608587e-05
1.290000000000000036e+01 3.941357205873407258e-05
1.295000000000000107e+01 3.910980770289015424e-05
1.300000000000000000e+01 3.880954157570377824e-05
1.305000000000000071e+01 3.851272016731364841e-05
1.310000000000000142e+01 3.821929098708662750e-05
1.315000000000000036e+01 3.792920254040933254e-05
1.320000000000000107e+01 3.764240430609470332e-05
1.325000000000000000e+01 3.735884671438339795e-05
1.330000000000000071e+01 3.707848112552398307e-05
1.335000000000000142e+01 3.680125980891265367e-05
1.340000000000000036e+01 3.652713592277753404e-05
1.345000000000000107e+01 3.625606349439027378e-05
1.350000000000000000e+01 3.598799740078978697e-05
1.355000000000000071e+01 3.572289335000305061e-05
1.360000000000000142e+01 3.546070786274835946e-05
1.365000000000000036e+01 3.520139825460661748e-05
1.370000000000000107e+01 3.494492261864741130e-05
1.375000000000000000e+01 3.469123980849686908e-05
1.380000000000000071e+01 3.444030942183331839e-05
1.385000000000000142e+01 3.419209178430024674e-05
1.390000000000000036e+01 3.394654793382299868e-05
1.395000000000000107e+01 3.370363960531821154e-05
1.400000000000000000e+01 3.346332921578539865e-05
1.405000000000000071e+01 3.322557984976855032e-05
1.410000000000000142e+01 3.299035524517850994e-05
1.415000000000000036e+01 3.275761977946502559e-05
1.420000000000000107e+01 3.252733845612939699e-05
1.425000000000000000e+01 3.229947689156756693e-05
1.430000000000000071e+01 3.207400130223450927e-05
1.435000000000000142e+01 3.185087849212172093e-05
1.440000000000000036e+01 3.163007584053787716e-05
1.445000000000000107e+01 3.141156129018539948e-05
1.450000000000000000e+01 3.119530333552406612e-05
1.455000000000000071e+01 3.098127101141430597e-05
1.460000000000000142e+01 3.076943388203196998e-05
1.465000000000000036e+01 3.055976203004782406e-05
1.470000000000000107e+01 3.035222604606382853e-05
1.475000000000000000e+01 3.014679701830019347e-05
1.480000000000000071e+01 2.994344652252525814e-05
1.485000000000000142e+01 2.974214661222296651e-05
1.490000000000000036e+01 2.954286980899030883e-05
1.495000000000000107e+01 2.934558909315976229e-05
1.500000000000000000e+01 2.915027789463971389e-05
1.505000000000000071e+01 2.895691008396788501e-05
1.510000000000000142e+01 2.876545996357150314e-05
1.515000000000000036e+01 2.857590225922920977e-05
1.520000000000000107e+01 2.838821211172928684e-05
1.525000000000000000e+01 2.820236506871889241e-05
1.530000000000000071e+01 2.801833707673945736e-05
1.535000000000000142e+01 2.783610447344348591e-05
1.540000000000000036e+01 2.765564397998795249e-05
1.545000000000000107e+01 2.747693269359951403e-05
1.550000000000000000e+01 2.729994808030776016e-05
1.555000000000000071e+01 2.712466796784125284e-05
1.560000000000000142e+01 2.695107053868317764e-05
1.565000000000000036e+01 2.677913432328157838e-05
1.570000000000000107e+01 2.660883819341123454e-05
1.575000000000000000e+01 2.644016135568227850e-05
1.580000000000000071e+01 2.627308334519285596e-05
1.585000000000000142e+01 2.610758401932126887e-05
1.590000000000000036e+01 2.594364355165514123e-05
1.595000000000000107e+01 2.578124242605294223e-05
1.600000000000000000e+01 2.562036143083567806e-05
1.605000000000000071e+01 2.546098165310482889e-05
1.610000000000000142e+01 2.530308447318367141e-05
1.615000000000000213e+01 2.514665155917889027e-05
1.619999999999999929e+01 2.499166486165957127e-05
1.625000000000000000e+01 2.483810660845039842e-05
1.630000000000000071e+01 2.468595929953682863e-05
1.635000000000000142e+01 2.453520570207872397e-05
1.640000000000000213e+01 2.438582884553068973e-05
1.644999999999999929e+01 2.423781201686584535e-05
1.650000000000000000e+01 2.409113875590059562e-05
1.655000000000000071e+01 2.394579285071853851e-05
1.660000000000000142e+01 2.380175833319038596e-05
1.665000000000000213e+01 2.365901947458788501e-05
1.669999999999999929e+01 2.351756078128989605e-05
1.675000000000000000e+01 2.337736699057763656e-05
1.680000000000000071e+01 2.323842306651764360e-05
1.685000000000000142e+01 2.310071419593001221e-05
1.690000000000000213e+01 2.296422578444010372e-05
1.694999999999999929e+01 2.282894345261158293e-05
1.700000000000000000e+01 2.269485303215896103e-05
1.705000000000000071e+01 2.256194056223781159e-05
1.710000000000000142e+01 2.243019228581080265e-05
1.715000000000000213e+01 2.229959464608773247e-05
1.719999999999999929e+01 2.217013428303793573e-05
1.725000000000000000e+01 2.204179802997332892e-05
1.730000000000000071e+01 2.191457291020060746e-05
1.735000000000000142e+01 2.178844613374063629e-05
1.740000000000000213e+01 2.166340509411392596e-05
1.744999999999999929e+01 2.153943736519056451e-05
1.750000000000000000e+01 2.141653069810265026e-05
1.755000000000000071e+01 2.129467301821881209e-05
1.760000000000000142e+01 2.117385242217826257e-05
1.765000000000000213e+01 2.105405717498396050e-05
1.769999999999999929e+01 2.093527570715291759e-05
1.775000000000000000e+01 2.081749661192283291e-05
1.780000000000000071e+01 2.070070864251337446e-05
1.785000000000000142e+01 2.058490070944123723e-05
1.790000000000000213e+01 2.047006187788752069e-05
1.794999999999999929e+01 2.035618136511646711e-05
1.800000000000000000e+01 2.024324853794426618e-05
1.805000000000000071e+01 2.013125291025680126e-05
1.810000000000000142e+01 2.002018414057549689e-05
1.815000000000000213e+01 1.991003202966990226e-05
1.819999999999999929e+01 1.980078651821621090e-05
1.825000000000000000e+01 1.969243768450049020e-05
1.830000000000000071e+01 1.958497574216589563e-05
1.835000000000000142e+01 1.947839103800294135e-05
1.840000000000000213e+01 1.937267404978123143e-05
1.844999999999999929e+01 1.926781538412302761e-05
1.850000000000000000e+01 1.916380577441620085e-05
1.855000000000000071e+01 1.906063607876703735e-05
1.860000000000000142e+01 1.895829727799150331e-05
1.865000000000000213e+01 1.885678047364370801e-05
1.869999999999999929e+01 1.875607688608179214e-05
1.875000000000000000e+01 1.865617785256942543e-05
1.880000000000000071e+01 1.855707482541291015e-05
1.885000000000000142e+01 1.845875937013258605e-05
1.890000000000000213e+01 1.836122316366826571e-05
1.894999999999999929e+01 1.826445799261753475e-05
1.900000000000000000e+01 1.816845575150676106e-05
1.905000000000000071e+01 1.807320844109350528e-05
1.910000000000000142e+01 1.797870816670029179e-05
1.915000000000000213e+01 1.788494713657857131e-05
1.920000000000000284e+01 1.779191766030257708e-05
1.925000000000000000e+01 1.769961214719225788e-05
1.930000000000000071e+01 1.760802310476506448e-05
1.935000000000000142e+01 1.751714313721515278e-05
1.940000000000000213e+01 1.742696494392054245e-05
1.945000000000000284e+01 1.733748131797684192e-05
1.950000000000000000e+01 1.724868514475721783e-05
1.955000000000000071e+01 1.716056940049825658e-05
1.960000000000000142e+01 1.707312715091091160e-05
1.965000000000000213e+01 1.698635154981627211e-05
1.970000000000000284e+01 1.690023583780548923e-05
1.975000000000000000e+01 1.681477334092339529e-05
1.980000000000000071e+01 1.672995746937540977e-05
1.985000000000000142e+01 1.664578171625715253e-05
1.990000000000000213e+01 1.656223965630649662e-05
1.995000000000000284e+01 1.647932494467731188e-05
2.000000000000000000e+01 1.639703131573483165e-05
2.005000000000000071e+01 1.631535258187184967e-05
2.010000000000000142e+01 1.623428263234557445e-05
2.015000000000000213e+01 1.615381543213474124e-05
2.020000000000000284e+01 1.607394502081642266e-05
2.025000000000000000e+01 1.599466551146212792e-05
2.030000000000000071e+01 1.591597108955310595e-05
2.035000000000000142e+01 1.583785601191417831e-05
2.040000000000000213e+01 1.576031460566592549e-05
2.045000000000000284e+01 1.568334126719457292e-05
2.050000000000000000e+01 1.560693046113964427e-05
2.055000000000000071e+01 1.553107671939885361e-05
2.060000000000000142e+01 1.545577464014971457e-05
2.065000000000000213e+01 1.538101888688785305e-05
2.070000000000000284e+01 1.530680418748147785e-05
2.075000000000000000e+01 1.523312533324181795e-05
2.080000000000000071e+01 1.515997717800928573e-05
2.085000000000000142e+01 1.508735463725465309e-05
2.090000000000000213e+01 1.501525268719566890e-05
2.095000000000000284e+01 1.494366636392805400e-05
2.100000000000000000e+01 1.487259076257128716e-05
2.105000000000000071e+01 1.480202103642821452e-05
2.110000000000000142e+01 1.473195239615897734e-05
2.115000000000000213e+01 1.466238010896821779e-05
2.120000000000000284e+01 1.459329949780601863e-05
2.125000000000000000e+01 1.452470594058171765e-05
2.130000000000000071e+01 1.445659486939084442e-05
2.135000000000000142e+01 1.438896176975454068e-05
2.140000000000000213e+01 1.432180217987146074e-05
2.145000000000000284e+01 1.425511168988199979e-05
2.150000000000000000e+01 1.418888594114425685e-05
2.155000000000000071e+01 1.412312062552190877e-05
2.160000000000000142e+01 1.405781148468350905e-05
2.165000000000000213e+01 1.399295430941321810e-05
2.170000000000000284e+01 1.392854493893251116e-05
2.175000000000000000e+01 1.386457926023291451e-05
2.180000000000000071e+01 1.380105320741927715e-05
2.185000000000000142e+01 1.373796276106371671e-05
2.190000000000000213e+01 1.367530394756976368e-05
2.195000000000000284e+01 1.361307283854676664e-05
2.200000000000000000e+01 1.355126555019408228e-05
2.205000000000000071e+01 1.348987824269504375e-05
2.210000000000000142e+01 1.342890711962068496e-05
2.215000000000000213e+01 1.336834842734268072e-05
2.220000000000000284e+01 1.330819845445567198e-05
2.225000000000000000e+01 1.324845353120855600e-05
2.230000000000000071e+01 1.318911002894473991e-05
2.235000000000000142e+01 1.313016435955124573e-05
2.240000000000000213e+01 1.307161297491615187e-05
2.245000000000000284e+01 1.301345236639487088e-05
2.250000000000000000e+01 1.295567906428431484e-05
2.255000000000000071e+01 1.289828963730550215e-05
2.260000000000000142e+01 1.284128069209401137e-05
2.265000000000000213e+01 1.278464887269843774e-05
2.270000000000000284e+01 1.272839086008644083e-05
2.275000000000000000e+01 1.267250337165837823e-05
2.280000000000000071e+01 1.261698316076858623e-05
2.285000000000000142e+01 1.256182701625372142e-05
2.290000000000000213e+01 1.250703176196855102e-05
2.295000000000000284e+01 1.245259425632863473e-05
2.300000000000000000e+01 1.239851139186000302e-05
2.305000000000000071e+01 1.234478009475569649e-05
2.310000000000000142e+01 1.229139732443906778e-05
2.315000000000000213e+01 1.223836007313358886e-05
2.320000000000000284e+01 1.218566536543908547e-05
2.325000000000000000e+01 1.213331025791457174e-05
2.330000000000000071e+01 1.208129183866701059e-05
2.335000000000000142e+01 1.202960722694668102e-05
2.340000000000000213e+01 1.197825357274807312e-05
2.345000000000000284e+01 1.192722805641715276e-05
2.350000000000000000e+01 1.187652788826424894e-05
2.355000000000000071e+01 1.182615030818277034e-05
2.360000000000000142e+01 1.177609258527351572e-05
2.365000000000000213e+01 1.172635201747460016e-05
2.370000000000000284e+01 1.167692593119680059e-05
2.375000000000000000e+01 1.162781168096431895e-05
2.380000000000000071e+01 1.157900664906068345e-05
2.385000000000000142e+01 1.153050824518006070e-05
2.390000000000000213e+01 1.148231390608345180e-05
2.395000000000000284e+01 1.143442109526010278e-05
2.400000000000000000e+01 1.138682730259362622e-05
2.405000000000000071e+01 1.133953004403323392e-05
2.410000000000000142e+01 1.129252686126948249e-05
2.415000000000000213e+01 1.124581532141494700e-05
2.420000000000000284e+01 1.119939301668930604e-05
2.425000000000000000e+01 1.115325756410913111e-05
2.430000000000000071e+01 1.110740660518203149e-05
2.435000000000000142e+01 1.106183780560516474e-05
2.440000000000000213e+01 1.101654885496831269e-05
2.445000000000000284e+01 1.097153746646079277e-05
2.450000000000000000e+01 1.092680137658297726e-05
2.455000000000000071e+01 1.088233834486156988e-05
2.460000000000000142e+01 1.083814615356918376e-05
2.465000000000000213e+01 1.079422260744776986e-05
2.470000000000000284e+01 1.075056553343593339e-05
2.475000000000000000e+01 1.070717278040025324e-05
2.480000000000000071e+01 1.066404221887020134e-05
2.485000000000000142e+01 1.062117174077694651e-05
2.490000000000000213e+01 1.057855925919570564e-05
2.495000000000000284e+01 1.053620270809181509e-05
2.500000000000000000e+01 1.049410004207029016e-05
2.505000000000000071e+01 1.045224923612882857e-05
2.510000000000000142e+01 1.041064828541441387e-05
2.515000000000000213e+01 1.036929520498311551e-05
2.520000000000000284e+01 1.032818802956336685e-05
2.525000000000000000e+01 1.028732481332251274e-05
2.530000000000000071e+01 1.024670362963634198e-05
2.535000000000000142e+01 1.020632257086225533e-05
2.540000000000000213e+01 1.016617974811508296e-05
2.545000000000000284e+01 1.012627329104632903e-05
2.550000000000000000e+01 1.008660134762620472e-05
2.555000000000000071e+01 1.004716208392880881e-05
2.560000000000000142e+01 1.000795368392018139e-05
2.565000000000000213e+01 9.968974349249239223e-06
2.570000000000000284e+01 9.930222299041514692e-06
2.575000000000000000e+01 9.891695769695813735e-06
2.580000000000000071e+01 9.853393014683509675e-06
2.585000000000000142e+01 9.815312304350633970e-06
2.590000000000000213e+01 9.777451925722536867e-06
2.595000000000000284e+01 9.739810182311372058e-06
2.600000000000000000e+01 9.702385393925946254e-06
2.605000000000000071e+01 9.665175896484231831e-06
2.610000000000000142e+01 9.628180041828413797e-06
2.615000000000000213e+01 9.591396197542389766e-06
2.620000000000000284e+01 9.554822746771650098e-06
2.625000000000000000e+01 9.518458088045617820e-06
2.630000000000000071e+01 9.482300635102350076e-06
2.635000000000000142e+01 9.446348816715487598e-06
2.640000000000000213e+01 9.410601076523680912e-06
2.645000000000000284e+01 9.375055872862005362e-06
2.650000000000000000e+01 9.339711678595856263e-06
2.655000000000000071e+01 9.304566980956849816e-06
2.660000000000000142e+01 9.269620281381004239e-06
2.665000000000000213e+01 9.234870095348913122e-06
2.670000000000000284e+01 9.200314952228163417e-06
2.675000000000000000e+01 9.165953395117735486e-06
2.680000000000000071e+01 9.131783980694391979e-06
2.685000000000000142e+01 9.097805279061111459e-06
2.690000000000000213e+01 9.064015873597575221e-06
2.695000000000000284e+01 9.030414360812383763e-06
2.700000000000000000e+01 8.996999350197456907e-06
2.705000000000000071e+01 8.963769464084026333e-06
2.710000000000000142e+01 8.930723337500777898e-06
2.715000000000000213e+01 8.897859618033549089e-06
2.720000000000000284e+01 8.865176965687098336e-06
2.725000000000000000e+01 8.832674052748341374e-06
2.730000000000000071e+01 8.800349563651647594e-06
2.735000000000000142e+01 8.768202194845657667e-06
2.740000000000000213e+01 8.736230654661852825e-06
2.745000000000000284e+01 8.704433663184843630e-06
2.750000000000000000e+01 8.672809952124212188e-06
2.755000000000000071e+01 8.641358264688116204e-06
2.760000000000000142e+01 8.610077355458326209e-06
2.765000000000000213e+01 8.578965990267036477e-06
2.770000000000000284e+01 8.548022946075068461e-06
2.775000000000000000e+01 8.517247010851636166e-06
2.780000000000000071e+01 8.486636983455751363e-06
2.785000000000000142e+01 8.456191673518938335e-06
2.790000000000000213e+01 8.425909901329552886e-06
2.795000000000000284e+01 8.395790497718495576e-06
2.800000000000000000e+01 8.365832303946339499e-06
2.805000000000000071e+01 8.336034171591894630e-06
2.810000000000000142e+01 8.306394962442134193e-06
2.815000000000000213e+01 8.276913548383515261e-06
2.820000000000000284e+01 8.247588811294630874e-06
2.825000000000000000e+01 8.218419642940161520e-06
2.830000000000000071e+01 8.189404944866266562e-06
2.835000000000000142e+01 8.160543628297005665e-06
2.840000000000000213e+01 8.131834614032349247e-06
2.845000000000000284e+01 8.103276832347232488e-06
2.850000000000000000e+01 8.074869222891890039e-06
2.855000000000000071e+01 8.046610734593417243e-06
2.860000000000000142e+01 8.018500325558620541e-06
2.865000000000000213e+01 7.990536962977904639e-06
2.870000000000000284e+01 7.962719623030428538e-06
2.875000000000000000e+01 7.935047290790396581e-06
2.880000000000000071e+01 7.907518960134474371e-06
2.885000000000000142e+01 7.880133633650332923e-06
2.890000000000000213e+01 7.852890322546346482e-06
2.895000000000000284e+01 7.825788046562254268e-06
2.900000000000000000e+01 7.798825833881016531e-06
2.905000000000000071e+01 7.772002721041737868e-06
2.910000000000000142e+01 7.745317752853564635e-06
2.915000000000000213e+01 7.718769982310617423e-06
2.920000000000000284e+01 7.692358470507992496e-06
2.925000000000000000e+01 7.666082286558774587e-06
2.930000000000000071e+01 7.639940507511944158e-06
2.935000000000000142e+01 7.613932218271439165e-06
2.940000000000000213e+01 7.588056511515951204e-06
2.945000000000000284e+01 7.562312487619859221e-06
2.950000000000000000e+01 7.536699254575060226e-06
2.955000000000000071e+01 7.511215927913547947e-06
2.960000000000000142e+01 7.485861630631305218e-06
2.965000000000000213e+01 7.460635493112675801e-06
2.970000000000000284e+01 7.435536653055745862e-06
2.975000000000000000e+01 7.410564255398840150e-06
2.980000000000000071e+01 7.385717452247577207e-06
2.985000000000000142e+01 7.360995402802877504e-06
2.990000000000000213e+01 7.336397273289942266e-06
2.995000000000000284e+01 7.311922236887793882e-06
3.000000000000000000e+01 7.287569473659917462e-06
3.005000000000000071e+01 7.263338170485618978e-06
3.010000000000000142e+01 7.239227520991967018e-06
3.015000000000000213e+01 7.215236725486920377e-06
3.020000000000000284e+01 7.191364990892875784e-06
3.025000000000000000e+01 7.167611530681151599e-06
3.030000000000000071e+01 7.143975564807304137e-06
3.035000000000000142e+01 7.120456319646888694e-06
3.040000000000000213e+01 7.097053027932323403e-06
3.045000000000000284e+01 7.073764928690261314e-06
3.050000000000000000e+01 7.050591267179724797e-06
3.055000000000000071e+01 7.027531294830926052e-06
3.060000000000000142e+01 7.004584269184860104e-06
3.065000000000000213e+01 6.981749453833540699e-06
3.070000000000000284e+01 6.959026118360866395e-06
3.075000000000000000e+01 6.936413538284282013e-06
3.080000000000000071e+01 6.913910994996969487e-06
3.085000000000000142e+01 6.891517775710823909e-06
3.090000000000000213e+01 6.869233173399877661e-06
3.095000000000000284e+01 6.847056486744680842e-06
3.100000000000000000e+01 6.824987020076941734e-06
3.105000000000000071e+01 6.803024083325101550e-06
3.110000000000000142e+01 6.781166991960319987e-06
3.115000000000000213e+01 6.759415066943146883e-06
3.120000000000000284e+01 6.737767634670802033e-06
3.125000000000000000e+01 6.716224026924994578e-06
3.130000000000000071e+01 6.694783580820406454e-06
3.135000000000000142e+01 6.673445638753626479e-06
3.140000000000000213e+01 6.652209548352818799e-06
3.145000000000000284e+01 6.631074662427745407e-06
3.150000000000000000e+01 6.610040338920568778e-06
3.155000000000000071e+01 6.589105940857025496e-06
3.160000000000000142e+01 6.568270836298204673e-06
3.165000000000000213e+01 6.547534398292873545e-06
3.170000000000000284e+01 6.526896004830309595e-06
3.175000000000000000e+01 6.506355038793644284e-06
3.180000000000000071e+01 6.485910887913781072e-06
3.185000000000000142e+01 6.465562944723655637e-06
3.190000000000000213e+01 6.445310606513244874e-06
3.195000000000000284e+01 6.425153275284812215e-06
3.200000000000000000e+01 6.405090357708927985e-06
3.205000000000000426e+01 6.385121265080571071e-06
3.210000000000000142e+01 6.365245413276204681e-06
3.214999999999999858e+01 6.345462222710841939e-06
3.220000000000000284e+01 6.325771118295906841e-06
3.225000000000000000e+01 6.306171529397447581e-06
3.230000000000000426e+01 6.286662889794715790e-06
3.235000000000000142e+01 6.267244637639354797e-06
3.239999999999999858e+01 6.247916215414886042e-06
3.245000000000000284e+01 6.228677069896727426e-06
3.250000000000000000e+01 6.209526652112600453e-06
3.255000000000000426e+01 6.190464417303329540e-06
3.260000000000000142e+01 6.171489824884209699e-06
3.264999999999999858e+01 6.152602338406491939e-06
3.270000000000000284e+01 6.133801425519682686e-06
3.275000000000000000e+01 6.115086557933859281e-06
3.280000000000000426e+01 6.096457211382666502e-06
3.285000000000000142e+01 6.077912865586558720e-06
3.289999999999999858e+01 6.059453004216452021e-06
3.295000000000000284e+01 6.041077114857834577e-06
3.300000000000000000e+01 6.022784688975143823e-06
3.305000000000000426e+01 6.004575221876657793e-06
3.310000000000000142e+01 5.986448212679627850e-06
3.314999999999999858e+01 5.968403164275856970e-06
3.320000000000000284e+01 5.950439583297592255e-06
3.325000000000000000e+01 5.932556980083835903e-06
3.330000000000000426e+01 5.914754868646961089e-06
3.335000000000000142e+01 5.897032766639703098e-06
3.339999999999999858e+01 5.879390195322473165e-06
3.345000000000000284e+01 5.861826679530997587e-06
3.350000000000000000e+01 5.844341747644403210e-06
3.355000000000000426e+01 5.826934931553485883e-06
3.360000000000000142e+01 5.809605766629396501e-06
3.364999999999999858e+01 5.792353791692680248e-06
3.370000000000000284e+01 5.775178548982491193e-06
3.375000000000000000e+01 5.758079584126364221e-06
3.380000000000000426e+01 5.741056446110019155e-06
3.385000000000000142e+01 5.724108687247745944e-06
3.389999999999999858e+01 5.707235863152893191e-06
3.395000000000000284e+01 5.690437532708747156e-06
3.400000000000000000e+01 5.673713258039737718e-06
3.405000000000000426e+01 5.657062604482840852e-06
3.410000000000000142e+01 5.640485140559452051e-06
3.414999999999999858e+01 5.623980437947244504e-06
3.420000000000000284e+01 5.607548071452692193e-06
3.425000000000000000e+01 5.591187618983586215e-06
3.430000000000000426e+01 5.574898661521928882e-06
3.435000000000000142e+01 5.558680783097144611e-06
3.439999999999999858e+01 5.542533570759472074e-06
3.445000000000000284e+01 5.526456614553758697e-06
3.450000000000000000e+01 5.510449507493334771e-06
3.455000000000000426e+01 5.494511845534337348e-06
3.460000000000000142e+01 5.478643227550151018e-06
3.464999999999999858e+01 5.462843255306268818e-06
3.470000000000000284e+01 5.447111533435162461e-06
3.475000000000000000e+01 5.431447669411681110e-06
3.480000000000000426e+01 5.415851273528481490e-06
3.485000000000000142e+01 5.400321958871847646e-06
3.489999999999999858e+01 5.384859341297635199e-06
3.495000000000000284e+01 5.369463039407555275e-06
