0.000000000000000000e+00 1.623228743561454940e-02
5.000000000000000278e-02 1.967286677757521321e-02
1.000000000000000056e-01 1.912989737429164269e-02
1.500000000000000222e-01 1.816696306208942860e-02
2.000000000000000111e-01 1.686569330925824853e-02
2.500000000000000000e-01 1.521380661919508222e-02
3.000000000000000444e-01 1.325940335226948215e-02
3.500000000000000333e-01 1.104103443552772838e-02
4.000000000000000222e-01 8.569828757183785978e-03
4.500000000000000111e-01 5.895964326826129594e-03
5.000000000000000000e-01 3.065088908955441397e-03
5.500000000000000444e-01 1.116369044457473134e-04
6.000000000000000888e-01 -2.908769446572420387e-03
6.500000000000000222e-01 -5.956704068879345101e-03
7.000000000000000666e-01 -8.983612382359285053e-03
7.500000000000000000e-01 -1.195655714171693640e-02
8.000000000000000444e-01 -1.482690082633382651e-02
8.500000000000000888e-01 -1.756647681062924876e-02
9.000000000000000222e-01 -2.012557393887114132e-02
9.500000000000000666e-01 -2.248996282530580856e-02
1.000000000000000000e+00 -2.462606737258475620e-02
1.050000000000000044e+00 -2.651401745280661942e-02
1.100000000000000089e+00 -2.813628266959125601e-02
1.150000000000000133e+00 -2.948427836219751422e-02
1.200000000000000178e+00 -3.054447130063037488e-02
1.250000000000000000e+00 -3.132162189661219509e-02
1.300000000000000044e+00 -3.181419467244148841e-02
1.350000000000000089e+00 -3.202635162909305000e-02
1.400000000000000133e+00 -3.196756151153997555e-02
1.450000000000000178e+00 -3.164802389204394301e-02
1.500000000000000000e+00 -3.109994469668247302e-02
1.550000000000000044e+00 -3.031036197956889569e-02
1.600000000000000089e+00 -2.933193392221176282e-02
1.650000000000000133e+00 -2.816433844810629569e-02
1.700000000000000178e+00 -2.683888153709403784e-02
1.750000000000000000e+00 -2.537781889889715453e-02
1.800000000000000044e+00 -2.380361730066529388e-02
1.850000000000000089e+00 -2.213837001123082279e-02
1.900000000000000133e+00 -2.040827222738231944e-02
1.950000000000000178e+00 -1.863082181599547138e-02
2.000000000000000000e+00 -1.683074783478029704e-02
2.050000000000000266e+00 -1.502753427515176113e-02
2.100000000000000089e+00 -1.323679295444987573e-02
2.149999999999999911e+00 -1.148257863838351642e-02
2.200000000000000178e+00 -9.759423055125390073e-03
2.250000000000000000e+00 -8.118427694374935263e-03
2.300000000000000266e+00 -6.527361788691727132e-03
2.350000000000000089e+00 -5.029026812599168318e-03
2.400000000000000355e+00 -3.617343747668231874e-03
2.450000000000000178e+00 -2.301547724928969859e-03
2.500000000000000000e+00 -1.085192702048638422e-03
2.550000000000000266e+00 2.515736841337603221e-05
2.600000000000000089e+00 1.031787283679964657e-03
2.650000000000000355e+00 1.931240764050092592e-03
2.700000000000000178e+00 2.726506999304606580e-03
2.750000000000000000e+00 3.415038009098961182e-03
2.800000000000000266e+00 4.006426976115588096e-03
2.850000000000000089e+00 4.499397211553702106e-03
2.900000000000000355e+00 4.899666467002633183e-03
2.950000000000000178e+00 5.214073907664732062e-03
3.000000000000000000e+00 5.446879613627306042e-03
3.050000000000000266e+00 5.604769672675967776e-03
3.100000000000000089e+00 5.694092364637048410e-03
3.150000000000000355e+00 5.721329979537659143e-03
3.200000000000000178e+00 5.693311770900674404e-03
3.250000000000000000e+00 5.616963664735324067e-03
3.300000000000000266e+00 5.498362732493231562e-03
3.350000000000000089e+00 5.344512007620467672e-03
3.400000000000000355e+00 5.160229469338978824e-03
3.450000000000000178e+00 4.952482816762438303e-03
3.500000000000000000e+00 4.727387187176284450e-03
3.550000000000000266e+00 4.484924372432232131e-03
3.600000000000000089e+00 4.238788586532456562e-03
3.650000000000000355e+00 3.981545776810942357e-03
3.700000000000000178e+00 3.728394153842877132e-03
3.750000000000000000e+00 3.472839156313778462e-03
3.800000000000000266e+00 3.222999471965518146e-03
3.850000000000000089e+00 2.979864484759138250e-03
3.900000000000000355e+00 2.743034264022798513e-03
3.950000000000000178e+00 2.518640065907107838e-03
4.000000000000000000e+00 2.302912824629285704e-03
4.049999999999999822e+00 2.099341178058795367e-03
4.100000000000000533e+00 1.907754099210516542e-03
4.150000000000000355e+00 1.727921232889416403e-03
4.200000000000000178e+00 1.562379713189251821e-03
4.250000000000000000e+00 1.404820965932309165e-03
4.299999999999999822e+00 1.264897858027701476e-03
4.350000000000000533e+00 1.129639844716784792e-03
4.400000000000000355e+00 1.013201235964899995e-03
4.450000000000000178e+00 9.003526156466988648e-04
4.500000000000000000e+00 8.036415194928088089e-04
4.549999999999999822e+00 7.112068161419077793e-04
4.600000000000000533e+00 6.319505954026533338e-04
4.650000000000000355e+00 5.562751377068503268e-04
4.700000000000000178e+00 4.922606023311352792e-04
4.750000000000000000e+00 4.333049550128183626e-04
4.800000000000000711e+00 3.812812571318927881e-04
4.850000000000000533e+00 3.349333859615937262e-04
4.900000000000000355e+00 2.940954023714436412e-04
4.950000000000000178e+00 2.573772005304649402e-04
5.000000000000000000e+00 2.248182584309773571e-04
5.050000000000000711e+00 2.010668108672756030e-04
5.100000000000000533e+00 1.706433648381781680e-04
5.150000000000000355e+00 1.520809877004578742e-04
5.200000000000000178e+00 1.320308397941360003e-04
5.250000000000000000e+00 1.161339137529688730e-04
5.300000000000000711e+00 9.995357534936263162e-05
5.350000000000000533e+00 8.855713128692250841e-05
5.400000000000000355e+00 7.627544049792635392e-05
5.450000000000000178e+00 6.654064365185091701e-05
5.500000000000000000e+00 5.732304296352377720e-05
5.550000000000000711e+00 4.964023192115174976e-05
5.600000000000000533e+00 4.252923364169045945e-05
5.650000000000000355e+00 3.675607599905984731e-05
5.700000000000000178e+00 3.047531003997811885e-05
5.750000000000000000e+00 2.678975268855640074e-05
5.800000000000000711e+00 2.211677812845558685e-05
5.850000000000000533e+00 1.857141963943586998e-05
5.900000000000000355e+00 1.581648485582709031e-05
5.950000000000000178e+00 1.300376208050801521e-05
6.000000000000000000e+00 1.127889593355205297e-05
6.050000000000000711e+00 9.664433125848303442e-06
6.100000000000000533e+00 8.281039422231262928e-06
6.150000000000000355e+00 7.095457376861698946e-06
6.200000000000000178e+00 6.079505857126342112e-06
6.250000000000000000e+00 5.209009174240183865e-06
6.300000000000000711e+00 4.463030058316782554e-06
6.350000000000000533e+00 3.823823370966276968e-06
6.400000000000000355e+00 3.276156003488483301e-06
6.450000000000000178e+00 2.806856033324790798e-06
6.500000000000000000e+00 2.404745635957381943e-06
6.550000000000000711e+00 2.060238557005964155e-06
