0.000000000000000000e+00 8.131884291970908202e-03
5.000000000000000278e-02 9.391308358782818680e-03
1.000000000000000056e-01 9.190683075064862151e-03
1.500000000000000222e-01 8.839629496665417016e-03
2.000000000000000111e-01 8.356926948276981876e-03
2.500000000000000000e-01 7.750090989626368977e-03
3.000000000000000444e-01 7.039914561447970995e-03
3.500000000000000333e-01 6.203566278457113038e-03
4.000000000000000222e-01 5.296045499072248031e-03
4.500000000000000111e-01 4.301648352180332570e-03
5.000000000000000000e-01 3.237570077698273541e-03
5.500000000000000444e-01 2.130358528436765864e-03
6.000000000000000888e-01 9.823067956252057569e-04
6.500000000000000222e-01 -1.800145521254572123e-04
7.000000000000000666e-01 -1.344694553694618811e-03
7.500000000000000000e-01 -2.501745362816212067e-03
8.000000000000000444e-01 -3.633095217223207118e-03
8.500000000000000888e-01 -4.725597398514789528e-03
9.000000000000000222e-01 -5.762232112069252260e-03
9.500000000000000666e-01 -6.745101427949587967e-03
1.000000000000000000e+00 -7.641154686039656335e-03
1.050000000000000044e+00 -8.471173177674373722e-03
1.100000000000000089e+00 -9.206202974506973516e-03
1.150000000000000133e+00 -9.849045250008285624e-03
1.200000000000000178e+00 -1.039373835857315166e-02
1.250000000000000000e+00 -1.083954174924745863e-02
1.300000000000000044e+00 -1.118637906258073203e-02
1.350000000000000089e+00 -1.143442649348110594e-02
1.400000000000000133e+00 -1.158197887993694768e-02
1.450000000000000178e+00 -1.163686170236554081e-02
1.500000000000000000e+00 -1.159790786988937165e-02
1.550000000000000044e+00 -1.147563073542267123e-02
1.600000000000000089e+00 -1.127362722160881424e-02
1.650000000000000133e+00 -1.099668866611354205e-02
1.700000000000000178e+00 -1.065345008645944384e-02
1.750000000000000000e+00 -1.025062862215323986e-02
1.800000000000000044e+00 -9.796411672863707121e-03
1.850000000000000089e+00 -9.296961282759986719e-03
1.900000000000000133e+00 -8.761457249083408685e-03
1.950000000000000178e+00 -8.196371321793606557e-03
2.000000000000000000e+00 -7.608174124272096620e-03
2.050000000000000266e+00 -7.005722567645372365e-03
2.100000000000000089e+00 -6.394504668292940591e-03
2.149999999999999911e+00 -5.782221400839965969e-03
2.200000000000000178e+00 -5.170287929514329195e-03
2.250000000000000000e+00 -4.570752273029439310e-03
2.300000000000000266e+00 -3.982868659974336117e-03
2.350000000000000089e+00 -3.411834274777040838e-03
2.400000000000000355e+00 -2.864118078068067768e-03
2.450000000000000178e+00 -2.339912919040077529e-03
2.500000000000000000e+00 -1.843256735816518541e-03
2.550000000000000266e+00 -1.375800979965216119e-03
2.600000000000000089e+00 -9.404481306270700116e-04
2.650000000000000355e+00 -5.363481982555065976e-04
2.700000000000000178e+00 -1.658465942649632585e-04
2.750000000000000000e+00 1.710842893127387276e-04
2.800000000000000266e+00 4.749967929278654474e-04
2.850000000000000089e+00 7.456434609549296520e-04
2.900000000000000355e+00 9.837945970114947859e-04
2.950000000000000178e+00 1.190669176019858947e-03
3.000000000000000000e+00 1.367557269973026070e-03
3.050000000000000266e+00 1.515519139408910525e-03
3.100000000000000089e+00 1.636417226418898857e-03
3.150000000000000355e+00 1.731813687815231869e-03
3.200000000000000178e+00 1.803640300954606306e-03
3.250000000000000000e+00 1.853840371076755740e-03
3.300000000000000266e+00 1.884151647696829038e-03
3.350000000000000089e+00 1.896697895273644205e-03
3.400000000000000355e+00 1.893257552349861131e-03
3.450000000000000178e+00 1.875701154369282999e-03
3.500000000000000000e+00 1.846063450694666701e-03
3.550000000000000266e+00 1.805520367535807906e-03
3.600000000000000089e+00 1.756695630062502346e-03
3.650000000000000355e+00 1.700099096150429904e-03
3.700000000000000178e+00 1.637780495840836410e-03
3.750000000000000000e+00 1.570869793022328055e-03
3.800000000000000266e+00 1.500565856138986673e-03
3.850000000000000089e+00 1.427915061071378944e-03
3.900000000000000355e+00 1.353898915471096580e-03
3.950000000000000178e+00 1.279468883016560230e-03
4.000000000000000000e+00 1.204862226612465892e-03
4.049999999999999822e+00 1.132407224951865500e-03
4.100000000000000533e+00 1.058253273845234351e-03
4.150000000000000355e+00 9.900275701369171556e-04
4.200000000000000178e+00 9.208542164475063243e-04
4.250000000000000000e+00 8.555098930220628303e-04
4.299999999999999822e+00 7.924649694581120890e-04
4.350000000000000533e+00 7.324160450479078434e-04
4.400000000000000355e+00 6.752895235138219520e-04
4.450000000000000178e+00 6.212361249601817959e-04
4.500000000000000000e+00 5.702770010333705480e-04
4.549999999999999822e+00 5.223467328662117571e-04
4.600000000000000533e+00 4.776703198663757627e-04
4.650000000000000355e+00 4.353110349869019594e-04
4.700000000000000178e+00 3.975433233641672962e-04
4.750000000000000000e+00 3.602724339367024031e-04
4.800000000000000711e+00 3.276358991477737632e-04
4.850000000000000533e+00 2.966987539265368394e-04
4.900000000000000355e+00 2.685320131384666431e-04
4.950000000000000178e+00 2.426420801169493419e-04
5.000000000000000000e+00 2.189842766003637911e-04
5.050000000000000711e+00 1.973930723676951685e-04
5.100000000000000533e+00 1.777274902748104967e-04
5.150000000000000355e+00 1.598879931991080763e-04
5.200000000000000178e+00 1.435747137188299045e-04
5.250000000000000000e+00 1.292616230870241231e-04
5.300000000000000711e+00 1.149304767092053126e-04
5.350000000000000533e+00 1.046474399101494755e-04
5.400000000000000355e+00 9.222078144145094388e-05
5.450000000000000178e+00 8.319791688017919864e-05
5.500000000000000000e+00 7.417859707406124735e-05
5.550000000000000711e+00 6.629761584583489166e-05
5.600000000000000533e+00 5.914516260221992073e-05
5.650000000000000355e+00 5.273812413671326044e-05
5.700000000000000178e+00 4.698852462295223585e-05
5.750000000000000000e+00 4.183517226465532132e-05
5.800000000000000711e+00 3.725197818149089164e-05
5.850000000000000533e+00 3.308232412046102676e-05
5.900000000000000355e+00 2.962342518967811403e-05
5.950000000000000178e+00 2.606695825687794523e-05
6.000000000000000000e+00 2.348715063140826686e-05
6.050000000000000711e+00 2.079926765369612422e-05
6.100000000000000533e+00 1.870316719275065873e-05
6.150000000000000355e+00 1.657271736931334582e-05
6.200000000000000178e+00 1.497559683567330383e-05
6.250000000000000000e+00 1.330920943301082784e-05
6.300000000000000711e+00 1.221105347463032154e-05
6.350000000000000533e+00 1.069763143013495411e-05
6.400000000000000355e+00 1.052303582808130143e-05
6.450000000000000178e+00 7.882095860584064907e-06
6.500000000000000000e+00 8.662266882822778147e-06
6.550000000000000711e+00 7.296503864364946663e-06
6.600000000000000533e+00 6.580213902954166460e-06
6.650000000000000355e+00 6.014126187316497209e-06
6.700000000000000178e+00 5.413155411441008806e-06
6.750000000000000000e+00 4.879233847692361636e-06
6.800000000000000711e+00 4.381263511432762019e-06
6.850000000000000533e+00 3.920761025352353189e-06
6.900000000000000355e+00 3.510407247425251639e-06
6.950000000000000178e+00 3.092243415819896825e-06
7.000000000000000000e+00 3.138404604151015033e-06
7.050000000000000711e+00 2.807994250845646935e-06
7.100000000000000533e+00 2.512349958851110379e-06
7.150000000000000355e+00 2.247799012941023654e-06
7.200000000000000178e+00 2.011073965908356867e-06
7.250000000000000000e+00 1.799242148666772550e-06
7.300000000000000711e+00 1.609711024211355461e-06
7.350000000000000533e+00 1.440124743898346687e-06
7.400000000000000355e+00 1.288378542596277848e-06
7.450000000000000178e+00 1.152614628733184204e-06
7.500000000000000000e+00 1.031141734802408443e-06
7.550000000000000711e+00 9.224609215515580721e-07
7.600000000000000533e+00 8.252177103142516900e-07
7.650000000000000355e+00 7.382226646694996369e-07
