0.000000000000000000e+00 2.759119438549842776e-02
5.000000000000000278e-02 3.024348332972576214e-02
1.000000000000000056e-01 2.982083750708187583e-02
1.500000000000000222e-01 2.906805425592271300e-02
2.000000000000000111e-01 2.804860742352008676e-02
2.500000000000000000e-01 2.675167033727721480e-02
3.000000000000000444e-01 2.520879486689413598e-02
3.500000000000000333e-01 2.343507898945305576e-02
4.000000000000000222e-01 2.144775727375107174e-02
4.500000000000000111e-01 1.927549542046525649e-02
5.000000000000000000e-01 1.693572794994833638e-02
5.500000000000000444e-01 1.447532649227313388e-02
6.000000000000000888e-01 1.190183992394831282e-02
6.500000000000000222e-01 9.263014180044777668e-03
7.000000000000000666e-01 6.584978906004661930e-03
7.500000000000000000e-01 3.885222008973582969e-03
8.000000000000000444e-01 1.208840276406396340e-03
8.500000000000000888e-01 -1.422386001318718448e-03
9.000000000000000222e-01 -3.980900208795791310e-03
9.500000000000000666e-01 -6.444977558910736440e-03
1.000000000000000000e+00 -8.791642669403985921e-03
1.050000000000000044e+00 -1.100151021284278760e-02
1.100000000000000089e+00 -1.305108996266508489e-02
1.150000000000000133e+00 -1.492456857455055387e-02
1.200000000000000178e+00 -1.661381228927404086e-02
1.250000000000000000e+00 -1.810595946159942321e-02
1.300000000000000044e+00 -1.940099741264663530e-02
1.350000000000000089e+00 -2.048408958584144179e-02
1.400000000000000133e+00 -2.135765918393664822e-02
1.450000000000000178e+00 -2.202189812418077139e-02
1.500000000000000000e+00 -2.248243484498985839e-02
1.550000000000000044e+00 -2.273977929493126507e-02
1.600000000000000089e+00 -2.280672595264610081e-02
1.650000000000000133e+00 -2.268683106534764155e-02
1.700000000000000178e+00 -2.239270099346269902e-02
1.750000000000000000e+00 -2.193802192473707016e-02
1.800000000000000044e+00 -2.133280740812371415e-02
1.850000000000000089e+00 -2.059382380899528117e-02
1.900000000000000133e+00 -1.973399228239920700e-02
1.950000000000000178e+00 -1.876764088760226115e-02
2.000000000000000000e+00 -1.771140490519629296e-02
2.050000000000000266e+00 -1.658191913032399864e-02
2.100000000000000089e+00 -1.539303301134180117e-02
2.149999999999999911e+00 -1.415558463410815197e-02
2.200000000000000178e+00 -1.289777313939258901e-02
2.250000000000000000e+00 -1.161178630340837722e-02
2.300000000000000266e+00 -1.033266542601424254e-02
2.350000000000000089e+00 -9.058174977091066477e-03
2.400000000000000355e+00 -7.807126547486601363e-03
2.450000000000000178e+00 -6.588110384537023204e-03
2.500000000000000000e+00 -5.407531096552581178e-03
2.550000000000000266e+00 -4.279022524776911543e-03
2.600000000000000089e+00 -3.206732140628412026e-03
2.650000000000000355e+00 -2.196003633131896927e-03
2.700000000000000178e+00 -1.252976222881384402e-03
2.750000000000000000e+00 -3.817027898531135093e-04
2.800000000000000266e+00 4.156009087455155970e-04
2.850000000000000089e+00 1.138127908957450819e-03
2.900000000000000355e+00 1.783643589391618964e-03
2.950000000000000178e+00 2.353399198158963573e-03
3.000000000000000000e+00 2.848312668286063186e-03
3.050000000000000266e+00 3.270495501268210099e-03
3.100000000000000089e+00 3.622551654319988278e-03
3.150000000000000355e+00 3.906912929763551104e-03
3.200000000000000178e+00 4.128573409652437805e-03
3.250000000000000000e+00 4.290675494832130003e-03
3.300000000000000266e+00 4.398188172527828753e-03
3.350000000000000089e+00 4.455429743860695596e-03
3.400000000000000355e+00 4.468419151991661828e-03
3.450000000000000178e+00 4.437216755102779686e-03
3.500000000000000000e+00 4.378588493544667906e-03
3.550000000000000266e+00 4.280019781840734006e-03
3.600000000000000089e+00 4.160977362260653498e-03
3.650000000000000355e+00 4.018584285189035106e-03
3.700000000000000178e+00 3.857196514857871416e-03
3.750000000000000000e+00 3.686403170142641718e-03
3.800000000000000266e+00 3.501357096590307447e-03
3.850000000000000089e+00 3.311410859484333839e-03
3.900000000000000355e+00 3.117840534214621952e-03
3.950000000000000178e+00 2.921995590562969768e-03
4.000000000000000000e+00 2.728185223913049285e-03
4.049999999999999822e+00 2.537663759899866887e-03
4.100000000000000533e+00 2.350072431236749793e-03
4.150000000000000355e+00 2.170892379690916515e-03
4.200000000000000178e+00 1.996984065709406925e-03
4.250000000000000000e+00 1.831749953161045672e-03
4.299999999999999822e+00 1.674816758181495212e-03
4.350000000000000533e+00 1.526712761460603503e-03
4.400000000000000355e+00 1.388412966971323652e-03
4.450000000000000178e+00 1.256517489242825036e-03
4.500000000000000000e+00 1.140063941244042096e-03
4.549999999999999822e+00 1.024899066770660521e-03
4.600000000000000533e+00 9.237600204019538134e-04
4.650000000000000355e+00 8.284681830745168740e-04
4.700000000000000178e+00 7.433610039192066476e-04
4.750000000000000000e+00 6.626039374866926580e-04
4.800000000000000711e+00 5.938074276361278046e-04
4.850000000000000533e+00 5.261274887312637240e-04
4.900000000000000355e+00 4.691751608708675234e-04
4.950000000000000178e+00 4.160251452468243763e-04
5.000000000000000000e+00 3.689236962797771122e-04
5.050000000000000711e+00 3.261149372585182078e-04
5.100000000000000533e+00 2.889254756489282195e-04
5.150000000000000355e+00 2.545457282971001008e-04
5.200000000000000178e+00 2.256495289890880144e-04
5.250000000000000000e+00 1.972843399705325102e-04
5.300000000000000711e+00 1.738075732000119757e-04
5.350000000000000533e+00 1.560348787414224728e-04
5.400000000000000355e+00 1.330890455528953038e-04
5.450000000000000178e+00 1.202161164150678414e-04
5.500000000000000000e+00 1.043447264715092267e-04
5.550000000000000711e+00 9.211925067867435507e-05
5.600000000000000533e+00 8.091652955114561889e-05
5.650000000000000355e+00 7.102904581672179552e-05
5.700000000000000178e+00 6.295361333761330120e-05
5.750000000000000000e+00 5.464588856624442401e-05
5.800000000000000711e+00 4.789558473255596218e-05
5.850000000000000533e+00 4.335905087665921836e-05
5.900000000000000355e+00 3.686250214307784456e-05
5.950000000000000178e+00 3.293121894708697601e-05
6.000000000000000000e+00 2.895615165033079390e-05
6.050000000000000711e+00 2.546284954213095628e-05
6.100000000000000533e+00 2.243937354337182215e-05
6.150000000000000355e+00 1.977923286818066587e-05
6.200000000000000178e+00 1.745470004211993381e-05
6.250000000000000000e+00 1.540580273935290763e-05
6.300000000000000711e+00 1.365203705649968471e-05
6.350000000000000533e+00 1.195130500068450486e-05
6.400000000000000355e+00 1.105358948334610571e-05
6.450000000000000178e+00 8.853992372040717849e-06
6.500000000000000000e+00 8.692117466273847242e-06
6.550000000000000711e+00 7.410720880968635093e-06
6.600000000000000533e+00 6.494439499758541987e-06
6.650000000000000355e+00 5.776168795943159596e-06
6.700000000000000178e+00 5.057795084791996606e-06
6.750000000000000000e+00 3.222441244033589711e-03
6.800000000000000711e+00 2.485919153819932792e-71
6.850000000000000533e+00 1.917736751370869962e-139
6.900000000000000355e+00 1.479418267885215716e-207
6.950000000000000178e+00 1.141281986745129232e-275
7.000000000000000000e+00 -0.000000000000000000e+00
7.050000000000000711e+00 -0.000000000000000000e+00
7.100000000000000533e+00 -0.000000000000000000e+00
7.150000000000000355e+00 -0.000000000000000000e+00
7.200000000000000178e+00 -0.000000000000000000e+00
7.250000000000000000e+00 -0.000000000000000000e+00
7.300000000000000711e+00 -0.000000000000000000e+00
7.350000000000000533e+00 -0.000000000000000000e+00
7.400000000000000355e+00 -0.000000000000000000e+00
7.450000000000000178e+00 -0.000000000000000000e+00
7.500000000000000000e+00 -0.000000000000000000e+00
7.550000000000000711e+00 -0.000000000000000000e+00
7.600000000000000533e+00 -0.000000000000000000e+00
7.650000000000000355e+00 -0.000000000000000000e+00
