0.000000000000000000e+00 -0.000000000000000000e+00
5.000000000000000278e-02 -1.295367434754537738e-06
1.000000000000000056e-01 -1.032358247978383011e-05
1.500000000000000222e-01 -3.462191649466900820e-05
2.000000000000000111e-01 -8.134204379501405095e-05
2.500000000000000000e-01 -1.570710441059788799e-04
3.000000000000000444e-01 -2.676682743564042259e-04
3.500000000000000333e-01 -4.181227221556805705e-04
4.000000000000000222e-01 -6.124343570719606748e-04
4.500000000000000111e-01 -8.535224488556834204e-04
5.000000000000000000e-01 -1.143162785168368341e-03
5.500000000000000444e-01 -1.481954702721210819e-03
6.000000000000000888e-01 -1.869318014153457724e-03
6.500000000000000222e-01 -2.303518855744995757e-03
7.000000000000000666e-01 -2.781722647410275924e-03
7.500000000000000000e-01 -3.300071651914734776e-03
8.000000000000000444e-01 -3.853783911618472065e-03
8.500000000000000888e-01 -4.437269908959314696e-03
9.000000000000000222e-01 -5.044262961220485030e-03
9.500000000000000666e-01 -5.667959208214836189e-03
1.000000000000000000e+00 -6.301163058780241341e-03
1.050000000000000044e+00 -6.936434119459423259e-03
1.100000000000000089e+00 -7.566231918746265349e-03
1.150000000000000133e+00 -8.183055139864767180e-03
1.200000000000000178e+00 -8.779572557833325783e-03
1.250000000000000000e+00 -9.348743409632757906e-03
1.300000000000000044e+00 -9.883925495740355019e-03
1.350000000000000089e+00 -1.037896979444973000e-02
1.400000000000000133e+00 -1.082830136571229923e-02
1.450000000000000178e+00 -1.122698518661997477e-02
1.500000000000000000e+00 -1.157077916541764638e-02
1.550000000000000044e+00 -1.185617291155769727e-02
1.600000000000000089e+00 -1.208041419607952700e-02
1.650000000000000133e+00 -1.224152371077136779e-02
1.700000000000000178e+00 -1.233829916780297513e-02
1.750000000000000000e+00 -1.237030964039274178e-02
1.800000000000000044e+00 -1.233788111973831841e-02
1.850000000000000089e+00 -1.224207407414184406e-02
1.900000000000000133e+00 -1.208465362310633465e-02
1.950000000000000178e+00 -1.186805284850495773e-02
2.000000000000000000e+00 -1.159532965248707102e-02
2.050000000000000266e+00 -1.127011744959124234e-02
2.100000000000000089e+00 -1.089656963440694890e-02
2.149999999999999911e+00 -1.047929894735850909e-02
2.200000000000000178e+00 -1.002331055049782149e-02
2.250000000000000000e+00 -9.533930611119982232e-03
2.300000000000000266e+00 -9.016730082205173802e-03
2.350000000000000089e+00 -8.477444717235528560e-03
2.400000000000000355e+00 -7.921892147475260992e-03
2.450000000000000178e+00 -7.355887181078657466e-03
2.500000000000000000e+00 -6.785156786265988602e-03
2.550000000000000266e+00 -6.215256225984154732e-03
2.600000000000000089e+00 -5.651488097861927414e-03
2.650000000000000355e+00 -5.098826085918644474e-03
2.700000000000000178e+00 -4.561845213094725161e-03
2.750000000000000000e+00 -4.044660516249939768e-03
2.800000000000000266e+00 -3.550875383279533757e-03
2.850000000000000089e+00 -3.083541332321946410e-03
2.900000000000000355e+00 -2.645130641430595581e-03
2.950000000000000178e+00 -2.237521505709929356e-03
3.000000000000000000e+00 -1.861997317374718521e-03
3.050000000000000266e+00 -1.519259224524241014e-03
3.100000000000000089e+00 -1.209451745870715076e-03
3.150000000000000355e+00 -9.322003880109444455e-04
3.200000000000000178e+00 -6.866599628299460342e-04
3.250000000000000000e+00 -4.715717733609014160e-04
3.300000000000000266e+00 -2.853277399875542384e-04
3.350000000000000089e+00 -1.260391855226694017e-04
3.400000000000000355e+00 8.392014338381444767e-06
3.450000000000000178e+00 1.202025177917862800e-04
3.500000000000000000e+00 2.116984224153369400e-04
3.550000000000000266e+00 2.851914221033734816e-04
3.600000000000000089e+00 3.429405382108172964e-04
3.650000000000000355e+00 3.871020983788827394e-04
3.700000000000000178e+00 4.196886112663616758e-04
3.750000000000000000e+00 4.425373400365458041e-04
3.800000000000000266e+00 4.572889166258099530e-04
3.850000000000000089e+00 4.653758161745478366e-04
3.900000000000000355e+00 4.680202087052691396e-04
3.950000000000000178e+00 4.662401638401465634e-04
4.000000000000000000e+00 4.608631876124351856e-04
4.049999999999999822e+00 4.525454947415958338e-04
4.100000000000000533e+00 4.417954411374362396e-04
4.150000000000000355e+00 4.289998703165940242e-04
4.200000000000000178e+00 4.144509994430016302e-04
4.250000000000000000e+00 3.983730956706943373e-04
4.299999999999999822e+00 3.809471645068508738e-04
4.350000000000000533e+00 3.623326533609162454e-04
4.400000000000000355e+00 3.426852915132255761e-04
4.450000000000000178e+00 3.221705548885023750e-04
4.500000000000000000e+00 3.009724457709633187e-04
4.549999999999999822e+00 2.792976644751424633e-04
4.600000000000000533e+00 2.573754184171739637e-04
4.650000000000000355e+00 2.354535182196893254e-04
4.700000000000000178e+00 2.137913775186476770e-04
4.750000000000000000e+00 1.926508344384340063e-04
4.800000000000000711e+00 1.722856997477519784e-04
4.850000000000000533e+00 1.529309437979699672e-04
4.900000000000000355e+00 1.347924659461316736e-04
4.950000000000000178e+00 1.180381372868459240e-04
5.000000000000000000e+00 1.027908710738122122e-04
5.050000000000000711e+00 8.912408198320216450e-05
5.100000000000000533e+00 7.705990766998020128e-05
5.150000000000000355e+00 6.657019186738125744e-05
5.200000000000000178e+00 5.758015445925910463e-05
5.250000000000000000e+00 4.997450614519824934e-05
5.300000000000000711e+00 4.360543493283773782e-05
5.350000000000000533e+00 3.830210669861690845e-05
5.400000000000000355e+00 3.388088047831511575e-05
5.450000000000000178e+00 3.015571332004695612e-05
5.500000000000000000e+00 2.694806393941350721e-05
5.550000000000000711e+00 2.409573696549952297e-05
5.600000000000000533e+00 2.146019688566917676e-05
5.650000000000000355e+00 1.893192625498602989e-05
5.700000000000000178e+00 1.643365835983181359e-05
5.750000000000000000e+00 1.392133737486621429e-05
5.800000000000000711e+00 1.138291761508325312e-05
5.850000000000000533e+00 8.835140039153488713e-06
5.900000000000000355e+00 6.318645996623409829e-06
5.950000000000000178e+00 3.891768940511252292e-06
6.000000000000000000e+00 1.623558603631665373e-06
6.050000000000000711e+00 -4.135085793209446304e-07
6.100000000000000533e+00 -2.150773606436744574e-06
6.150000000000000355e+00 -3.529588554989744696e-06
6.200000000000000178e+00 -4.507038001883075362e-06
6.250000000000000000e+00 -5.059755266988044841e-06
6.300000000000000711e+00 -5.186416621513662016e-06
6.350000000000000533e+00 -4.908463217248654539e-06
6.400000000000000355e+00 -4.269166001056599957e-06
6.450000000000000178e+00 -3.331058321830886456e-06
6.500000000000000000e+00 -2.172135269360503427e-06
6.550000000000000711e+00 -8.809277194974065177e-07
6.600000000000000533e+00 4.490441787652547927e-07
6.650000000000000355e+00 1.725126140664028690e-06
6.700000000000000178e+00 2.861236908482711236e-06
6.750000000000000000e+00 3.783162952499097982e-06
6.800000000000000711e+00 4.432694696123780483e-06
6.850000000000000533e+00 4.771204443462801304e-06
6.900000000000000355e+00 4.781380504893331853e-06
6.950000000000000178e+00 4.467839264971809312e-06
7.000000000000000000e+00 3.856283429818243736e-06
7.050000000000000711e+00 2.991260182870260957e-06
7.100000000000000533e+00 1.932872219572340876e-06
7.150000000000000355e+00 7.524893314762054620e-07
7.200000000000000178e+00 -4.721084801972022424e-07
7.250000000000000000e+00 -1.661902673781179928e-06
7.300000000000000711e+00 -2.741732173605449061e-06
7.350000000000000533e+00 -3.645067632484855160e-06
7.400000000000000355e+00 -4.318099752978486691e-06
7.450000000000000178e+00 -4.722773097555238615e-06
7.500000000000000000e+00 -4.838976628880581474e-06
7.550000000000000711e+00 -4.665403477742943669e-06
7.600000000000000533e+00 -4.219154602675644773e-06
7.650000000000000355e+00 -3.534195979605606853e-06
7.700000000000000178e+00 -2.658844464352715317e-06
7.750000000000000000e+00 -1.652321825476347736e-06
7.800000000000000711e+00 -5.807268632616986000e-07
7.850000000000000533e+00 4.873383525528379426e-07
7.900000000000000355e+00 1.485175452461872754e-06
7.950000000000000178e+00 2.352177783993482497e-06
8.000000000000000000e+00 3.037567158043205479e-06
8.050000000000000711e+00 3.503271234288724765e-06
8.099999999999999645e+00 3.726134601862472494e-06
8.150000000000000355e+00 3.698882428109452391e-06
8.200000000000001066e+00 3.430324940628760869e-06
8.250000000000000000e+00 2.944221970950169355e-06
8.300000000000000711e+00 2.277488690508142324e-06
8.349999999999999645e+00 1.477479166253082497e-06
8.400000000000000355e+00 5.987105482023445459e-07
8.450000000000001066e+00 -3.007823372043192009e-07
8.500000000000000000e+00 -1.163218349963197060e-06
8.550000000000000711e+00 -1.934735207999632500e-06
8.599999999999999645e+00 -2.568675848262828946e-06
8.650000000000000355e+00 -3.028424435026885147e-06
8.700000000000001066e+00 -3.289327547095462813e-06
8.750000000000000000e+00 -3.340060473545679464e-06
8.800000000000000711e+00 -3.182927119932974457e-06
8.849999999999999645e+00 -2.833322916762648301e-06
8.900000000000000355e+00 -2.318461051931326037e-06
8.950000000000001066e+00 -1.675254233929708417e-06
9.000000000000000000e+00 -9.477426060091038226e-07
9.050000000000000711e+00 -1.840842106627123740e-07
9.099999999999999645e+00 5.666030977623814432e-07
9.150000000000000355e+00 1.257395924608649561e-06
9.200000000000001066e+00 1.846479900235092257e-06
9.250000000000000000e+00 2.299655072370038047e-06
9.300000000000000711e+00 2.592355190138236441e-06
9.349999999999999645e+00 2.710807132267705171e-06
9.400000000000000355e+00 2.652728889085310728e-06
9.450000000000001066e+00 2.427113186015284071e-06
9.500000000000000000e+00 2.053278021127804667e-06
9.550000000000000711e+00 1.559452297362068600e-06
9.600000000000001421e+00 9.806355886384946085e-07
9.650000000000000355e+00 3.562281933799611037e-07
9.700000000000001066e+00 -2.726171296375094249e-07
9.750000000000000000e+00 -8.656546840228262376e-07
9.800000000000000711e+00 -1.386089938780268414e-06
9.850000000000001421e+00 -1.802802461348165750e-06
9.900000000000000355e+00 -2.092189230841624386e-06
9.950000000000001066e+00 -2.239464356824544424e-06
1.000000000000000000e+01 -2.239248975511568915e-06
1.005000000000000071e+01 -2.095792494992228790e-06
1.010000000000000142e+01 -1.822303920504395135e-06
1.015000000000000036e+01 -1.439924235698443783e-06
1.020000000000000107e+01 -9.761084631754996746e-07
1.025000000000000000e+01 -4.627450461477354238e-07
1.030000000000000071e+01 6.604831487980810404e-08
1.035000000000000142e+01 5.761341517676777997e-07
1.040000000000000036e+01 1.035534814499094419e-06
1.045000000000000107e+01 1.416397521130397875e-06
1.050000000000000000e+01 1.696647026984904818e-06
1.055000000000000071e+01 1.861244423061731933e-06
1.060000000000000142e+01 1.902936776126730340e-06
1.065000000000000036e+01 1.822431914127984192e-06
1.070000000000000107e+01 1.628199820982914731e-06
1.075000000000000000e+01 1.335688631986978594e-06
1.080000000000000071e+01 9.661332447136558022e-07
1.085000000000000142e+01 5.450266253301029177e-07
1.090000000000000036e+01 1.004311035426868071e-07
1.095000000000000107e+01 -3.389279102467533703e-07
1.100000000000000000e+01 -7.454710986512919747e-07
1.105000000000000071e+01 -1.094481136496285321e-06
1.110000000000000142e+01 -1.365580070295200742e-06
1.115000000000000036e+01 -1.543877647769035896e-06
1.120000000000000107e+01 -1.620788758281693821e-06
1.125000000000000000e+01 -1.594319962073281181e-06
1.130000000000000071e+01 -1.469035333008570480e-06
1.135000000000000142e+01 -1.255575880380567517e-06
1.140000000000000036e+01 -9.697879982804419094e-07
1.145000000000000107e+01 -6.315736244014287666e-07
1.150000000000000000e+01 -2.635127756234134596e-07
1.155000000000000071e+01 1.106469348264109212e-07
1.160000000000000142e+01 4.674865873048264781e-07
1.165000000000000036e+01 7.854059106062862550e-07
1.170000000000000107e+01 1.045899842090188969e-06
1.175000000000000000e+01 1.234619159922536770e-06
1.180000000000000071e+01 1.342113694044597289e-06
1.185000000000000142e+01 1.364343729946025821e-06
1.190000000000000036e+01 1.302596253644804351e-06
1.195000000000000107e+01 1.163363410520344401e-06
1.200000000000000000e+01 9.577080442971085748e-07
1.205000000000000071e+01 7.004163845095718777e-07
1.210000000000000142e+01 4.089532854798828874e-07
1.215000000000000036e+01 1.022870604679711588e-07
1.220000000000000107e+01 -2.003659060001010737e-07
1.225000000000000000e+01 -4.806974480587788623e-07
1.230000000000000071e+01 -7.224510985728128332e-07
1.235000000000000142e+01 -9.123326341244188069e-07
1.240000000000000036e+01 -1.040713086388183213e-06
1.245000000000000107e+01 -1.102124007679576388e-06
1.250000000000000000e+01 -1.095401747239260562e-06
1.255000000000000071e+01 -1.023542654056635546e-06
1.260000000000000142e+01 -8.934520570328333732e-07
1.265000000000000036e+01 -7.152919708077172188e-07
1.270000000000000107e+01 -5.017370833758576865e-07
1.275000000000000000e+01 -2.670862088854747967e-07
1.280000000000000071e+01 -2.631340881928245694e-08
1.285000000000000142e+01 2.058802446035892721e-07
1.290000000000000036e+01 4.159728644562016204e-07
1.295000000000000107e+01 5.923757069173769182e-07
1.300000000000000000e+01 7.260728432170919824e-07
1.305000000000000071e+01 8.110692133407514814e-07
1.310000000000000142e+01 8.445895892502635729e-07
1.315000000000000036e+01 8.271243789657824237e-07
1.320000000000000107e+01 7.621771035775934998e-07
1.325000000000000000e+01 6.559852945557645368e-07
1.330000000000000071e+01 5.169440599880518914e-07
1.335000000000000142e+01 3.549919953467369224e-07
1.340000000000000036e+01 1.809207778156769201e-07
1.345000000000000107e+01 5.666190047270263725e-09
1.350000000000000000e+01 -1.603680917302602536e-07
1.355000000000000071e+01 -3.079294620020926866e-07
1.360000000000000142e+01 -4.293926943643298751e-07
1.365000000000000036e+01 -5.191804808209446121e-07
1.370000000000000107e+01 -5.739212980558581074e-07
1.375000000000000000e+01 -5.925869593427934607e-07
1.380000000000000071e+01 -5.763423711742786793e-07
1.385000000000000142e+01 -5.283954972050223833e-07
1.390000000000000036e+01 -4.536332807629051647e-07
1.395000000000000107e+01 -3.582162815968632981e-07
1.400000000000000000e+01 -2.491120351018561441e-07
1.405000000000000071e+01 -1.336087348808538645e-07
1.410000000000000142e+01 -1.884249984839874271e-08
1.415000000000000036e+01 8.862972664270103761e-08
1.420000000000000107e+01 1.832044632959266196e-07
1.425000000000000000e+01 2.604761776170277838e-07
1.430000000000000071e+01 3.174618708525359010e-07
1.435000000000000142e+01 3.525998994357400839e-07
1.440000000000000036e+01 3.658217123980748788e-07
1.445000000000000107e+01 3.583120482080501926e-07
1.450000000000000000e+01 3.324124399189808290e-07
1.455000000000000071e+01 2.913218507346239243e-07
1.460000000000000142e+01 2.388192523911960821e-07
1.465000000000000036e+01 1.789648538791065489e-07
1.470000000000000107e+01 1.158112121496646787e-07
1.475000000000000000e+01 5.314371700125661480e-08
1.480000000000000071e+01 -5.734261388417382833e-09
1.485000000000000142e+01 -5.815206296039674336e-08
1.490000000000000036e+01 -1.022008089767462574e-07
1.495000000000000107e+01 -1.366906787488777233e-07
1.500000000000000000e+01 -1.612113638581451394e-07
1.505000000000000071e+01 -1.760146160219005810e-07
1.510000000000000142e+01 -1.818466831396714865e-07
1.515000000000000036e+01 -1.798840174704970833e-07
1.520000000000000107e+01 -1.715268471077363693e-07
1.525000000000000000e+01 -1.582546746402867023e-07
1.530000000000000071e+01 -1.414872889698446389e-07
1.535000000000000142e+01 -1.224726183127587415e-07
1.540000000000000036e+01 -1.022090532455037574e-07
1.545000000000000107e+01 -8.141219939633887418e-08
1.550000000000000000e+01 -6.048815998574937554e-08
1.555000000000000071e+01 -3.961036558219610801e-08
1.560000000000000142e+01 -1.876753888757812944e-08
1.565000000000000036e+01 2.191580103882779204e-09
1.570000000000000107e+01 2.339072899515422422e-08
1.575000000000000000e+01 4.489519616635815322e-08
1.580000000000000071e+01 6.660331362158267572e-08
1.585000000000000142e+01 8.819240996721000947e-08
1.590000000000000036e+01 1.090877028708483454e-07
1.595000000000000107e+01 1.284638490100322711e-07
