0.000000000000000000e+00 -0.000000000000000000e+00
5.000000000000000278e-02 -9.077002801816224675e-12
1.000000000000000056e-01 -2.891790514680596633e-10
1.500000000000000222e-01 -2.179786530013356100e-09
2.000000000000000111e-01 -9.081579630810330312e-09
2.500000000000000000e-01 -2.746495568303529545e-08
3.000000000000000444e-01 -6.724240064374282570e-08
3.500000000000000333e-01 -1.425794382762880354e-07
4.000000000000000222e-01 -2.719068879045473723e-07
4.500000000000000111e-01 -4.778625250633328848e-07
5.000000000000000000e-01 -7.869202567318601143e-07
5.500000000000000444e-01 -1.228720534408366798e-06
6.000000000000000888e-01 -1.835180207541282544e-06
6.500000000000000222e-01 -2.639321330983550047e-06
7.000000000000000666e-01 -3.673885652738118203e-06
7.500000000000000000e-01 -4.970292662210791283e-06
8.000000000000000444e-01 -6.556707709799130012e-06
8.500000000000000888e-01 -8.456891438344733033e-06
9.000000000000000222e-01 -1.068879940832942426e-05
9.500000000000000666e-01 -1.326339408108035966e-05
1.000000000000000000e+00 -1.618366682746924333e-05
1.050000000000000044e+00 -1.944391531710045796e-05
1.100000000000000089e+00 -2.302931206165502277e-05
1.150000000000000133e+00 -2.691578598015580942e-05
1.200000000000000178e+00 -3.107022762103273230e-05
1.250000000000000000e+00 -3.545101065479186464e-05
1.300000000000000044e+00 -4.000881496998417785e-05
1.350000000000000089e+00 -4.468771557658469549e-05
1.400000000000000133e+00 -4.942650340320086955e-05
1.450000000000000178e+00 -5.416018427399970161e-05
1.500000000000000000e+00 -5.882160146292436518e-05
1.550000000000000044e+00 -6.334312442055471692e-05
1.600000000000000089e+00 -6.765834333570388355e-05
1.650000000000000133e+00 -7.170371198916700639e-05
1.700000000000000178e+00 -7.542008426574361339e-05
1.750000000000000000e+00 -7.875409480150136437e-05
1.800000000000000044e+00 -8.165935399575047671e-05
1.850000000000000089e+00 -8.409740299949379320e-05
1.900000000000000133e+00 -8.603843259744604313e-05
1.950000000000000178e+00 -8.746173720219429062e-05
2.000000000000000000e+00 -8.835590760186320242e-05
2.050000000000000266e+00 -8.871876863133636723e-05
2.100000000000000089e+00 -8.855707720305114805e-05
2.149999999999999911e+00 -8.788600299665861768e-05
2.200000000000000178e+00 -8.672842294870409554e-05
2.250000000000000000e+00 -8.511405463178769906e-05
2.300000000000000266e+00 -8.307847725428846373e-05
2.350000000000000089e+00 -8.066206424189394412e-05
2.400000000000000355e+00 -7.790887196921688349e-05
2.450000000000000178e+00 -7.486551762574067349e-05
2.500000000000000000e+00 -7.158007837153327810e-05
2.550000000000000266e+00 -6.810104233875673152e-05
2.600000000000000089e+00 -6.447633485897977538e-05
2.650000000000000355e+00 -6.075244148287681033e-05
2.700000000000000178e+00 -5.697363868475112132e-05
2.750000000000000000e+00 -5.318135446346487126e-05
2.800000000000000266e+00 -4.941443750590562042e-05
2.850000000000000089e+00 -4.570480346131114278e-05
2.900000000000000355e+00 -4.208510037051781995e-05
2.950000000000000178e+00 -3.858063104175098515e-05
3.000000000000000000e+00 -3.521327018436132381e-05
3.050000000000000266e+00 -3.200075004861883417e-05
3.100000000000000089e+00 -2.895678357137226855e-05
3.150000000000000355e+00 -2.609128764049267038e-05
3.200000000000000178e+00 -2.341065505975814011e-05
3.250000000000000000e+00 -2.091806040322346776e-05
3.300000000000000266e+00 -1.861380908408806338e-05
3.350000000000000089e+00 -1.649569254412975395e-05
3.400000000000000355e+00 -1.455935314787674461e-05
3.450000000000000178e+00 -1.279864407742829317e-05
3.500000000000000000e+00 -1.120595553528833013e-05
3.550000000000000266e+00 -9.772648479231908758e-06
3.600000000000000089e+00 -8.489146934142077032e-06
3.650000000000000355e+00 -7.345424822544095480e-06
3.700000000000000178e+00 -6.331145279799035684e-06
3.750000000000000000e+00 -5.435895201296666275e-06
3.800000000000000266e+00 -4.649366821168073079e-06
3.850000000000000089e+00 -3.961508420585180912e-06
3.900000000000000355e+00 -3.362645569303486212e-06
3.950000000000000178e+00 -2.843574899832321548e-06
4.000000000000000000e+00 -2.395633083532519269e-06
4.049999999999999822e+00 -2.010699017514271613e-06
4.100000000000000533e+00 -1.681442331975218505e-06
4.150000000000000355e+00 -1.400891090723287657e-06
4.200000000000000178e+00 -1.162871033136264279e-06
4.250000000000000000e+00 -9.617694441795387549e-07
4.299999999999999822e+00 -7.925557849181261733e-07
4.350000000000000533e+00 -6.507513664867199074e-07
4.400000000000000355e+00 -5.323943680689270753e-07
4.450000000000000178e+00 -4.340016656274468024e-07
4.500000000000000000e+00 -3.525292766406099741e-07
4.549999999999999822e+00 -2.853378636171126463e-07
4.600000000000000533e+00 -2.301253031430013084e-07
4.650000000000000355e+00 -1.849444495258206423e-07
4.700000000000000178e+00 -1.481109527352032700e-07
4.750000000000000000e+00 -1.181972540731309629e-07
4.800000000000000711e+00 -9.399546658890762258e-08
4.850000000000000533e+00 -7.448877131520515566e-08
4.900000000000000355e+00 -5.882529892038247474e-08
4.950000000000000178e+00 -4.629470788144519718e-08
5.000000000000000000e+00 -3.630755662533214574e-08
5.050000000000000711e+00 -2.837693807004409918e-08
5.100000000000000533e+00 -2.210248364208286358e-08
5.150000000000000355e+00 -1.715646087499681617e-08
5.200000000000000178e+00 -1.327177518283825963e-08
5.250000000000000000e+00 -1.023175958727272417e-08
5.300000000000000711e+00 -2.013137372183191530e-08
5.350000000000000533e+00 -6.019574406717309882e-09
5.400000000000000355e+00 -4.593675218075098611e-09
5.450000000000000178e+00 -3.493759882667720778e-09
5.500000000000000000e+00 -2.648280853925479628e-09
5.550000000000000711e+00 -1.996119943397212651e-09
5.600000000000000533e+00 -1.506399112975441925e-09
5.650000000000000355e+00 -1.130461112548076343e-09
5.700000000000000178e+00 -8.454781071556724803e-10
5.750000000000000000e+00 -6.302443692138796140e-10
5.800000000000000711e+00 -4.682431062391017774e-10
5.850000000000000533e+00 -3.468400504847758455e-10
5.900000000000000355e+00 -2.560008792555349530e-10
5.950000000000000178e+00 -1.883149281654660255e-10
