0.000000000000000000e+00 0.000000000000000000e+00
5.000000000000000278e-02 7.465403484204252253e-09
1.000000000000000056e-01 2.385631925881388342e-07
1.500000000000000222e-01 1.807413052473590907e-06
2.000000000000000111e-01 7.591758537091565678e-06
2.500000000000000000e-01 2.307129258996291869e-05
3.000000000000000444e-01 5.711351727286141937e-05
3.500000000000000333e-01 1.226892518956423830e-04
4.000000000000000222e-01 2.374997051308376278e-04
4.500000000000000111e-01 4.244969449225356804e-04
5.000000000000000000e-01 7.122797473836061906e-04
5.500000000000000444e-01 1.135347246097593351e-03
6.000000000000000888e-01 1.734193706512222183e-03
6.500000000000000222e-01 2.555229175522195310e-03
7.000000000000000666e-01 3.650512761597789462e-03
7.500000000000000000e-01 5.077288033121283607e-03
8.000000000000000444e-01 6.897313440772026918e-03
8.500000000000000888e-01 9.175984883328540398e-03
9.000000000000000222e-01 1.198125220127911096e-02
9.500000000000000666e-01 1.538233730359263828e-02
1.000000000000000000e+00 1.944826708513339511e-02
1.050000000000000044e+00 2.424624117990908240e-02
1.100000000000000089e+00 2.983986092831707876e-02
1.150000000000000133e+00 3.628725259250070029e-02
1.200000000000000178e+00 4.363912405472741146e-02
1.250000000000000000e+00 5.193680039253094349e-02
1.300000000000000044e+00 6.121028768662734043e-02
1.350000000000000089e+00 7.147641978285090847e-02
1.400000000000000133e+00 8.273714389327627150e-02
1.450000000000000178e+00 9.497800269749301361e-02
1.500000000000000000e+00 1.081668695985980588e-01
1.550000000000000044e+00 1.222529911883186438e-01
1.600000000000000089e+00 1.371663863882415790e-01
1.650000000000000133e+00 1.528176452191763179e-01
1.700000000000000178e+00 1.690981615246976433e-01
1.750000000000000000e+00 1.858808244367060325e-01
1.800000000000000044e+00 2.030211806671996799e-01
1.850000000000000089e+00 2.203590679104165118e-01
1.900000000000000133e+00 2.377207054024527144e-01
1.950000000000000178e+00 2.549212136321264977e-01
2.000000000000000000e+00 2.717675215084585094e-01
2.050000000000000266e+00 2.880616054848926244e-01
2.100000000000000089e+00 3.036039931136653158e-01
2.149999999999999911e+00 3.181974524956391881e-01
2.200000000000000178e+00 3.316507805168180667e-01
2.250000000000000000e+00 3.437825960937520575e-01
2.300000000000000266e+00 3.544250415108435859e-01
2.350000000000000089e+00 3.634272935452749764e-01
2.400000000000000355e+00 3.706587893974492287e-01
2.450000000000000178e+00 3.760120771800491424e-01
2.500000000000000000e+00 3.794052100830777596e-01
2.550000000000000266e+00 3.807836136822155271e-01
2.600000000000000089e+00 3.801213713626588886e-01
2.650000000000000355e+00 3.774218867309269698e-01
2.700000000000000178e+00 3.727179014807820989e-01
2.750000000000000000e+00 3.660708633693687819e-01
2.800000000000000266e+00 3.575696603564701981e-01
2.850000000000000089e+00 3.473287526096900391e-01
2.900000000000000355e+00 3.354857535379889288e-01
2.950000000000000178e+00 3.221985262106676906e-01
3.000000000000000000e+00 3.076418747862750824e-01
3.050000000000000266e+00 2.920039223592567623e-01
3.100000000000000089e+00 2.754822742250709888e-01
3.150000000000000355e+00 2.582800701911096564e-01
3.200000000000000178e+00 2.406020314892574063e-01
3.250000000000000000e+00 2.226506049712660695e-01
3.300000000000000266e+00 2.046223018928291504e-01
3.350000000000000089e+00 1.867043212072977132e-01
3.400000000000000355e+00 1.690715339770555714e-01
3.450000000000000178e+00 1.518838940536964000e-01
3.500000000000000000e+00 1.352843237193902259e-01
3.550000000000000266e+00 1.193971070555537028e-01
3.600000000000000089e+00 1.043268075529837080e-01
3.650000000000000355e+00 9.015770852138811631e-02
3.700000000000000178e+00 7.695376035629690470e-02
3.750000000000000000e+00 6.475900358928168843e-02
3.800000000000000266e+00 5.359842305654178435e-02
3.850000000000000089e+00 4.347917956748385826e-02
3.900000000000000355e+00 3.439215566699092841e-02
3.950000000000000178e+00 2.631374792937443349e-02
4.000000000000000000e+00 1.920783390651295552e-02
4.049999999999999822e+00 1.302784377169599779e-02
4.100000000000000533e+00 7.718867461660303651e-03
4.150000000000000355e+00 3.219733656240592046e-03
4.200000000000000178e+00 -5.349965655671907756e-04
4.250000000000000000e+00 -3.613170354587523156e-03
4.299999999999999822e+00 -6.083357477331868650e-03
4.350000000000000533e+00 -8.013368469918714931e-03
4.400000000000000355e+00 -9.468995574641985921e-03
4.450000000000000178e+00 -1.051298604648003530e-02
4.500000000000000000e+00 -1.120424848883189162e-02
4.549999999999999822e+00 -1.159728338257721980e-02
4.600000000000000533e+00 -1.174182291031154908e-02
4.650000000000000355e+00 -1.168265917927888836e-02
4.700000000000000178e+00 -1.145963527414134778e-02
4.750000000000000000e+00 -1.110777198599263889e-02
4.800000000000000711e+00 -1.065750067308434898e-02
4.850000000000000533e+00 -1.013497468272455890e-02
4.900000000000000355e+00 -9.562431511898594402e-03
4.950000000000000178e+00 -8.958582002984175063e-03
5.000000000000000000e+00 -8.339005248843244650e-03
5.050000000000000711e+00 -7.716532275782714279e-03
5.100000000000000533e+00 -7.101605276269126917e-03
5.150000000000000355e+00 -6.502603948928006514e-03
5.200000000000000178e+00 -5.926133358369259710e-03
5.250000000000000000e+00 -5.377272206974845030e-03
5.300000000000000711e+00 -4.859782994042583480e-03
5.350000000000000533e+00 -4.376287328822340422e-03
5.400000000000000355e+00 -3.928412175306534963e-03
5.450000000000000178e+00 -3.516912932282006878e-03
5.500000000000000000e+00 -3.141779744263394330e-03
5.550000000000000711e+00 -2.802333256100800890e-03
5.600000000000000533e+00 -2.497314824446070919e-03
5.650000000000000355e+00 -2.224975565489809622e-03
5.700000000000000178e+00 -1.983166471804598610e-03
5.750000000000000000e+00 -1.769431243871425787e-03
5.800000000000000711e+00 -1.581101417966186522e-03
5.850000000000000533e+00 -1.415392485208501324e-03
5.900000000000000355e+00 -1.269498551222047154e-03
5.950000000000000178e+00 -1.140682282618096961e-03
6.000000000000000000e+00 -1.026357403703630298e-03
6.050000000000000711e+00 -9.241593566058249739e-04
6.100000000000000533e+00 -8.320021216760694824e-04
6.150000000000000355e+00 -7.481182044063410105e-04
6.200000000000000178e+00 -6.710804357356446202e-04
6.250000000000000000e+00 -5.998056058156110227e-04
6.300000000000000711e+00 -5.335397358112595537e-04
6.350000000000000533e+00 -4.718272848577271627e-04
6.400000000000000355e+00 -4.144666233134320092e-04
6.450000000000000178e+00 -3.614551436222476137e-04
6.500000000000000000e+00 -3.129278928866434275e-04
6.550000000000000711e+00 -2.690941848762993236e-04
6.600000000000000533e+00 -2.301756428011141737e-04
6.650000000000000355e+00 -1.963503173986545888e-04
6.700000000000000178e+00 -1.677057409245370637e-04
6.750000000000000000e+00 -1.442036964522160221e-04
6.800000000000000711e+00 -1.256584347092955332e-04
6.850000000000000533e+00 -1.117289561567440297e-04
6.900000000000000355e+00 -1.019253989802161044e-04
6.950000000000000178e+00 -9.562808480748945434e-05
7.000000000000000000e+00 -9.211737106535110655e-05
7.050000000000000711e+00 -9.061162989485136994e-05
7.100000000000000533e+00 -9.031030135806977267e-05
7.150000000000000355e+00 -9.043867312300394071e-05
7.200000000000000178e+00 -9.029071531391456450e-05
7.250000000000000000e+00 -8.926756857067752969e-05
7.300000000000000711e+00 -8.690826154033264679e-05
7.350000000000000533e+00 -8.291115088348855735e-05
7.400000000000000355e+00 -7.714446822346991629e-05
7.450000000000000178e+00 -6.964554107393352970e-05
7.500000000000000000e+00 -6.060909431308499263e-05
7.550000000000000711e+00 -5.036537920060252813e-05
7.600000000000000533e+00 -3.935013607540982511e-05
7.650000000000000355e+00 -2.806851890663768329e-05
7.700000000000000178e+00 -1.705554128493578999e-05
7.750000000000000000e+00 -6.835910686034539534e-06
7.800000000000000711e+00 2.113841473858296769e-06
7.850000000000000533e+00 9.399070382655601660e-06
7.900000000000000355e+00 1.473348514526880279e-05
7.950000000000000178e+00 1.795739716837825792e-05
8.000000000000000000e+00 1.904660958915876346e-05
8.050000000000000711e+00 1.811149322232362961e-05
8.099999999999999645e+00 1.538670171749209796e-05
8.150000000000000355e+00 1.121249695329898915e-05
8.200000000000001066e+00 6.009169910811379960e-06
8.250000000000000000e+00 2.465360374007824336e-07
8.300000000000000711e+00 -5.589064327636595520e-06
8.349999999999999645e+00 -1.102847216585159347e-05
8.400000000000000355e+00 -1.565086448464874663e-05
8.450000000000001066e+00 -1.911117265551379123e-05
8.500000000000000000e+00 -2.116132152182335221e-05
8.550000000000000711e+00 -2.166434763143663185e-05
8.599999999999999645e+00 -2.060045353595927928e-05
8.650000000000000355e+00 -1.806472717460867335e-05
8.700000000000001066e+00 -1.425712456638933256e-05
8.750000000000000000e+00 -9.465262006407184261e-06
8.800000000000000711e+00 -4.041801658772232183e-06
8.849999999999999645e+00 1.622298869012636608e-06
8.900000000000000355e+00 7.126279768695601399e-06
8.950000000000001066e+00 1.208827064052382822e-05
9.000000000000000000e+00 1.617167270912842089e-05
9.050000000000000711e+00 1.910802207950039572e-05
9.099999999999999645e+00 2.071418971525102148e-05
9.150000000000000355e+00 2.090350992480006397e-05
9.200000000000001066e+00 1.968975935039780147e-05
9.250000000000000000e+00 1.718412145513720064e-05
9.300000000000000711e+00 1.358527385428089433e-05
9.349999999999999645e+00 9.163763496669947975e-06
9.400000000000000355e+00 4.241613498651363061e-06
9.450000000000001066e+00 -8.311005209431391627e-07
9.500000000000000000e+00 -5.701342648505841791e-06
9.550000000000000711e+00 -1.003753699928802434e-05
9.600000000000001421e+00 -1.355227588167645819e-05
9.650000000000000355e+00 -1.602129775927076959e-05
9.700000000000001066e+00 -1.729772849684591362e-05
9.750000000000000000e+00 -1.732064377140954327e-05
9.800000000000000711e+00 -1.611746033266197483e-05
9.850000000000001421e+00 -1.380015146233111950e-05
9.900000000000000355e+00 -1.055570392292381907e-05
9.950000000000001066e+00 -6.631557796282292329e-06
1.000000000000000000e+01 -2.317085989833795635e-06
1.005000000000000071e+01 2.077346767428653651e-06
1.010000000000000142e+01 6.242417044736328428e-06
1.015000000000000036e+01 9.891258147493658815e-06
1.020000000000000107e+01 1.277902904702455716e-05
1.025000000000000000e+01 1.471901614196366517e-05
1.030000000000000071e+01 1.559443871541375958e-05
1.035000000000000142e+01 1.536501415116231739e-05
1.040000000000000036e+01 1.406843561035057429e-05
1.045000000000000107e+01 1.181602139828387795e-05
1.050000000000000000e+01 8.783513797511466258e-06
1.055000000000000071e+01 5.197570439054116966e-06
1.060000000000000142e+01 1.318953252063677217e-06
1.065000000000000036e+01 -2.576187480402001313e-06
1.070000000000000107e+01 -6.215957587090712846e-06
1.075000000000000000e+01 -9.351497757851725057e-06
1.080000000000000071e+01 -1.177390134043128825e-05
1.085000000000000142e+01 -1.332789126982738379e-05
1.090000000000000036e+01 -1.392166283233596027e-05
1.095000000000000107e+01 -1.353205010292582993e-05
1.100000000000000000e+01 -1.220482450781652079e-05
1.105000000000000071e+01 -1.005018756150716693e-05
1.110000000000000142e+01 -7.233943951396751267e-06
1.115000000000000036e+01 -3.964829488193896810e-06
1.120000000000000107e+01 -4.793016188330182082e-07
1.125000000000000000e+01 2.975515202693533654e-06
1.130000000000000071e+01 6.159200570659576502e-06
1.135000000000000142e+01 8.854642635863022037e-06
1.140000000000000036e+01 1.088274253701548677e-05
1.145000000000000107e+01 1.211412522365965094e-05
1.150000000000000000e+01 1.247732294323849214e-05
1.155000000000000071e+01 1.196264009053936939e-05
1.160000000000000142e+01 1.062169858292118944e-05
1.165000000000000036e+01 8.562872687904535816e-06
1.170000000000000107e+01 5.942559745011147434e-06
1.175000000000000000e+01 2.953500952728621377e-06
1.180000000000000071e+01 -1.892310966455133135e-07
1.185000000000000142e+01 -3.263642755346186344e-06
1.190000000000000036e+01 -6.056416886694572732e-06
1.195000000000000107e+01 -8.377585301631042925e-06
1.200000000000000000e+01 -1.007339554489604303e-05
1.205000000000000071e+01 -1.103630308968102231e-05
1.210000000000000142e+01 -1.121175150453958562e-05
1.215000000000000036e+01 -1.060100195232010318e-05
1.220000000000000107e+01 -9.260122038633738378e-06
1.225000000000000000e+01 -7.295155409767272487e-06
1.230000000000000071e+01 -4.853858246471997852e-06
1.235000000000000142e+01 -2.114710227586002583e-06
1.240000000000000036e+01 7.260369377379242656e-07
1.245000000000000107e+01 3.468339875985742444e-06
1.250000000000000000e+01 5.922352762921445423e-06
1.255000000000000071e+01 7.921500051100586605e-06
1.260000000000000142e+01 9.333682116532650763e-06
1.265000000000000036e+01 1.006997468134188039e-05
1.270000000000000107e+01 1.009003431794298466e-05
1.275000000000000000e+01 9.404177546538318414e-06
1.280000000000000071e+01 8.071783887790313978e-06
1.285000000000000142e+01 6.196481561761797942e-06
1.290000000000000036e+01 3.918029298880570992e-06
1.295000000000000107e+01 1.402142438557829731e-06
1.300000000000000000e+01 -1.171555888771019578e-06
1.305000000000000071e+01 -3.622250507720867561e-06
1.310000000000000142e+01 -5.780581089821748680e-06
1.315000000000000036e+01 -7.500271108965451345e-06
1.320000000000000107e+01 -8.667967147320598795e-06
1.325000000000000000e+01 -9.210643352342104840e-06
1.330000000000000071e+01 -9.100064333472649065e-06
1.335000000000000142e+01 -8.354060164139486954e-06
1.340000000000000036e+01 -7.034552074996319919e-06
1.345000000000000107e+01 -5.242630347501594776e-06
1.350000000000000000e+01 -3.110812875972047116e-06
1.355000000000000071e+01 -7.933696422767818739e-07
1.360000000000000142e+01 1.544774569677865842e-06
1.365000000000000036e+01 3.739771423175334930e-06
1.370000000000000107e+01 5.640135841500317268e-06
1.375000000000000000e+01 7.117301239329973934e-06
1.380000000000000071e+01 8.074144131293618478e-06
1.385000000000000142e+01 8.451352102717561617e-06
1.390000000000000036e+01 8.230991808067408981e-06
1.395000000000000107e+01 7.437170923888639421e-06
1.400000000000000000e+01 6.133723336843352781e-06
1.405000000000000071e+01 4.419206777757663658e-06
1.410000000000000142e+01 2.419499595047446332e-06
1.415000000000000036e+01 2.786235675200322367e-07
1.420000000000000107e+01 -1.851548638606106935e-06
1.425000000000000000e+01 -3.822063094014656596e-06
1.430000000000000071e+01 -5.497209332592657135e-06
1.435000000000000142e+01 -6.763815332047422483e-06
1.440000000000000036e+01 -7.538879934764603292e-06
1.445000000000000107e+01 -7.774887061822747936e-06
1.450000000000000000e+01 -7.462691619616583148e-06
1.455000000000000071e+01 -6.631618334784295730e-06
1.460000000000000142e+01 -5.346839667786123863e-06
1.465000000000000036e+01 -3.704420727031257174e-06
1.470000000000000107e+01 -1.824133493511839439e-06
1.475000000000000000e+01 1.592153766121855194e-07
1.480000000000000071e+01 2.105403689236167113e-06
1.485000000000000142e+01 3.878662239033882747e-06
1.490000000000000036e+01 5.357101241934667481e-06
1.495000000000000107e+01 6.441054703435462764e-06
