0.000000000000000000e+00 -1.237872273569836680e-02
5.000000000000000278e-02 -6.476127672003419850e-04
1.000000000000000056e-01 -2.513456809373790929e-03
1.500000000000000222e-01 -5.759764040068632122e-03
2.000000000000000111e-01 -1.018688203760513555e-02
2.500000000000000000e-01 -1.566524827382662077e-02
3.000000000000000444e-01 -2.206385861199677487e-02
3.500000000000000333e-01 -2.924452917228523643e-02
4.000000000000000222e-01 -3.706243370686069377e-02
4.500000000000000111e-01 -4.526441410351109140e-02
5.000000000000000000e-01 -5.371840643547213384e-02
5.500000000000000444e-01 -6.222394262309277613e-02
6.000000000000000888e-01 -7.054656904612900681e-02
6.500000000000000222e-01 -7.852362856603729846e-02
7.000000000000000666e-01 -8.596150538543984032e-02
7.500000000000000000e-01 -9.274731288268948937e-02
8.000000000000000444e-01 -9.868490724212972132e-02
8.500000000000000888e-01 -1.036939778109655375e-01
9.000000000000000222e-01 -1.076529362143397728e-01
9.500000000000000666e-01 -1.105245584504774420e-01
1.000000000000000000e+00 -1.122474766780678923e-01
1.050000000000000044e+00 -1.128028616658427047e-01
1.100000000000000089e+00 -1.122312188715996056e-01
1.150000000000000133e+00 -1.105297488158720892e-01
1.200000000000000178e+00 -1.077656564749819301e-01
1.250000000000000000e+00 -1.040258322267580832e-01
1.300000000000000044e+00 -9.939549684627103920e-02
1.350000000000000089e+00 -9.398334841045719035e-02
1.400000000000000133e+00 -8.789825203022008648e-02
1.450000000000000178e+00 -8.126933861813513682e-02
1.500000000000000000e+00 -7.422348406511188046e-02
1.550000000000000044e+00 -6.688265088927565494e-02
1.600000000000000089e+00 -5.938128146542125813e-02
1.650000000000000133e+00 -5.182838642322205175e-02
1.700000000000000178e+00 -4.433584762936094992e-02
1.750000000000000000e+00 -3.701235537557656663e-02
1.800000000000000044e+00 -2.994882548404375136e-02
1.850000000000000089e+00 -2.321966961113039463e-02
1.900000000000000133e+00 -1.689590419208782807e-02
1.950000000000000178e+00 -1.102544545568612602e-02
2.000000000000000000e+00 -5.654729635928834597e-03
2.050000000000000266e+00 -8.116194338431589579e-04
2.100000000000000089e+00 3.491417807586085810e-03
2.149999999999999911e+00 7.249681156011652389e-03
2.200000000000000178e+00 1.046565366437161686e-02
2.250000000000000000e+00 1.315731708284383766e-02
2.300000000000000266e+00 1.534529862213942705e-02
2.350000000000000089e+00 1.705933115912006137e-02
2.400000000000000355e+00 1.833003322219464021e-02
2.450000000000000178e+00 1.919558002715279071e-02
2.500000000000000000e+00 1.969814701574535212e-02
2.550000000000000266e+00 1.987647878372144142e-02
2.600000000000000089e+00 1.977095577094270182e-02
2.650000000000000355e+00 1.942562246735598033e-02
2.700000000000000178e+00 1.887827110504189734e-02
2.750000000000000000e+00 1.816563932934846248e-02
2.800000000000000266e+00 1.732463211129607952e-02
2.850000000000000089e+00 1.638671113627861511e-02
2.900000000000000355e+00 1.538069204970110397e-02
2.950000000000000178e+00 1.433322483659634460e-02
3.000000000000000000e+00 1.326715381305687558e-02
3.050000000000000266e+00 1.220142475031738179e-02
3.100000000000000089e+00 1.115281692958693290e-02
3.150000000000000355e+00 1.013453720644182272e-02
3.200000000000000178e+00 9.157349259874374148e-03
3.250000000000000000e+00 8.229542304374884085e-03
3.300000000000000266e+00 7.356747834725950105e-03
3.350000000000000089e+00 6.543009968197499408e-03
3.400000000000000355e+00 5.790302465228282756e-03
3.450000000000000178e+00 5.099401532264369666e-03
3.500000000000000000e+00 4.469642294098497524e-03
3.550000000000000266e+00 3.899521434142411234e-03
3.600000000000000089e+00 3.386699524746202179e-03
3.650000000000000355e+00 2.928191735761005634e-03
3.700000000000000178e+00 2.520668407362425690e-03
3.750000000000000000e+00 2.160522645181758069e-03
3.800000000000000266e+00 1.843984134063225483e-03
3.850000000000000089e+00 1.567212039678262314e-03
3.900000000000000355e+00 1.326497913281637431e-03
3.950000000000000178e+00 1.118179188862779543e-03
4.000000000000000000e+00 9.387665653518008054e-04
4.049999999999999822e+00 7.850160110369244467e-04
4.100000000000000533e+00 6.538444259282218335e-04
4.150000000000000355e+00 5.424658466676190484e-04
4.200000000000000178e+00 4.483260489912539010e-04
4.250000000000000000e+00 3.690964817404762503e-04
4.299999999999999822e+00 3.027131542882423114e-04
4.350000000000000533e+00 2.473366355154656289e-04
4.400000000000000355e+00 2.013309485270816117e-04
4.450000000000000178e+00 1.632746894202234743e-04
4.500000000000000000e+00 1.319231473092189854e-04
4.549999999999999822e+00 1.062000479368295204e-04
4.600000000000000533e+00 8.518170688146370600e-05
4.650000000000000355e+00 6.807566197784486951e-05
4.700000000000000178e+00 5.420850649433432765e-05
4.750000000000000000e+00 4.301181194104620862e-05
4.800000000000000711e+00 3.400618134687586984e-05
4.850000000000000533e+00 2.679063000273886682e-05
4.900000000000000355e+00 2.103172842444259286e-05
4.950000000000000178e+00 1.645278046528989704e-05
5.000000000000000000e+00 1.282572668486218859e-05
5.050000000000000711e+00 9.963410432925619728e-06
5.100000000000000533e+00 7.713075335821120406e-06
5.150000000000000355e+00 5.950375694705154029e-06
5.200000000000000178e+00 4.574694376593138569e-06
5.250000000000000000e+00 3.505016448741764388e-06
5.300000000000000711e+00 2.676280640326708839e-06
5.350000000000000533e+00 2.036527048650881475e-06
5.400000000000000355e+00 1.544450246590959146e-06
5.450000000000000178e+00 1.167308379400721372e-06
5.500000000000000000e+00 8.792826601164429794e-07
5.550000000000000711e+00 6.601027265099803034e-07
5.600000000000000533e+00 4.938922217994561595e-07
5.650000000000000355e+00 3.682980804545165618e-07
5.700000000000000178e+00 2.737257929419045932e-07
5.750000000000000000e+00 2.027602605530402924e-07
5.800000000000000711e+00 1.496952065541541509e-07
5.850000000000000533e+00 1.101520405752358559e-07
5.900000000000000355e+00 8.078649296363675107e-08
5.950000000000000178e+00 5.905444922156603276e-08
6.000000000000000000e+00 4.302647593813164528e-08
6.050000000000000711e+00 3.124569464071865975e-08
6.100000000000000533e+00 2.261634927933440712e-08
6.150000000000000355e+00 1.631663431794088643e-08
6.200000000000000178e+00 1.173328066048187642e-08
6.250000000000000000e+00 8.409974550574705099e-09
6.300000000000000711e+00 6.008323581093206047e-09
6.350000000000000533e+00 4.278596747277316287e-09
6.400000000000000355e+00 3.036981735908426257e-09
6.450000000000000178e+00 2.148696422665960939e-09
6.500000000000000000e+00 1.515316540796478965e-09
6.550000000000000711e+00 1.065200459246837767e-09
6.600000000000000533e+00 7.463792716476646978e-10
6.650000000000000355e+00 5.213006133770427888e-10
6.700000000000000178e+00 3.629309166530639981e-10
6.750000000000000000e+00 2.518616290566121636e-10
6.800000000000000711e+00 1.742276376011755872e-10
6.850000000000000533e+00 1.201347933224702587e-10
6.900000000000000355e+00 8.257534321954967792e-11
6.950000000000000178e+00 5.657300766940958723e-11
7.000000000000000000e+00 3.864247851565555095e-11
7.050000000000000711e+00 2.630467843458831340e-11
7.100000000000000533e+00 1.785150106008829214e-11
7.150000000000000355e+00 1.207696792756332165e-11
7.200000000000000178e+00 8.143950151564627814e-12
7.250000000000000000e+00 5.473443507748657758e-12
7.300000000000000711e+00 3.668662917202664263e-12
7.350000000000000533e+00 2.450684427504521085e-12
7.400000000000000355e+00 1.631575903133510467e-12
7.450000000000000178e+00 1.082505298540420535e-12
7.500000000000000000e+00 7.168198387276384938e-13
7.550000000000000711e+00 4.726456921658201310e-13
7.600000000000000533e+00 3.105430474102488132e-13
7.650000000000000355e+00 2.035913456688206837e-13
7.700000000000000178e+00 1.342238296475652326e-13
7.750000000000000000e+00 8.470377046648713862e-14
7.800000000000000711e+00 5.857037909597203317e-14
7.850000000000000533e+00 3.451841652381704742e-14
7.900000000000000355e+00 2.448451942343315799e-14
7.950000000000000178e+00 1.511291505867688497e-14
8.000000000000000000e+00 9.334113944250457311e-15
8.050000000000000711e+00 6.316850158407542322e-15
8.099999999999999645e+00 4.644054105241864210e-15
8.150000000000000355e+00 4.919589906322625446e-16
8.200000000000001066e+00 4.298684565068018581e-15
8.250000000000000000e+00 -1.566793747559224404e-15
8.300000000000000711e+00 2.794802783157292580e-15
8.349999999999999645e+00 -9.286942155631081822e-16
8.400000000000000355e+00 1.102034795702191131e-15
8.450000000000001066e+00 -1.252467220492332750e-15
8.500000000000000000e+00 2.130330536280391803e-15
8.550000000000000711e+00 -1.389774047027166793e-15
8.599999999999999645e+00 -5.450514910390878355e-17
8.650000000000000355e+00 1.365069579832284020e-15
8.700000000000001066e+00 -1.460449165492094242e-15
8.750000000000000000e+00 1.046273900908338847e-15
8.800000000000000711e+00 -8.947869818271304827e-16
8.849999999999999645e+00 6.497550295300167282e-16
8.900000000000000355e+00 -3.082672613279421474e-16
8.950000000000001066e+00 1.299198502288661267e-16
9.000000000000000000e+00 4.319819604831346322e-17
9.050000000000000711e+00 -3.998734675086057766e-16
9.099999999999999645e+00 9.798222369839297653e-16
9.150000000000000355e+00 -1.520632586259547532e-15
9.200000000000001066e+00 1.666443348014846821e-15
9.250000000000000000e+00 -1.652936510030063718e-15
9.300000000000000711e+00 1.754139154502030860e-15
9.349999999999999645e+00 -8.083730921638440774e-16
9.400000000000000355e+00 -3.129946804781821181e-16
9.450000000000001066e+00 4.478683863164638121e-16
9.500000000000000000e+00 -5.285291514931537390e-16
9.550000000000000711e+00 4.396562669225681752e-16
9.600000000000001421e+00 2.847358820086425235e-17
9.650000000000000355e+00 -2.684097523875532543e-16
9.700000000000001066e+00 5.459916867373733694e-16
9.750000000000000000e+00 -1.393822836277563509e-15
9.800000000000000711e+00 1.711283310622933744e-15
9.850000000000001421e+00 -7.942176375658503092e-16
9.900000000000000355e+00 2.338621617139202958e-16
9.950000000000001066e+00 -3.957984741507089679e-16
1.000000000000000000e+01 4.914928446367434625e-16
1.005000000000000071e+01 -5.338538412669229260e-16
1.010000000000000142e+01 5.283145188698359339e-16
1.015000000000000036e+01 -9.734251387985928561e-16
1.020000000000000107e+01 1.568441580011555840e-15
1.025000000000000000e+01 -1.629521939792656338e-15
1.030000000000000071e+01 8.638231051579406381e-16
1.035000000000000142e+01 3.168995092356581949e-16
1.040000000000000036e+01 -3.127780653138851702e-16
1.045000000000000107e+01 -7.390220754898280402e-16
1.050000000000000000e+01 1.318732830640531504e-15
1.055000000000000071e+01 -1.165661182732789773e-15
1.060000000000000142e+01 5.502752317631239540e-16
1.065000000000000036e+01 3.483785894948401598e-16
1.070000000000000107e+01 -7.028633372336338548e-16
1.075000000000000000e+01 3.426611409939652065e-16
1.080000000000000071e+01 9.576680263858428028e-18
1.085000000000000142e+01 -4.399189324396829086e-17
1.090000000000000036e+01 2.390772309219356139e-16
1.095000000000000107e+01 -1.204911708030527278e-15
1.100000000000000000e+01 2.311044884831192530e-15
1.105000000000000071e+01 -2.332717995390910688e-15
1.110000000000000142e+01 1.417094525609959175e-15
1.115000000000000036e+01 -8.633933990661735704e-16
1.120000000000000107e+01 2.936748714740789555e-16
1.125000000000000000e+01 5.110842864864313078e-16
1.130000000000000071e+01 -1.186962298929639991e-16
1.135000000000000142e+01 -1.710995550524131174e-16
1.140000000000000036e+01 -8.361403790484212935e-16
1.145000000000000107e+01 1.321191725925664732e-15
1.150000000000000000e+01 -7.157192196628200080e-16
1.155000000000000071e+01 2.191685011846087245e-16
1.160000000000000142e+01 2.888492526167416754e-17
1.165000000000000036e+01 -2.756548026857476298e-16
1.170000000000000107e+01 6.191005130950230621e-17
1.175000000000000000e+01 5.096155493805137419e-16
1.180000000000000071e+01 -5.388093676537153538e-16
1.185000000000000142e+01 1.392849344422911085e-16
1.190000000000000036e+01 1.334069645084666670e-17
1.195000000000000107e+01 -1.136682650728774089e-16
1.200000000000000000e+01 1.711939580460244964e-15
1.205000000000000071e+01 5.710330600669202421e-19
1.210000000000000142e+01 1.904732904388165109e-22
1.215000000000000036e+01 6.353409454371122738e-26
1.220000000000000107e+01 2.119237439316682104e-29
1.225000000000000000e+01 7.068908768153607932e-33
1.230000000000000071e+01 2.357898575166901353e-36
1.235000000000000142e+01 7.864983604309981108e-40
1.240000000000000036e+01 2.623436533411507637e-43
1.245000000000000107e+01 8.750709448087111953e-47
1.250000000000000000e+01 2.918877870999729483e-50
1.255000000000000071e+01 9.736179992825377687e-54
1.260000000000000142e+01 3.247590430302049335e-57
1.265000000000000036e+01 1.083262974547230565e-60
1.270000000000000107e+01 3.613320862873961666e-64
1.275000000000000000e+01 1.205255569626784666e-67
1.280000000000000071e+01 4.020237631721492941e-71
1.285000000000000142e+01 1.340986226029020101e-74
1.290000000000000036e+01 4.472979360066969223e-78
1.295000000000000107e+01 1.492002208422930162e-81
1.300000000000000000e+01 4.976706399643922141e-85
1.305000000000000071e+01 1.660024737278794999e-88
1.310000000000000142e+01 5.537159870964792966e-92
1.315000000000000036e+01 1.846968890856242311e-95
