0.000000000000000000e+00 1.199559243330967841e-04
5.000000000000000278e-02 6.249368421972712677e-06
1.000000000000000056e-01 2.442332430157876191e-05
1.500000000000000222e-01 5.594900178565872059e-05
2.000000000000000111e-01 9.879879798531187403e-05
2.500000000000000000e-01 1.527596064413946388e-04
3.000000000000000444e-01 2.167473349303689653e-04
3.500000000000000333e-01 2.896985646598476509e-04
4.000000000000000222e-01 3.703407002773313837e-04
4.500000000000000111e-01 4.572754665860656164e-04
5.000000000000000000e-01 5.489901571537059155e-04
5.500000000000000444e-01 6.438809771585309516e-04
6.000000000000000888e-01 7.402880442025216046e-04
6.500000000000000222e-01 8.365174967010896015e-04
7.000000000000000666e-01 9.308540235156878258e-04
7.500000000000000000e-01 1.021618081921812395e-03
8.000000000000000444e-01 1.107185247615394231e-03
8.500000000000000888e-01 1.186018236705942879e-03
9.000000000000000222e-01 1.256624329505449207e-03
9.500000000000000666e-01 1.317706994811338860e-03
1.000000000000000000e+00 1.368084846472585048e-03
1.050000000000000044e+00 1.406784735827274228e-03
1.100000000000000089e+00 1.432970755350417838e-03
1.150000000000000133e+00 1.446020691200349245e-03
1.200000000000000178e+00 1.445521572894290343e-03
1.250000000000000000e+00 1.431301208048512937e-03
1.300000000000000044e+00 1.403374671806582570e-03
1.350000000000000089e+00 1.361982239328303349e-03
1.400000000000000133e+00 1.307573218052670129e-03
1.450000000000000178e+00 1.240849524438352586e-03
1.500000000000000000e+00 1.162562039845759301e-03
1.550000000000000044e+00 1.073788841560994719e-03
1.600000000000000089e+00 9.756237983201230136e-04
1.650000000000000133e+00 8.693938106266887013e-04
1.700000000000000178e+00 7.565454500009143133e-04
1.750000000000000000e+00 6.384669201288562142e-04
1.800000000000000044e+00 5.166361855852703551e-04
1.850000000000000089e+00 3.927518740398991534e-04
1.900000000000000133e+00 2.682747381268367113e-04
1.950000000000000178e+00 1.447256675253255230e-04
2.000000000000000000e+00 2.355846008723905260e-05
2.050000000000000266e+00 -9.378044958670305777e-05
2.100000000000000089e+00 -2.060973007341157536e-04
2.149999999999999911e+00 -3.121472941330665136e-04
2.200000000000000178e+00 -4.109689808841585101e-04
2.250000000000000000e+00 -5.016137787401494423e-04
2.300000000000000266e+00 -5.833603708381832932e-04
2.350000000000000089e+00 -6.556888664987340666e-04
2.400000000000000355e+00 -7.182108454769300541e-04
2.450000000000000178e+00 -7.705740046834534934e-04
2.500000000000000000e+00 -8.128512751979868629e-04
2.550000000000000266e+00 -8.450728860041892753e-04
2.600000000000000089e+00 -8.674105282645489575e-04
2.650000000000000355e+00 -8.802826933253900732e-04
2.700000000000000178e+00 -8.841886241046155882e-04
2.750000000000000000e+00 -8.796596094828918648e-04
2.800000000000000266e+00 -8.673824072445309417e-04
2.850000000000000089e+00 -8.480690364891457040e-04
2.900000000000000355e+00 -8.225521258093055135e-04
2.950000000000000178e+00 -7.915388504685321293e-04
3.000000000000000000e+00 -7.559563449276780105e-04
3.050000000000000266e+00 -7.165525071635451757e-04
3.100000000000000089e+00 -6.741857023147097491e-04
3.150000000000000355e+00 -6.296264175551574346e-04
3.200000000000000178e+00 -5.835892367779798445e-04
3.250000000000000000e+00 -5.367545168630046167e-04
3.300000000000000266e+00 -4.897402322045723124e-04
3.350000000000000089e+00 -4.431521940138781934e-04
3.400000000000000355e+00 -3.974316170156714763e-04
3.450000000000000178e+00 -3.530242528702258031e-04
3.500000000000000000e+00 -3.102492758479751217e-04
3.550000000000000266e+00 -2.694262585801544319e-04
3.600000000000000089e+00 -2.307504576200065027e-04
3.650000000000000355e+00 -1.944047759407336944e-04
3.700000000000000178e+00 -1.604665764577023783e-04
3.750000000000000000e+00 -1.289993100773316253e-04
3.800000000000000266e+00 -1.000014126572289919e-04
3.850000000000000089e+00 -7.347224059063957790e-05
3.900000000000000355e+00 -4.931221426424133697e-05
3.950000000000000178e+00 -2.746738862035557810e-05
4.000000000000000000e+00 -7.848969369415870201e-06
4.049999999999999822e+00 9.703708070555413687e-06
4.100000000000000533e+00 2.524519764451006170e-05
4.150000000000000355e+00 3.894037831502014934e-05
4.200000000000000178e+00 5.091947755940199477e-05
4.250000000000000000e+00 6.128889186865926102e-05
4.299999999999999822e+00 7.016980233846072416e-05
4.350000000000000533e+00 7.770600814956266707e-05
4.400000000000000355e+00 8.395930154673220537e-05
4.450000000000000178e+00 8.905350994143085427e-05
4.500000000000000000e+00 9.309701193949636820e-05
4.549999999999999822e+00 9.615040431629701481e-05
4.600000000000000533e+00 9.832558132459787961e-05
4.650000000000000355e+00 9.969275510359394438e-05
4.700000000000000178e+00 1.003189133424810839e-04
4.750000000000000000e+00 1.002950067530920916e-04
4.800000000000000711e+00 9.968219478711018693e-05
4.850000000000000533e+00 9.854432162561537899e-05
4.900000000000000355e+00 9.695381217251552509e-05
4.950000000000000178e+00 9.497859782667657453e-05
5.000000000000000000e+00 9.267333804865997250e-05
5.050000000000000711e+00 9.010335887349057743e-05
5.100000000000000533e+00 8.732402032959280598e-05
5.150000000000000355e+00 8.439646137922116086e-05
5.200000000000000178e+00 8.135812272206605967e-05
5.250000000000000000e+00 7.826962336757793985e-05
5.300000000000000711e+00 7.516571762171339870e-05
5.350000000000000533e+00 7.208543397763495463e-05
5.400000000000000355e+00 6.905775215442561587e-05
5.450000000000000178e+00 6.611074777900483002e-05
5.500000000000000000e+00 6.326002411519938084e-05
5.550000000000000711e+00 6.052694654310704695e-05
5.600000000000000533e+00 5.791013539219773073e-05
5.650000000000000355e+00 5.541682248989570259e-05
5.700000000000000178e+00 5.304707237522612151e-05
5.750000000000000000e+00 5.079277732928491514e-05
5.800000000000000711e+00 4.864760337795385288e-05
5.850000000000000533e+00 4.660251364031436200e-05
5.900000000000000355e+00 4.464225372576089822e-05
5.950000000000000178e+00 4.275786357552547202e-05
6.000000000000000000e+00 4.093601101387071253e-05
6.050000000000000711e+00 3.916504212756038034e-05
6.100000000000000533e+00 3.743919031462439626e-05
6.150000000000000355e+00 3.574705991727210731e-05
6.200000000000000178e+00 3.408485138829651386e-05
6.250000000000000000e+00 3.245303573612987134e-05
6.300000000000000711e+00 3.084744231704365325e-05
6.350000000000000533e+00 2.927176187718530745e-05
6.400000000000000355e+00 2.773270970081238133e-05
6.450000000000000178e+00 2.623312191445947229e-05
6.500000000000000000e+00 2.478065309110995669e-05
6.550000000000000711e+00 2.338591918474584568e-05
6.600000000000000533e+00 2.205397150832203227e-05
6.650000000000000355e+00 2.079275515710687699e-05
6.700000000000000178e+00 1.960959843953467705e-05
6.750000000000000000e+00 1.850920663781212164e-05
6.800000000000000711e+00 1.749525966744774197e-05
6.850000000000000533e+00 1.656990919937990060e-05
6.900000000000000355e+00 1.573103312186525517e-05
6.950000000000000178e+00 1.497688084448551006e-05
7.000000000000000000e+00 1.430264710455373493e-05
7.050000000000000711e+00 1.370054237442612039e-05
7.100000000000000533e+00 1.316430429068583877e-05
7.150000000000000355e+00 1.268277382998438757e-05
7.200000000000000178e+00 1.224603454628305628e-05
7.250000000000000000e+00 1.184354876089107955e-05
7.300000000000000711e+00 1.146474170811418491e-05
7.350000000000000533e+00 1.109974229471042952e-05
7.400000000000000355e+00 1.073916207334158423e-05
7.450000000000000178e+00 1.037612226175089961e-05
7.500000000000000000e+00 1.000415401255244454e-05
7.550000000000000711e+00 9.619230831076208276e-06
7.600000000000000533e+00 9.219049249589125376e-06
7.650000000000000355e+00 8.803489378012635064e-06
7.700000000000000178e+00 8.374236362831042436e-06
7.750000000000000000e+00 7.933937417244299613e-06
7.800000000000000711e+00 7.488171632244437775e-06
7.850000000000000533e+00 7.040397347707474293e-06
7.900000000000000355e+00 6.604759589605037019e-06
7.950000000000000178e+00 6.159767405942677483e-06
8.000000000000000000e+00 4.308890850859896836e-06
8.050000000000000711e+00 4.194779391620526537e-06
8.099999999999999645e+00 4.083759018473134783e-06
8.150000000000000355e+00 3.975370894437659980e-06
8.200000000000001066e+00 3.869334476881465336e-06
8.250000000000000000e+00 3.766290551023882489e-06
8.300000000000000711e+00 3.665558284072277723e-06
8.349999999999999645e+00 3.567201281145922821e-06
8.400000000000000355e+00 3.471413320530458572e-06
8.450000000000001066e+00 3.377999272974527075e-06
8.500000000000000000e+00 3.286921003870424066e-06
8.550000000000000711e+00 3.198103546659947380e-06
8.599999999999999645e+00 3.111492191301176889e-06
8.650000000000000355e+00 3.027087874024206984e-06
8.700000000000001066e+00 2.944692290190863345e-06
8.750000000000000000e+00 2.864541812224486503e-06
