0.000000000000000000e+00 7.225660788972973828e-03
5.000000000000000278e-02 7.286935728933925834e-03
1.000000000000000056e-01 7.273215817853580407e-03
1.500000000000000222e-01 7.248152403124533648e-03
2.000000000000000111e-01 7.212585771749711536e-03
2.500000000000000000e-01 7.164886641104762678e-03
3.000000000000000444e-01 7.103956049498679273e-03
3.500000000000000333e-01 7.028233681212825781e-03
4.000000000000000222e-01 6.936469131125228525e-03
4.500000000000000111e-01 6.826388270343322455e-03
5.000000000000000000e-01 6.697234634777994751e-03
5.500000000000000444e-01 6.547069852895592672e-03
6.000000000000000888e-01 6.374702148895712919e-03
6.500000000000000222e-01 6.178883335330150398e-03
7.000000000000000666e-01 5.959218705831605470e-03
7.500000000000000000e-01 5.714603034275651285e-03
8.000000000000000444e-01 5.446037260805876822e-03
8.500000000000000888e-01 5.152966432860191411e-03
9.000000000000000222e-01 4.836574822083535528e-03
9.500000000000000666e-01 4.498006392602486685e-03
1.000000000000000000e+00 4.139061050498216154e-03
1.050000000000000044e+00 3.761736402206171913e-03
1.100000000000000089e+00 3.369229927984075060e-03
1.150000000000000133e+00 2.962945519690290182e-03
1.200000000000000178e+00 2.548531334448666391e-03
1.250000000000000000e+00 2.126501461338945603e-03
1.300000000000000044e+00 1.702856366512466415e-03
1.350000000000000089e+00 1.280430452221668468e-03
1.400000000000000133e+00 8.630177951375335010e-04
1.450000000000000178e+00 4.546498206064198419e-04
1.500000000000000000e+00 5.881047369772475042e-05
1.550000000000000044e+00 -3.208554831077312184e-04
1.600000000000000089e+00 -6.810502856609030198e-04
1.650000000000000133e+00 -1.019080933196016454e-03
1.700000000000000178e+00 -1.330725435480770852e-03
1.750000000000000000e+00 -1.616828237877885851e-03
1.800000000000000044e+00 -1.872518184609991455e-03
1.850000000000000089e+00 -2.097798271628050892e-03
1.900000000000000133e+00 -2.291066530751263708e-03
1.950000000000000178e+00 -2.452111646053143149e-03
2.000000000000000000e+00 -2.580851979384540373e-03
2.050000000000000266e+00 -2.677370033443117296e-03
2.100000000000000089e+00 -2.742664512169693501e-03
2.149999999999999911e+00 -2.777551512691764108e-03
2.200000000000000178e+00 -2.783843227996549412e-03
2.250000000000000000e+00 -2.762256492363579421e-03
2.300000000000000266e+00 -2.717187900478622471e-03
2.350000000000000089e+00 -2.646770416132413362e-03
2.400000000000000355e+00 -2.557983164845616976e-03
2.450000000000000178e+00 -2.449883231047397282e-03
2.500000000000000000e+00 -2.326805094908315080e-03
2.550000000000000266e+00 -2.189945266684061986e-03
2.600000000000000089e+00 -2.044276675862530691e-03
2.650000000000000355e+00 -1.888531770318109364e-03
2.700000000000000178e+00 -1.728864144038556351e-03
2.750000000000000000e+00 -1.565409662685750703e-03
2.800000000000000266e+00 -1.400827790939755636e-03
2.850000000000000089e+00 -1.237703399008068710e-03
2.900000000000000355e+00 -1.075822033570114720e-03
2.950000000000000178e+00 -9.205927952626825547e-04
3.000000000000000000e+00 -7.688775092590711697e-04
3.050000000000000266e+00 -6.252839367136883014e-04
3.100000000000000089e+00 -4.891752396673288480e-04
3.150000000000000355e+00 -3.618882408419274986e-04
3.200000000000000178e+00 -2.440933105790991638e-04
3.250000000000000000e+00 -1.355805570686537652e-04
3.300000000000000266e+00 -3.758089957209087242e-05
3.350000000000000089e+00 5.077312466691927430e-05
3.400000000000000355e+00 1.288460211243366881e-04
3.450000000000000178e+00 1.974684110450183492e-04
3.500000000000000000e+00 2.556128927821548500e-04
3.550000000000000266e+00 3.062268540903762687e-04
3.600000000000000089e+00 3.466403564738314660e-04
3.650000000000000355e+00 3.798409849220691368e-04
3.700000000000000178e+00 4.051409275485805457e-04
3.750000000000000000e+00 4.236663607072369800e-04
3.800000000000000266e+00 4.359080983648558534e-04
3.850000000000000089e+00 4.423465797127711509e-04
3.900000000000000355e+00 4.442516674286295071e-04
3.950000000000000178e+00 4.411933805308355635e-04
4.000000000000000000e+00 4.348196911471008939e-04
4.049999999999999822e+00 4.250062826250999891e-04
4.100000000000000533e+00 4.130171852553148927e-04
4.150000000000000355e+00 3.979894456857062369e-04
4.200000000000000178e+00 3.823863633597265519e-04
4.250000000000000000e+00 3.647751255042079544e-04
4.299999999999999822e+00 3.466312237400777569e-04
4.350000000000000533e+00 3.278343878172377884e-04
4.400000000000000355e+00 3.088520004773132608e-04
4.450000000000000178e+00 2.898331492762381005e-04
4.500000000000000000e+00 2.711683342019193563e-04
4.549999999999999822e+00 2.526169920270281187e-04
4.600000000000000533e+00 2.349225795374682653e-04
4.650000000000000355e+00 2.178174797573072371e-04
4.700000000000000178e+00 2.011711435714548166e-04
4.750000000000000000e+00 1.860210028623116517e-04
4.800000000000000711e+00 1.708624608662655383e-04
4.850000000000000533e+00 1.572305262517894708e-04
4.900000000000000355e+00 1.442257353596380594e-04
4.950000000000000178e+00 1.321938583794607044e-04
5.000000000000000000e+00 1.210171613324577118e-04
5.050000000000000711e+00 1.107249428509375888e-04
5.100000000000000533e+00 1.012085080518620523e-04
5.150000000000000355e+00 9.272385319459449629e-05
5.200000000000000178e+00 8.407184267872221367e-05
5.250000000000000000e+00 7.844395593158368118e-05
5.300000000000000711e+00 7.043234693448840013e-05
5.350000000000000533e+00 6.502689477145665888e-05
5.400000000000000355e+00 5.988487008715627280e-05
5.450000000000000178e+00 5.497653473892353442e-05
5.500000000000000000e+00 5.073391058952858151e-05
5.550000000000000711e+00 4.689304774970113162e-05
5.600000000000000533e+00 4.346489362969788487e-05
5.650000000000000355e+00 4.037948604414746929e-05
5.700000000000000178e+00 3.767136921851619945e-05
5.750000000000000000e+00 3.502939149548964492e-05
5.800000000000000711e+00 3.343214041684689966e-05
5.850000000000000533e+00 3.018714210717323831e-05
5.900000000000000355e+00 2.934058287124000270e-05
5.950000000000000178e+00 2.844154537656395178e-05
6.000000000000000000e+00 1.224869877420987712e-05
6.050000000000000711e+00 1.213807866345553187e-05
6.100000000000000533e+00 1.202378213170217724e-05
6.150000000000000355e+00 1.190290165628959810e-05
6.200000000000000178e+00 1.177739713611605694e-05
6.250000000000000000e+00 1.165067009763927816e-05
6.300000000000000711e+00 1.151830810581139782e-05
6.350000000000000533e+00 1.138240912814854050e-05
6.400000000000000355e+00 1.124594990913264183e-05
6.450000000000000178e+00 1.110539994778755125e-05
6.500000000000000000e+00 1.096295701326576985e-05
6.550000000000000711e+00 1.082046607804544244e-05
