0.000000000000000000e+00 0.000000000000000000e+00
5.000000000000000278e-02 -6.620305881354010303e-11
1.000000000000000056e-01 -1.057049084222004935e-09
1.500000000000000222e-01 -5.332811904760459269e-09
2.000000000000000111e-01 -1.677287708022317654e-08
2.500000000000000000e-01 -4.069547077058156567e-08
3.000000000000000444e-01 -8.374790736997658978e-08
3.500000000000000333e-01 -1.537698845663841007e-07
4.000000000000000222e-01 -2.596329405562443398e-07
4.500000000000000111e-01 -4.110596793742206150e-07
5.000000000000000000e-01 -6.184267534920792778e-07
5.500000000000000444e-01 -8.925558589591890063e-07
6.000000000000000888e-01 -1.244497142803845188e-06
6.500000000000000222e-01 -1.685309445119645356e-06
7.000000000000000666e-01 -2.225841703567690072e-06
7.500000000000000000e-01 -2.876519644387204606e-06
8.000000000000000444e-01 -3.647141583512256679e-06
8.500000000000000888e-01 -4.546686779138924018e-06
9.000000000000000222e-01 -5.583139330443671738e-06
9.500000000000000666e-01 -6.763330124937587241e-06
1.000000000000000000e+00 -8.092798818559307283e-06
1.050000000000000044e+00 -9.575677307200365239e-06
1.100000000000000089e+00 -1.121459563397216247e-05
1.150000000000000133e+00 -1.301061078939396906e-05
1.200000000000000178e+00 -1.496315841558906798e-05
1.250000000000000000e+00 -1.707002703137437623e-05
1.300000000000000044e+00 -1.932735406041382009e-05
1.350000000000000089e+00 -2.172964267356466983e-05
1.400000000000000133e+00 -2.426979824997696359e-05
1.450000000000000178e+00 -2.693918311699957139e-05
1.500000000000000000e+00 -2.972768814123504663e-05
1.550000000000000044e+00 -3.262381970450137447e-05
1.600000000000000089e+00 -3.561480059952349271e-05
1.650000000000000133e+00 -3.868668341023432305e-05
1.700000000000000178e+00 -4.182447498946933816e-05
1.750000000000000000e+00 -4.501227070163878023e-05
1.800000000000000044e+00 -4.823339714953705641e-05
1.850000000000000089e+00 -5.147056214409633445e-05
1.900000000000000133e+00 -5.470601069679947886e-05
1.950000000000000178e+00 -5.792168581206846774e-05
2.000000000000000000e+00 -6.109939282914819008e-05
2.050000000000000266e+00 -6.422096601026630451e-05
2.100000000000000089e+00 -6.726843599708674847e-05
2.149999999999999911e+00 -7.022419666588798550e-05
2.200000000000000178e+00 -7.307116981058434145e-05
2.250000000000000000e+00 -7.579296598027550076e-05
2.300000000000000266e+00 -7.837403970398373150e-05
2.350000000000000089e+00 -8.079983725954924484e-05
2.400000000000000355e+00 -8.305693509599075075e-05
2.450000000000000178e+00 -8.513316700789012859e-05
2.500000000000000000e+00 -8.701773819406485963e-05
2.550000000000000266e+00 -8.870132441665872847e-05
2.600000000000000089e+00 -9.017615461433224080e-05
2.650000000000000355e+00 -9.143607551551636279e-05
2.700000000000000178e+00 -9.247659704316912226e-05
2.750000000000000000e+00 -9.329491759700437952e-05
2.800000000000000266e+00 -9.388992863613707161e-05
2.850000000000000089e+00 -9.426219835569796897e-05
2.900000000000000355e+00 -9.441393464454163082e-05
2.950000000000000178e+00 -9.434892791566662539e-05
3.000000000000000000e+00 -9.407247480346609206e-05
3.050000000000000266e+00 -9.359128410923653590e-05
3.100000000000000089e+00 -9.291336673557507757e-05
3.150000000000000355e+00 -9.204791166933531488e-05
3.200000000000000178e+00 -9.100515034100779106e-05
3.250000000000000000e+00 -8.979621189690063917e-05
3.300000000000000266e+00 -8.843297206267470732e-05
3.350000000000000089e+00 -8.692789834846506461e-05
3.400000000000000355e+00 -8.529389434544110019e-05
3.450000000000000178e+00 -8.354414579230686855e-05
3.500000000000000000e+00 -8.169197095158367517e-05
3.550000000000000266e+00 -7.975067763554813849e-05
3.600000000000000089e+00 -7.773342896850070425e-05
3.650000000000000355e+00 -7.565311967536125727e-05
3.700000000000000178e+00 -7.352226435741411115e-05
3.750000000000000000e+00 -7.135289886609447543e-05
3.800000000000000266e+00 -6.915649552700476428e-05
3.850000000000000089e+00 -6.694389261062041313e-05
3.900000000000000355e+00 -6.472523810442232901e-05
3.950000000000000178e+00 -6.250994752340207283e-05
4.000000000000000000e+00 -6.030667521048066183e-05
4.049999999999999822e+00 -5.812329833209113307e-05
4.100000000000000533e+00 -5.596691257183268191e-05
4.150000000000000355e+00 -5.384383836955398153e-05
4.200000000000000178e+00 -5.175963644534637960e-05
4.250000000000000000e+00 -4.971913128673328481e-05
4.299999999999999822e+00 -4.772644126013721795e-05
4.350000000000000533e+00 -4.578501403036916136e-05
4.400000000000000355e+00 -4.389766602910440292e-05
4.450000000000000178e+00 -4.206662479897347727e-05
4.500000000000000000e+00 -4.029357314737821294e-05
4.549999999999999822e+00 -3.857969416667010674e-05
4.600000000000000533e+00 -3.692571630829486807e-05
4.650000000000000355e+00 -3.533195783175370166e-05
4.700000000000000178e+00 -3.379837007929083832e-05
4.750000000000000000e+00 -3.232457914950091001e-05
4.800000000000000711e+00 -3.090992565396420309e-05
4.850000000000000533e+00 -2.955350233804520429e-05
4.900000000000000355e+00 -2.825418942866904064e-05
4.950000000000000178e+00 -2.701068763778421142e-05
5.000000000000000000e+00 -2.582154880079703515e-05
5.050000000000000711e+00 -2.468520416576435423e-05
5.100000000000000533e+00 -2.359999037339852721e-05
5.150000000000000355e+00 -2.256417318221871430e-05
5.200000000000000178e+00 -2.157596899995165132e-05
5.250000000000000000e+00 -2.063356428404118924e-05
5.300000000000000711e+00 -1.973513287323804027e-05
5.350000000000000533e+00 -1.887885131079780718e-05
5.400000000000000355e+00 -1.806291221950873970e-05
5.450000000000000178e+00 -1.728553579083207218e-05
5.500000000000000000e+00 -1.654497945558985479e-05
5.550000000000000711e+00 -1.583954581209600894e-05
5.600000000000000533e+00 -1.516758889914786307e-05
5.650000000000000355e+00 -1.452751891521904053e-05
5.700000000000000178e+00 -1.391780550054828190e-05
5.750000000000000000e+00 -1.333697971441656006e-05
5.800000000000000711e+00 -1.278363485445992566e-05
5.850000000000000533e+00 -1.225642627710571184e-05
5.900000000000000355e+00 -1.175407038698976454e-05
5.950000000000000178e+00 -1.127534296757034537e-05
6.000000000000000000e+00 -1.081907702443815911e-05
6.050000000000000711e+00 -1.038416030670639863e-05
6.100000000000000533e+00 -9.969532660376127843e-06
6.150000000000000355e+00 -9.574183351095382706e-06
6.200000000000000178e+00 -9.197148472973318010e-06
6.250000000000000000e+00 -8.837508536061085612e-06
6.300000000000000711e+00 -8.494386298966448071e-06
6.350000000000000533e+00 -8.166944886159057629e-06
6.400000000000000355e+00 -7.854386203217097675e-06
6.450000000000000178e+00 -7.555949638894701218e-06
6.500000000000000000e+00 -7.270911021649097634e-06
6.550000000000000711e+00 -6.998581781155552605e-06
6.600000000000000533e+00 -6.738308253093091998e-06
6.650000000000000355e+00 -6.489471058538767291e-06
6.700000000000000178e+00 -6.251484487773530330e-06
6.750000000000000000e+00 -6.023795821967204704e-06
6.800000000000000711e+00 -5.805884534558158060e-06
6.850000000000000533e+00 -5.597261326397015639e-06
6.900000000000000355e+00 -5.397466963893440299e-06
6.950000000000000178e+00 -5.206070906362370152e-06
7.000000000000000000e+00 -5.022669726308469787e-06
7.050000000000000711e+00 -4.846885343323318412e-06
7.100000000000000533e+00 -4.678363107486820400e-06
7.150000000000000355e+00 -4.516769780696735171e-06
7.200000000000000178e+00 -4.361791473438411746e-06
7.250000000000000000e+00 -4.213131599632643308e-06
7.300000000000000711e+00 -4.070508913119016460e-06
7.350000000000000533e+00 -3.933655686075706642e-06
7.400000000000000355e+00 -3.802316082544147623e-06
7.450000000000000178e+00 -3.676244769760800477e-06
7.500000000000000000e+00 -3.555205796937223030e-06
7.550000000000000711e+00 -3.438971756366086429e-06
7.600000000000000533e+00 -3.327323226239138651e-06
7.650000000000000355e+00 -3.220048479345004857e-06
7.700000000000000178e+00 -3.116943427830074343e-06
7.750000000000000000e+00 -3.017811762312421996e-06
7.800000000000000711e+00 -2.922465234544894031e-06
7.850000000000000533e+00 -2.830724027041694219e-06
7.900000000000000355e+00 -2.742417150905068204e-06
7.950000000000000178e+00 -2.657382814573159965e-06
