0.000000000000000000e+00 0.000000000000000000e+00
5.000000000000000278e-02 -2.504900702489096189e-09
1.000000000000000056e-01 -2.001113180164563809e-08
1.500000000000000222e-01 -6.737998093026622168e-08
2.000000000000000111e-01 -1.591941685692848781e-07
2.500000000000000000e-01 -3.096223402992528829e-07
3.000000000000000444e-01 -5.322880340501927099e-07
3.500000000000000333e-01 -8.401445216454448691e-07
4.000000000000000222e-01 -1.245356846649133780e-06
4.500000000000000111e-01 -1.759192286238754870e-06
5.000000000000000000e-01 -2.391920355016769305e-06
5.500000000000000444e-01 -3.152723345065282723e-06
6.000000000000000888e-01 -4.049618261056352479e-06
6.500000000000000222e-01 -5.089390863945862555e-06
7.000000000000000666e-01 -6.277542383920297635e-06
7.500000000000000000e-01 -7.618249305142578292e-06
8.000000000000000444e-01 -9.114336463815338616e-06
8.500000000000000888e-01 -1.076726353951510128e-05
9.000000000000000222e-01 -1.257712485998500181e-05
9.500000000000000666e-01 -1.454266228387156068e-05
1.000000000000000000e+00 -1.666129077640761305e-05
1.050000000000000044e+00 -1.892913615179168878e-05
1.100000000000000089e+00 -2.134108432483114600e-05
1.150000000000000133e+00 -2.389084129493878705e-05
1.200000000000000178e+00 -2.657100297921062164e-05
1.250000000000000000e+00 -2.937313391923685661e-05
1.300000000000000044e+00 -3.228785380941951859e-05
1.350000000000000089e+00 -3.530493073353894518e-05
1.400000000000000133e+00 -3.841337995150996500e-05
1.450000000000000178e+00 -4.160156704981242333e-05
1.500000000000000000e+00 -4.485731425683149581e-05
1.550000000000000044e+00 -4.816800872791040654e-05
1.600000000000000089e+00 -5.152071162368528003e-05
1.650000000000000133e+00 -5.490226683840551501e-05
1.700000000000000178e+00 -5.829940828142140592e-05
1.750000000000000000e+00 -6.169886467365903976e-05
1.800000000000000044e+00 -6.508746089037094795e-05
1.850000000000000089e+00 -6.845221496031688184e-05
1.900000000000000133e+00 -7.178042991827339263e-05
1.950000000000000178e+00 -7.505977980082234493e-05
2.000000000000000000e+00 -7.827838917313346913e-05
2.050000000000000266e+00 -8.142490567534924929e-05
2.100000000000000089e+00 -8.448856517963167342e-05
2.149999999999999911e+00 -8.745924925145121562e-05
2.200000000000000178e+00 -9.032753470984213626e-05
2.250000000000000000e+00 -9.308473517980529017e-05
2.300000000000000266e+00 -9.572293462457272457e-05
2.350000000000000089e+00 -9.823501293498484034e-05
2.400000000000000355e+00 -1.006146637368070349e-04
2.450000000000000178e+00 -1.028564046536304338e-04
2.500000000000000000e+00 -1.049555803324019802e-04
2.550000000000000266e+00 -1.069083586001103134e-04
2.600000000000000089e+00 -1.087117201733629577e-04
2.650000000000000355e+00 -1.103634423873236056e-04
2.700000000000000178e+00 -1.118620774466662750e-04
2.750000000000000000e+00 -1.132069257289222838e-04
2.800000000000000266e+00 -1.143980046900260213e-04
2.850000000000000089e+00 -1.154360139333165610e-04
2.900000000000000355e+00 -1.163222970071183779e-04
2.950000000000000178e+00 -1.170588004927900313e-04
3.000000000000000000e+00 -1.176480309353533145e-04
3.050000000000000266e+00 -1.180930101530993585e-04
3.100000000000000089e+00 -1.183972294415730795e-04
3.150000000000000355e+00 -1.185646031617420946e-04
3.200000000000000178e+00 -1.185994221726521504e-04
3.250000000000000000e+00 -1.185063075361621790e-04
3.300000000000000266e+00 -1.182901648861280064e-04
3.350000000000000089e+00 -1.179561398173293386e-04
3.400000000000000355e+00 -1.175095746111592075e-04
3.450000000000000178e+00 -1.169559665762164664e-04
3.500000000000000000e+00 -1.163009282430323734e-04
3.550000000000000266e+00 -1.155501496137251665e-04
3.600000000000000089e+00 -1.147093626298834669e-04
3.650000000000000355e+00 -1.137843079858322790e-04
3.700000000000000178e+00 -1.127807043799870237e-04
3.750000000000000000e+00 -1.117042202645471749e-04
3.800000000000000266e+00 -1.105604481235546198e-04
3.850000000000000089e+00 -1.093548812815359439e-04
3.900000000000000355e+00 -1.080928932196812650e-04
3.950000000000000178e+00 -1.067797193538803658e-04
4.000000000000000000e+00 -1.054204412089642919e-04
4.049999999999999822e+00 -1.040199729061916259e-04
4.100000000000000533e+00 -1.025830498663243709e-04
4.150000000000000355e+00 -1.011142196184875748e-04
4.200000000000000178e+00 -9.961783459529053360e-05
4.250000000000000000e+00 -9.809804678728741814e-05
4.299999999999999822e+00 -9.655880412461236213e-05
4.350000000000000533e+00 -9.500384845038846308e-05
4.400000000000000355e+00 -9.343671494910358634e-05
4.450000000000000178e+00 -9.186073289338723231e-05
4.500000000000000000e+00 -9.027902757433908700e-05
4.549999999999999822e+00 -8.869452328355414419e-05
4.600000000000000533e+00 -8.710994721909699073e-05
4.650000000000000355e+00 -8.552783419271136364e-05
4.700000000000000178e+00 -8.395053202135051187e-05
4.750000000000000000e+00 -8.238020749251869835e-05
4.800000000000000711e+00 -8.081885279977201386e-05
4.850000000000000533e+00 -7.926829235190967649e-05
4.900000000000000355e+00 -7.773018986675761359e-05
4.950000000000000178e+00 -7.620605566790363146e-05
5.000000000000000000e+00 -7.469725411018125435e-05
5.050000000000000711e+00 -7.320501106703032298e-05
5.100000000000000533e+00 -7.173042142001499288e-05
5.150000000000000355e+00 -7.027445649768670945e-05
5.200000000000000178e+00 -6.883797141759319383e-05
5.250000000000000000e+00 -6.742171229150850783e-05
5.300000000000000711e+00 -6.602632325986681268e-05
5.350000000000000533e+00 -6.465235332689942601e-05
5.400000000000000355e+00 -6.330026297308431499e-05
5.450000000000000178e+00 -6.197043052621788444e-05
5.500000000000000000e+00 -6.066315827670504094e-05
5.550000000000000711e+00 -5.937867832654188159e-05
5.600000000000000533e+00 -5.811715816494624772e-05
5.650000000000000355e+00 -5.687870596668821130e-05
5.700000000000000178e+00 -5.566337561189934344e-05
5.750000000000000000e+00 -5.447117142851985846e-05
5.800000000000000711e+00 -5.330205266059407141e-05
5.850000000000000533e+00 -5.215593766737020611e-05
5.900000000000000355e+00 -5.103270785962322732e-05
5.950000000000000178e+00 -4.993221138082559247e-05
6.000000000000000000e+00 -4.885426654175547423e-05
6.050000000000000711e+00 -4.779866501789018071e-05
6.100000000000000533e+00 -4.676517481949424559e-05
6.150000000000000355e+00 -4.575354304470726554e-05
6.200000000000000178e+00 -4.476349842618188349e-05
6.250000000000000000e+00 -4.379475368193667907e-05
6.300000000000000711e+00 -4.284700768109282054e-05
6.350000000000000533e+00 -4.191994743507012516e-05
6.400000000000000355e+00 -4.101324992464462768e-05
6.450000000000000178e+00 -4.012658377303069730e-05
6.500000000000000000e+00 -3.925961077485687003e-05
6.550000000000000711e+00 -3.841198729056659756e-05
6.600000000000000533e+00 -3.758336551540714202e-05
6.650000000000000355e+00 -3.677339463177493927e-05
6.700000000000000178e+00 -3.598172185327582964e-05
6.750000000000000000e+00 -3.520799336843915222e-05
6.800000000000000711e+00 -3.445185519160038902e-05
6.850000000000000533e+00 -3.371295392804473555e-05
6.900000000000000355e+00 -3.299093746008497041e-05
6.950000000000000178e+00 -3.228545556033859129e-05
7.000000000000000000e+00 -3.159616043806920920e-05
7.050000000000000711e+00 -3.092270722407232766e-05
7.100000000000000533e+00 -3.026475439921425759e-05
7.150000000000000355e+00 -2.962196417137800120e-05
7.200000000000000178e+00 -2.899400280523169448e-05
7.250000000000000000e+00 -2.838054090891425704e-05
7.300000000000000711e+00 -2.778125368142878618e-05
7.350000000000000533e+00 -2.719582112424876819e-05
7.400000000000000355e+00 -2.662392822037275256e-05
7.450000000000000178e+00 -2.606526508381098301e-05
7.500000000000000000e+00 -2.551952708225233279e-05
7.550000000000000711e+00 -2.498641493543969378e-05
7.600000000000000533e+00 -2.446563479157716286e-05
7.650000000000000355e+00 -2.395689828390254233e-05
7.700000000000000178e+00 -2.345992256938223767e-05
7.750000000000000000e+00 -2.297443035132197531e-05
7.800000000000000711e+00 -2.250014988753600855e-05
7.850000000000000533e+00 -2.203681498557732592e-05
7.900000000000000355e+00 -2.158416498640345767e-05
7.950000000000000178e+00 -2.114194473773295618e-05
8.000000000000000000e+00 -2.070990455823830799e-05
8.050000000000000711e+00 -2.028780019362154275e-05
8.099999999999999645e+00 -1.987539276552476679e-05
8.150000000000000355e+00 -1.947244871414407735e-05
8.200000000000001066e+00 -1.907873973533694273e-05
8.250000000000000000e+00 -1.869404271294184051e-05
8.300000000000000711e+00 -1.831813964696266399e-05
8.349999999999999645e+00 -1.795081757821146364e-05
8.400000000000000355e+00 -1.759186850994706763e-05
8.450000000000001066e+00 -1.724108932699723519e-05
8.500000000000000000e+00 -1.689828171280590802e-05
8.550000000000000711e+00 -1.656325206480460682e-05
8.599999999999999645e+00 -1.623581140846924983e-05
8.650000000000000355e+00 -1.591577531038743007e-05
8.700000000000001066e+00 -1.560296379063001769e-05
8.750000000000000000e+00 -1.529720123469081961e-05
8.800000000000000711e+00 -1.499831630523164001e-05
8.849999999999999645e+00 -1.470614185384548605e-05
8.900000000000000355e+00 -1.442051483302820975e-05
8.950000000000001066e+00 -1.414127620852853301e-05
9.000000000000000000e+00 -1.386827087222783753e-05
9.050000000000000711e+00 -1.360134755568401165e-05
9.099999999999999645e+00 -1.334035874445835711e-05
9.150000000000000355e+00 -1.308516059332999491e-05
9.200000000000001066e+00 -1.283561284248977666e-05
9.250000000000000000e+00 -1.259157873479393585e-05
9.300000000000000711e+00 -1.235292493414635454e-05
9.349999999999999645e+00 -1.211952144506987465e-05
9.400000000000000355e+00 -1.189124153351655580e-05
9.450000000000001066e+00 -1.166796164896049188e-05
9.500000000000000000e+00 -1.144956134780808394e-05
9.550000000000000711e+00 -1.123592321815480588e-05
9.600000000000001421e+00 -1.102693280591160876e-05
9.650000000000000355e+00 -1.082247854231795713e-05
9.700000000000001066e+00 -1.062245167285476675e-05
9.750000000000000000e+00 -1.042674618756499595e-05
9.800000000000000711e+00 -1.023525875278653738e-05
9.850000000000001421e+00 -1.004788864429839601e-05
9.900000000000000355e+00 -9.864537681877551497e-06
9.950000000000001066e+00 -9.685110165261698616e-06
1.000000000000000000e+01 -9.509512811510307026e-06
1.005000000000000071e+01 -9.337654693754154358e-06
1.010000000000000142e+01 -9.169447181321740151e-06
1.015000000000000036e+01 -9.004803881229055235e-06
1.020000000000000107e+01 -8.843640581017739465e-06
1.025000000000000000e+01 -8.685875192925463046e-06
1.030000000000000071e+01 -8.531427699370752212e-06
1.035000000000000142e+01 -8.380220099734029431e-06
1.040000000000000036e+01 -8.232176358415161060e-06
1.045000000000000107e+01 -8.087222354147556350e-06
1.050000000000000000e+01 -7.945285830547643677e-06
1.055000000000000071e+01 -7.806296347878629498e-06
1.060000000000000142e+01 -7.670185236006296921e-06
1.065000000000000036e+01 -7.536885548524829538e-06
1.070000000000000107e+01 -7.406332018030048946e-06
1.075000000000000000e+01 -7.278461012517241820e-06
1.080000000000000071e+01 -7.153210492880733760e-06
1.085000000000000142e+01 -7.030519971492430637e-06
1.090000000000000036e+01 -6.910330471836144161e-06
1.095000000000000107e+01 -6.792584489175020663e-06
1.100000000000000000e+01 -6.677225952229390402e-06
1.105000000000000071e+01 -6.564200185842302175e-06
1.110000000000000142e+01 -6.453453874610527258e-06
1.115000000000000036e+01 -6.344935027458908180e-06
1.120000000000000107e+01 -6.238592943136151437e-06
1.125000000000000000e+01 -6.134378176610624897e-06
1.130000000000000071e+01 -6.032242506344768093e-06
1.135000000000000142e+01 -5.932138902427398644e-06
1.140000000000000036e+01 -5.834021495543140510e-06
1.145000000000000107e+01 -5.737845546758739273e-06
1.150000000000000000e+01 -5.643567418106557408e-06
1.155000000000000071e+01 -5.551144543945204488e-06
1.160000000000000142e+01 -5.460535403078477873e-06
1.165000000000000036e+01 -5.371699491613428584e-06
1.170000000000000107e+01 -5.284597296538874438e-06
1.175000000000000000e+01 -5.199190270006291533e-06
1.180000000000000071e+01 -5.115440804294955054e-06
1.185000000000000142e+01 -5.033312207443727179e-06
1.190000000000000036e+01 -4.952768679532261771e-06
1.195000000000000107e+01 -4.873775289594586922e-06
1.200000000000000000e+01 -4.796297953148659173e-06
1.205000000000000071e+01 -4.720303410325456975e-06
1.210000000000000142e+01 -4.645759204581872124e-06
1.215000000000000036e+01 -4.572633661981948444e-06
1.220000000000000107e+01 -4.500895871031243155e-06
1.225000000000000000e+01 -4.430515663049709758e-06
1.230000000000000071e+01 -4.361463593068709669e-06
1.235000000000000142e+01 -4.293710921238162144e-06
1.240000000000000036e+01 -4.227229594730224924e-06
1.245000000000000107e+01 -4.161992230126413848e-06
1.250000000000000000e+01 -4.097972096275045131e-06
1.255000000000000071e+01 -4.035143097606732742e-06
1.260000000000000142e+01 -3.973479757895440345e-06
1.265000000000000036e+01 -3.912957204453517357e-06
1.270000000000000107e+01 -3.853551152748772556e-06
1.275000000000000000e+01 -3.795237891432597952e-06
1.280000000000000071e+01 -3.737994267767849445e-06
1.285000000000000142e+01 -3.681797673445870073e-06
1.290000000000000036e+01 -3.626626030782046371e-06
1.295000000000000107e+01 -3.572457779279644055e-06
