0.000000000000000000e+00 -0.000000000000000000e+00
5.000000000000000278e-02 -2.425483878277232333e-04
1.000000000000000056e-01 -4.844508465331398496e-04
1.500000000000000222e-01 -7.250641771880717056e-04
2.000000000000000111e-01 -9.637506225872786948e-04
2.500000000000000000e-01 -1.199880541718873275e-03
3.000000000000000444e-01 -1.432835029320515124e-03
3.500000000000000333e-01 -1.662008463453611183e-03
4.000000000000000222e-01 -1.886810965045787472e-03
4.500000000000000111e-01 -2.106670754573454658e-03
5.000000000000000000e-01 -2.321036392449577889e-03
5.500000000000000444e-01 -2.529378891211586829e-03
6.000000000000000888e-01 -2.731193689231978597e-03
6.500000000000000222e-01 -2.926002477360230367e-03
7.000000000000000666e-01 -3.113354871608426527e-03
7.500000000000000000e-01 -3.292829926675852961e-03
8.000000000000000444e-01 -3.464037486732265275e-03
8.500000000000000888e-01 -3.626619371412322969e-03
9.000000000000000222e-01 -3.780250396385079030e-03
9.500000000000000666e-01 -3.924639229128449452e-03
1.000000000000000000e+00 -4.059529081640827000e-03
1.050000000000000044e+00 -4.184698242748013247e-03
1.100000000000000089e+00 -4.299960453408101235e-03
1.150000000000000133e+00 -4.405165128980329838e-03
1.200000000000000178e+00 -4.500197432813064953e-03
1.250000000000000000e+00 -4.584978205734256858e-03
1.300000000000000044e+00 -4.659463756112151162e-03
1.350000000000000089e+00 -4.723645515117645861e-03
1.400000000000000133e+00 -4.777549561687740448e-03
1.450000000000000178e+00 -4.821236021490632635e-03
1.500000000000000000e+00 -4.854798343956182559e-03
1.550000000000000044e+00 -4.878362461190825783e-03
1.600000000000000089e+00 -4.892085832372183342e-03
1.650000000000000133e+00 -4.896156377042420321e-03
1.700000000000000178e+00 -4.890791300615077337e-03
1.750000000000000000e+00 -4.876235815397617947e-03
1.800000000000000044e+00 -4.852761760527337861e-03
1.850000000000000089e+00 -4.820666124432261730e-03
1.900000000000000133e+00 -4.780269473766926049e-03
1.950000000000000178e+00 -4.731914293235469152e-03
2.000000000000000000e+00 -4.675963241295738593e-03
2.050000000000000266e+00 -4.612797327428005793e-03
2.100000000000000089e+00 -4.542814017434286707e-03
2.149999999999999911e+00 -4.466425274090046228e-03
2.200000000000000178e+00 -4.384055541375447493e-03
2.250000000000000000e+00 -4.296139681442328814e-03
2.300000000000000266e+00 -4.203120874397520829e-03
2.350000000000000089e+00 -4.105448491873837057e-03
2.400000000000000355e+00 -4.003575956187685990e-03
2.450000000000000178e+00 -3.897958597618433885e-03
2.500000000000000000e+00 -3.789051522962766285e-03
2.550000000000000266e+00 -3.677307508992791810e-03
2.600000000000000089e+00 -3.563174934759170357e-03
2.650000000000000355e+00 -3.447095766812465368e-03
2.700000000000000178e+00 -3.329503611355221371e-03
2.750000000000000000e+00 -3.210821847075437125e-03
2.800000000000000266e+00 -3.091461851946479718e-03
2.850000000000000089e+00 -2.971821336611083549e-03
2.900000000000000355e+00 -2.852282796104351533e-03
2.950000000000000178e+00 -2.733212090624743008e-03
3.000000000000000000e+00 -2.614957164848145769e-03
3.050000000000000266e+00 -2.497846913918399039e-03
3.100000000000000089e+00 -2.382190202760841712e-03
3.150000000000000355e+00 -2.268275043779159270e-03
3.200000000000000178e+00 -2.156367936337954400e-03
3.250000000000000000e+00 -2.046713369732489768e-03
3.300000000000000266e+00 -1.939533489632861828e-03
3.350000000000000089e+00 -1.835027926291296846e-03
3.400000000000000355e+00 -1.733373781147201035e-03
3.450000000000000178e+00 -1.634725766881564612e-03
3.500000000000000000e+00 -1.539216494485530799e-03
3.550000000000000266e+00 -1.446956899539678749e-03
3.600000000000000089e+00 -1.358036798670115685e-03
3.650000000000000355e+00 -1.272525566071232251e-03
3.700000000000000178e+00 -1.190472919075284339e-03
3.750000000000000000e+00 -1.111909801015115900e-03
3.800000000000000266e+00 -1.036849349073449243e-03
3.850000000000000089e+00 -9.652879344422114370e-04
3.900000000000000355e+00 -8.972062619263756643e-04
3.950000000000000178e+00 -8.325705161140648219e-04
4.000000000000000000e+00 -7.713335413899283536e-04
4.049999999999999822e+00 -7.134360433817200009e-04
4.100000000000000533e+00 -6.588077998874592974e-04
4.150000000000000355e+00 -6.073688699178484253e-04
4.200000000000000178e+00 -5.590307901894385869e-04
4.250000000000000000e+00 -5.136977492011359425e-04
4.299999999999999822e+00 -4.712677299018682071e-04
4.350000000000000533e+00 -4.316336128926847432e-04
4.400000000000000355e+00 -3.946842330838911815e-04
4.450000000000000178e+00 -3.603053837296900591e-04
4.500000000000000000e+00 -3.283807627723753968e-04
4.549999999999999822e+00 -2.987928574296467416e-04
4.600000000000000533e+00 -2.714237639378904517e-04
4.650000000000000355e+00 -2.461559403081703748e-04
4.700000000000000178e+00 -2.228728908490501981e-04
4.750000000000000000e+00 -2.014597820515837536e-04
4.800000000000000711e+00 -1.818039902088877256e-04
4.850000000000000533e+00 -1.637955818497308850e-04
4.900000000000000355e+00 -1.473277286978705118e-04
4.950000000000000178e+00 -1.322970594238600357e-04
5.000000000000000000e+00 -1.186039509323912912e-04
5.050000000000000711e+00 -1.061527623261049883e-04
5.100000000000000533e+00 -9.485201500776848499e-05
5.150000000000000355e+00 -8.461452262925314770e-05
5.200000000000000178e+00 -7.535747477156755001e-05
5.250000000000000000e+00 -6.700247834963149126e-05
5.300000000000000711e+00 -5.947556078359033619e-05
5.350000000000000533e+00 -5.270713897083970046e-05
5.400000000000000355e+00 -4.663195803541633999e-05
5.450000000000000178e+00 -4.118900373008122076e-05
5.500000000000000000e+00 -3.632139222747904535e-05
5.550000000000000711e+00 -3.197624086621257515e-05
5.600000000000000533e+00 -2.810452322152776026e-05
5.650000000000000355e+00 -2.466091165417740914e-05
5.700000000000000178e+00 -2.160361026033689601e-05
5.750000000000000000e+00 -1.889418090511477377e-05
5.800000000000000711e+00 -1.649736477678747883e-05
5.850000000000000533e+00 -1.438090165251798298e-05
5.900000000000000355e+00 -1.251534882254588703e-05
5.950000000000000178e+00 -1.087390138185543299e-05
6.000000000000000000e+00 -9.432215368734020048e-06
6.050000000000000711e+00 -8.168235010672564213e-06
6.100000000000000533e+00 -7.062025131419285651e-06
6.150000000000000355e+00 -6.095609580040890673e-06
6.200000000000000178e+00 -5.252816364490130097e-06
6.250000000000000000e+00 -4.519130009013951031e-06
6.300000000000000711e+00 -3.881551507015644473e-06
6.350000000000000533e+00 -3.328466108712989840e-06
6.400000000000000355e+00 -2.849519065842193859e-06
6.450000000000000178e+00 -2.435499353291089119e-06
6.500000000000000000e+00 -2.078231299284407825e-06
6.550000000000000711e+00 -1.770473980829576110e-06
6.600000000000000533e+00 -1.505828178696302997e-06
6.650000000000000355e+00 -1.278650635334532174e-06
6.700000000000000178e+00 -1.083975318844889907e-06
6.750000000000000000e+00 -9.174413654081003846e-07
6.800000000000000711e+00 -7.752273504705456583e-07
6.850000000000000533e+00 -6.539915244648067534e-07
6.900000000000000355e+00 -5.508176410042548822e-07
6.950000000000000178e+00 -4.631660033697852470e-07
7.000000000000000000e+00 -3.888293579030820357e-07
7.050000000000000711e+00 -3.258932697821850726e-07
7.100000000000000533e+00 -2.727006268849841470e-07
7.150000000000000355e+00 -2.278199303461922606e-07
7.200000000000000178e+00 -1.900170453904407680e-07
7.250000000000000000e+00 -1.582301025321373922e-07
7.300000000000000711e+00 -1.315472568013846035e-07
7.350000000000000533e+00 -1.091870308615652797e-07
7.400000000000000355e+00 -9.048098638523330108e-08
7.450000000000000178e+00 -7.485848653538548853e-08
7.500000000000000000e+00 -6.183333062352853515e-08
7.550000000000000711e+00 -5.099205977004765781e-08
7.600000000000000533e+00 -4.198374952070592404e-08
7.650000000000000355e+00 -3.451112174682830041e-08
7.700000000000000178e+00 -2.832282369290778978e-08
7.750000000000000000e+00 -2.320673665237730737e-08
7.800000000000000711e+00 -1.898419044654401139e-08
7.850000000000000533e+00 -1.550497259194633471e-08
7.900000000000000355e+00 -1.264303280804681629e-08
7.950000000000000178e+00 -1.029279433281788178e-08
8.000000000000000000e+00 -8.365993409340455467e-09
8.050000000000000711e+00 -6.788977319873092621e-09
8.099999999999999645e+00 -5.500399521456877729e-09
8.150000000000000355e+00 -4.449257806063823794e-09
8.200000000000001066e+00 -3.593228054014445039e-09
8.250000000000000000e+00 -2.897252078595934385e-09
8.300000000000000711e+00 -2.332343371755054078e-09
8.349999999999999645e+00 -1.874579263672091690e-09
8.400000000000000355e+00 -1.504252190060875826e-09
8.450000000000001066e+00 -1.205156441017956240e-09
8.500000000000000000e+00 -9.639900111122292649e-10
8.550000000000000711e+00 -7.698540103661205411e-10
8.599999999999999645e+00 -6.138345837963448743e-10
8.650000000000000355e+00 -4.886544524670239235e-10
8.700000000000001066e+00 -3.883830710274068488e-10
8.750000000000000000e+00 -3.081960282259017205e-10
8.800000000000000711e+00 -2.441757255762414776e-10
8.849999999999999645e+00 -1.931465812100429071e-10
8.900000000000000355e+00 -1.525390494354433948e-10
8.950000000000001066e+00 -1.202776400436413561e-10
9.000000000000000000e+00 -9.468888228506157296e-11
9.050000000000000711e+00 -7.442582988185864486e-11
9.099999999999999645e+00 -5.840625464272967989e-11
9.150000000000000355e+00 -4.576214513429167020e-11
9.200000000000001066e+00 -3.579852233501446337e-11
9.250000000000000000e+00 -2.795991854058936271e-11
9.300000000000000711e+00 -2.180314468329043567e-11
9.349999999999999645e+00 -1.697521040116447659e-11
9.400000000000000355e+00 -1.319545390141195986e-11
9.450000000000001066e+00 -1.024110940539023747e-11
9.500000000000000000e+00 -7.935668733973565803e-12
9.550000000000000711e+00 -6.139517514639516239e-12
9.600000000000001421e+00 -4.742414179183573961e-12
9.650000000000000355e+00 -3.657460311193766931e-12
9.700000000000001066e+00 -2.816274322957914571e-12
9.750000000000000000e+00 -2.165139247225050345e-12
9.800000000000000711e+00 -1.661929584780323781e-12
9.850000000000001421e+00 -1.273666194622797713e-12
9.900000000000000355e+00 -9.745747343483009716e-13
9.950000000000001066e+00 -7.445459262335835386e-13
1.000000000000000000e+01 -5.679171697365496488e-13
1.005000000000000071e+01 -4.325099108752836293e-13
1.010000000000000142e+01 -3.288705736820729512e-13
1.015000000000000036e+01 -2.496732253872864062e-13
1.020000000000000107e+01 -1.892506516158159646e-13
1.025000000000000000e+01 -1.432257817140163650e-13
1.030000000000000071e+01 -1.082243295586705880e-13
1.035000000000000142e+01 -8.164825961386901610e-14
1.040000000000000036e+01 -6.150208920824511659e-14
1.045000000000000107e+01 -4.625420408237735436e-14
1.050000000000000000e+01 -3.473241387343058250e-14
1.055000000000000071e+01 -2.603982109591256078e-14
1.060000000000000142e+01 -1.949220807714347235e-14
1.065000000000000036e+01 -1.456817051497480076e-14
1.070000000000000107e+01 -1.087107409478891050e-14
1.075000000000000000e+01 -8.099509600724814686e-15
1.080000000000000071e+01 -6.025165275606131639e-15
1.085000000000000142e+01 -4.475118025095623740e-15
1.090000000000000036e+01 -3.318537152447647445e-15
1.095000000000000107e+01 -2.457128273679267445e-15
1.100000000000000000e+01 -1.816602840537683902e-15
1.105000000000000071e+01 -1.340834604795838751e-15
1.110000000000000142e+01 -9.880769644381872937e-16
1.115000000000000036e+01 -7.270408550787730079e-16
1.120000000000000107e+01 -5.342203923283144422e-16
1.125000000000000000e+01 -3.917639807566019206e-16
1.130000000000000071e+01 -2.869099117093212416e-16
1.135000000000000142e+01 -2.098811877513338984e-16
1.140000000000000036e+01 -1.531890995326577172e-16
1.145000000000000107e+01 -1.116628603640609859e-16
1.150000000000000000e+01 -8.127707889566901582e-17
1.155000000000000071e+01 -5.909945986134191868e-17
1.160000000000000142e+01 -4.286700132837024153e-17
1.165000000000000036e+01 -3.103679820013919066e-17
1.170000000000000107e+01 -2.234721415042143656e-17
1.175000000000000000e+01 -1.624489426964486508e-17
1.180000000000000071e+01 -1.169651327319676712e-17
1.185000000000000142e+01 -8.485456686211540050e-18
1.190000000000000036e+01 -6.055618571635117377e-18
1.195000000000000107e+01 -4.294319073149492007e-18
1.200000000000000000e+01 -3.225885677236969954e-18
1.205000000000000071e+01 -2.230605763393740152e-18
1.210000000000000142e+01 -1.623958320679144463e-18
1.215000000000000036e+01 -1.079770580853062978e-18
1.220000000000000107e+01 -7.264631313023986477e-19
1.225000000000000000e+01 -4.925506944955652380e-19
1.230000000000000071e+01 -4.889455516090950188e-19
1.235000000000000142e+01 -2.303751667087003437e-19
1.240000000000000036e+01 -1.511420435508818146e-19
1.245000000000000107e+01 -1.448523326806061866e-19
1.250000000000000000e+01 -2.107701908828621531e-19
1.255000000000000071e+01 -8.857806053393165429e-20
1.260000000000000142e+01 -1.093455319519836598e-19
1.265000000000000036e+01 -1.270555238720674993e-19
1.270000000000000107e+01 -8.207933326565673219e-20
1.275000000000000000e+01 -1.761083606986288551e-20
1.280000000000000071e+01 -5.944862997018825406e-20
1.285000000000000142e+01 9.592295254129194892e-22
1.290000000000000036e+01 -3.961965405205917940e-20
1.295000000000000107e+01 2.570254164238109888e-20
1.300000000000000000e+01 -4.072902878293631095e-20
1.305000000000000071e+01 1.020121166631594563e-19
1.310000000000000142e+01 8.370261229332635219e-20
1.315000000000000036e+01 8.287691235617980194e-20
1.320000000000000107e+01 -3.435145495391986967e-20
1.325000000000000000e+01 -1.090255773831467293e-20
1.330000000000000071e+01 -4.494811968428434085e-20
1.335000000000000142e+01 9.020642976739879259e-20
1.340000000000000036e+01 4.017038474904508717e-20
1.345000000000000107e+01 1.535044464079997077e-20
1.350000000000000000e+01 2.702550037161076478e-20
1.355000000000000071e+01 2.916717621298511729e-20
1.360000000000000142e+01 1.937081625631054727e-20
1.365000000000000036e+01 1.154951711470204379e-20
1.370000000000000107e+01 2.652087101621257336e-20
1.375000000000000000e+01 -2.299440385991615187e-20
1.380000000000000071e+01 -6.186842028028968717e-20
1.385000000000000142e+01 -5.791210709953219418e-20
1.390000000000000036e+01 -1.633609117761602872e-20
1.395000000000000107e+01 -4.233008909633017560e-20
1.400000000000000000e+01 1.117586535376094294e-20
1.405000000000000071e+01 1.128944932265322025e-20
1.410000000000000142e+01 5.920787853742938685e-21
1.415000000000000036e+01 6.193912901390331196e-20
1.420000000000000107e+01 9.401578871603266461e-20
1.425000000000000000e+01 -8.635345206866933975e-20
1.430000000000000071e+01 3.883476224233181810e-20
1.435000000000000142e+01 -5.315669011064141948e-20
1.440000000000000036e+01 2.196738228433528663e-20
1.445000000000000107e+01 -7.094398757297996727e-21
1.450000000000000000e+01 1.650376284498882720e-20
1.455000000000000071e+01 -4.396045267800187500e-21
1.460000000000000142e+01 3.350757804660863927e-20
1.465000000000000036e+01 -6.363152867148733437e-20
1.470000000000000107e+01 7.378342476697326161e-20
1.475000000000000000e+01 3.057545797105695003e-20
1.480000000000000071e+01 1.715816635466003925e-20
1.485000000000000142e+01 -2.399388106758874868e-21
1.490000000000000036e+01 1.639868258329336627e-20
1.495000000000000107e+01 -4.692848386308236318e-20
1.500000000000000000e+01 5.747414944787738376e-20
1.505000000000000071e+01 -2.642271493917927875e-20
1.510000000000000142e+01 -7.052637648452569616e-20
1.515000000000000036e+01 4.827250802367586174e-20
1.520000000000000107e+01 -5.731568387499155701e-20
1.525000000000000000e+01 -2.445182497917108227e-20
1.530000000000000071e+01 5.864815695172647240e-21
1.535000000000000142e+01 4.947753605259189910e-20
1.540000000000000036e+01 -2.541718930682979835e-20
1.545000000000000107e+01 -9.500047812828102886e-20
1.550000000000000000e+01 -9.024131793969724295e-21
1.555000000000000071e+01 1.147432515419839443e-19
1.560000000000000142e+01 -2.113837010343469164e-20
1.565000000000000036e+01 4.649378177844043729e-20
1.570000000000000107e+01 5.251142058705296263e-21
1.575000000000000000e+01 6.134029063782643566e-20
1.580000000000000071e+01 -6.792552786970973704e-20
1.585000000000000142e+01 5.128680119414967909e-20
1.590000000000000036e+01 7.979027687261465267e-21
1.595000000000000107e+01 6.596949284171713668e-20
1.600000000000000000e+01 6.935587117348772047e-20
1.605000000000000071e+01 4.109450472874415720e-20
1.610000000000000142e+01 -8.028633402725088862e-20
1.615000000000000213e+01 1.273952787354941043e-20
1.619999999999999929e+01 -5.546438902735741785e-21
1.625000000000000000e+01 2.353272482275210789e-20
1.630000000000000071e+01 1.158679857079827896e-20
1.635000000000000142e+01 1.135777696574106279e-20
1.640000000000000213e+01 4.012053349006902645e-20
1.644999999999999929e+01 -5.874046364267995251e-20
1.650000000000000000e+01 -3.140215592254356306e-22
1.655000000000000071e+01 3.025390393652885906e-20
1.660000000000000142e+01 -8.822528016267423950e-20
1.665000000000000213e+01 5.982490272100046483e-20
1.669999999999999929e+01 7.013214570211886460e-21
1.675000000000000000e+01 4.029834131621976277e-20
1.680000000000000071e+01 -8.788846940129578697e-20
1.685000000000000142e+01 -3.526313786991476910e-20
1.690000000000000213e+01 -4.617177727999863796e-20
1.694999999999999929e+01 -6.325309652703109862e-21
1.700000000000000000e+01 -1.051772549441439285e-19
1.705000000000000071e+01 -7.385974557788242891e-20
1.710000000000000142e+01 -1.526226218944544886e-20
1.715000000000000213e+01 -9.530960322596694902e-20
1.719999999999999929e+01 -2.810638538840598221e-20
1.725000000000000000e+01 -6.859376106930654598e-20
1.730000000000000071e+01 -3.985627968151442179e-20
1.735000000000000142e+01 -1.264455266237870435e-19
1.740000000000000213e+01 3.061144295367203768e-20
1.744999999999999929e+01 -4.167195338981817211e-20
1.750000000000000000e+01 -1.183708466647313274e-19
1.755000000000000071e+01 -7.608239047632298782e-20
1.760000000000000142e+01 -1.015377656047635711e-19
1.765000000000000213e+01 -1.522326098810548149e-19
1.769999999999999929e+01 -6.849958482911867093e-20
1.775000000000000000e+01 -7.131248744896360738e-20
1.780000000000000071e+01 -8.273115224145059736e-20
1.785000000000000142e+01 -5.398075782937674161e-20
1.790000000000000213e+01 -9.008879246279415054e-20
1.794999999999999929e+01 -1.053604086412374778e-19
1.800000000000000000e+01 -6.966305138884356194e-20
1.805000000000000071e+01 -1.577224240266575712e-19
1.810000000000000142e+01 -6.548560089963281311e-20
1.815000000000000213e+01 -1.726402130537848448e-21
1.819999999999999929e+01 -4.198356802898945794e-20
1.825000000000000000e+01 -4.484359879890549213e-20
1.830000000000000071e+01 -3.181646532229735603e-20
1.835000000000000142e+01 -1.242792841908931606e-19
1.840000000000000213e+01 -2.867372620699052397e-20
1.844999999999999929e+01 -1.120578685610526885e-19
1.850000000000000000e+01 -7.898245737863739736e-20
1.855000000000000071e+01 1.998216292483287575e-20
1.860000000000000142e+01 -6.879516311424848112e-20
1.865000000000000213e+01 2.738349384325742931e-20
1.869999999999999929e+01 -3.806401794502623617e-20
1.875000000000000000e+01 2.667406856130792535e-20
1.880000000000000071e+01 -7.175760302425381162e-20
1.885000000000000142e+01 -1.293120036888315731e-20
1.890000000000000213e+01 -9.456727705604101363e-20
1.894999999999999929e+01 -3.557038079806115692e-20
1.900000000000000000e+01 -1.338903741249373251e-20
1.905000000000000071e+01 2.667498660492780970e-21
1.910000000000000142e+01 4.376473151819851007e-20
1.915000000000000213e+01 -2.375239605033411542e-20
1.920000000000000284e+01 -7.406174074931032137e-20
1.925000000000000000e+01 4.241992807578809166e-20
1.930000000000000071e+01 -1.720115362179799824e-20
1.935000000000000142e+01 1.740762113306002998e-21
1.940000000000000213e+01 -2.570893074245199010e-20
1.945000000000000284e+01 2.609745008722010943e-20
1.950000000000000000e+01 9.199023317079665166e-21
1.955000000000000071e+01 8.624084421061663879e-20
1.960000000000000142e+01 7.191297331879505425e-20
1.965000000000000213e+01 4.322658790956528795e-20
1.970000000000000284e+01 4.162795569193817109e-20
1.975000000000000000e+01 3.640018929461901504e-20
1.980000000000000071e+01 4.699033781535086761e-20
1.985000000000000142e+01 1.558416457636426011e-20
1.990000000000000213e+01 -1.104748259211995122e-20
1.995000000000000284e+01 6.834739102155767033e-20
2.000000000000000000e+01 8.561992654085444583e-20
2.005000000000000071e+01 2.678917134572456788e-21
2.010000000000000142e+01 4.736612079872117646e-20
2.015000000000000213e+01 1.867897803275220911e-19
2.020000000000000284e+01 7.594701215747426735e-20
2.025000000000000000e+01 1.578602425729419804e-20
2.030000000000000071e+01 4.076559310271792982e-20
2.035000000000000142e+01 4.869223734151456088e-20
2.040000000000000213e+01 4.922979302418851781e-20
2.045000000000000284e+01 3.541197606164786343e-20
2.050000000000000000e+01 5.826707822584578459e-20
2.055000000000000071e+01 2.755899850144607933e-20
2.060000000000000142e+01 1.004487701727947717e-19
2.065000000000000213e+01 1.018451904870399554e-20
2.070000000000000284e+01 -2.188204601436774942e-21
2.075000000000000000e+01 8.702993282899366583e-20
2.080000000000000071e+01 7.191586696586831253e-20
2.085000000000000142e+01 5.533149499790989228e-20
2.090000000000000213e+01 -2.060839833226667261e-20
2.095000000000000284e+01 6.586393079485706383e-20
2.100000000000000000e+01 7.478204170581945384e-20
2.105000000000000071e+01 8.565940989524763772e-20
2.110000000000000142e+01 7.375196882407583434e-20
2.115000000000000213e+01 3.686781952341073982e-21
2.120000000000000284e+01 -1.318506899287249518e-20
2.125000000000000000e+01 4.811877999846260370e-20
2.130000000000000071e+01 2.013598544893135914e-20
2.135000000000000142e+01 -7.994378624927383751e-21
2.140000000000000213e+01 1.370898270128007188e-20
2.145000000000000284e+01 -6.341296707415862965e-20
2.150000000000000000e+01 2.454481846277793028e-20
2.155000000000000071e+01 -9.076880264452470401e-20
2.160000000000000142e+01 2.558611402951222448e-20
2.165000000000000213e+01 -6.902758617533539379e-20
2.170000000000000284e+01 -3.081478332955438201e-20
2.175000000000000000e+01 -1.845999852474811151e-20
2.180000000000000071e+01 -4.573447993676435378e-20
2.185000000000000142e+01 -5.884258256568002763e-20
2.190000000000000213e+01 -7.179236770594199157e-20
2.195000000000000284e+01 -7.807562174867170564e-20
2.200000000000000000e+01 -2.977447022739043403e-21
2.205000000000000071e+01 -8.178016093574103635e-20
2.210000000000000142e+01 -1.300772082025100461e-19
2.215000000000000213e+01 2.218622222734229880e-20
2.220000000000000284e+01 5.668256082261903782e-20
2.225000000000000000e+01 -7.712710105790661304e-20
2.230000000000000071e+01 -6.819269067778902646e-20
2.235000000000000142e+01 -7.391750801123424028e-20
2.240000000000000213e+01 1.918188310775535199e-20
2.245000000000000284e+01 -8.360686958839377211e-20
2.250000000000000000e+01 -5.554099118224308120e-20
2.255000000000000071e+01 -7.396860916819318763e-20
2.260000000000000142e+01 -7.193469469030986842e-20
2.265000000000000213e+01 -1.135852680147182487e-19
2.270000000000000284e+01 -1.080696844822318005e-19
2.275000000000000000e+01 -1.067272770839744721e-19
2.280000000000000071e+01 -6.398556989585838399e-20
2.285000000000000142e+01 -1.072054107065357764e-19
2.290000000000000213e+01 -1.619578828144884859e-20
2.295000000000000284e+01 -9.758851038487990105e-20
2.300000000000000000e+01 -8.984748270020974144e-20
2.305000000000000071e+01 -6.512979820347242355e-20
2.310000000000000142e+01 -6.308096117103381373e-20
2.315000000000000213e+01 -1.285898968209606877e-21
2.320000000000000284e+01 -7.570578311377157021e-20
2.325000000000000000e+01 -1.174965833960506878e-19
2.330000000000000071e+01 -8.680132398182197706e-21
2.335000000000000142e+01 -6.588266608283353951e-20
2.340000000000000213e+01 -8.123442955437698468e-20
2.345000000000000284e+01 -1.532438874565151747e-21
2.350000000000000000e+01 5.779141211480319094e-20
2.355000000000000071e+01 3.245294008075586176e-20
2.360000000000000142e+01 -7.264620939179865313e-20
2.365000000000000213e+01 -4.748375914546152765e-20
2.370000000000000284e+01 7.894552279697244946e-22
2.375000000000000000e+01 4.560311701679292844e-20
2.380000000000000071e+01 2.171623909425623799e-20
2.385000000000000142e+01 4.774453987879953492e-20
2.390000000000000213e+01 6.668742593270898787e-20
2.395000000000000284e+01 4.559231044845829315e-20
2.400000000000000000e+01 6.206194478163759291e-20
2.405000000000000071e+01 5.683703545906131830e-20
2.410000000000000142e+01 1.536465593227333199e-19
2.415000000000000213e+01 1.030439386604785501e-19
2.420000000000000284e+01 9.084678026047028010e-20
2.425000000000000000e+01 1.246908702149032881e-19
2.430000000000000071e+01 1.138101311954476715e-20
2.435000000000000142e+01 6.079842324852542136e-20
2.440000000000000213e+01 1.015676492181334564e-19
2.445000000000000284e+01 3.216562933398305305e-20
2.450000000000000000e+01 9.970905946383754320e-20
2.455000000000000071e+01 7.704641088352000978e-20
2.460000000000000142e+01 1.560786126797981888e-19
2.465000000000000213e+01 1.412761480892310314e-19
2.470000000000000284e+01 1.309169242955724628e-19
2.475000000000000000e+01 7.688029798769804709e-20
2.480000000000000071e+01 1.273722251294355192e-19
2.485000000000000142e+01 1.074778904708025757e-19
2.490000000000000213e+01 7.184154459834801727e-20
2.495000000000000284e+01 1.434205370964510027e-19
