0.000000000000000000e+00 -0.000000000000000000e+00
5.000000000000000278e-02 -1.958703741129856319e-09
1.000000000000000056e-01 -6.259561691943763808e-08
1.500000000000000222e-01 -4.718487351202747580e-07
2.000000000000000111e-01 -1.967960846766219333e-06
2.500000000000000000e-01 -5.926530637479246999e-06
3.000000000000000444e-01 -1.450998095801096712e-05
3.500000000000000333e-01 -3.076669856609451343e-05
4.000000000000000222e-01 -5.867333037139136866e-05
4.500000000000000111e-01 -1.031153868096842632e-04
5.000000000000000000e-01 -1.698052312323261787e-04
5.500000000000000444e-01 -2.651396283996968720e-04
6.000000000000000888e-01 -3.960022141060371066e-04
6.500000000000000222e-01 -5.695191428801807702e-04
7.000000000000000666e-01 -7.927786366966447932e-04
7.500000000000000000e-01 -1.072527077176042669e-03
8.000000000000000444e-01 -1.414855565742498874e-03
8.500000000000000888e-01 -1.824891464796767624e-03
9.000000000000000222e-01 -2.306509309343424564e-03
9.500000000000000666e-01 -2.862074661416259477e-03
1.000000000000000000e+00 -3.492233021087735260e-03
1.050000000000000044e+00 -4.195753896280018935e-03
1.100000000000000089e+00 -4.969437674094249330e-03
1.150000000000000133e+00 -5.808090164396173018e-03
1.200000000000000178e+00 -6.704566739558730573e-03
1.250000000000000000e+00 -7.649885019507470657e-03
1.300000000000000044e+00 -8.633402189547860137e-03
1.350000000000000089e+00 -9.643050420333674350e-03
1.400000000000000133e+00 -1.066562159794195996e-02
1.450000000000000178e+00 -1.168709075830683813e-02
1.500000000000000000e+00 -1.269296631941387900e-02
1.550000000000000044e+00 -1.366865445409209262e-02
1.600000000000000089e+00 -1.459982475522404732e-02
1.650000000000000133e+00 -1.547276469593564414e-02
1.700000000000000178e+00 -1.627471123744446066e-02
1.750000000000000000e+00 -1.699414922336274503e-02
1.800000000000000044e+00 -1.762106784144936919e-02
1.850000000000000089e+00 -1.814716834063496292e-02
1.900000000000000133e+00 -1.856601826487724871e-02
1.950000000000000178e+00 -1.887314960722745460e-02
2.000000000000000000e+00 -1.906610040236728434e-02
2.050000000000000266e+00 -1.914440127683865109e-02
2.100000000000000089e+00 -1.910951028786565808e-02
2.149999999999999911e+00 -1.896470094295283140e-02
2.200000000000000178e+00 -1.871490955820145213e-02
2.250000000000000000e+00 -1.836654905512493524e-02
2.300000000000000266e+00 -1.792729690187224931e-02
2.350000000000000089e+00 -1.740586517904449751e-02
2.400000000000000355e+00 -1.681176071058993957e-02
2.450000000000000178e+00 -1.615504287631613911e-02
2.500000000000000000e+00 -1.544608615341853258e-02
2.550000000000000266e+00 -1.469535366574647832e-02
2.600000000000000089e+00 -1.391318710080838468e-02
2.650000000000000355e+00 -1.310961733644698882e-02
2.700000000000000178e+00 -1.229419905116820207e-02
2.750000000000000000e+00 -1.147587152045016941e-02
2.800000000000000266e+00 -1.066284676717721598e-02
2.850000000000000089e+00 -9.862525272576633598e-03
2.900000000000000355e+00 -9.081438592585632311e-03
2.950000000000000178e+00 -8.325217483921194123e-03
3.000000000000000000e+00 -7.598583537350620497e-03
3.050000000000000266e+00 -6.905361848817168080e-03
3.100000000000000089e+00 -6.248511931822443854e-03
3.150000000000000355e+00 -5.630173880933146344e-03
3.200000000000000178e+00 -5.051726726049627844e-03
3.250000000000000000e+00 -4.513855956259117674e-03
3.300000000000000266e+00 -4.016627324411579242e-03
3.350000000000000089e+00 -3.559564251346153830e-03
3.400000000000000355e+00 -3.141726413885172729e-03
3.450000000000000178e+00 -2.761787405622462624e-03
3.500000000000000000e+00 -2.418109687567647666e-03
3.550000000000000266e+00 -2.108815381882052451e-03
3.600000000000000089e+00 -1.831851793253036400e-03
3.650000000000000355e+00 -1.585050858112153557e-03
3.700000000000000178e+00 -1.366182013421817550e-03
3.750000000000000000e+00 -1.172998237928551176e-03
3.800000000000000266e+00 -1.003275245559347249e-03
3.850000000000000089e+00 -8.548440009358704164e-04
3.900000000000000355e+00 -7.256168804278213596e-04
3.950000000000000178e+00 -6.136079198263438448e-04
4.000000000000000000e+00 -5.169476737963615018e-04
4.049999999999999822e+00 -4.338932658202027917e-04
4.100000000000000533e+00 -3.628342340069994629e-04
4.150000000000000355e+00 -3.022947818729216480e-04
4.200000000000000178e+00 -2.509330280651411445e-04
4.250000000000000000e+00 -2.075378190052693808e-04
4.299999999999999822e+00 -1.710236273459049799e-04
4.350000000000000533e+00 -1.404240104264230671e-04
4.400000000000000355e+00 -1.148840496429515671e-04
4.450000000000000178e+00 -9.365213643884591585e-05
4.500000000000000000e+00 -7.607141564931101455e-05
4.549999999999999822e+00 -6.157114392538058959e-05
4.600000000000000533e+00 -4.965817122573219235e-05
4.650000000000000355e+00 -3.990870782244193966e-05
4.700000000000000178e+00 -3.196049850226636126e-05
4.750000000000000000e+00 -2.550548995071444367e-05
4.800000000000000711e+00 -2.028304673653750736e-05
4.850000000000000533e+00 -1.607374573224548987e-05
4.900000000000000355e+00 -1.269375793279039587e-05
4.950000000000000178e+00 -9.989810089190092102e-06
5.000000000000000000e+00 -7.834705911261682020e-06
5.050000000000000711e+00 -6.123377336401406850e-06
5.100000000000000533e+00 -4.769430022956052314e-06
5.150000000000000355e+00 -3.702143334352768000e-06
5.200000000000000178e+00 -2.863883185855060390e-06
5.250000000000000000e+00 -2.207885820850910966e-06
5.300000000000000711e+00 -1.696371500673837292e-06
5.350000000000000533e+00 -1.298948911642861626e-06
5.400000000000000355e+00 -9.912735419953901216e-07
5.450000000000000178e+00 -7.539261324078563430e-07
5.500000000000000000e+00 -5.714803715894673822e-07
5.550000000000000711e+00 -4.317321470259721691e-07
5.600000000000000533e+00 -3.250657582817692715e-07
5.650000000000000355e+00 -2.439354740178841932e-07
5.700000000000000178e+00 -1.824436069547297347e-07
5.750000000000000000e+00 -1.359988567524674952e-07
5.800000000000000711e+00 -1.010410092364229140e-07
5.850000000000000533e+00 -7.482017466393395126e-08
5.900000000000000355e+00 -5.522060053890771925e-08
5.950000000000000178e+00 -4.062071563203467249e-08
