0.000000000000000000e+00 0.000000000000000000e+00
5.000000000000000278e-02 3.428210980461758819e-06
1.000000000000000056e-01 2.737116215430560051e-05
1.500000000000000222e-01 9.207208185107159726e-05
2.000000000000000111e-01 2.172327524763484124e-04
2.500000000000000000e-01 4.217526942794170620e-04
3.000000000000000444e-01 7.234745765558913463e-04
3.500000000000000333e-01 1.138944596940428319e-03
4.000000000000000222e-01 1.683184989274884562e-03
4.500000000000000111e-01 2.369486789751107034e-03
5.000000000000000000e-01 3.209213998117126966e-03
5.500000000000000444e-01 4.211639388523074484e-03
6.000000000000000888e-01 5.383789149732124205e-03
6.500000000000000222e-01 6.730319745762700957e-03
7.000000000000000666e-01 8.253412211839715809e-03
7.500000000000000000e-01 9.952693780087099387e-03
8.000000000000000444e-01 1.182518288313728905e-02
8.500000000000000888e-01 1.386526081821452643e-02
9.000000000000000222e-01 1.606466935550542388e-02
9.500000000000000666e-01 1.841253631005066935e-02
1.000000000000000000e+00 2.089542983991515140e-02
1.050000000000000044e+00 2.349744266911359125e-02
1.100000000000000089e+00 2.620030768335787977e-02
1.150000000000000133e+00 2.898354442605498293e-02
1.200000000000000178e+00 3.182464279024140724e-02
1.250000000000000000e+00 3.469927576670066294e-02
1.300000000000000044e+00 3.758155102760948885e-02
1.350000000000000089e+00 4.044428941916591858e-02
1.400000000000000133e+00 4.325935092814982286e-02
1.450000000000000178e+00 4.599797302202261740e-02
1.500000000000000000e+00 4.863114846086091098e-02
1.550000000000000044e+00 5.113002647330971984e-02
1.600000000000000089e+00 5.346632802573678123e-02
1.650000000000000133e+00 5.561277672747257789e-02
1.700000000000000178e+00 5.754353361144254331e-02
1.750000000000000000e+00 5.923462883276140595e-02
1.800000000000000044e+00 6.066438117686426268e-02
1.850000000000000089e+00 6.181379578406510922e-02
1.900000000000000133e+00 6.266693047950723516e-02
1.950000000000000178e+00 6.321122135604928527e-02
2.000000000000000000e+00 6.343775539378018746e-02
2.050000000000000266e+00 6.334149122769036633e-02
2.100000000000000089e+00 6.292140416889140109e-02
2.149999999999999911e+00 6.218056664268110240e-02
2.200000000000000178e+00 6.112614676359660881e-02
2.250000000000000000e+00 5.976933438607866245e-02
2.300000000000000266e+00 5.812517992575214759e-02
2.350000000000000089e+00 5.621236160565799139e-02
2.400000000000000355e+00 5.405287693315007080e-02
2.450000000000000178e+00 5.167166709609399139e-02
2.500000000000000000e+00 4.909618248235265298e-02
2.550000000000000266e+00 4.635589898326026442e-02
2.600000000000000089e+00 4.348179503460551654e-02
2.650000000000000355e+00 4.050580688226178283e-02
2.700000000000000178e+00 3.746027528259348455e-02
2.750000000000000000e+00 3.437735580390603035e-02
2.800000000000000266e+00 3.128852749897342855e-02
2.850000000000000089e+00 2.822403788789927537e-02
2.900000000000000355e+00 2.521245944080836854e-02
2.950000000000000178e+00 2.228023108626610641e-02
3.000000000000000000e+00 1.945131781506960478e-02
3.050000000000000266e+00 1.674690662322001616e-02
3.100000000000000089e+00 1.418518049316863303e-02
3.150000000000000355e+00 1.178116662976417747e-02
3.200000000000000178e+00 9.546659747696100221e-03
3.250000000000000000e+00 7.490218470923196148e-03
3.300000000000000266e+00 5.617231888197357116e-03
3.350000000000000089e+00 3.930049545563857674e-03
3.400000000000000355e+00 2.428169071972232848e-03
3.450000000000000178e+00 1.108472402753105275e-03
3.500000000000000000e+00 -3.449909013237399295e-05
3.550000000000000266e+00 -1.008238616556657134e-03
3.600000000000000089e+00 -1.821950052889653292e-03
3.650000000000000355e+00 -2.486213280432063560e-03
3.700000000000000178e+00 -3.012649950446240430e-03
3.750000000000000000e+00 -3.413597479150062061e-03
3.800000000000000266e+00 -3.701800923349268888e-03
3.850000000000000089e+00 -3.890124080955405152e-03
3.900000000000000355e+00 -3.991294121068903432e-03
3.950000000000000178e+00 -4.017675203367756728e-03
4.000000000000000000e+00 -3.981076526369778552e-03
4.049999999999999822e+00 -3.892598348139857372e-03
4.100000000000000533e+00 -3.762518556058296916e-03
4.150000000000000355e+00 -3.600185491011934340e-03
4.200000000000000178e+00 -3.414002146183042416e-03
4.250000000000000000e+00 -3.211380835196272609e-03
4.299999999999999822e+00 -2.998750575343246683e-03
4.350000000000000533e+00 -2.781600264867117346e-03
4.400000000000000355e+00 -2.564500531624719446e-03
4.450000000000000178e+00 -2.351180780592956616e-03
4.500000000000000000e+00 -2.144595888805908221e-03
4.549999999999999822e+00 -1.947003554072406764e-03
4.600000000000000533e+00 -1.760045278644671368e-03
4.650000000000000355e+00 -1.584827794482419980e-03
4.700000000000000178e+00 -1.422002404842797208e-03
4.750000000000000000e+00 -1.271840530319400800e-03
4.800000000000000711e+00 -1.134303892306504427e-03
4.850000000000000533e+00 -1.009108510320727613e-03
4.900000000000000355e+00 -8.957816329799679275e-04
4.950000000000000178e+00 -7.937124173818519736e-04
5.000000000000000000e+00 -7.021917440280011150e-04
5.050000000000000711e+00 -6.204554203929609022e-04
5.100000000000000533e+00 -5.477063877393373997e-04
5.150000000000000355e+00 -4.831444185183522114e-04
5.200000000000000178e+00 -4.259828852114900350e-04
5.250000000000000000e+00 -3.754673125899867067e-04
5.300000000000000711e+00 -3.308827452408417556e-04
5.350000000000000533e+00 -2.915606289599047274e-04
5.400000000000000355e+00 -2.568918364840402685e-04
5.450000000000000178e+00 -2.263164492661481073e-04
5.500000000000000000e+00 -1.993470331781451821e-04
5.550000000000000711e+00 -1.755391518178371114e-04
5.600000000000000533e+00 -1.545096191177807452e-04
5.650000000000000355e+00 -1.359277687442133210e-04
5.700000000000000178e+00 -1.195013861914965268e-04
5.750000000000000000e+00 -1.049909720178502520e-04
5.800000000000000711e+00 -9.219004918801802155e-05
5.850000000000000533e+00 -8.092291127771953925e-05
5.900000000000000355e+00 -7.103984213634238591e-05
5.950000000000000178e+00 -6.240953441848691300e-05
