0.000000000000000000e+00 0.000000000000000000e+00
5.000000000000000278e-02 3.700609502204619167e-05
1.000000000000000056e-01 7.400335279039879871e-05
1.500000000000000222e-01 1.109831978866625594e-04
2.000000000000000111e-01 1.479370920062630988e-04
2.500000000000000000e-01 1.848567906835500263e-04
3.000000000000000444e-01 2.217343872005141255e-04
3.500000000000000333e-01 2.585623845554509007e-04
4.000000000000000222e-01 2.953337594232175616e-04
4.500000000000000111e-01 3.320420168040467642e-04
5.000000000000000000e-01 3.686812342142582744e-04
5.500000000000000444e-01 4.052460944492246482e-04
6.000000000000000888e-01 4.417319061440789910e-04
6.500000000000000222e-01 4.781346115680944111e-04
7.000000000000000666e-01 5.144507813112169595e-04
7.500000000000000000e-01 5.506775957524836541e-04
8.000000000000000444e-01 5.868128134362684623e-04
8.500000000000000888e-01 6.228547267195513404e-04
9.000000000000000222e-01 6.588021052876320187e-04
9.500000000000000666e-01 6.946544198268660413e-04
1.000000000000000000e+00 7.304106113189877490e-04
1.050000000000000044e+00 7.660707128016148136e-04
1.100000000000000089e+00 8.016346290577903034e-04
1.150000000000000133e+00 8.371023138515675064e-04
1.200000000000000178e+00 8.724736648874299640e-04
1.250000000000000000e+00 9.077484162588989828e-04
1.300000000000000044e+00 9.429260302643740869e-04
1.350000000000000089e+00 9.780055905029062281e-04
1.400000000000000133e+00 1.012985698162021352e-03
1.450000000000000178e+00 1.047864373373287496e-03
1.500000000000000000e+00 1.082638963439349266e-03
1.550000000000000044e+00 1.117306059629596168e-03
1.600000000000000089e+00 1.151861424102272081e-03
1.650000000000000133e+00 1.186299928341204724e-03
1.700000000000000178e+00 1.220617147836794685e-03
1.750000000000000000e+00 1.254801109215510600e-03
1.800000000000000044e+00 1.288848704852805019e-03
1.850000000000000089e+00 1.322749251613120330e-03
1.900000000000000133e+00 1.356492717772885990e-03
1.950000000000000178e+00 1.390068103779297385e-03
2.000000000000000000e+00 1.423463481305010849e-03
2.050000000000000266e+00 1.456666046499162717e-03
2.100000000000000089e+00 1.489662186632193961e-03
2.149999999999999911e+00 1.522437559108940535e-03
2.200000000000000178e+00 1.554977181623932178e-03
2.250000000000000000e+00 1.587265532058855554e-03
2.300000000000000266e+00 1.619286656577836317e-03
2.350000000000000089e+00 1.651024284264191030e-03
2.400000000000000355e+00 1.682461946564220998e-03
2.450000000000000178e+00 1.713583099760434148e-03
2.500000000000000000e+00 1.744371248688227983e-03
2.550000000000000266e+00 1.774810069935882752e-03
2.600000000000000089e+00 1.804883532825975580e-03
2.650000000000000355e+00 1.834576016564895161e-03
2.700000000000000178e+00 1.863872422062906467e-03
2.750000000000000000e+00 1.892758277066821987e-03
2.800000000000000266e+00 1.921219833406754684e-03
2.850000000000000089e+00 1.949244155333427478e-03
2.900000000000000355e+00 1.976819198108692964e-03
2.950000000000000178e+00 2.003933876204648610e-03
3.000000000000000000e+00 2.030578120661674559e-03
3.050000000000000266e+00 2.056742925348502976e-03
3.100000000000000089e+00 2.082420382054044842e-03
3.150000000000000355e+00 2.107603704517573180e-03
3.200000000000000178e+00 2.132287241667714557e-03
3.250000000000000000e+00 2.156466480488948654e-03
3.300000000000000266e+00 2.180138039064735689e-03
3.350000000000000089e+00 2.203299650457599384e-03
3.400000000000000355e+00 2.225950138177300308e-03
3.450000000000000178e+00 2.248089384058497668e-03
3.500000000000000000e+00 2.269718289418977929e-03
3.550000000000000266e+00 2.290838730399341171e-03
3.600000000000000089e+00 2.311453508396130088e-03
3.650000000000000355e+00 2.331566296493993613e-03
3.700000000000000178e+00 2.351181582780720748e-03
3.750000000000000000e+00 2.370304611393398743e-03
3.800000000000000266e+00 2.388941322097077637e-03
3.850000000000000089e+00 2.407098289141072940e-03
3.900000000000000355e+00 2.424782660074772511e-03
3.950000000000000178e+00 2.442002095136626416e-03
4.000000000000000000e+00 2.458764707758876247e-03
4.049999999999999822e+00 2.475079006658487384e-03
4.100000000000000533e+00 2.490953839913224218e-03
4.150000000000000355e+00 2.506398341352382517e-03
4.200000000000000178e+00 2.521421879525544661e-03
4.250000000000000000e+00 2.536034009450692343e-03
4.299999999999999822e+00 2.550244427286029597e-03
4.350000000000000533e+00 2.564062928018138662e-03
4.400000000000000355e+00 2.577499366213082885e-03
4.450000000000000178e+00 2.590563619836744151e-03
4.500000000000000000e+00 2.603265557115985295e-03
4.549999999999999822e+00 2.615615006382931897e-03
4.600000000000000533e+00 2.627621728820402590e-03
4.650000000000000355e+00 2.639295394006979222e-03
4.700000000000000178e+00 2.650645558144815173e-03
4.750000000000000000e+00 2.661681644841687368e-03
4.800000000000000711e+00 2.672412928310437513e-03
4.850000000000000533e+00 2.682848518843433758e-03
4.900000000000000355e+00 2.692997350416558543e-03
4.950000000000000178e+00 2.702868170276100709e-03
5.000000000000000000e+00 2.712469530362478665e-03
5.050000000000000711e+00 2.721809780426683294e-03
5.100000000000000533e+00 2.730897062698346006e-03
5.150000000000000355e+00 2.739739307968366237e-03
5.200000000000000178e+00 2.748344232953752429e-03
5.250000000000000000e+00 2.756719338817700815e-03
5.300000000000000711e+00 2.764871910723821786e-03
5.350000000000000533e+00 2.772809018309680372e-03
5.400000000000000355e+00 2.780537516971437039e-03
5.450000000000000178e+00 2.788064049858242788e-03
5.500000000000000000e+00 2.795395050482036518e-03
5.550000000000000711e+00 2.802536745855552236e-03
5.600000000000000533e+00 2.809495160078446119e-03
5.650000000000000355e+00 2.816276118298581804e-03
5.700000000000000178e+00 2.822885250982411307e-03
5.750000000000000000e+00 2.829327998435154402e-03
5.800000000000000711e+00 2.835609615517910732e-03
5.850000000000000533e+00 2.841735176514913110e-03
5.900000000000000355e+00 2.847709580109840724e-03
5.950000000000000178e+00 2.853537554435305566e-03
6.000000000000000000e+00 2.859223662164365586e-03
6.050000000000000711e+00 2.864772305617166795e-03
6.100000000000000533e+00 2.870187731859520641e-03
6.150000000000000355e+00 2.875474037773477314e-03
