0.000000000000000000e+00 -8.954006824556753202e-03
5.000000000000000278e-02 -8.959603388977057173e-03
1.000000000000000056e-01 -8.976273872548486479e-03
1.500000000000000222e-01 -9.003662815928585930e-03
2.000000000000000111e-01 -9.041184971458305145e-03
2.500000000000000000e-01 -9.088035913869309604e-03
3.000000000000000444e-01 -9.143206567541532076e-03
3.500000000000000333e-01 -9.205501333133593242e-03
4.000000000000000222e-01 -9.273559420489007124e-03
4.500000000000000111e-01 -9.345878932161939823e-03
5.000000000000000000e-01 -9.420843005630605282e-03
5.500000000000000444e-01 -9.496748570015275601e-03
6.000000000000000888e-01 -9.571834178206778745e-03
6.500000000000000222e-01 -9.644310571412495134e-03
7.000000000000000666e-01 -9.712389960618891815e-03
7.500000000000000000e-01 -9.774314753372218001e-03
8.000000000000000444e-01 -9.828387253733469192e-03
8.500000000000000888e-01 -9.872989324588916926e-03
9.000000000000000222e-01 -9.906615211844630939e-03
9.500000000000000666e-01 -9.927887259085209706e-03
1.000000000000000000e+00 -9.935575260757013513e-03
1.050000000000000044e+00 -9.928612958653406512e-03
1.100000000000000089e+00 -9.906109578112580125e-03
1.150000000000000133e+00 -9.867358898487202726e-03
1.200000000000000178e+00 -9.811844791912410768e-03
1.250000000000000000e+00 -9.739243458862255343e-03
1.300000000000000044e+00 -9.649422479082014892e-03
1.350000000000000089e+00 -9.542436855951134250e-03
1.400000000000000133e+00 -9.418522284147115911e-03
1.450000000000000178e+00 -9.278085913774075655e-03
1.500000000000000000e+00 -9.121694918321406401e-03
1.550000000000000044e+00 -8.950063198660018413e-03
1.600000000000000089e+00 -8.764036570786514629e-03
1.650000000000000133e+00 -8.564576775741213413e-03
1.700000000000000178e+00 -8.352744757127836608e-03
1.750000000000000000e+00 -8.129683318100978245e-03
1.800000000000000044e+00 -7.896599786027183251e-03
1.850000000000000089e+00 -7.654748609631760285e-03
1.900000000000000133e+00 -7.405415351831787923e-03
1.950000000000000178e+00 -7.149898678462885716e-03
2.000000000000000000e+00 -6.889498149427768746e-03
2.050000000000000266e+00 -6.625496510923182918e-03
2.100000000000000089e+00 -6.359149436916706512e-03
2.149999999999999911e+00 -6.091673978880941288e-03
2.200000000000000178e+00 -5.824234379820168554e-03
2.250000000000000000e+00 -5.557938824809783955e-03
2.300000000000000266e+00 -5.293827474952991080e-03
2.350000000000000089e+00 -5.032871336208279492e-03
2.400000000000000355e+00 -4.775962544144705772e-03
2.450000000000000178e+00 -4.523912638040731085e-03
2.500000000000000000e+00 -4.277452278203788295e-03
2.550000000000000266e+00 -4.037228924883392439e-03
2.600000000000000089e+00 -3.803807935308873081e-03
2.650000000000000355e+00 -3.577670508984317609e-03
2.700000000000000178e+00 -3.359222247498052250e-03
2.750000000000000000e+00 -3.148789052413473229e-03
2.800000000000000266e+00 -2.946624052168092880e-03
2.850000000000000089e+00 -2.752910721335432263e-03
2.900000000000000355e+00 -2.567767170088681734e-03
2.950000000000000178e+00 -2.391250765557232337e-03
3.000000000000000000e+00 -2.223362892493356991e-03
3.050000000000000266e+00 -2.064054066455410681e-03
3.100000000000000089e+00 -1.913228822002045748e-03
3.150000000000000355e+00 -1.770751434853866987e-03
3.200000000000000178e+00 -1.636448339108242120e-03
3.250000000000000000e+00 -1.510116693647196254e-03
3.300000000000000266e+00 -1.391526537955433806e-03
3.350000000000000089e+00 -1.280425831942995363e-03
3.400000000000000355e+00 -1.176544631352994912e-03
3.450000000000000178e+00 -1.079598990396418278e-03
3.500000000000000000e+00 -9.892945737229388858e-04
3.550000000000000266e+00 -9.053300516247572921e-04
3.600000000000000089e+00 -8.273996750903246091e-04
3.650000000000000355e+00 -7.551968237718926840e-04
3.700000000000000178e+00 -6.884155424868701511e-04
3.750000000000000000e+00 -6.267530637712924674e-04
3.800000000000000266e+00 -5.699115353081014336e-04
3.850000000000000089e+00 -5.175995650177812489e-04
3.900000000000000355e+00 -4.695330270310972011e-04
3.950000000000000178e+00 -4.254381870081146025e-04
4.000000000000000000e+00 -3.850493017947491229e-04
4.049999999999999822e+00 -3.481115479436879966e-04
4.100000000000000533e+00 -3.143815015684926556e-04
4.150000000000000355e+00 -2.836245255142278983e-04
4.200000000000000178e+00 -2.556209727430809858e-04
4.250000000000000000e+00 -2.301601066561966024e-04
4.299999999999999822e+00 -2.070433433054379136e-04
4.350000000000000533e+00 -1.860834053331644397e-04
4.400000000000000355e+00 -1.671041902665091499e-04
4.450000000000000178e+00 -1.499405457641231755e-04
4.500000000000000000e+00 -1.344379955664111036e-04
4.549999999999999822e+00 -1.204524247889522957e-04
4.600000000000000533e+00 -1.078497319288095161e-04
4.650000000000000355e+00 -9.650545385497610136e-05
4.700000000000000178e+00 -8.630406425053699837e-05
4.750000000000000000e+00 -7.714013072079848091e-05
4.800000000000000711e+00 -6.891460741862789918e-05
4.850000000000000533e+00 -6.153791161875058423e-05
4.900000000000000355e+00 -5.492749378198080306e-05
4.950000000000000178e+00 -4.900803204374407117e-05
5.000000000000000000e+00 -4.371053953950079101e-05
5.050000000000000711e+00 -3.897251451986764870e-05
5.100000000000000533e+00 -3.473712240817665615e-05
5.150000000000000355e+00 -3.095286424771233368e-05
5.200000000000000178e+00 -2.757316411709441101e-05
5.250000000000000000e+00 -2.455597124846381398e-05
5.300000000000000711e+00 -2.186349638665121523e-05
5.350000000000000533e+00 -1.946079649192978062e-05
5.400000000000000355e+00 -1.731894265422714654e-05
5.450000000000000178e+00 -1.540885482589026456e-05
5.500000000000000000e+00 -1.370626508417257146e-05
5.550000000000000711e+00 -1.218898984034874558e-05
5.600000000000000533e+00 -1.083685324732203926e-05
5.650000000000000355e+00 -9.632899459819625895e-06
5.700000000000000178e+00 -8.560367098569623832e-06
5.750000000000000000e+00 -7.605243195027468149e-06
5.800000000000000711e+00 -6.754605063385032309e-06
5.850000000000000533e+00 -5.997414148119689600e-06
5.900000000000000355e+00 -5.323339531543523109e-06
5.950000000000000178e+00 -4.723418758921571874e-06
