0.000000000000000000e+00 -2.634150887683285536e+00
5.000000000000000278e-02 -5.247558810933170698e-02
1.000000000000000056e-01 -2.596623299912561092e-02
1.500000000000000222e-01 -1.701112734500813406e-02
2.000000000000000111e-01 -1.244662045817106558e-02
2.500000000000000000e-01 -9.640668837025689886e-03
3.000000000000000444e-01 -7.716653129221655479e-03
3.500000000000000333e-01 -6.299010985207206467e-03
4.000000000000000222e-01 -5.200430235125196900e-03
4.500000000000000111e-01 -4.317318035212450687e-03
5.000000000000000000e-01 -3.587248736629013342e-03
5.500000000000000444e-01 -2.970981224198670188e-03
6.000000000000000888e-01 -2.442792281760828264e-03
6.500000000000000222e-01 -1.984287214671945094e-03
7.000000000000000666e-01 -1.583208675363103127e-03
7.500000000000000000e-01 -1.229699198674125008e-03
8.000000000000000444e-01 -9.170653734588107538e-04
8.500000000000000888e-01 -6.400452022404607083e-04
9.000000000000000222e-01 -3.943958569017198498e-04
9.500000000000000666e-01 -1.766460577110640388e-04
1.000000000000000000e+00 1.574789208541246821e-05
1.050000000000000044e+00 1.850378148760558304e-04
1.100000000000000089e+00 3.333752989031295278e-04
1.150000000000000133e+00 4.620338749251676203e-04
1.200000000000000178e+00 5.728092773007866867e-04
1.250000000000000000e+00 6.668758974358468148e-04
1.300000000000000044e+00 7.454863717444254554e-04
1.350000000000000089e+00 8.098730794958589139e-04
1.400000000000000133e+00 8.610212486031686586e-04
1.450000000000000178e+00 8.997131918571604856e-04
1.500000000000000000e+00 9.273969908400928443e-04
1.550000000000000044e+00 9.446870180736100355e-04
1.600000000000000089e+00 9.526692718642446132e-04
1.650000000000000133e+00 9.521006865417594184e-04
1.700000000000000178e+00 9.438801212417166674e-04
1.750000000000000000e+00 9.288757187919763651e-04
1.800000000000000044e+00 9.079809320070978719e-04
1.850000000000000089e+00 8.818652589587489899e-04
1.900000000000000133e+00 8.512140005724107023e-04
1.950000000000000178e+00 8.168217442850397598e-04
2.000000000000000000e+00 7.794501663029029803e-04
2.050000000000000266e+00 7.396892351791625742e-04
2.100000000000000089e+00 6.980933872568146140e-04
2.149999999999999911e+00 6.552931472535344958e-04
2.200000000000000178e+00 6.117896758294073638e-04
2.250000000000000000e+00 5.680532053764128205e-04
2.300000000000000266e+00 5.245049708589174207e-04
2.350000000000000089e+00 4.815411420222969071e-04
2.400000000000000355e+00 4.395246989730134226e-04
2.450000000000000178e+00 3.987515084146144224e-04
2.500000000000000000e+00 3.594135066945344705e-04
2.550000000000000266e+00 3.217835294424153838e-04
2.600000000000000089e+00 2.859769630551456279e-04
2.650000000000000355e+00 2.520855282769441448e-04
2.700000000000000178e+00 2.203379157908031370e-04
2.750000000000000000e+00 1.907107712338846934e-04
2.800000000000000266e+00 1.631706529609218751e-04
2.850000000000000089e+00 1.378066919061966453e-04
2.900000000000000355e+00 1.145723931515180686e-04
2.950000000000000178e+00 9.339245879858430505e-05
3.000000000000000000e+00 7.425436296653459278e-05
3.050000000000000266e+00 5.700238664302734209e-05
3.100000000000000089e+00 4.159350160140678603e-05
3.150000000000000355e+00 2.796460696407291699e-05
3.200000000000000178e+00 1.595505191184718168e-05
3.250000000000000000e+00 5.420222717111794302e-06
3.300000000000000266e+00 -3.658476872553433708e-06
3.350000000000000089e+00 -1.146838529062060491e-05
3.400000000000000355e+00 -1.808322217043811645e-05
3.450000000000000178e+00 -2.362855784377597523e-05
3.500000000000000000e+00 -2.821693956374517770e-05
3.550000000000000266e+00 -3.192798439109033749e-05
3.600000000000000089e+00 -3.489356831381731108e-05
3.650000000000000355e+00 -3.716660618232881631e-05
3.700000000000000178e+00 -3.885908022027067464e-05
3.750000000000000000e+00 -4.003713454337506743e-05
3.800000000000000266e+00 -4.076784126269367375e-05
3.850000000000000089e+00 -4.112809333235827047e-05
3.900000000000000355e+00 -4.115596768113011304e-05
3.950000000000000178e+00 -4.092739863556793127e-05
4.000000000000000000e+00 -4.046335436852511303e-05
4.049999999999999822e+00 -3.983706587013407282e-05
4.100000000000000533e+00 -3.904794001590153118e-05
4.150000000000000355e+00 -3.815317576993064582e-05
4.200000000000000178e+00 -3.717397110178422318e-05
4.250000000000000000e+00 -3.613418766705931838e-05
4.299999999999999822e+00 -3.503686348419165477e-05
4.350000000000000533e+00 -3.393425534282853680e-05
4.400000000000000355e+00 -3.280800472316482694e-05
4.450000000000000178e+00 -3.168315292949034143e-05
4.500000000000000000e+00 -3.056508290714390810e-05
4.549999999999999822e+00 -2.945354198699215234e-05
4.600000000000000533e+00 -2.837941963497457281e-05
4.650000000000000355e+00 -2.732387467756060767e-05
4.700000000000000178e+00 -2.629937213508723800e-05
4.750000000000000000e+00 -2.529944342196510028e-05
4.800000000000000711e+00 -2.434218477837999688e-05
4.850000000000000533e+00 -2.341114508663445865e-05
4.900000000000000355e+00 -2.252361857211835998e-05
4.950000000000000178e+00 -2.166659133304354174e-05
5.000000000000000000e+00 -2.084139405905220666e-05
5.050000000000000711e+00 -2.005217063790155492e-05
5.100000000000000533e+00 -1.929690498156157863e-05
5.150000000000000355e+00 -1.858081374375090194e-05
5.200000000000000178e+00 -1.788474265165205515e-05
5.250000000000000000e+00 -1.722330741368075489e-05
5.300000000000000711e+00 -1.659034718418775953e-05
5.350000000000000533e+00 -1.598406412163766479e-05
5.400000000000000355e+00 -1.540139845354999103e-05
5.450000000000000178e+00 -1.484985661539014737e-05
5.500000000000000000e+00 -1.431847857637418570e-05
5.550000000000000711e+00 -1.381271894393140051e-05
5.600000000000000533e+00 -1.332957652656857172e-05
5.650000000000000355e+00 -1.286251305486025874e-05
5.700000000000000178e+00 -1.242164635428484110e-05
5.750000000000000000e+00 -1.199445576428304129e-05
5.800000000000000711e+00 -1.158553252036676325e-05
5.850000000000000533e+00 -1.119628686389430178e-05
5.900000000000000355e+00 -1.082118854554309899e-05
5.950000000000000178e+00 -1.046229251247370119e-05
6.000000000000000000e+00 -1.011653585218575482e-05
6.050000000000000711e+00 -9.785914317275762515e-06
6.100000000000000533e+00 -9.471216452036910325e-06
6.150000000000000355e+00 -9.167334598290186523e-06
6.200000000000000178e+00 -8.873607087242160819e-06
6.250000000000000000e+00 -8.594549438417835869e-06
6.300000000000000711e+00 -8.324751713303283503e-06
6.350000000000000533e+00 -8.065603302661708730e-06
6.400000000000000355e+00 -7.817415728784578017e-06
6.450000000000000178e+00 -7.577540486568614474e-06
6.500000000000000000e+00 -7.343457019875703444e-06
6.550000000000000711e+00 -7.124654611448868533e-06
6.600000000000000533e+00 -6.911344796205673662e-06
6.650000000000000355e+00 -6.704888258328483964e-06
6.700000000000000178e+00 -6.508395705429700876e-06
6.750000000000000000e+00 -6.317137557728276193e-06
6.800000000000000711e+00 -6.133744553043175358e-06
6.850000000000000533e+00 -5.956308230933297789e-06
6.900000000000000355e+00 -5.786048646592504442e-06
6.950000000000000178e+00 -5.620686998065554298e-06
7.000000000000000000e+00 -5.461862655482025184e-06
7.050000000000000711e+00 -5.308200128386542526e-06
7.100000000000000533e+00 -5.161277244423173497e-06
7.150000000000000355e+00 -5.017692356697541853e-06
7.200000000000000178e+00 -4.879846869062088292e-06
7.250000000000000000e+00 -4.746835986971484862e-06
7.300000000000000711e+00 -4.617793305359871931e-06
7.350000000000000533e+00 -4.493833065819133430e-06
7.400000000000000355e+00 -4.372747407226307081e-06
7.450000000000000178e+00 -4.256983690305455312e-06
7.500000000000000000e+00 -4.145119626536044128e-06
7.550000000000000711e+00 -4.036351322740815267e-06
7.600000000000000533e+00 -3.930824971752453006e-06
7.650000000000000355e+00 -3.829220422851223512e-06
7.700000000000000178e+00 -3.730930102791787199e-06
7.750000000000000000e+00 -3.635547922451904941e-06
7.800000000000000711e+00 -3.543208985964544050e-06
7.850000000000000533e+00 -3.452826649515534959e-06
7.900000000000000355e+00 -3.368671554509724497e-06
7.950000000000000178e+00 -3.277876850535818301e-06
8.000000000000000000e+00 -4.971488595024226063e-10
8.050000000000000711e+00 -3.950179999099079980e-08
8.099999999999999645e+00 -7.714907626077643969e-08
8.150000000000000355e+00 -1.136383851592227340e-07
8.200000000000001066e+00 -1.482002709183855637e-07
8.250000000000000000e+00 -1.826331699422889979e-07
8.300000000000000711e+00 -2.153684771127584650e-07
8.349999999999999645e+00 -2.458347099456769292e-07
8.400000000000000355e+00 -2.759392911809522741e-07
8.450000000000001066e+00 -3.049299771350318624e-07
8.500000000000000000e+00 -3.325367517569064763e-07
8.550000000000000711e+00 -3.595414472998144686e-07
8.599999999999999645e+00 -3.849292150666782791e-07
8.650000000000000355e+00 -4.096193175087102486e-07
8.700000000000001066e+00 -4.326212475230329345e-07
8.750000000000000000e+00 -4.552662883580965797e-07
