0.000000000000000000e+00 0.000000000000000000e+00
5.000000000000000278e-02 -8.377090126534921660e-03
1.000000000000000056e-01 -1.661102013884184492e-02
1.500000000000000222e-01 -2.456110154220719072e-02
2.000000000000000111e-01 -3.209154581726454680e-02
2.500000000000000000e-01 -3.907381035914498507e-02
3.000000000000000444e-01 -4.538881968071269840e-02
3.500000000000000333e-01 -5.092902495273714941e-02
4.000000000000000222e-01 -5.560026217823919870e-02
4.500000000000000111e-01 -5.932337936551534963e-02
5.000000000000000000e-01 -6.203559938536031687e-02
5.500000000000000444e-01 -6.369159357727288695e-02
6.000000000000000888e-01 -6.426424321084414637e-02
6.500000000000000222e-01 -6.374507464586623429e-02
7.000000000000000666e-01 -6.214435394924396755e-02
7.500000000000000000e-01 -5.949083861288959052e-02
8.000000000000000444e-01 -5.583118684588907893e-02
8.500000000000000888e-01 -5.122903309963120627e-02
9.000000000000000222e-01 -4.576374362750777053e-02
9.500000000000000666e-01 -3.952887728377491028e-02
1.000000000000000000e+00 -3.263037440293388436e-02
1.050000000000000044e+00 -2.518451333979345244e-02
1.100000000000000089e+00 -1.731567292189241034e-02
1.150000000000000133e+00 -9.153944904932756130e-03
1.200000000000000178e+00 -8.326087442830544397e-04
1.250000000000000000e+00 7.514211792116027959e-03
1.300000000000000044e+00 1.575446011838104246e-02
1.350000000000000089e+00 2.376023379672719330e-02
1.400000000000000133e+00 3.141032795212327089e-02
1.450000000000000178e+00 3.859239311318089088e-02
1.500000000000000000e+00 4.520490743992564009e-02
1.550000000000000044e+00 5.115890222226804340e-02
1.600000000000000089e+00 5.637938992832031149e-02
1.650000000000000133e+00 6.080648882381317621e-02
1.700000000000000178e+00 6.439616754272990684e-02
1.750000000000000000e+00 6.712066891113945000e-02
1.800000000000000044e+00 6.896856952952647168e-02
1.850000000000000089e+00 6.994446996653083670e-02
1.900000000000000133e+00 7.006835663019618521e-02
1.950000000000000178e+00 6.937464345959985790e-02
2.000000000000000000e+00 6.791092830043596318e-02
2.050000000000000266e+00 6.573649533086250996e-02
2.100000000000000089e+00 6.292062240981495524e-02
2.149999999999999911e+00 5.954071577656851189e-02
2.200000000000000178e+00 5.568032491799616152e-02
2.250000000000000000e+00 5.142723429275430913e-02
2.300000000000000266e+00 4.687121091471401629e-02
2.350000000000000089e+00 4.210225438549307364e-02
2.400000000000000355e+00 3.720860035672769739e-02
2.450000000000000178e+00 3.227499854660250550e-02
2.500000000000000000e+00 2.738114393147553574e-02
2.550000000000000266e+00 2.260031531197085469e-02
2.600000000000000089e+00 1.799824540152306432e-02
2.650000000000000355e+00 1.363223948455139986e-02
2.700000000000000178e+00 9.550550948478314650e-03
2.750000000000000000e+00 5.792016328083278084e-03
2.800000000000000266e+00 2.385941517538366259e-03
2.850000000000000089e+00 -6.477716648815754711e-04
2.900000000000000355e+00 -3.298279162939996012e-03
2.950000000000000178e+00 -5.563252677753580122e-03
3.000000000000000000e+00 -7.448169206707941706e-03
3.050000000000000266e+00 -8.965467795535768739e-03
3.100000000000000089e+00 -1.013359721587023428e-02
3.150000000000000355e+00 -1.097601426747927926e-02
3.200000000000000178e+00 -1.152011748597944231e-02
3.250000000000000000e+00 -1.179619919005453488e-02
3.300000000000000266e+00 -1.183642652000103934e-02
3.350000000000000089e+00 -1.167387325258987391e-02
3.400000000000000355e+00 -1.134162065895876793e-02
3.450000000000000178e+00 -1.087196220650094199e-02
3.500000000000000000e+00 -1.029571497237647543e-02
3.550000000000000266e+00 -9.641648886801447438e-03
3.600000000000000089e+00 -8.936039028665698075e-03
3.650000000000000355e+00 -8.202340222861041058e-03
3.700000000000000178e+00 -7.460981222849476062e-03
3.750000000000000000e+00 -6.729269758713931487e-03
3.800000000000000266e+00 -6.021400075143132705e-03
3.850000000000000089e+00 -5.348548769132439006e-03
3.900000000000000355e+00 -4.719045328910319824e-03
3.950000000000000178e+00 -4.138602002032323000e-03
4.000000000000000000e+00 -3.610590796735888095e-03
4.049999999999999822e+00 -3.136347609175072632e-03
4.100000000000000533e+00 -2.715492762187373885e-03
4.150000000000000355e+00 -2.346253933235647581e-03
4.200000000000000178e+00 -2.025780268558834488e-03
4.250000000000000000e+00 -1.750438094727319515e-03
4.299999999999999822e+00 -1.516080028199188155e-03
4.350000000000000533e+00 -1.318287019095870736e-03
4.400000000000000355e+00 -1.152566067933789287e-03
4.450000000000000178e+00 -1.014526087403813323e-03
4.500000000000000000e+00 -8.999884537760666388e-04
4.549999999999999822e+00 -8.051121923300931212e-04
4.600000000000000533e+00 -7.264367168257409180e-04
4.650000000000000355e+00 -6.609181829766073123e-04
4.700000000000000178e+00 -6.059502691870846886e-04
4.750000000000000000e+00 -5.593377863634080120e-04
4.800000000000000711e+00 -5.192816883865363766e-04
4.850000000000000533e+00 -4.843392356823599388e-04
4.900000000000000355e+00 -4.533812574955947672e-04
4.950000000000000178e+00 -4.255416534563522175e-04
5.000000000000000000e+00 -4.001747720559530172e-04
5.050000000000000711e+00 -3.768085435253874728e-04
5.100000000000000533e+00 -3.551034028501336821e-04
5.150000000000000355e+00 -3.348164056796560880e-04
5.200000000000000178e+00 -3.157735938953541059e-04
5.250000000000000000e+00 -2.978458585340958446e-04
5.300000000000000711e+00 -2.809318027534050337e-04
5.350000000000000533e+00 -2.649457956207678820e-04
5.400000000000000355e+00 -2.498104599744875847e-04
5.450000000000000178e+00 -2.354528426666362931e-04
5.500000000000000000e+00 -2.218026339174059827e-04
5.550000000000000711e+00 -2.087950149954987756e-04
5.600000000000000533e+00 -1.963682061705840105e-04
5.650000000000000355e+00 -1.844636862280173346e-04
5.700000000000000178e+00 -1.730441665758330344e-04
5.750000000000000000e+00 -1.620681563577909936e-04
5.800000000000000711e+00 -1.515101692642744355e-04
5.850000000000000533e+00 -1.413542939039588709e-04
5.900000000000000355e+00 -1.315818447364198649e-04
5.950000000000000178e+00 -1.221911600839204945e-04
