0.000000000000000000e+00 -1.054577900733607854e-01
5.000000000000000278e-02 -1.097756100137142060e-01
1.000000000000000056e-01 -1.090986979527375916e-01
1.500000000000000222e-01 -1.078293127206034485e-01
2.000000000000000111e-01 -1.061192678903385977e-01
2.500000000000000000e-01 -1.038872433231641385e-01
3.000000000000000444e-01 -1.012012916654857347e-01
3.500000000000000333e-01 -9.810347706153857428e-02
4.000000000000000222e-01 -9.448875914475693416e-02
4.500000000000000111e-01 -9.048433546322399990e-02
5.000000000000000000e-01 -8.603057233038298446e-02
5.500000000000000444e-01 -8.119775762850764411e-02
6.000000000000000888e-01 -7.598480906767636489e-02
6.500000000000000222e-01 -7.041087972965136277e-02
7.000000000000000666e-01 -6.452406821754348709e-02
7.500000000000000000e-01 -5.830696482424081034e-02
8.000000000000000444e-01 -5.183114416570055311e-02
8.500000000000000888e-01 -4.512027680624650788e-02
9.000000000000000222e-01 -3.820784996777911585e-02
9.500000000000000666e-01 -3.109804114625327673e-02
1.000000000000000000e+00 -2.386970851184222475e-02
1.050000000000000044e+00 -1.655315424702571633e-02
1.100000000000000089e+00 -9.123784047677179279e-03
1.150000000000000133e+00 -1.816146156154545494e-03
1.200000000000000178e+00 5.709291371249442665e-03
1.250000000000000000e+00 1.291934309261617321e-02
1.300000000000000044e+00 2.012673772249306756e-02
1.350000000000000089e+00 2.724515575967254369e-02
1.400000000000000133e+00 3.398746722531881953e-02
1.450000000000000178e+00 4.066272605312032384e-02
1.500000000000000000e+00 4.697356195759111452e-02
1.550000000000000044e+00 5.298472906490098860e-02
1.600000000000000089e+00 5.862991202959470100e-02
1.650000000000000133e+00 6.386222000462479786e-02
1.700000000000000178e+00 6.865921154976062368e-02
1.750000000000000000e+00 7.299304089791673611e-02
1.800000000000000044e+00 7.682279383584084131e-02
1.850000000000000089e+00 8.012085971872009993e-02
1.900000000000000133e+00 8.286780433242760258e-02
1.950000000000000178e+00 8.501732120960965589e-02
2.000000000000000000e+00 8.662826541406636049e-02
2.050000000000000266e+00 8.762202084438461269e-02
2.100000000000000089e+00 8.799101280700415140e-02
2.149999999999999911e+00 8.780413470727176095e-02
2.200000000000000178e+00 8.700019121924057464e-02
2.250000000000000000e+00 8.563046897747948749e-02
2.300000000000000266e+00 8.369138127261926963e-02
2.350000000000000089e+00 8.122606969898307772e-02
2.400000000000000355e+00 7.825542149256378699e-02
2.450000000000000178e+00 7.483028770667513041e-02
2.500000000000000000e+00 7.095334060989802460e-02
2.550000000000000266e+00 6.672142936509081745e-02
2.600000000000000089e+00 6.215426130162244461e-02
2.650000000000000355e+00 5.730633042160425406e-02
2.700000000000000178e+00 5.224033182417935073e-02
2.750000000000000000e+00 4.700843751039772422e-02
2.800000000000000266e+00 4.166504921912412424e-02
2.850000000000000089e+00 3.627536625697420913e-02
2.900000000000000355e+00 3.089547655045914165e-02
2.950000000000000178e+00 2.557552384494280601e-02
3.000000000000000000e+00 2.036936571420739153e-02
3.050000000000000266e+00 1.532630549527922402e-02
3.100000000000000089e+00 1.048726898351159779e-02
3.150000000000000355e+00 5.900546401168287394e-03
3.200000000000000178e+00 1.594756997382701510e-03
3.250000000000000000e+00 -2.406043120936943690e-03
3.300000000000000266e+00 -6.070325993611315300e-03
3.350000000000000089e+00 -9.384845676649074611e-03
3.400000000000000355e+00 -1.234095183136340972e-02
3.450000000000000178e+00 -1.492805013745649410e-02
3.500000000000000000e+00 -1.715172474795988861e-02
3.550000000000000266e+00 -1.901365729256841025e-02
3.600000000000000089e+00 -2.052950000665613312e-02
3.650000000000000355e+00 -2.170008764801787879e-02
3.700000000000000178e+00 -2.257257914905961421e-02
3.750000000000000000e+00 -2.313740035380005416e-02
3.800000000000000266e+00 -2.342197149894467006e-02
3.850000000000000089e+00 -2.347536300737148099e-02
3.900000000000000355e+00 -2.329964798191586431e-02
3.950000000000000178e+00 -2.293189328011959946e-02
4.000000000000000000e+00 -2.239672582740604226e-02
4.049999999999999822e+00 -2.172105893207270863e-02
4.100000000000000533e+00 -2.092883064689849554e-02
4.150000000000000355e+00 -2.004417489089379070e-02
4.200000000000000178e+00 -1.909098129112563394e-02
4.250000000000000000e+00 -1.808706464167886968e-02
4.299999999999999822e+00 -1.705210975256997441e-02
4.350000000000000533e+00 -1.600304971020662451e-02
4.400000000000000355e+00 -1.495256430746036945e-02
4.450000000000000178e+00 -1.391394293944300808e-02
4.500000000000000000e+00 -1.289689815174581942e-02
4.549999999999999822e+00 -1.190987110804568073e-02
4.600000000000000533e+00 -1.096005527507135612e-02
4.650000000000000355e+00 -1.005181392655364429e-02
4.700000000000000178e+00 -9.189546976013802590e-03
4.750000000000000000e+00 -8.375316615703926049e-03
4.800000000000000711e+00 -7.611428961817581253e-03
4.850000000000000533e+00 -6.897210999166565430e-03
4.900000000000000355e+00 -6.233992302412423060e-03
4.950000000000000178e+00 -5.620236305825871380e-03
5.000000000000000000e+00 -5.054715280598347932e-03
5.050000000000000711e+00 -4.536961478131067670e-03
5.100000000000000533e+00 -4.070045886630835157e-03
5.150000000000000355e+00 -3.621766878975173250e-03
5.200000000000000178e+00 -3.245738165193706119e-03
5.250000000000000000e+00 -2.878243786276438003e-03
5.300000000000000711e+00 -2.596849348679679346e-03
5.350000000000000533e+00 -2.263661524559920386e-03
5.400000000000000355e+00 -2.051201317556915118e-03
5.450000000000000178e+00 -1.806233948017610782e-03
5.500000000000000000e+00 -1.611049225154791327e-03
5.550000000000000711e+00 -1.432101271279102774e-03
5.600000000000000533e+00 -1.275225320070033251e-03
5.650000000000000355e+00 -1.136145560103393650e-03
5.700000000000000178e+00 -1.013144726962562307e-03
5.750000000000000000e+00 -9.041126934765652276e-04
5.800000000000000711e+00 -8.074226100871585493e-04
5.850000000000000533e+00 -7.214955919973969076e-04
5.900000000000000355e+00 -6.443733312141467721e-04
5.950000000000000178e+00 -5.760482214108215461e-04
6.000000000000000000e+00 -5.137713115462589492e-04
6.050000000000000711e+00 -4.578688043602923492e-04
6.100000000000000533e+00 -4.079082722085838105e-04
6.150000000000000355e+00 -3.617037269005662719e-04
6.200000000000000178e+00 -3.216390315971516816e-04
6.250000000000000000e+00 -2.794695944119790737e-04
6.300000000000000711e+00 -2.537585067845926764e-04
6.350000000000000533e+00 -2.185861420886880892e-04
6.400000000000000355e+00 -1.933568410980821570e-04
6.450000000000000178e+00 -1.688485087902916973e-04
6.500000000000000000e+00 -1.508181313482143333e-04
6.550000000000000711e+00 -1.285436955248182736e-04
6.600000000000000533e+00 -1.163999837085927681e-04
6.650000000000000355e+00 -1.026542475862222726e-04
6.700000000000000178e+00 -9.231180862022293624e-05
6.750000000000000000e+00 -8.319609375333202343e-05
6.800000000000000711e+00 -7.590384194452606890e-05
6.850000000000000533e+00 -6.969653685701242285e-05
6.900000000000000355e+00 -6.464517170905729375e-05
6.950000000000000178e+00 -5.948705691179668120e-05
7.000000000000000000e+00 -5.876440597825782883e-05
7.050000000000000711e+00 -5.214597914017647282e-05
7.100000000000000533e+00 -4.627261311668356270e-05
7.150000000000000355e+00 -4.106020410859187485e-05
7.200000000000000178e+00 -3.643444436437146808e-05
7.250000000000000000e+00 -3.232919917912272076e-05
7.300000000000000711e+00 -2.868631119669589735e-05
7.350000000000000533e+00 -2.545355725056151958e-05
7.400000000000000355e+00 -2.258470558400044287e-05
7.450000000000000178e+00 -2.003907168799164224e-05
7.500000000000000000e+00 -1.778015711185195293e-05
7.550000000000000711e+00 -1.577569506731726424e-05
7.600000000000000533e+00 -1.399696959279054666e-05
7.650000000000000355e+00 -1.241872375537102424e-05
