0.000000000000000000e+00 -9.433199550039959851e-07
5.000000000000000278e-02 -1.375592533802154073e-08
1.000000000000000056e-01 -1.089519146392473355e-07
1.500000000000000222e-01 -3.916728313600287719e-07
2.000000000000000111e-01 -9.329449053187051924e-07
2.500000000000000000e-01 -1.812015295549480518e-06
3.000000000000000444e-01 -3.092540451920936067e-06
3.500000000000000333e-01 -4.827650697296516318e-06
4.000000000000000222e-01 -7.056288781525192147e-06
4.500000000000000111e-01 -9.802458891034850129e-06
5.000000000000000000e-01 -1.307418445122773639e-05
5.500000000000000444e-01 -1.686317667194815295e-05
6.000000000000000888e-01 -2.114476559468279315e-05
6.500000000000000222e-01 -2.587842475519215490e-05
7.000000000000000666e-01 -3.100834262345831025e-05
7.500000000000000000e-01 -3.646480158815203107e-05
8.000000000000000444e-01 -4.216639958661329843e-05
8.500000000000000888e-01 -4.802146855472694584e-05
9.000000000000000222e-01 -5.392856621041082184e-05
9.500000000000000666e-01 -5.978220482100721884e-05
1.000000000000000000e+00 -6.547260758722750484e-05
1.050000000000000044e+00 -7.089041632855810210e-05
1.100000000000000089e+00 -7.592726351792948938e-05
1.150000000000000133e+00 -8.047751177568217144e-05
1.200000000000000178e+00 -8.444559353278391107e-05
1.250000000000000000e+00 -8.774041588377778412e-05
1.300000000000000044e+00 -9.028523266231161081e-05
1.350000000000000089e+00 -9.201429178296804360e-05
1.400000000000000133e+00 -9.287268106985032540e-05
1.450000000000000178e+00 -9.282853708531074125e-05
1.500000000000000000e+00 -9.185298349228713599e-05
1.550000000000000044e+00 -8.994266768323447997e-05
1.600000000000000089e+00 -8.710605119639857708e-05
1.650000000000000133e+00 -8.336456644602064660e-05
1.700000000000000178e+00 -7.876245334259961432e-05
1.750000000000000000e+00 -7.334475653018462948e-05
1.800000000000000044e+00 -6.717886565370984628e-05
1.850000000000000089e+00 -6.034065765766525951e-05
1.900000000000000133e+00 -5.291533570451934941e-05
1.950000000000000178e+00 -4.499214962347205149e-05
2.000000000000000000e+00 -3.667247045089485827e-05
2.050000000000000266e+00 -2.805873470336831170e-05
2.100000000000000089e+00 -1.925383809250400652e-05
2.149999999999999911e+00 -1.035991353670745598e-05
2.200000000000000178e+00 -1.485897798091622380e-06
2.250000000000000000e+00 7.267489305363078915e-06
2.300000000000000266e+00 1.580644595686475651e-05
2.350000000000000089e+00 2.403514616704974618e-05
2.400000000000000355e+00 3.187296576436607782e-05
2.450000000000000178e+00 3.923631957098730960e-05
2.500000000000000000e+00 4.606334480764767394e-05
2.550000000000000266e+00 5.229092306713708566e-05
2.600000000000000089e+00 5.786833301505519731e-05
2.650000000000000355e+00 6.275495799803931167e-05
2.700000000000000178e+00 6.692325166828799851e-05
2.750000000000000000e+00 7.034769010764122140e-05
2.800000000000000266e+00 7.301979259061302792e-05
2.850000000000000089e+00 7.493703326495909677e-05
2.900000000000000355e+00 7.610806289683777308e-05
2.950000000000000178e+00 7.655059463985774363e-05
3.000000000000000000e+00 7.628404069473203862e-05
3.050000000000000266e+00 7.534384039797623945e-05
3.100000000000000089e+00 7.376466424637339377e-05
3.150000000000000355e+00 7.159585480194525901e-05
3.200000000000000178e+00 6.888355233375140587e-05
3.250000000000000000e+00 6.567926721305371903e-05
3.300000000000000266e+00 6.204286686901825884e-05
3.350000000000000089e+00 5.803616743056185125e-05
3.400000000000000355e+00 5.371734986900905667e-05
3.450000000000000178e+00 4.914979305517239475e-05
3.500000000000000000e+00 4.439702104944676065e-05
3.550000000000000266e+00 3.952122811309373196e-05
3.600000000000000089e+00 3.458326393969449956e-05
3.650000000000000355e+00 2.964010701455509247e-05
3.700000000000000178e+00 2.474970813600060250e-05
3.750000000000000000e+00 1.996141292058510524e-05
3.800000000000000266e+00 1.532491528242666042e-05
3.850000000000000089e+00 1.088516471452752121e-05
3.900000000000000355e+00 6.677603445366306944e-06
3.950000000000000178e+00 2.734218858185578164e-06
4.000000000000000000e+00 -9.130004993132199657e-07
4.049999999999999822e+00 -4.248274958578229214e-06
4.100000000000000533e+00 -7.250395947754934931e-06
4.150000000000000355e+00 -9.910981565440084859e-06
4.200000000000000178e+00 -1.222884840573550905e-05
4.250000000000000000e+00 -1.419957845237450857e-05
4.299999999999999822e+00 -1.583181050077817441e-05
4.350000000000000533e+00 -1.713768810491070641e-05
4.400000000000000355e+00 -1.812781149005812792e-05
4.450000000000000178e+00 -1.882326838675533077e-05
4.500000000000000000e+00 -1.924417927590600742e-05
4.549999999999999822e+00 -1.941330277109535061e-05
4.600000000000000533e+00 -1.935811748412905362e-05
4.650000000000000355e+00 -1.910317148192020950e-05
4.700000000000000178e+00 -1.867588606966653230e-05
4.750000000000000000e+00 -1.810376341073241185e-05
4.800000000000000711e+00 -1.741307772883794077e-05
4.850000000000000533e+00 -1.662878328987766566e-05
4.900000000000000355e+00 -1.577535388166116138e-05
4.950000000000000178e+00 -1.487480887495194992e-05
5.000000000000000000e+00 -1.394681554417696517e-05
5.050000000000000711e+00 -1.300922320562003500e-05
5.100000000000000533e+00 -1.207772832951207902e-05
5.150000000000000355e+00 -1.116503716472492676e-05
5.200000000000000178e+00 -1.028125871979528262e-05
5.250000000000000000e+00 -9.435003492299613178e-06
5.300000000000000711e+00 -8.631908248761089336e-06
5.350000000000000533e+00 -7.875908709881071379e-06
5.400000000000000355e+00 -7.169170311532080994e-06
5.450000000000000178e+00 -6.512336071478060712e-06
5.500000000000000000e+00 -5.904667008944859481e-06
5.550000000000000711e+00 -5.344658649812740897e-06
5.600000000000000533e+00 -4.829663490949108058e-06
5.650000000000000355e+00 -4.356949351176041964e-06
5.700000000000000178e+00 -3.923412646764093937e-06
5.750000000000000000e+00 -3.525728182254599816e-06
5.800000000000000711e+00 -3.160927712144441386e-06
5.850000000000000533e+00 -2.826081304870141995e-06
5.900000000000000355e+00 -2.518584996173400888e-06
5.950000000000000178e+00 -2.236362956846323317e-06
6.000000000000000000e+00 -1.977525031624855333e-06
6.050000000000000711e+00 -1.740704454685036599e-06
6.100000000000000533e+00 -1.524896187551589591e-06
6.150000000000000355e+00 -1.329228910716733196e-06
6.200000000000000178e+00 -1.153175611161574890e-06
6.250000000000000000e+00 -9.963591949814643791e-07
6.300000000000000711e+00 -8.583728249608472850e-07
6.350000000000000533e+00 -7.388608992732944049e-07
6.400000000000000355e+00 -6.373608349513156655e-07
6.450000000000000178e+00 -5.531836013924047093e-07
6.500000000000000000e+00 -4.855142663441081153e-07
6.550000000000000711e+00 -4.333596586339572442e-07
6.600000000000000533e+00 -3.953424809906346662e-07
6.650000000000000355e+00 -3.699784871983932736e-07
6.700000000000000178e+00 -3.555398587488243280e-07
6.750000000000000000e+00 -3.501234158223015054e-07
6.800000000000000711e+00 -3.517873523221310025e-07
6.850000000000000533e+00 -3.584548529359150874e-07
6.900000000000000355e+00 -3.681428118018234561e-07
6.950000000000000178e+00 -3.789311333649274160e-07
7.000000000000000000e+00 -3.890770323137961873e-07
7.050000000000000711e+00 -3.970134376308764454e-07
7.100000000000000533e+00 -4.015107506042788310e-07
7.150000000000000355e+00 -4.015846077936476464e-07
7.200000000000000178e+00 -3.966181195682920529e-07
7.250000000000000000e+00 -3.863071283926204512e-07
7.300000000000000711e+00 -3.707212548496431551e-07
7.350000000000000533e+00 -3.502113442103485247e-07
7.400000000000000355e+00 -3.254114642692582383e-07
7.450000000000000178e+00 -2.972075723740754577e-07
7.500000000000000000e+00 -2.666417972558889357e-07
7.550000000000000711e+00 -2.348763390634164077e-07
7.600000000000000533e+00 -2.031234848253841820e-07
7.650000000000000355e+00 -1.725841261913093916e-07
7.700000000000000178e+00 -1.443802091822654399e-07
7.750000000000000000e+00 -1.194872407377413319e-07
7.800000000000000711e+00 -9.870731743899758579e-08
7.850000000000000533e+00 -8.264110508413979517e-08
7.900000000000000355e+00 -7.161150955575656622e-08
7.950000000000000178e+00 -6.571872581649219768e-08
8.000000000000000000e+00 -6.480032915913083594e-08
8.050000000000000711e+00 -6.843884245223043147e-08
8.099999999999999645e+00 -7.604012213168653526e-08
8.150000000000000355e+00 -8.681977724426377890e-08
8.200000000000001066e+00 -9.984717297074266099e-08
8.250000000000000000e+00 -1.141489250480959381e-07
8.300000000000000711e+00 -1.286794876011698322e-07
8.349999999999999645e+00 -1.424447836291386281e-07
8.400000000000000355e+00 -1.545272912816914091e-07
8.450000000000001066e+00 -1.641181085767734888e-07
8.500000000000000000e+00 -1.705665654094307706e-07
8.550000000000000711e+00 -1.734100276508620301e-07
8.599999999999999645e+00 -1.723880926264073453e-07
8.650000000000000355e+00 -1.674541465038214029e-07
8.700000000000001066e+00 -1.587689179810755940e-07
8.750000000000000000e+00 -1.466925525938084953e-07
8.800000000000000711e+00 -1.317512789390839374e-07
8.849999999999999645e+00 -1.146066107466473304e-07
8.900000000000000355e+00 -9.603688718791948912e-08
8.950000000000001066e+00 -7.687012517545418261e-08
9.000000000000000000e+00 -5.795257699979475699e-08
9.050000000000000711e+00 -4.011047569526423972e-08
9.099999999999999645e+00 -2.409068448391223455e-08
9.150000000000000355e+00 -1.053879596690174299e-08
9.200000000000001066e+00 3.511708053224187371e-11
9.250000000000000000e+00 7.279523573931175535e-09
9.300000000000000711e+00 1.102064761225774801e-08
9.349999999999999645e+00 1.125631326041535512e-08
9.400000000000000355e+00 8.166922743507853739e-09
9.450000000000001066e+00 2.093171695595800745e-09
9.500000000000000000e+00 -6.487574344842302962e-09
9.550000000000000711e+00 -1.698118180221637093e-08
9.600000000000001421e+00 -2.871085664679430415e-08
9.650000000000000355e+00 -4.096126742408120081e-08
9.700000000000001066e+00 -5.300126632717400456e-08
9.750000000000000000e+00 -6.413512371759245043e-08
9.800000000000000711e+00 -7.373218360234093474e-08
9.850000000000001421e+00 -8.125639310015373753e-08
9.900000000000000355e+00 -8.629098569529424756e-08
9.950000000000001066e+00 -8.856022654772058685e-08
1.000000000000000000e+01 -8.793817622296197425e-08
1.005000000000000071e+01 -8.445141275370598887e-08
1.010000000000000142e+01 -7.827851375593955918e-08
1.015000000000000036e+01 -6.973059622165406428e-08
1.020000000000000107e+01 -5.923853520178712967e-08
1.025000000000000000e+01 -4.732603757772116254e-08
1.030000000000000071e+01 -3.458020760068629119e-08
1.035000000000000142e+01 -2.162160948789088605e-08
1.040000000000000036e+01 -9.072138327010818111e-09
1.045000000000000107e+01 2.479247581426808046e-09
1.050000000000000000e+01 1.250596757470006311e-08
1.055000000000000071e+01 2.056491493952261706e-08
1.060000000000000142e+01 2.632373279859277605e-08
1.065000000000000036e+01 2.957260090399907714e-08
1.070000000000000107e+01 3.023019779904596320e-08
1.075000000000000000e+01 2.835720729470883199e-08
1.080000000000000071e+01 2.410967732740911618e-08
1.085000000000000142e+01 1.788511895950121659e-08
1.090000000000000036e+01 9.701142251851513268e-09
1.095000000000000107e+01 1.442869094002458648e-09
1.100000000000000000e+01 -2.232861484493297424e-08
1.105000000000000071e+01 -2.158429874980270255e-08
1.110000000000000142e+01 -2.086419766125203701e-08
1.115000000000000036e+01 -2.016818213996990568e-08
1.120000000000000107e+01 -1.949500692662770236e-08
1.125000000000000000e+01 -1.884359127661196145e-08
1.130000000000000071e+01 -1.821454371119271300e-08
1.135000000000000142e+01 -1.760575554744824008e-08
1.140000000000000036e+01 -1.701677085720034256e-08
1.145000000000000107e+01 -1.644761098679910188e-08
1.150000000000000000e+01 -1.589723108564864060e-08
1.155000000000000071e+01 -1.536511712710025489e-08
1.160000000000000142e+01 -1.485043165385049109e-08
1.165000000000000036e+01 -1.435293655139819994e-08
1.170000000000000107e+01 -1.387161590229763814e-08
1.175000000000000000e+01 -1.340641627127030979e-08
1.180000000000000071e+01 -1.295675553864812944e-08
1.185000000000000142e+01 -1.252190419850940776e-08
1.190000000000000036e+01 -1.210162755307800953e-08
1.195000000000000107e+01 -1.169521990605241813e-08
1.200000000000000000e+01 -1.130214927460908445e-08
1.205000000000000071e+01 -1.092236186879196741e-08
1.210000000000000142e+01 -1.055545430866012618e-08
