0.000000000000000000e+00 0.000000000000000000e+00
5.000000000000000278e-02 -1.035843037791635160e-04
1.000000000000000056e-01 -2.072086957471455367e-04
1.500000000000000222e-01 -3.109108968181413047e-04
2.000000000000000111e-01 -4.147239324329531486e-04
2.500000000000000000e-01 -5.186738818622618026e-04
3.000000000000000444e-01 -6.227777421507658950e-04
3.500000000000000333e-01 -7.270414419396391747e-04
4.000000000000000222e-01 -8.314580379242395751e-04
4.500000000000000111e-01 -9.360061236896665511e-04
5.000000000000000000e-01 -1.040648477173408129e-03
5.500000000000000444e-01 -1.145330969095055247e-03
6.000000000000000888e-01 -1.249981750437986327e-03
6.500000000000000222e-01 -1.354510732542715465e-03
7.000000000000000666e-01 -1.458809368655901960e-03
7.500000000000000000e-01 -1.562750740954933814e-03
8.000000000000000444e-01 -1.666189952218491118e-03
8.500000000000000888e-01 -1.768964816520697883e-03
9.000000000000000222e-01 -1.870896838670434680e-03
9.500000000000000666e-01 -1.971792467674217484e-03
1.000000000000000000e+00 -2.071444605342289292e-03
1.050000000000000044e+00 -2.169634347348116995e-03
1.100000000000000089e+00 -2.266132930649565787e-03
1.150000000000000133e+00 -2.360703858235487472e-03
1.200000000000000178e+00 -2.453105169715737686e-03
1.250000000000000000e+00 -2.543091824357890038e-03
1.300000000000000044e+00 -2.630418161812815136e-03
1.350000000000000089e+00 -2.714840404977026788e-03
1.400000000000000133e+00 -2.796119169215624273e-03
1.450000000000000178e+00 -2.874021942509998474e-03
1.500000000000000000e+00 -2.948325501984016325e-03
1.550000000000000044e+00 -3.018818233677534723e-03
1.600000000000000089e+00 -3.085302324344936162e-03
1.650000000000000133e+00 -3.147595796419573079e-03
1.700000000000000178e+00 -3.205534360056665373e-03
1.750000000000000000e+00 -3.258973059295294013e-03
1.800000000000000044e+00 -3.307787692808009713e-03
1.850000000000000089e+00 -3.351875993373182577e-03
1.900000000000000133e+00 -3.391158554047001873e-03
1.950000000000000178e+00 -3.425579492962945848e-03
2.000000000000000000e+00 -3.455106852680195871e-03
2.050000000000000266e+00 -3.479732733972379106e-03
2.100000000000000089e+00 -3.499473167829096881e-03
2.149999999999999911e+00 -3.514367733172402142e-03
2.200000000000000178e+00 -3.524478931309389575e-03
2.250000000000000000e+00 -3.529891331395914895e-03
2.300000000000000266e+00 -3.530710504125503767e-03
2.350000000000000089e+00 -3.527061763439220867e-03
2.400000000000000355e+00 -3.519088738240355209e-03
2.450000000000000178e+00 -3.506951797864241594e-03
2.500000000000000000e+00 -3.490826356378327281e-03
2.550000000000000266e+00 -3.470901081659204766e-03
2.600000000000000089e+00 -3.447376035609129186e-03
2.650000000000000355e+00 -3.420460771840564285e-03
2.700000000000000178e+00 -3.390372416688033907e-03
2.750000000000000000e+00 -3.357333758524830292e-03
2.800000000000000266e+00 -3.321571369098229136e-03
2.850000000000000089e+00 -3.283313778988061066e-03
2.900000000000000355e+00 -3.242789727382740239e-03
2.950000000000000178e+00 -3.200226504202565575e-03
3.000000000000000000e+00 -3.155848400233607267e-03
3.050000000000000266e+00 -3.109875278421527812e-03
3.100000000000000089e+00 -3.062521276868369283e-03
3.150000000000000355e+00 -3.013993651432213695e-03
3.200000000000000178e+00 -2.964491763203498751e-03
3.250000000000000000e+00 -2.914206213573828242e-03
3.300000000000000266e+00 -2.863318127170861628e-03
3.350000000000000089e+00 -2.811998580648628152e-03
3.400000000000000355e+00 -2.760408173233373612e-03
3.450000000000000178e+00 -2.708696733061005148e-03
3.500000000000000000e+00 -2.657003151726994045e-03
3.550000000000000266e+00 -2.605455338119361079e-03
3.600000000000000089e+00 -2.554170281529194193e-03
3.650000000000000355e+00 -2.503254213233041797e-03
3.700000000000000178e+00 -2.452802855212457729e-03
3.750000000000000000e+00 -2.402901744407027595e-03
3.800000000000000266e+00 -2.353626620871738292e-03
3.850000000000000089e+00 -2.305043868406062881e-03
3.900000000000000355e+00 -2.257210996615715247e-03
3.950000000000000178e+00 -2.210177153930344401e-03
4.000000000000000000e+00 -2.163983661802022871e-03
4.049999999999999822e+00 -2.118664561119315212e-03
4.100000000000000533e+00 -2.074247162759644287e-03
4.150000000000000355e+00 -2.030752595139066752e-03
4.200000000000000178e+00 -1.988196342575857239e-03
4.250000000000000000e+00 -1.946588769237256105e-03
4.299999999999999822e+00 -1.905935624365167735e-03
4.350000000000000533e+00 -1.866238525357984861e-03
4.400000000000000355e+00 -1.827495416106628265e-03
4.450000000000000178e+00 -1.789700998732178527e-03
4.500000000000000000e+00 -1.752847137542388588e-03
4.549999999999999822e+00 -1.716923234610366914e-03
4.600000000000000533e+00 -1.681916576880140976e-03
4.650000000000000355e+00 -1.647812655121964290e-03
4.700000000000000178e+00 -1.614595455399439649e-03
4.750000000000000000e+00 -1.582247723976591301e-03
4.800000000000000711e+00 -1.550751206793251746e-03
4.850000000000000533e+00 -1.520086864779758790e-03
4.900000000000000355e+00 -1.490235066375357595e-03
4.950000000000000178e+00 -1.461175758667671758e-03
5.000000000000000000e+00 -1.432888618591063139e-03
5.050000000000000711e+00 -1.405353185617195470e-03
5.100000000000000533e+00 -1.378548977348311930e-03
5.150000000000000355e+00 -1.352455589387982233e-03
5.200000000000000178e+00 -1.327052780820001110e-03
5.250000000000000000e+00 -1.302320546576941516e-03
5.300000000000000711e+00 -1.278239177927945622e-03
5.350000000000000533e+00 -1.254789312262051581e-03
5.400000000000000355e+00 -1.231951973289417386e-03
5.450000000000000178e+00 -1.209708602728133773e-03
5.500000000000000000e+00 -1.188041084488736677e-03
5.550000000000000711e+00 -1.166931762311316460e-03
5.600000000000000533e+00 -1.146363451750858796e-03
5.650000000000000355e+00 -1.126319447344415609e-03
5.700000000000000178e+00 -1.106783525728850283e-03
5.750000000000000000e+00 -1.087739945410014057e-03
5.800000000000000711e+00 -1.069173443813822150e-03
5.850000000000000533e+00 -1.051069232177351959e-03
5.900000000000000355e+00 -1.033412988764908537e-03
5.950000000000000178e+00 -1.016190850821151745e-03
