0.000000000000000000e+00 5.447175994900769203e-01
5.000000000000000278e-02 5.435070982039950094e-01
1.000000000000000056e-01 5.398844153013766523e-01
1.500000000000000222e-01 5.338758568015810058e-01
2.000000000000000111e-01 5.255247493538491854e-01
2.500000000000000000e-01 5.148906864468367761e-01
3.000000000000000444e-01 5.020485142994826067e-01
3.500000000000000333e-01 4.870870966835436078e-01
4.000000000000000222e-01 4.701079055453984967e-01
4.500000000000000111e-01 4.512234908180373649e-01
5.000000000000000000e-01 4.305558848929641469e-01
5.500000000000000444e-01 4.082349995222353534e-01
6.000000000000000888e-01 3.843970701560101011e-01
6.500000000000000222e-01 3.591831985322542220e-01
7.000000000000000666e-01 3.327380379118946574e-01
7.500000000000000000e-01 3.052086562027878647e-01
8.000000000000000444e-01 2.767436019201359731e-01
8.500000000000000888e-01 2.474921867589269242e-01
9.000000000000000222e-01 2.176039860648558144e-01
9.500000000000000666e-01 1.872285462705170489e-01
1.000000000000000000e+00 1.565152772736374820e-01
1.050000000000000044e+00 1.256134963034980512e-01
1.100000000000000089e+00 9.467258201962183706e-02
1.150000000000000133e+00 6.384218968896548940e-02
1.200000000000000178e+00 3.327247412581844921e-02
1.250000000000000000e+00 3.114265541302041126e-03
1.300000000000000044e+00 -2.648085625614544913e-02
1.350000000000000089e+00 -5.536064015402077793e-02
1.400000000000000133e+00 -8.337243842352468071e-02
1.450000000000000178e+00 -1.103637152968050678e-01
1.500000000000000000e+00 -1.361828121663131719e-01
1.550000000000000044e+00 -1.606799852491805070e-01
1.600000000000000089e+00 -1.837087138210252435e-01
1.650000000000000133e+00 -2.051272656462972965e-01
1.700000000000000178e+00 -2.248004919745544283e-01
1.750000000000000000e+00 -2.426018116681633308e-01
1.800000000000000044e+00 -2.584153323023642979e-01
1.850000000000000089e+00 -2.721380456914604395e-01
1.900000000000000133e+00 -2.836820295668400216e-01
1.950000000000000178e+00 -2.929765790344440735e-01
2.000000000000000000e+00 -2.999701926259025764e-01
2.050000000000000266e+00 -3.046323363721532007e-01
2.100000000000000089e+00 -3.069549144887388503e-01
2.149999999999999911e+00 -3.069533811749169949e-01
2.200000000000000178e+00 -3.046674387555016184e-01
2.250000000000000000e+00 -3.001612773601535777e-01
2.300000000000000266e+00 -2.935233271150411438e-01
2.350000000000000089e+00 -2.848655070280993185e-01
2.400000000000000355e+00 -2.743219716483825121e-01
2.450000000000000178e+00 -2.620473720669408979e-01
2.500000000000000000e+00 -2.482146636821038199e-01
2.550000000000000266e+00 -2.330125074135619700e-01
2.600000000000000089e+00 -2.166423243420684264e-01
2.650000000000000355e+00 -1.993150744902938698e-01
2.700000000000000178e+00 -1.812478394726166897e-01
2.750000000000000000e+00 -1.626602939416990357e-01
2.800000000000000266e+00 -1.437711539090717472e-01
2.850000000000000089e+00 -1.247946913308900924e-01
2.900000000000000355e+00 -1.059373990385060749e-01
2.950000000000000178e+00 -8.739488665740301199e-02
3.000000000000000000e+00 -6.934907844515886266e-02
3.050000000000000266e+00 -5.196577492441625812e-02
3.100000000000000089e+00 -3.539262750529873630e-02
3.150000000000000355e+00 -1.975756177387870405e-02
3.200000000000000178e+00 -5.167671980577491150e-03
3.250000000000000000e+00 8.291406239502288958e-03
3.300000000000000266e+00 2.055564992505976019e-02
3.350000000000000089e+00 3.158235047602068329e-02
3.400000000000000355e+00 4.134939292576478992e-02
3.450000000000000178e+00 4.985415512101710328e-02
3.500000000000000000e+00 5.711207724479939324e-02
3.550000000000000266e+00 6.315495795366457554e-02
3.600000000000000089e+00 6.802903819368341654e-02
3.650000000000000355e+00 7.179293583786483524e-02
3.700000000000000178e+00 7.451549393036008273e-02
3.750000000000000000e+00 7.627360310898699536e-02
3.800000000000000266e+00 7.715005501517187281e-02
3.850000000000000089e+00 7.723147791586361388e-02
3.900000000000000355e+00 7.660639862232851427e-02
3.950000000000000178e+00 7.536346775486582605e-02
4.000000000000000000e+00 7.358987644556636010e-02
4.049999999999999822e+00 7.136998460601245986e-02
4.100000000000000533e+00 6.878417218677403133e-02
4.150000000000000355e+00 6.590791732657640123e-02
4.200000000000000178e+00 6.281109723298071434e-02
4.250000000000000000e+00 5.955750285501881791e-02
4.299999999999999822e+00 5.620455089960026823e-02
4.350000000000000533e+00 5.280317450224907005e-02
4.400000000000000355e+00 4.939786976231784477e-02
4.450000000000000178e+00 4.602687407976973483e-02
4.500000000000000000e+00 4.272245106650684326e-02
4.549999999999999822e+00 3.951125769767326740e-02
4.600000000000000533e+00 3.641477012218686388e-02
4.650000000000000355e+00 3.344974643738771181e-02
4.700000000000000178e+00 3.062870757061575758e-02
4.750000000000000000e+00 2.796041979969804414e-02
4.800000000000000711e+00 2.545036585738119639e-02
4.850000000000000533e+00 2.310119405928730274e-02
4.900000000000000355e+00 2.091313861339863175e-02
4.950000000000000178e+00 1.888440565955961867e-02
5.000000000000000000e+00 1.701152362210405639e-02
5.050000000000000711e+00 1.528965700094415611e-02
5.100000000000000533e+00 1.371288461040540835e-02
5.150000000000000355e+00 1.227444513571672099e-02
5.200000000000000178e+00 1.096695218010164743e-02
5.250000000000000000e+00 9.782582695031667372e-03
5.300000000000000711e+00 8.713241959098901035e-03
5.350000000000000533e+00 7.750707464357949571e-03
5.400000000000000355e+00 6.886755326375952786e-03
5.450000000000000178e+00 6.113270762631325787e-03
5.500000000000000000e+00 5.422343691561916715e-03
5.550000000000000711e+00 4.806351568061451550e-03
5.600000000000000533e+00 4.258029457813252566e-03
5.650000000000000355e+00 3.770526564180355818e-03
5.700000000000000178e+00 3.337451317365318446e-03
5.750000000000000000e+00 2.952903125011606313e-03
5.800000000000000711e+00 2.611491689488882727e-03
5.850000000000000533e+00 2.308343859988290243e-03
5.900000000000000355e+00 2.039098603146846742e-03
5.950000000000000178e+00 1.799890545899203833e-03
6.000000000000000000e+00 1.587323879283270619e-03
6.050000000000000711e+00 1.398437529035988182e-03
6.100000000000000533e+00 1.230663752807897946e-03
6.150000000000000355e+00 1.081782075495562158e-03
6.200000000000000178e+00 9.498707521241654770e-04
6.250000000000000000e+00 8.332578302840905121e-04
6.300000000000000711e+00 7.304741772333172688e-04
6.350000000000000533e+00 6.402097795420874388e-04
6.400000000000000355e+00 5.612756753419977877e-04
6.450000000000000178e+00 4.925719084639592488e-04
6.500000000000000000e+00 4.330628174355198893e-04
6.550000000000000711e+00 3.817595240329533309e-04
6.600000000000000533e+00 3.377100744391858442e-04
6.650000000000000355e+00 2.999958301856902156e-04
6.700000000000000178e+00 2.677339170093566661e-04
6.750000000000000000e+00 2.400840441374486607e-04
6.800000000000000711e+00 2.162584949025122703e-04
6.850000000000000533e+00 1.955335271858069308e-04
6.900000000000000355e+00 1.772612077203102813e-04
6.950000000000000178e+00 1.608797147107923146e-04
7.000000000000000000e+00 1.459208799897259844e-04
7.050000000000000711e+00 1.320152411682712010e-04
7.100000000000000533e+00 1.188921703913891216e-04
7.150000000000000355e+00 1.063762388996599957e-04
7.200000000000000178e+00 9.437930638597026361e-05
7.250000000000000000e+00 8.288901369680642375e-05
7.300000000000000711e+00 7.195388909994978504e-05
7.350000000000000533e+00 6.166670679718428587e-05
7.400000000000000355e+00 5.214641665895502397e-05
7.450000000000000178e+00 4.352018764475229246e-05
7.500000000000000000e+00 3.590657755182859878e-05
7.550000000000000711e+00 2.940072082865666161e-05
7.600000000000000533e+00 2.406254210638110433e-05
7.650000000000000355e+00 1.990836650186756098e-05
7.700000000000000178e+00 1.690659909742160520e-05
7.750000000000000000e+00 1.497735397114401927e-05
7.800000000000000711e+00 1.399595251305518115e-05
7.850000000000000533e+00 1.379984129643599018e-05
7.900000000000000355e+00 1.419821887724737136e-05
7.950000000000000178e+00 1.498386935716375384e-05
8.000000000000000000e+00 1.594580878267709925e-05
8.050000000000000711e+00 1.688219711331890782e-05
8.099999999999999645e+00 1.761239873277578751e-05
8.150000000000000355e+00 1.798750662051220678e-05
8.200000000000001066e+00 1.789831582554568185e-05
8.250000000000000000e+00 1.728069247578817126e-05
8.300000000000000711e+00 1.611757344430847191e-05
8.349999999999999645e+00 1.443807045455758957e-05
8.400000000000000355e+00 1.231317687323838342e-05
8.450000000000001066e+00 9.848874383940436737e-06
8.500000000000000000e+00 7.177291201609102701e-06
8.550000000000000711e+00 4.446118591041159742e-06
8.599999999999999645e+00 1.807466259965118188e-06
8.650000000000000355e+00 -5.932748391005963810e-07
8.700000000000001066e+00 -2.627732660470794623e-06
8.750000000000000000e+00 -4.193318281927135876e-06
8.800000000000000711e+00 -5.220041237521022224e-06
8.849999999999999645e+00 -5.674650335252069387e-06
8.900000000000000355e+00 -5.562211814886600984e-06
8.950000000000001066e+00 -4.924987079412488630e-06
9.000000000000000000e+00 -3.838667400348685871e-06
9.050000000000000711e+00 -2.406370365228271906e-06
9.099999999999999645e+00 -7.509768158510019906e-07
9.150000000000000355e+00 9.938266737903111752e-07
9.200000000000001066e+00 2.692974280182883910e-06
9.250000000000000000e+00 4.219305879623894221e-06
9.300000000000000711e+00 5.462137543738711092e-06
9.349999999999999645e+00 6.334332155737956629e-06
9.400000000000000355e+00 6.777761664363653682e-06
9.450000000000001066e+00 6.766461640965511795e-06
9.500000000000000000e+00 6.307533057788691984e-06
9.550000000000000711e+00 5.439774528297855668e-06
9.600000000000001421e+00 4.230113255702503577e-06
9.650000000000000355e+00 2.768221372875575889e-06
9.700000000000001066e+00 1.159575456638672575e-06
9.750000000000000000e+00 -4.822353599517235281e-07
9.800000000000000711e+00 -2.043746217337449729e-06
9.850000000000001421e+00 -3.419381208657459190e-06
9.900000000000000355e+00 -4.518795564509433825e-06
9.950000000000001066e+00 -5.272835390164865214e-06
1.000000000000000000e+01 -5.637805141024820137e-06
1.005000000000000071e+01 -5.597975677311144198e-06
1.010000000000000142e+01 -5.166065915003898569e-06
1.015000000000000036e+01 -4.381673754371952700e-06
1.020000000000000107e+01 -3.308044838782038568e-06
1.025000000000000000e+01 -2.026985208707482524e-06
1.030000000000000071e+01 -6.328631690096213660e-07
1.035000000000000142e+01 7.742592870960332673e-07
1.040000000000000036e+01 2.095660194878966436e-06
1.045000000000000107e+01 3.240788878452723920e-06
1.050000000000000000e+01 4.133523529827627014e-06
1.055000000000000071e+01 4.716925678014340980e-06
1.060000000000000142e+01 4.956906796967107080e-06
1.065000000000000036e+01 4.844069502269566156e-06
1.070000000000000107e+01 4.393819979152007603e-06
1.075000000000000000e+01 3.644780995509227327e-06
1.080000000000000071e+01 2.655561197824508427e-06
1.085000000000000142e+01 1.500328296601440192e-06
1.090000000000000036e+01 2.632325630085932436e-07
1.095000000000000107e+01 -9.676021176802168082e-07
1.100000000000000000e+01 -2.106307064533957986e-06
1.105000000000000071e+01 -3.075222905203146645e-06
1.110000000000000142e+01 -3.810028059885097527e-06
1.115000000000000036e+01 -4.264133016674362617e-06
1.120000000000000107e+01 -4.411314241107430782e-06
1.125000000000000000e+01 -4.247362437225870854e-06
1.130000000000000071e+01 -3.789815058504191178e-06
1.135000000000000142e+01 -3.076272278282422499e-06
1.140000000000000036e+01 -2.161389470255367612e-06
1.145000000000000107e+01 -1.112861837704744032e-06
1.150000000000000000e+01 -6.288577341316457481e-09
1.155000000000000071e+01 1.080128056914307017e-06
1.160000000000000142e+01 2.071114806825118602e-06
1.165000000000000036e+01 2.899512774448417871e-06
1.170000000000000107e+01 3.510762082362295692e-06
1.175000000000000000e+01 3.866509418331508603e-06
1.180000000000000071e+01 3.946866789043921176e-06
1.185000000000000142e+01 3.751509678087012469e-06
1.190000000000000036e+01 3.299393044757138065e-06
1.195000000000000107e+01 2.626903071245482450e-06
1.200000000000000000e+01 1.785109095001860429e-06
1.205000000000000071e+01 8.359070503244159132e-07
1.210000000000000142e+01 -1.524900053816775484e-07
1.215000000000000036e+01 -1.110416159345343647e-06
1.220000000000000107e+01 -1.971627471952985034e-06
1.225000000000000000e+01 -2.677833798502043632e-06
1.230000000000000071e+01 -3.182666864297392113e-06
1.235000000000000142e+01 -3.454605962918984749e-06
1.240000000000000036e+01 -3.478932596216652318e-06
1.245000000000000107e+01 -3.258528729251010741e-06
1.250000000000000000e+01 -2.813210858915145214e-06
1.255000000000000071e+01 -2.178180572670133925e-06
1.260000000000000142e+01 -1.401192297338878966e-06
1.265000000000000036e+01 -5.391199141851476166e-07
1.270000000000000107e+01 3.462768348475780173e-07
1.275000000000000000e+01 1.192675956753631317e-06
1.280000000000000071e+01 1.941558886399830374e-06
1.285000000000000142e+01 2.542219062678020964e-06
1.290000000000000036e+01 2.955166855605623301e-06
1.295000000000000107e+01 3.154705658839650667e-06
1.300000000000000000e+01 3.130360251021781073e-06
1.305000000000000071e+01 2.887558389107035143e-06
1.310000000000000142e+01 2.446862424640466056e-06
1.315000000000000036e+01 1.842214795714832816e-06
1.320000000000000107e+01 1.118495574790617379e-06
1.325000000000000000e+01 3.281554333373310814e-07
1.330000000000000071e+01 -4.725842254429812252e-07
1.335000000000000142e+01 -1.227711252018812670e-06
1.340000000000000036e+01 -1.885292024197179793e-06
1.345000000000000107e+01 -2.401032904888071164e-06
1.350000000000000000e+01 -2.741227744422751562e-06
1.355000000000000071e+01 -2.884949350323445652e-06
1.360000000000000142e+01 -2.825353889258240867e-06
1.365000000000000036e+01 -2.569795305295036145e-06
1.370000000000000107e+01 -2.139192555485817001e-06
1.375000000000000000e+01 -1.566326544293479427e-06
1.380000000000000071e+01 -8.933862835151726360e-07
1.385000000000000142e+01 -1.688092750105427326e-07
1.390000000000000036e+01 5.560804852521124741e-07
1.395000000000000107e+01 1.230767096744581986e-06
1.400000000000000000e+01 1.808993487656239144e-06
1.405000000000000071e+01 2.252052670778919690e-06
1.410000000000000142e+01 2.531166874899616663e-06
1.415000000000000036e+01 2.629469045991054624e-06
1.420000000000000107e+01 2.542930751368937580e-06
1.425000000000000000e+01 2.280505430790376630e-06
1.430000000000000071e+01 1.863255776484304958e-06
1.435000000000000142e+01 1.322713591613494231e-06
1.440000000000000036e+01 6.985098682905600117e-07
1.445000000000000107e+01 3.554024415729075356e-08
1.450000000000000000e+01 -6.193208437691521360e-07
1.455000000000000071e+01 -1.220500602153213083e-06
1.460000000000000142e+01 -1.726751186423158484e-06
1.465000000000000036e+01 -2.104156222420670784e-06
1.470000000000000107e+01 -2.328332657328235426e-06
1.475000000000000000e+01 -2.385905348127957688e-06
1.480000000000000071e+01 -2.275320791780384774e-06
1.485000000000000142e+01 -2.006799818727444573e-06
1.490000000000000036e+01 -1.601439689270971460e-06
1.495000000000000107e+01 -1.089584102687033979e-06
