0.000000000000000000e+00 -8.884887235535415123e-03
5.000000000000000278e-02 -8.893143645061600544e-03
1.000000000000000056e-01 -8.917768446562812298e-03
1.500000000000000222e-01 -8.958330789321514859e-03
2.000000000000000111e-01 -9.014120640337606322e-03
2.500000000000000000e-01 -9.084160687246508811e-03
3.000000000000000444e-01 -9.167222658203404151e-03
3.500000000000000333e-01 -9.261847725008799659e-03
4.000000000000000222e-01 -9.366370575008426888e-03
4.500000000000000111e-01 -9.478946650184217476e-03
5.000000000000000000e-01 -9.597581991703343571e-03
5.500000000000000444e-01 -9.720165648315621035e-03
6.000000000000000888e-01 -9.844502140714249047e-03
6.500000000000000222e-01 -9.968346391423693262e-03
7.000000000000000666e-01 -1.008943783202386965e-02
7.500000000000000000e-01 -1.020553572999480067e-02
8.000000000000000444e-01 -1.031444651403831854e-02
8.500000000000000888e-01 -1.041406179899379870e-02
9.000000000000000222e-01 -1.050238590381934352e-02
9.500000000000000666e-01 -1.057755930438833425e-02
1.000000000000000000e+00 -1.063788396068283439e-02
1.050000000000000044e+00 -1.068184403821052439e-02
1.100000000000000089e+00 -1.070812202656925421e-02
1.150000000000000133e+00 -1.071561201654591504e-02
1.200000000000000178e+00 -1.070342909226193982e-02
1.250000000000000000e+00 -1.067091500336497800e-02
1.300000000000000044e+00 -1.061764019132478351e-02
1.350000000000000089e+00 -1.054340231019330540e-02
1.400000000000000133e+00 -1.044821877338007916e-02
1.450000000000000178e+00 -1.033232966257551302e-02
1.500000000000000000e+00 -1.019617089534469688e-02
1.550000000000000044e+00 -1.004037209002407900e-02
1.600000000000000089e+00 -9.865738715350071478e-03
1.650000000000000133e+00 -9.673234978598415149e-03
1.700000000000000178e+00 -9.463967121897579049e-03
1.750000000000000000e+00 -9.239162069585101986e-03
1.800000000000000044e+00 -9.000147471706671995e-03
1.850000000000000089e+00 -8.748336492465364281e-03
1.900000000000000133e+00 -8.485202087065170026e-03
1.950000000000000178e+00 -8.212260585036074145e-03
2.000000000000000000e+00 -7.931053150556973547e-03
2.050000000000000266e+00 -7.643124123640558133e-03
2.100000000000000089e+00 -7.350009824352909081e-03
2.149999999999999911e+00 -7.053219175679915388e-03
2.200000000000000178e+00 -6.754220472614245498e-03
2.250000000000000000e+00 -6.454428692660727288e-03
2.300000000000000266e+00 -6.155194366726292679e-03
2.350000000000000089e+00 -5.857793854540743750e-03
2.400000000000000355e+00 -5.563422362311746736e-03
2.450000000000000178e+00 -5.273185687054520593e-03
2.500000000000000000e+00 -4.988097425770128719e-03
2.550000000000000266e+00 -4.709074074949116083e-03
2.600000000000000089e+00 -4.436934125034956364e-03
2.650000000000000355e+00 -4.172398044092334723e-03
2.700000000000000178e+00 -3.916085753663997235e-03
2.750000000000000000e+00 -3.668521973747606527e-03
2.800000000000000266e+00 -3.430136514383190852e-03
2.850000000000000089e+00 -3.201268724391605897e-03
2.900000000000000355e+00 -2.982171275909637192e-03
2.950000000000000178e+00 -2.773015078657039851e-03
3.000000000000000000e+00 -2.573894487032898134e-03
3.050000000000000266e+00 -2.384833083432488180e-03
3.100000000000000089e+00 -2.205789437943384782e-03
3.150000000000000355e+00 -2.036663257796498313e-03
3.200000000000000178e+00 -1.877301515411121391e-03
3.250000000000000000e+00 -1.727504574885415029e-03
3.300000000000000266e+00 -1.587032224698582163e-03
3.350000000000000089e+00 -1.455609564576651775e-03
3.400000000000000355e+00 -1.332932569213155774e-03
3.450000000000000178e+00 -1.218673660112332396e-03
3.500000000000000000e+00 -1.112485927434044572e-03
3.550000000000000266e+00 -1.014011155239668551e-03
3.600000000000000089e+00 -9.228777220230943148e-04
3.650000000000000355e+00 -8.387111783985726210e-04
3.700000000000000178e+00 -7.611343726119017359e-04
3.750000000000000000e+00 -6.897714564775512267e-04
3.800000000000000266e+00 -6.242506748472421291e-04
3.850000000000000089e+00 -5.642068181796800787e-04
3.900000000000000355e+00 -5.092833183312044099e-04
3.950000000000000178e+00 -4.591340063126473844e-04
4.000000000000000000e+00 -4.134245535704177132e-04
4.049999999999999822e+00 -3.718336203787502318e-04
4.100000000000000533e+00 -3.340541467876458645e-04
4.150000000000000355e+00 -2.997917358451833870e-04
4.200000000000000178e+00 -2.687703836154871307e-04
4.250000000000000000e+00 -2.407259424862757198e-04
4.299999999999999822e+00 -2.154110099979548174e-04
4.350000000000000533e+00 -1.925928482461005049e-04
4.400000000000000355e+00 -1.720545102138916602e-04
4.450000000000000178e+00 -1.535923012458081677e-04
4.500000000000000000e+00 -1.370177006117528505e-04
4.549999999999999822e+00 -1.221556764245056398e-04
4.600000000000000533e+00 -1.088444157687266879e-04
4.650000000000000355e+00 -9.693475552980995637e-05
4.700000000000000178e+00 -8.628938390621018013e-05
4.750000000000000000e+00 -7.678345838882184090e-05
4.800000000000000711e+00 -6.830070849695384734e-05
4.850000000000000533e+00 -6.073733915077045385e-05
4.900000000000000355e+00 -5.399782057575725733e-05
4.950000000000000178e+00 -4.799573494643334605e-05
5.000000000000000000e+00 -4.265288849937343759e-05
5.050000000000000711e+00 -3.789879768491767386e-05
5.100000000000000533e+00 -3.366968534068163821e-05
5.150000000000000355e+00 -2.990851894830885420e-05
5.200000000000000178e+00 -2.656396416951460984e-05
5.250000000000000000e+00 -2.359129730166137267e-05
5.300000000000000711e+00 -2.094658134658547701e-05
5.350000000000000533e+00 -1.859567521410796089e-05
5.400000000000000355e+00 -1.650587601212468540e-05
5.450000000000000178e+00 -1.464741174250696210e-05
5.500000000000000000e+00 -1.299466508371019132e-05
5.550000000000000711e+00 -1.152467550206480335e-05
5.600000000000000533e+00 -1.021704891537167918e-05
5.650000000000000355e+00 -9.053680299219572146e-06
5.700000000000000178e+00 -8.018503761201122845e-06
5.750000000000000000e+00 -7.097268238461728656e-06
5.800000000000000711e+00 -6.277336800976142473e-06
5.850000000000000533e+00 -5.547042774416235322e-06
5.900000000000000355e+00 -4.897777166511914847e-06
5.950000000000000178e+00 -4.319841236886510399e-06
6.000000000000000000e+00 -3.804773481317914147e-06
6.050000000000000711e+00 -3.346909072386048785e-06
6.100000000000000533e+00 -2.939194354927266676e-06
6.150000000000000355e+00 -2.577275151398313055e-06
6.200000000000000178e+00 -2.255423035949198521e-06
6.250000000000000000e+00 -1.969694265228004134e-06
6.300000000000000711e+00 -1.716308724990864301e-06
6.350000000000000533e+00 -1.491901110765869471e-06
6.400000000000000355e+00 -1.293467692456820850e-06
6.450000000000000178e+00 -1.118641493951113212e-06
6.500000000000000000e+00 -9.640313373425395580e-07
6.550000000000000711e+00 -8.283910648200205008e-07
6.600000000000000533e+00 -7.095792960820627943e-07
6.650000000000000355e+00 -6.056370597529540973e-07
6.700000000000000178e+00 -5.148500567236776590e-07
6.750000000000000000e+00 -4.366019142168276098e-07
6.800000000000000711e+00 -3.678069437720988385e-07
6.850000000000000533e+00 -3.091530521893091032e-07
6.900000000000000355e+00 -2.576055116772947017e-07
6.950000000000000178e+00 -2.136516511584294040e-07
