0.000000000000000000e+00 -1.632687524850895411e-02
5.000000000000000278e-02 -1.634137852108791603e-02
1.000000000000000056e-01 -1.638460070155578832e-02
1.500000000000000222e-01 -1.645568444148159254e-02
2.000000000000000111e-01 -1.655321923552343852e-02
2.500000000000000000e-01 -1.667526856302114016e-02
3.000000000000000444e-01 -1.681940695789246876e-02
3.500000000000000333e-01 -1.698276611206345557e-02
4.000000000000000222e-01 -1.716208890863241479e-02
4.500000000000000111e-01 -1.735379010462582625e-02
5.000000000000000000e-01 -1.755402224440306275e-02
5.500000000000000444e-01 -1.775874528705910504e-02
6.000000000000000888e-01 -1.796379837670642951e-02
6.500000000000000222e-01 -1.816497217397917627e-02
7.000000000000000666e-01 -1.835808019972524213e-02
7.500000000000000000e-01 -1.853902771546854511e-02
8.000000000000000444e-01 -1.870387677637519799e-02
8.500000000000000888e-01 -1.884890623654950428e-02
9.000000000000000222e-01 -1.897066565798224622e-02
9.500000000000000666e-01 -1.906602226712264883e-02
1.000000000000000000e+00 -1.913220031012384525e-02
1.050000000000000044e+00 -1.916681237238324065e-02
1.100000000000000089e+00 -1.916788244317276652e-02
1.150000000000000133e+00 -1.913386071532638052e-02
1.200000000000000178e+00 -1.906363030703964179e-02
1.250000000000000000e+00 -1.895650627246920142e-02
1.300000000000000044e+00 -1.881222742550853200e-02
1.350000000000000089e+00 -1.863094163337045139e-02
1.400000000000000133e+00 -1.841318534101544016e-02
1.450000000000000178e+00 -1.815985816272647213e-02
1.500000000000000000e+00 -1.787219342304182529e-02
1.550000000000000044e+00 -1.755172554665303600e-02
1.600000000000000089e+00 -1.720025518753801053e-02
1.650000000000000133e+00 -1.681981295412870309e-02
1.700000000000000178e+00 -1.641262253297389936e-02
1.750000000000000000e+00 -1.598106394190460314e-02
1.800000000000000044e+00 -1.552763755921160102e-02
1.850000000000000089e+00 -1.505492948199412331e-02
1.900000000000000133e+00 -1.456557866877743190e-02
1.950000000000000178e+00 -1.406224622265777290e-02
2.000000000000000000e+00 -1.354758707518330038e-02
2.050000000000000266e+00 -1.302422424101926622e-02
2.100000000000000089e+00 -1.249472573170292387e-02
2.149999999999999911e+00 -1.196158414537857803e-02
2.200000000000000178e+00 -1.142719888957391926e-02
2.250000000000000000e+00 -1.089386094645025151e-02
2.300000000000000266e+00 -1.036374005453596057e-02
2.350000000000000089e+00 -9.838874157188438538e-03
2.400000000000000355e+00 -9.321160954906274054e-03
2.450000000000000178e+00 -8.812351394740023172e-03
2.500000000000000000e+00 -8.314044933763711787e-03
2.550000000000000266e+00 -7.827686423052593323e-03
2.600000000000000089e+00 -7.354564471995585911e-03
2.650000000000000355e+00 -6.895811168238293910e-03
2.700000000000000178e+00 -6.452403044432955363e-03
2.750000000000000000e+00 -6.025163197812657793e-03
2.800000000000000266e+00 -5.614764481236825082e-03
2.850000000000000089e+00 -5.221733693915072208e-03
2.900000000000000355e+00 -4.846456705987379522e-03
2.950000000000000178e+00 -4.489184453331117666e-03
3.000000000000000000e+00 -4.150039737507039278e-03
3.050000000000000266e+00 -3.829024761051549354e-03
3.100000000000000089e+00 -3.526029321005200255e-03
3.150000000000000355e+00 -3.240839574443961715e-03
3.200000000000000178e+00 -2.973147279762927003e-03
3.250000000000000000e+00 -2.722559407507164127e-03
3.300000000000000266e+00 -2.488608005584285431e-03
3.350000000000000089e+00 -2.270760196580740541e-03
3.400000000000000355e+00 -2.068428180360900454e-03
3.450000000000000178e+00 -1.880979113707015012e-03
3.500000000000000000e+00 -1.707744740813558256e-03
3.550000000000000266e+00 -1.548030654124562394e-03
3.600000000000000089e+00 -1.401125074227357794e-03
3.650000000000000355e+00 -1.266307050018958746e-03
3.700000000000000178e+00 -1.142853995691465573e-03
3.750000000000000000e+00 -1.030048498641326568e-03
3.800000000000000266e+00 -9.271843514865302617e-04
3.850000000000000089e+00 -8.335717812016895647e-04
3.900000000000000355e+00 -7.485418681583765966e-04
3.950000000000000178e+00 -6.714501668144164234e-04
4.000000000000000000e+00 -6.016795572218785939e-04
4.049999999999999822e+00 -5.386423718085948551e-04
4.100000000000000533e+00 -4.817818545483018859e-04
4.150000000000000355e+00 -4.305730193322987952e-04
4.200000000000000178e+00 -3.845229809105918904e-04
4.250000000000000000e+00 -3.431708351611059715e-04
4.299999999999999822e+00 -3.060871658009929695e-04
4.350000000000000533e+00 -2.728732522402781721e-04
4.400000000000000355e+00 -2.431600484743122069e-04
4.450000000000000178e+00 -2.166069961845691269e-04
4.500000000000000000e+00 -1.929007270905595806e-04
4.549999999999999822e+00 -1.717537006171094606e-04
4.600000000000000533e+00 -1.529028136532040920e-04
4.650000000000000355e+00 -1.361080100873955103e-04
4.700000000000000178e+00 -1.211509093567525002e-04
4.750000000000000000e+00 -1.078334658066552063e-04
4.800000000000000711e+00 -9.597666449769709192e-05
4.850000000000000533e+00 -8.541925438071179717e-05
4.900000000000000355e+00 -7.601651655418991012e-05
4.950000000000000178e+00 -6.763906358314889888e-05
5.000000000000000000e+00 -6.017166546847845578e-05
5.050000000000000711e+00 -5.351209861031084702e-05
5.100000000000000533e+00 -4.757001575152304486e-05
5.150000000000000355e+00 -4.226583712635861222e-05
5.200000000000000178e+00 -3.752966556910360731e-05
5.250000000000000000e+00 -3.330023086052822734e-05
5.300000000000000711e+00 -2.952387083396819414e-05
5.350000000000000533e+00 -2.615355849949698060e-05
5.400000000000000355e+00 -2.314798550032162819e-05
5.450000000000000178e+00 -2.047071248057650577e-05
5.500000000000000000e+00 -1.808939637592476437e-05
5.550000000000000711e+00 -1.597510326229682398e-05
5.600000000000000533e+00 -1.410171329958174824e-05
5.650000000000000355e+00 -1.244542162487088114e-05
5.700000000000000178e+00 -1.098433596304562387e-05
5.750000000000000000e+00 -9.698168437209895104e-06
5.800000000000000711e+00 -8.568015794939842637e-06
5.850000000000000533e+00 -7.576219232263402552e-06
5.900000000000000355e+00 -6.706292390913961455e-06
5.950000000000000178e+00 -5.942904090201779876e-06
6.000000000000000000e+00 -5.271901056009397722e-06
6.050000000000000711e+00 -4.680355401011315946e-06
6.100000000000000533e+00 -4.156621915218449081e-06
6.150000000000000355e+00 -3.690391315092306056e-06
6.200000000000000178e+00 -3.272727394464279167e-06
6.250000000000000000e+00 -2.896078400019519129e-06
6.300000000000000711e+00 -2.554255762944544739e-06
6.350000000000000533e+00 -2.242376377816784215e-06
6.400000000000000355e+00 -1.956767739888557065e-06
6.450000000000000178e+00 -1.694838243447830111e-06
6.500000000000000000e+00 -1.454917630536459463e-06
6.550000000000000711e+00 -1.236074808253013613e-06
6.600000000000000533e+00 -1.037921903796426527e-06
6.650000000000000355e+00 -8.604144184299132121e-07
6.700000000000000178e+00 -7.036576366907554644e-07
6.750000000000000000e+00 -5.677290521288286467e-07
6.800000000000000711e+00 -4.525255349444255255e-07
6.850000000000000533e+00 -3.576423778844163344e-07
6.900000000000000355e+00 -2.822893344641027865e-07
6.950000000000000178e+00 -2.252464511417974171e-07
7.000000000000000000e+00 -1.848600496739763552e-07
7.050000000000000711e+00 -1.590767981551520283e-07
7.100000000000000533e+00 -1.455115735342364110e-07
7.150000000000000355e+00 -1.415429027038799860e-07
7.200000000000000178e+00 -1.444282876500423694e-07
7.250000000000000000e+00 -1.514307557426098380e-07
7.300000000000000711e+00 -1.599475772222237770e-07
7.350000000000000533e+00 -1.676322692862223308e-07
7.400000000000000355e+00 -1.725017340781774151e-07
7.450000000000000178e+00 -1.730215964716601482e-07
7.500000000000000000e+00 -1.681644273220744414e-07
7.550000000000000711e+00 -1.574374464899549442e-07
7.600000000000000533e+00 -1.408783696550573116e-07
7.650000000000000355e+00 -1.190201591223469054e-07
7.700000000000000178e+00 -9.282742863885516382e-08
7.750000000000000000e+00 -6.360901305545934147e-08
7.800000000000000711e+00 -3.291264026569082571e-08
7.850000000000000533e+00 -2.408653956704901020e-09
7.900000000000000355e+00 2.622972184390932568e-08
7.950000000000000178e+00 5.144203379425194758e-08
8.000000000000000000e+00 7.188505309001483171e-08
8.050000000000000711e+00 8.651979133150247001e-08
8.099999999999999645e+00 9.467608524013806000e-08
8.150000000000000355e+00 9.609129201763695684e-08
8.200000000000001066e+00 9.092135510327618749e-08
8.250000000000000000e+00 7.972428767693261323e-08
8.300000000000000711e+00 6.341786363076703784e-08
8.349999999999999645e+00 4.321489356989777851e-08
8.400000000000000355e+00 2.054079986497303283e-08
8.450000000000001066e+00 -3.060788784123399482e-09
8.500000000000000000e+00 -2.602808231283910171e-08
8.550000000000000711e+00 -4.688026850214490064e-08
8.599999999999999645e+00 -6.430941615955699646e-08
8.650000000000000355e+00 -7.725942302407801300e-08
8.700000000000001066e+00 -8.498724831664956087e-08
8.750000000000000000e+00 -8.710290849025669394e-08
8.800000000000000711e+00 -8.358614795011159810e-08
8.849999999999999645e+00 -7.477922930146505541e-08
8.900000000000000355e+00 -6.135682060418720529e-08
8.950000000000001066e+00 -4.427539331732601829e-08
9.000000000000000000e+00 -2.470579522496748452e-08
9.050000000000000711e+00 -3.953652752763792756e-09
9.099999999999999645e+00 1.662707022628693279e-08
9.150000000000000355e+00 3.572171027746986905e-08
9.200000000000001066e+00 5.213813782627357996e-08
9.250000000000000000e+00 6.488038519841937662e-08
9.300000000000000711e+00 7.320818996929261101e-08
9.349999999999999645e+00 7.667896474418428413e-08
9.400000000000000355e+00 7.516989512330235491e-08
9.450000000000001066e+00 6.887917880619211688e-08
9.500000000000000000e+00 5.830676487886850006e-08
9.550000000000000711e+00 4.421624734950812758e-08
9.600000000000001421e+00 2.758072995452037633e-08
9.650000000000000355e+00 9.516439295873389540e-09
9.700000000000001066e+00 -8.791436145774491774e-09
9.750000000000000000e+00 -2.616580158153209148e-08
9.800000000000000711e+00 -4.151264238487733950e-08
9.850000000000001421e+00 -5.388921023720635020e-08
9.900000000000000355e+00 -6.256120564319273738e-08
9.950000000000001066e+00 -6.704553742879137621e-08
1.000000000000000000e+01 -6.713622488126028311e-08
1.005000000000000071e+01 -6.291212799698678839e-08
1.010000000000000142e+01 -5.472637213976558727e-08
1.015000000000000036e+01 -4.317849932776544877e-08
1.020000000000000107e+01 -2.907145575057349581e-08
1.025000000000000000e+01 -1.335644748516759382e-08
1.030000000000000071e+01 2.930591691798285472e-09
1.035000000000000142e+01 1.873671596247307853e-08
1.040000000000000036e+01 3.305947734759615116e-08
1.045000000000000107e+01 4.500993782422843189e-08
1.050000000000000000e+01 5.386725942191354489e-08
1.055000000000000071e+01 5.912155778219338844e-08
1.060000000000000142e+01 6.050251313790012974e-08
1.065000000000000036e+01 5.799218487364100483e-08
1.070000000000000107e+01 5.182150871793467823e-08
1.075000000000000000e+01 4.245100220548480117e-08
1.080000000000000071e+01 3.053719776417550012e-08
1.085000000000000142e+01 1.688720162857918183e-08
1.090000000000000036e+01 2.404487195583133227e-09
1.095000000000000107e+01 -1.197046849070938143e-08
