0.000000000000000000e+00 5.462230572756854308e-03
5.000000000000000278e-02 6.598985436200282412e-03
1.000000000000000056e-01 6.421691014761430130e-03
1.500000000000000222e-01 6.097699082809597548e-03
2.000000000000000111e-01 5.660906398089460105e-03
2.500000000000000000e-01 5.108755163438922532e-03
3.000000000000000444e-01 4.459764653917192706e-03
3.500000000000000333e-01 3.714728412708849774e-03
4.000000000000000222e-01 2.889445305395702684e-03
4.500000000000000111e-01 1.991697868864110606e-03
5.000000000000000000e-01 1.036650297215358950e-03
5.500000000000000444e-01 3.869296585625072701e-05
6.000000000000000888e-01 -9.852806462819919519e-04
6.500000000000000222e-01 -2.022538664070718493e-03
7.000000000000000666e-01 -3.057562875633815670e-03
7.500000000000000000e-01 -4.081603693401015046e-03
8.000000000000000444e-01 -5.074964682159616505e-03
8.500000000000000888e-01 -6.029859039641792713e-03
9.000000000000000222e-01 -6.930797695759852335e-03
9.500000000000000666e-01 -7.771718354907561181e-03
1.000000000000000000e+00 -8.542653587881136878e-03
1.050000000000000044e+00 -9.234028639546318709e-03
1.100000000000000089e+00 -9.843859065555527962e-03
1.150000000000000133e+00 -1.036339112730136347e-02
1.200000000000000178e+00 -1.079047045901777857e-02
1.250000000000000000e+00 -1.112554067021302370e-02
1.300000000000000044e+00 -1.136782974463200306e-02
1.350000000000000089e+00 -1.151564681023553062e-02
1.400000000000000133e+00 -1.157415127915697659e-02
1.450000000000000178e+00 -1.154504909514535681e-02
1.500000000000000000e+00 -1.143170619925341566e-02
1.550000000000000044e+00 -1.124203493791656183e-02
1.600000000000000089e+00 -1.097994016629608161e-02
1.650000000000000133e+00 -1.065068823226830025e-02
1.700000000000000178e+00 -1.026234883241698356e-02
1.750000000000000000e+00 -9.821800042827847493e-03
1.800000000000000044e+00 -9.337109400875226797e-03
1.850000000000000089e+00 -8.813251347076517944e-03
1.900000000000000133e+00 -8.258722899685351851e-03
1.950000000000000178e+00 -7.681604104430269850e-03
2.000000000000000000e+00 -7.085666433800930086e-03
2.050000000000000266e+00 -6.482348304299629521e-03
2.100000000000000089e+00 -5.872685218245618510e-03
2.149999999999999911e+00 -5.266988070809285744e-03
2.200000000000000178e+00 -4.665167684156677069e-03
2.250000000000000000e+00 -4.078816017027299574e-03
2.300000000000000266e+00 -3.508138514128292945e-03
2.350000000000000089e+00 -2.954803675373162981e-03
2.400000000000000355e+00 -2.430347526066907720e-03
2.450000000000000178e+00 -1.929392976932151321e-03
2.500000000000000000e+00 -1.458289769258008187e-03
2.550000000000000266e+00 -1.017868632562526346e-03
2.600000000000000089e+00 -6.100744835120791706e-04
2.650000000000000355e+00 -2.358188853631003226e-04
2.700000000000000178e+00 1.059079661815363758e-04
2.750000000000000000e+00 4.122527458065171802e-04
2.800000000000000266e+00 6.859821395113972460e-04
2.850000000000000089e+00 9.266311135132167557e-04
2.900000000000000355e+00 1.135228099619799017e-03
2.950000000000000178e+00 1.313033813094376459e-03
3.000000000000000000e+00 1.461839732597169927e-03
3.050000000000000266e+00 1.582738012376963804e-03
3.100000000000000089e+00 1.677852419005479044e-03
3.150000000000000355e+00 1.749161163373219629e-03
3.200000000000000178e+00 1.797736699201385674e-03
3.250000000000000000e+00 1.828153584040486659e-03
3.300000000000000266e+00 1.839018537766263150e-03
3.350000000000000089e+00 1.834870382861565532e-03
3.400000000000000355e+00 1.816672917306151689e-03
3.450000000000000178e+00 1.786552209472218279e-03
3.500000000000000000e+00 1.746454033545203222e-03
3.550000000000000266e+00 1.697405095305887885e-03
3.600000000000000089e+00 1.642325780763113701e-03
3.650000000000000355e+00 1.581251146338360581e-03
3.700000000000000178e+00 1.516315712146421761e-03
3.750000000000000000e+00 1.448478880023415256e-03
3.800000000000000266e+00 1.378787522748935093e-03
3.850000000000000089e+00 1.308111858219275633e-03
3.900000000000000355e+00 1.237330572619056365e-03
3.950000000000000178e+00 1.167032575483553745e-03
4.000000000000000000e+00 1.097750725194933386e-03
4.049999999999999822e+00 1.030077896009491331e-03
4.100000000000000533e+00 9.640993799302090923e-04
4.150000000000000355e+00 9.005830279369472910e-04
4.200000000000000178e+00 8.390828678729233756e-04
4.250000000000000000e+00 7.803786855474662085e-04
4.299999999999999822e+00 7.242034963263028428e-04
4.350000000000000533e+00 6.708005227210002072e-04
4.400000000000000355e+00 6.201072306801781427e-04
4.450000000000000178e+00 5.721794487186488516e-04
4.500000000000000000e+00 5.270008432015011509e-04
4.549999999999999822e+00 4.844268681375639386e-04
4.600000000000000533e+00 4.448015672395638450e-04
4.650000000000000355e+00 4.066479593521277387e-04
4.700000000000000178e+00 3.736730630456094079e-04
4.750000000000000000e+00 3.393447767021791849e-04
4.800000000000000711e+00 3.103710377514748387e-04
4.850000000000000533e+00 2.821797949106788083e-04
4.900000000000000355e+00 2.564845997568099365e-04
4.950000000000000178e+00 2.329138932327240712e-04
5.000000000000000000e+00 2.103558711941122810e-04
5.050000000000000711e+00 1.914137427682620492e-04
5.100000000000000533e+00 1.722758180647898456e-04
5.150000000000000355e+00 1.556373845022106163e-04
5.200000000000000178e+00 1.400634906285234624e-04
5.250000000000000000e+00 1.263807240202271468e-04
5.300000000000000711e+00 1.126915950814558551e-04
5.350000000000000533e+00 1.019027637486285642e-04
5.400000000000000355e+00 9.100821616640497331e-05
5.450000000000000178e+00 8.094230688957184544e-05
5.500000000000000000e+00 7.213508443247434456e-05
5.550000000000000711e+00 6.476157805123938782e-05
5.600000000000000533e+00 5.706647310386232553e-05
5.650000000000000355e+00 5.071730112202513761e-05
5.700000000000000178e+00 4.481059183116724385e-05
5.750000000000000000e+00 3.956169755633917086e-05
5.800000000000000711e+00 3.484864720522153341e-05
5.850000000000000533e+00 3.067927023646494861e-05
5.900000000000000355e+00 2.704984165448611421e-05
5.950000000000000178e+00 2.342929755466011617e-05
6.000000000000000000e+00 2.094313075086764826e-05
6.050000000000000711e+00 1.824333002916114280e-05
6.100000000000000533e+00 1.610916050504725264e-05
6.150000000000000355e+00 1.420428557902780723e-05
6.200000000000000178e+00 1.257502195113157513e-05
6.250000000000000000e+00 1.116797220602033792e-05
6.300000000000000711e+00 9.952695219279681106e-06
6.350000000000000533e+00 8.913827236122644665e-06
6.400000000000000355e+00 7.966641444296170235e-06
6.450000000000000178e+00 7.302646137076984433e-06
6.500000000000000000e+00 6.231002975514262954e-06
6.550000000000000711e+00 6.167811712664106628e-06
6.600000000000000533e+00 5.107493336685275259e-06
6.650000000000000355e+00 4.801406390319040875e-06
6.700000000000000178e+00 4.255832021184349930e-06
6.750000000000000000e+00 3.820022826379825096e-06
6.800000000000000711e+00 3.397545006505528820e-06
6.850000000000000533e+00 3.009520009703393733e-06
6.900000000000000355e+00 2.663977999155840248e-06
6.950000000000000178e+00 2.311982189651001710e-06
7.000000000000000000e+00 2.441020539193910908e-06
7.050000000000000711e+00 2.209033389843461684e-06
7.100000000000000533e+00 1.999075154061451315e-06
7.150000000000000355e+00 1.809041926056644273e-06
7.200000000000000178e+00 1.637043335759385923e-06
7.250000000000000000e+00 1.481361444581324874e-06
7.300000000000000711e+00 1.340476799630263589e-06
7.350000000000000533e+00 1.212969320837593569e-06
7.400000000000000355e+00 1.097565488025856572e-06
7.450000000000000178e+00 9.931330602143426757e-07
7.500000000000000000e+00 8.986253760958095930e-07
7.550000000000000711e+00 8.130977702890758862e-07
7.600000000000000533e+00 7.356954968406408896e-07
7.650000000000000355e+00 6.656554165771399681e-07
