0.000000000000000000e+00 1.038238142399736628e-02
5.000000000000000278e-02 1.232988877213638326e-02
1.000000000000000056e-01 1.202061594208773086e-02
1.500000000000000222e-01 1.147719697919137236e-02
2.000000000000000111e-01 1.073254221060258341e-02
2.500000000000000000e-01 9.796284927785642305e-03
3.000000000000000444e-01 8.685354429614813507e-03
3.500000000000000333e-01 7.420088317378932194e-03
4.000000000000000222e-01 6.006343148632168130e-03
4.500000000000000111e-01 4.484738890706691829e-03
5.000000000000000000e-01 2.863702798476761794e-03
5.500000000000000444e-01 1.173757953266147758e-03
6.000000000000000888e-01 -5.624772389182158610e-04
6.500000000000000222e-01 -2.315662643961357778e-03
7.000000000000000666e-01 -4.064050854212792122e-03
7.500000000000000000e-01 -5.785073853119271359e-03
8.000000000000000444e-01 -7.453751815657318376e-03
8.500000000000000888e-01 -9.050819485261065583e-03
9.000000000000000222e-01 -1.055009825106373832e-02
9.500000000000000666e-01 -1.194338088718592365e-02
1.000000000000000000e+00 -1.320863122914253673e-02
1.050000000000000044e+00 -1.433580259426901760e-02
1.100000000000000089e+00 -1.531881864822136688e-02
1.150000000000000133e+00 -1.614209919882233710e-02
1.200000000000000178e+00 -1.680579861718179552e-02
1.250000000000000000e+00 -1.730953789709962706e-02
1.300000000000000044e+00 -1.765195795512350743e-02
1.350000000000000089e+00 -1.783193140837341373e-02
1.400000000000000133e+00 -1.785792760950224295e-02
1.450000000000000178e+00 -1.773690204809604334e-02
1.500000000000000000e+00 -1.747679794248144583e-02
1.550000000000000044e+00 -1.708740119659801424e-02
1.600000000000000089e+00 -1.658023614174619631e-02
1.650000000000000133e+00 -1.596671764392540091e-02
1.700000000000000178e+00 -1.525833562354877819e-02
1.750000000000000000e+00 -1.447164932147941736e-02
1.800000000000000044e+00 -1.361844633150005070e-02
1.850000000000000089e+00 -1.270991427296591647e-02
1.900000000000000133e+00 -1.176182924087346843e-02
1.950000000000000178e+00 -1.078491253891150463e-02
2.000000000000000000e+00 -9.793113162996172974e-03
2.050000000000000266e+00 -8.797438032943685413e-03
2.100000000000000089e+00 -7.806448386918265342e-03
2.149999999999999911e+00 -6.831333093690204229e-03
2.200000000000000178e+00 -5.880720859787297652e-03
2.250000000000000000e+00 -4.961773550642463101e-03
2.300000000000000266e+00 -4.081103923278458882e-03
2.350000000000000089e+00 -3.242754722840849712e-03
2.400000000000000355e+00 -2.455399603882227246e-03
2.450000000000000178e+00 -1.718357528787673805e-03
2.500000000000000000e+00 -1.036232266025751119e-03
2.550000000000000266e+00 -4.099303224961394669e-04
2.600000000000000089e+00 1.577813161257842270e-04
2.650000000000000355e+00 6.697189360598152993e-04
2.700000000000000178e+00 1.123792226266386463e-03
2.750000000000000000e+00 1.522028630096508746e-03
2.800000000000000266e+00 1.867255524336644806e-03
2.850000000000000089e+00 2.160051505450667937e-03
2.900000000000000355e+00 2.402184154553072080e-03
2.950000000000000178e+00 2.599866399747881220e-03
3.000000000000000000e+00 2.752057416060487306e-03
3.050000000000000266e+00 2.865005584879745659e-03
3.100000000000000089e+00 2.940323721016698064e-03
3.150000000000000355e+00 2.982509105620690520e-03
3.200000000000000178e+00 2.993189595137687661e-03
3.250000000000000000e+00 2.979741642892965586e-03
3.300000000000000266e+00 2.940190115592528249e-03
3.350000000000000089e+00 2.881672948916476698e-03
3.400000000000000355e+00 2.805512900374599120e-03
3.450000000000000178e+00 2.715153836293514571e-03
3.500000000000000000e+00 2.613290028504247891e-03
3.550000000000000266e+00 2.501928911778419744e-03
3.600000000000000089e+00 2.384385213277593653e-03
3.650000000000000355e+00 2.261670040657180226e-03
3.700000000000000178e+00 2.136383160599384431e-03
3.750000000000000000e+00 2.009618775482791605e-03
3.800000000000000266e+00 1.884243410937949323e-03
3.850000000000000089e+00 1.758064296248079824e-03
3.900000000000000355e+00 1.636857897506735406e-03
3.950000000000000178e+00 1.518017517676838440e-03
4.000000000000000000e+00 1.403251978959914542e-03
4.049999999999999822e+00 1.294544078143967112e-03
4.100000000000000533e+00 1.187762394526246934e-03
4.150000000000000355e+00 1.090681886202332683e-03
4.200000000000000178e+00 9.959608848915874665e-04
4.250000000000000000e+00 9.083238349970641648e-04
4.299999999999999822e+00 8.263096426314256188e-04
4.350000000000000533e+00 7.488459831594312987e-04
4.400000000000000355e+00 6.793240245633459622e-04
4.450000000000000178e+00 6.129584090058048463e-04
4.500000000000000000e+00 5.524169430052153825e-04
4.549999999999999822e+00 4.983971930256033463e-04
4.600000000000000533e+00 4.455472794589074260e-04
4.650000000000000355e+00 4.001379334609508507e-04
4.700000000000000178e+00 3.589879533480043916e-04
4.750000000000000000e+00 3.196126238935028752e-04
4.800000000000000711e+00 2.858979304363801406e-04
4.850000000000000533e+00 2.545818351298602118e-04
4.900000000000000355e+00 2.266977247460270418e-04
4.950000000000000178e+00 2.015973080287481530e-04
5.000000000000000000e+00 1.791377076219615718e-04
5.050000000000000711e+00 1.590590484557592309e-04
5.100000000000000533e+00 1.411357835143321597e-04
5.150000000000000355e+00 1.252035577015734268e-04
5.200000000000000178e+00 1.108873453946896531e-04
5.250000000000000000e+00 9.867174997829418037e-05
5.300000000000000711e+00 8.631844636560426448e-05
5.350000000000000533e+00 7.814436724548523192e-05
5.400000000000000355e+00 6.787310780651614761e-05
5.450000000000000178e+00 6.050483135239536774e-05
5.500000000000000000e+00 5.351000244481926392e-05
5.550000000000000711e+00 4.734348130221943077e-05
5.600000000000000533e+00 4.186349356915942916e-05
5.650000000000000355e+00 3.700802057297589468e-05
5.700000000000000178e+00 3.270776882372606790e-05
5.750000000000000000e+00 2.889661538011157956e-05
5.800000000000000711e+00 2.555035380704905848e-05
5.850000000000000533e+00 2.252048754458934045e-05
5.900000000000000355e+00 2.008106823713082654e-05
5.950000000000000178e+00 1.758547484300901405e-05
6.000000000000000000e+00 1.549853325281413827e-05
6.050000000000000711e+00 1.393916120990593190e-05
6.100000000000000533e+00 1.253654043631418473e-05
6.150000000000000355e+00 1.127454899592614685e-05
6.200000000000000178e+00 1.013936392157185371e-05
6.250000000000000000e+00 9.118396939905764337e-06
6.300000000000000711e+00 8.199893054885509043e-06
6.350000000000000533e+00 7.373738828198729224e-06
6.400000000000000355e+00 6.630776287058556405e-06
6.450000000000000178e+00 5.962439687344686025e-06
6.500000000000000000e+00 5.361349036538984242e-06
6.550000000000000711e+00 4.820837242272765641e-06
