0.000000000000000000e+00 -1.630539145393638815e-05
5.000000000000000278e-02 2.138927343928271544e-04
1.000000000000000056e-01 9.016415209162942672e-04
1.500000000000000222e-01 2.038444556475943383e-03
2.000000000000000111e-01 3.610275016128212510e-03
2.500000000000000000e-01 5.597774097356502006e-03
3.000000000000000444e-01 7.976524165496066965e-03
3.500000000000000333e-01 1.071739205357807520e-02
4.000000000000000222e-01 1.378693681324566489e-02
4.500000000000000111e-01 1.714787517566744579e-02
5.000000000000000000e-01 2.075959707342137431e-02
5.500000000000000444e-01 2.457872281269645950e-02
6.000000000000000888e-01 2.855969288322071989e-02
6.500000000000000222e-01 3.265538096096012866e-02
7.000000000000000666e-01 3.681772040207863944e-02
7.500000000000000000e-01 4.099833444840630253e-02
8.000000000000000444e-01 4.514916046348058098e-02
8.500000000000000888e-01 4.922305878920420902e-02
9.000000000000000222e-01 5.317439724791687278e-02
9.500000000000000666e-01 5.695960290157740108e-02
1.000000000000000000e+00 6.053767340426992327e-02
1.050000000000000044e+00 6.387064112931095661e-02
1.100000000000000089e+00 6.692398419868457460e-02
1.150000000000000133e+00 6.966697956959010118e-02
1.200000000000000178e+00 7.207299441864342682e-02
1.250000000000000000e+00 7.411971318622398441e-02
1.300000000000000044e+00 7.578929877898868406e-02
1.350000000000000089e+00 7.706848755549082497e-02
1.400000000000000133e+00 7.794861881681400262e-02
1.450000000000000178e+00 7.842560057116743089e-02
1.500000000000000000e+00 7.849981432019718930e-02
1.550000000000000044e+00 7.817596250912012268e-02
1.600000000000000089e+00 7.746286307878805233e-02
1.650000000000000133e+00 7.637319624409356911e-02
1.700000000000000178e+00 7.492320919109013433e-02
1.750000000000000000e+00 7.313238482894578174e-02
1.800000000000000044e+00 7.102308104930503407e-02
1.850000000000000089e+00 6.862014713444079816e-02
1.900000000000000133e+00 6.595052401901234373e-02
1.950000000000000178e+00 6.304283505302253621e-02
2.000000000000000000e+00 5.992697374262683646e-02
2.050000000000000266e+00 5.663369466970022414e-02
2.100000000000000089e+00 5.319421342110849243e-02
2.149999999999999911e+00 4.963982090638344863e-02
2.200000000000000178e+00 4.600151692095724720e-02
2.250000000000000000e+00 4.230966723490843517e-02
2.300000000000000266e+00 3.859368786833979742e-02
2.350000000000000089e+00 3.488175956808384215e-02
2.400000000000000355e+00 3.120057484019003041e-02
2.450000000000000178e+00 2.757511923181100652e-02
2.500000000000000000e+00 2.402848790707894436e-02
2.550000000000000266e+00 2.058173793574968533e-02
2.600000000000000089e+00 1.725377612097226537e-02
2.650000000000000355e+00 1.406128164236937483e-02
2.700000000000000178e+00 1.101866229009575149e-02
2.750000000000000000e+00 8.138042620575170957e-03
2.800000000000000266e+00 5.429281979589629242e-03
2.850000000000000089e+00 2.900020016165153532e-03
2.900000000000000355e+00 5.557470526800846770e-04
2.950000000000000178e+00 -1.600103517170480124e-03
3.000000000000000000e+00 -3.566043761748355877e-03
3.050000000000000266e+00 -5.342403705657715329e-03
3.100000000000000089e+00 -6.931190827387649980e-03
3.150000000000000355e+00 -8.335939563414154416e-03
3.200000000000000178e+00 -9.561553734308976885e-03
3.250000000000000000e+00 -1.061414467867353474e-02
3.300000000000000266e+00 -1.150086771462734830e-02
3.350000000000000089e+00 -1.222975935226624372e-02
3.400000000000000355e+00 -1.280957746017004177e-02
3.450000000000000178e+00 -1.324964635081991686e-02
3.500000000000000000e+00 -1.355970849962935196e-02
3.550000000000000266e+00 -1.374978435584574971e-02
3.600000000000000089e+00 -1.383004144609929070e-02
3.650000000000000355e+00 -1.381067371765075207e-02
3.700000000000000178e+00 -1.370179182268784109e-02
3.750000000000000000e+00 -1.351332481104318764e-02
3.800000000000000266e+00 -1.325493347957291436e-02
3.850000000000000089e+00 -1.293593542466289076e-02
3.900000000000000355e+00 -1.256524166185297997e-02
3.950000000000000178e+00 -1.215130451474779119e-02
4.000000000000000000e+00 -1.170207633503467584e-02
4.049999999999999822e+00 -1.122497849687370541e-02
4.100000000000000533e+00 -1.072688001201750618e-02
4.150000000000000355e+00 -1.021408503621528720e-02
4.200000000000000178e+00 -9.692328481856204297e-03
4.250000000000000000e+00 -9.166778915219640084e-03
4.299999999999999822e+00 -8.642047897691740310e-03
4.350000000000000533e+00 -8.122204927267801661e-03
4.400000000000000355e+00 -7.610797147846271558e-03
4.450000000000000178e+00 -7.110873017415092132e-03
4.500000000000000000e+00 -6.625009160386482153e-03
4.549999999999999822e+00 -6.155339672212082128e-03
4.600000000000000533e+00 -5.703587194219192358e-03
4.650000000000000355e+00 -5.271095131637237516e-03
4.700000000000000178e+00 -4.858860446426212405e-03
4.750000000000000000e+00 -4.467566517295446134e-03
4.800000000000000711e+00 -4.097615620869309722e-03
4.850000000000000533e+00 -3.749160649129337601e-03
4.900000000000000355e+00 -3.422135738003961088e-03
4.950000000000000178e+00 -3.116285539414280492e-03
5.000000000000000000e+00 -2.831192923496229311e-03
5.050000000000000711e+00 -2.566304948537446225e-03
5.100000000000000533e+00 -2.320956982965017863e-03
5.150000000000000355e+00 -2.094394906203193938e-03
5.200000000000000178e+00 -1.885795353216514420e-03
5.250000000000000000e+00 -1.694284000998024691e-03
5.300000000000000711e+00 -1.518951924185707068e-03
5.350000000000000533e+00 -1.358870071505101839e-03
5.400000000000000355e+00 -1.213101935021849726e-03
5.450000000000000178e+00 -1.080714500480681618e-03
5.500000000000000000e+00 -9.607875795838122061e-04
5.550000000000000711e+00 -8.524216342306891424e-04
5.600000000000000533e+00 -7.547442088311748015e-04
5.650000000000000355e+00 -6.669150901543509109e-04
5.700000000000000178e+00 -5.881303151268820221e-04
5.750000000000000000e+00 -5.176251458847827341e-04
5.800000000000000711e+00 -4.546761285353949963e-04
5.850000000000000533e+00 -3.986023478123875774e-04
5.900000000000000355e+00 -3.487659843945046709e-04
5.950000000000000178e+00 -3.045722753762824023e-04
6.000000000000000000e+00 -2.654689714676447586e-04
6.050000000000000711e+00 -2.309453771764463040e-04
6.100000000000000533e+00 -2.005310526840910256e-04
6.150000000000000355e+00 -1.737942485242505327e-04
6.200000000000000178e+00 -1.503401366583812806e-04
6.250000000000000000e+00 -1.298088942251690114e-04
6.300000000000000711e+00 -1.118736892180684450e-04
6.350000000000000533e+00 -9.623861068859406343e-05
6.400000000000000355e+00 -8.263657983752339996e-05
6.450000000000000178e+00 -7.082727257920390970e-05
6.500000000000000000e+00 -6.059507886864042410e-05
6.550000000000000711e+00 -5.174711927712342030e-05
6.600000000000000533e+00 -4.411133498910368148e-05
6.650000000000000355e+00 -3.753466356150101090e-05
6.700000000000000178e+00 -3.188130941922221357e-05
6.750000000000000000e+00 -2.703111513563426484e-05
6.800000000000000711e+00 -2.287803703631940876e-05
6.850000000000000533e+00 -1.932872653979239078e-05
6.900000000000000355e+00 -1.630121687763011460e-05
6.950000000000000178e+00 -1.372371338650614756e-05
7.000000000000000000e+00 -1.153348440305392640e-05
7.050000000000000711e+00 -9.675848887320061308e-06
7.100000000000000533e+00 -8.103256220650606001e-06
7.150000000000000355e+00 -6.774453139782627580e-06
7.200000000000000178e+00 -5.653732452872518638e-06
7.250000000000000000e+00 -4.710258009576316205e-06
7.300000000000000711e+00 -3.917460342443861892e-06
7.350000000000000533e+00 -3.252497439637363826e-06
7.400000000000000355e+00 -2.695775230151851644e-06
7.450000000000000178e+00 -2.230522545236501775e-06
7.500000000000000000e+00 -1.842415549168538914e-06
7.550000000000000711e+00 -1.519246895493502744e-06
7.600000000000000533e+00 -1.250635150976045134e-06
7.650000000000000355e+00 -1.027770328858841933e-06
7.700000000000000178e+00 -8.431916786285283253e-07
7.750000000000000000e+00 -6.905941842626725159e-07
7.800000000000000711e+00 -5.646605224618821058e-07
7.850000000000000533e+00 -4.609155224177546735e-07
7.900000000000000355e+00 -3.756004461537199941e-07
7.950000000000000178e+00 -3.055646715192347911e-07
8.000000000000000000e+00 -2.481726068296629038e-07
8.050000000000000711e+00 -2.012238960956683173e-07
8.099999999999999645e+00 -1.628851865709197466e-07
8.150000000000000355e+00 -1.316319255554094194e-07
8.200000000000001066e+00 -1.061988319344774318e-07
8.250000000000000000e+00 -8.553784977981830495e-08
8.300000000000000711e+00 -6.878253758066227692e-08
8.349999999999999645e+00 -5.521797815350949309e-08
8.400000000000000355e+00 -4.425541178061061229e-08
8.450000000000001066e+00 -3.541089975353454827e-08
8.500000000000000000e+00 -2.828741838360463322e-08
8.550000000000000711e+00 -2.255986535874860703e-08
8.599999999999999645e+00 -1.796253252577874132e-08
8.650000000000000355e+00 -1.427866223806837201e-08
8.700000000000001066e+00 -1.133175963443519766e-08
8.750000000000000000e+00 -8.978381137312873464e-09
8.800000000000000711e+00 -7.102161116406780600e-09
8.849999999999999645e+00 -5.608874598993478056e-09
8.900000000000000355e+00 -4.422364920697605267e-09
8.950000000000001066e+00 -3.481191766621181310e-09
9.000000000000000000e+00 -2.735877919544316649e-09
9.050000000000000711e+00 -2.146652414744963601e-09
9.099999999999999645e+00 -1.681604365526006808e-09
9.150000000000000355e+00 -1.315175843830970456e-09
9.200000000000001066e+00 -1.026933974104011107e-09
9.250000000000000000e+00 -8.005725721855404559e-10
9.300000000000000711e+00 -6.231019996072994841e-10
9.349999999999999645e+00 -4.841930965194742207e-10
9.400000000000000355e+00 -3.756468809198025575e-10
9.450000000000001066e+00 -2.909668121264410959e-10
9.500000000000000000e+00 -2.250143957075049399e-10
9.550000000000000711e+00 -1.737324862326375981e-10
9.600000000000001421e+00 -1.339233551484109547e-10
9.650000000000000355e+00 -1.030710845373315804e-10
9.700000000000001066e+00 -7.919964861104424986e-11
9.750000000000000000e+00 -6.075978074991694898e-11
9.800000000000000711e+00 -4.653892195702909780e-11
9.850000000000001421e+00 -3.558969158904676483e-11
9.900000000000000355e+00 -2.717318450657609365e-11
9.950000000000001066e+00 -2.071408894643966484e-11
1.000000000000000000e+01 -1.576524503460597257e-11
1.005000000000000071e+01 -1.197969582135817736e-11
1.010000000000000142e+01 -9.088696774403697283e-12
1.015000000000000036e+01 -6.884440402672339371e-12
1.020000000000000107e+01 -5.206520953591764891e-12
1.025000000000000000e+01 -3.931324283066830021e-12
1.030000000000000071e+01 -2.963759729786994904e-12
1.035000000000000142e+01 -2.230801193829163193e-12
1.040000000000000036e+01 -1.676456309123968150e-12
1.045000000000000107e+01 -1.257878139510009734e-12
1.050000000000000000e+01 -9.423224227835594046e-13
1.055000000000000071e+01 -7.048168837446441854e-13
1.060000000000000142e+01 -5.263423119641155829e-13
1.065000000000000036e+01 -3.924429432928151700e-13
1.070000000000000107e+01 -2.921481096098249248e-13
1.075000000000000000e+01 -2.171423922893351668e-13
1.080000000000000071e+01 -1.611414753581814244e-13
1.085000000000000142e+01 -1.193944284824464226e-13
1.090000000000000036e+01 -8.832397936955887297e-14
1.095000000000000107e+01 -6.523750847038718278e-14
1.100000000000000000e+01 -4.811005211516594210e-14
1.105000000000000071e+01 -3.542349221899735903e-14
1.110000000000000142e+01 -2.604209716537032188e-14
1.115000000000000036e+01 -1.911501510928007098e-14
1.120000000000000107e+01 -1.400846472553487726e-14
1.125000000000000000e+01 -1.024893997748059802e-14
1.130000000000000071e+01 -7.488074925118731566e-15
1.135000000000000142e+01 -5.462148187086766013e-15
1.140000000000000036e+01 -3.979445947526895371e-15
1.145000000000000107e+01 -2.892810078206364741e-15
1.150000000000000000e+01 -2.101083596581139904e-15
1.155000000000000071e+01 -1.522617364972349991e-15
1.160000000000000142e+01 -1.101464169055607075e-15
1.165000000000000036e+01 -7.954803146870847171e-16
1.170000000000000107e+01 -5.739828976751785759e-16
1.175000000000000000e+01 -4.135330597484190713e-16
1.180000000000000071e+01 -2.978615995898075447e-16
1.185000000000000142e+01 -2.139580896713265801e-16
1.190000000000000036e+01 -1.535733739979527705e-16
1.195000000000000107e+01 -1.101991324345045195e-16
1.200000000000000000e+01 -7.891732491552898077e-17
1.205000000000000071e+01 -5.625705300751396093e-17
1.210000000000000142e+01 -4.002238551005166632e-17
1.215000000000000036e+01 -2.899351387815457059e-17
1.220000000000000107e+01 -2.160437673686055152e-17
1.225000000000000000e+01 -1.485940543464981282e-17
1.230000000000000071e+01 -9.430380604393573351e-18
1.235000000000000142e+01 -6.355903741873821629e-18
1.240000000000000036e+01 -4.683256197132830650e-18
1.245000000000000107e+01 -3.777436264054252716e-18
1.250000000000000000e+01 -1.531714523195452619e-18
1.255000000000000071e+01 -2.292555908390441601e-18
1.260000000000000142e+01 -1.419437704394092157e-18
1.265000000000000036e+01 -4.284314055141473283e-19
1.270000000000000107e+01 -1.322044750214515362e-18
1.275000000000000000e+01 1.931999036893274407e-19
1.280000000000000071e+01 -1.714418916646170964e-18
1.285000000000000142e+01 -3.205023913750986878e-19
1.290000000000000036e+01 1.388409284031279641e-19
1.295000000000000107e+01 -4.310471936988597353e-19
1.300000000000000000e+01 4.095158237532158399e-19
1.305000000000000071e+01 1.975402158178199130e-18
1.310000000000000142e+01 -3.933774446645931495e-19
1.315000000000000036e+01 2.619349991944819049e-19
1.320000000000000107e+01 -5.096037899668959322e-21
1.325000000000000000e+01 1.446760756444751194e-19
1.330000000000000071e+01 5.952323418777861407e-19
1.335000000000000142e+01 6.966648200778913181e-19
1.340000000000000036e+01 4.517284433991303099e-19
1.345000000000000107e+01 5.420768619183421778e-20
1.350000000000000000e+01 -5.293089346094149029e-19
1.355000000000000071e+01 -1.021558530706864926e-18
1.360000000000000142e+01 -6.918482793642972648e-19
1.365000000000000036e+01 -2.604717715471564531e-19
1.370000000000000107e+01 -1.007992943744649870e-20
1.375000000000000000e+01 -7.129564587401240393e-19
1.380000000000000071e+01 -2.331027959012829394e-19
1.385000000000000142e+01 1.481176361372686409e-19
1.390000000000000036e+01 -1.222052501278018715e-19
1.395000000000000107e+01 6.349078818340886401e-19
1.400000000000000000e+01 -5.291157497614279854e-19
1.405000000000000071e+01 1.123099733150969810e-19
1.410000000000000142e+01 8.342306513202490895e-20
1.415000000000000036e+01 -1.147421071034910676e-18
1.420000000000000107e+01 3.110140091933542940e-19
1.425000000000000000e+01 8.758823582993605504e-21
1.430000000000000071e+01 -5.866798613499422727e-19
1.435000000000000142e+01 -2.720010562279769540e-19
1.440000000000000036e+01 -1.649504568675016209e-19
1.445000000000000107e+01 1.735978432900640265e-19
1.450000000000000000e+01 3.968977979093884451e-19
1.455000000000000071e+01 -5.355243472564478869e-19
1.460000000000000142e+01 -9.949729176592129267e-19
1.465000000000000036e+01 -3.170597367163276305e-19
1.470000000000000107e+01 -4.584939138674223675e-19
1.475000000000000000e+01 1.153667331702530294e-18
1.480000000000000071e+01 -6.248936177731500822e-19
1.485000000000000142e+01 7.579320545254828912e-20
1.490000000000000036e+01 -3.937447960705256164e-19
1.495000000000000107e+01 2.597669980343884226e-19
