0.000000000000000000e+00 2.846473589260294437e-02
5.000000000000000278e-02 3.163474582149398973e-02
1.000000000000000056e-01 3.112092233340744626e-02
1.500000000000000222e-01 3.023054640644634930e-02
2.000000000000000111e-01 2.902092682665327952e-02
2.500000000000000000e-01 2.749844104713017670e-02
3.000000000000000444e-01 2.569370879168397098e-02
3.500000000000000333e-01 2.363640244702196538e-02
4.000000000000000222e-01 2.136077484424156112e-02
4.500000000000000111e-01 1.890465986099364171e-02
5.000000000000000000e-01 1.630662499676795510e-02
5.500000000000000444e-01 1.360741448390420660e-02
6.000000000000000888e-01 1.084735376149439413e-02
6.500000000000000222e-01 8.066097610342841742e-03
7.000000000000000666e-01 5.302625363736130672e-03
7.500000000000000000e-01 2.592317080573111349e-03
8.000000000000000444e-01 -3.107427969032100745e-05
8.500000000000000888e-01 -2.537004668089552252e-03
9.000000000000000222e-01 -4.898672088543627907e-03
9.500000000000000666e-01 -7.094250297552066181e-03
1.000000000000000000e+00 -9.104713658946838456e-03
1.050000000000000044e+00 -1.091416660704450266e-02
1.100000000000000089e+00 -1.251278584586334487e-02
1.150000000000000133e+00 -1.389242323981815935e-02
1.200000000000000178e+00 -1.504911843281869603e-02
1.250000000000000000e+00 -1.598251762589974340e-02
1.300000000000000044e+00 -1.669406235095494476e-02
1.350000000000000089e+00 -1.718809041760262224e-02
1.400000000000000133e+00 -1.747059907692351949e-02
1.450000000000000178e+00 -1.754952769349411856e-02
1.500000000000000000e+00 -1.743380098556062546e-02
1.550000000000000044e+00 -1.713390057720011114e-02
1.600000000000000089e+00 -1.666065442918922973e-02
1.650000000000000133e+00 -1.602521986297864715e-02
1.700000000000000178e+00 -1.524026236599720918e-02
1.750000000000000000e+00 -1.431774435972983477e-02
1.800000000000000044e+00 -1.327057366632673763e-02
1.850000000000000089e+00 -1.211193308166350763e-02
1.900000000000000133e+00 -1.085551797689554739e-02
1.950000000000000178e+00 -9.514585270899343639e-03
2.000000000000000000e+00 -8.104407040720093200e-03
2.050000000000000266e+00 -6.639175833962365943e-03
2.100000000000000089e+00 -5.134521455225408981e-03
2.149999999999999911e+00 -3.605419518031842581e-03
2.200000000000000178e+00 -2.068564906483175148e-03
2.250000000000000000e+00 -5.401254570752630785e-04
2.300000000000000266e+00 9.637241867923789862e-04
2.350000000000000089e+00 2.426325225806839816e-03
2.400000000000000355e+00 3.831646367109757707e-03
2.450000000000000178e+00 5.163791069552205182e-03
2.500000000000000000e+00 6.408785838209395298e-03
2.550000000000000266e+00 7.552391896801403416e-03
2.600000000000000089e+00 8.582089225657552750e-03
2.650000000000000355e+00 9.487182030752277714e-03
2.700000000000000178e+00 1.025913723412535776e-02
2.750000000000000000e+00 1.089063123294807534e-02
2.800000000000000266e+00 1.137708212569089883e-02
2.850000000000000089e+00 1.171647928431533182e-02
2.900000000000000355e+00 1.190871476189232434e-02
2.950000000000000178e+00 1.195622765618659794e-02
3.000000000000000000e+00 1.186400162269882208e-02
3.050000000000000266e+00 1.163896849672592555e-02
3.100000000000000089e+00 1.129056885360697066e-02
3.150000000000000355e+00 1.082925641134142164e-02
3.200000000000000178e+00 1.026756049372023680e-02
3.250000000000000000e+00 9.619165899900890618e-03
3.300000000000000266e+00 8.898716819699153263e-03
3.350000000000000089e+00 8.121087688808819802e-03
3.400000000000000355e+00 7.301460582063866792e-03
3.450000000000000178e+00 6.454991770686346539e-03
3.500000000000000000e+00 5.596087878552257443e-03
3.550000000000000266e+00 4.738819699315464061e-03
3.600000000000000089e+00 3.895723077669490005e-03
3.650000000000000355e+00 3.078636532477354356e-03
3.700000000000000178e+00 2.297550014456206831e-03
3.750000000000000000e+00 1.560790073299372048e-03
3.800000000000000266e+00 8.756193643139084746e-04
3.850000000000000089e+00 2.477712149670560746e-04
3.900000000000000355e+00 -3.194436866478991138e-04
3.950000000000000178e+00 -8.235106805385393209e-04
4.000000000000000000e+00 -1.263438972540220856e-03
4.049999999999999822e+00 -1.640059635542067676e-03
4.100000000000000533e+00 -1.954331836717153152e-03
4.150000000000000355e+00 -2.209239465859860231e-03
4.200000000000000178e+00 -2.408275885926132020e-03
4.250000000000000000e+00 -2.554943050117648370e-03
4.299999999999999822e+00 -2.653909235151144953e-03
4.350000000000000533e+00 -2.710186982958101478e-03
4.400000000000000355e+00 -2.728240918273698665e-03
4.450000000000000178e+00 -2.713264091565794397e-03
4.500000000000000000e+00 -2.669964407751163494e-03
4.549999999999999822e+00 -2.602907706324120943e-03
4.600000000000000533e+00 -2.516568566639211524e-03
4.650000000000000355e+00 -2.414920199735279185e-03
4.700000000000000178e+00 -2.301567540167501463e-03
4.750000000000000000e+00 -2.179919768884586856e-03
4.800000000000000711e+00 -2.052817151952217919e-03
4.850000000000000533e+00 -1.922779323100394207e-03
4.900000000000000355e+00 -1.792011717177199176e-03
4.950000000000000178e+00 -1.662311156275200980e-03
5.000000000000000000e+00 -1.535178999455729439e-03
5.050000000000000711e+00 -1.411814636935367247e-03
5.100000000000000533e+00 -1.293221238239893305e-03
5.150000000000000355e+00 -1.180114364305174038e-03
5.200000000000000178e+00 -1.073008583492196261e-03
5.250000000000000000e+00 -9.723035664480596729e-04
5.300000000000000711e+00 -8.781953216407562554e-04
5.350000000000000533e+00 -7.907676289271399137e-04
5.400000000000000355e+00 -7.100185883795596779e-04
5.450000000000000178e+00 -6.358319782333962016e-04
5.500000000000000000e+00 -5.680189056097255515e-04
5.550000000000000711e+00 -5.063499822393747020e-04
5.600000000000000533e+00 -4.505073560152659346e-04
5.650000000000000355e+00 -4.001671826167449062e-04
5.700000000000000178e+00 -3.549632784868457492e-04
5.750000000000000000e+00 -3.145073364420956485e-04
5.800000000000000711e+00 -2.784138200207841645e-04
5.850000000000000533e+00 -2.462839541804259964e-04
5.900000000000000355e+00 -2.177305994358708855e-04
5.950000000000000178e+00 -1.923841011284576925e-04
6.000000000000000000e+00 -1.698911829256654227e-04
6.050000000000000711e+00 -1.499245937510542467e-04
6.100000000000000533e+00 -1.321904804083536618e-04
6.150000000000000355e+00 -1.164196263468406426e-04
6.200000000000000178e+00 -1.023821636637279659e-04
6.250000000000000000e+00 -8.987944737512889725e-05
6.300000000000000711e+00 -7.873929863953797769e-05
6.350000000000000533e+00 -6.882170311373994359e-05
6.400000000000000355e+00 -6.001043679317552527e-05
6.450000000000000178e+00 -5.220643306078599712e-05
6.500000000000000000e+00 -4.532882395030813223e-05
6.550000000000000711e+00 -3.930757721827000923e-05
6.600000000000000533e+00 -3.407756234131972204e-05
6.650000000000000355e+00 -2.957867856137449600e-05
6.700000000000000178e+00 -2.575013195710728852e-05
6.750000000000000000e+00 -2.252926606208574466e-05
6.800000000000000711e+00 -1.985083838070950577e-05
6.850000000000000533e+00 -1.764594626422466618e-05
6.900000000000000355e+00 -1.584327446218085117e-05
6.950000000000000178e+00 -1.437057239235001086e-05
7.000000000000000000e+00 -1.315613417607331707e-05
7.050000000000000711e+00 -1.213131352247802890e-05
7.100000000000000533e+00 -1.123311014028929480e-05
7.150000000000000355e+00 -1.040600654282528558e-05
7.200000000000000178e+00 -9.604200572886485463e-06
7.250000000000000000e+00 -8.792933309214707329e-06
7.300000000000000711e+00 -7.949442220786910460e-06
7.350000000000000533e+00 -7.062905888298605305e-06
7.400000000000000355e+00 -6.133976006240809399e-06
7.450000000000000178e+00 -5.173524268726819534e-06
7.500000000000000000e+00 -4.200729272974644981e-06
7.550000000000000711e+00 -3.240820432487320035e-06
7.600000000000000533e+00 -2.322476329122208855e-06
7.650000000000000355e+00 -1.475129593047067881e-06
7.700000000000000178e+00 -7.263299220050983455e-07
7.750000000000000000e+00 -9.941478576196607169e-08
7.800000000000000711e+00 3.884557455120484591e-07
7.850000000000000533e+00 7.277001905501671550e-07
7.900000000000000355e+00 9.170934178428046870e-07
7.950000000000000178e+00 9.638990447638724387e-07
8.000000000000000000e+00 8.833573209438828627e-07
8.050000000000000711e+00 6.975741409098146075e-07
8.099999999999999645e+00 4.339483312956656105e-07
8.150000000000000355e+00 1.232081298147686338e-07
8.200000000000001066e+00 -2.027325598180493671e-07
8.250000000000000000e+00 -5.129705839133030224e-07
8.300000000000000711e+00 -7.796892783467683970e-07
8.349999999999999645e+00 -9.799744606507305590e-07
8.400000000000000355e+00 -1.097226205868685369e-06
8.450000000000001066e+00 -1.122101370636229862e-06
8.500000000000000000e+00 -1.052902742308515981e-06
8.550000000000000711e+00 -8.954236146011969215e-07
8.599999999999999645e+00 -6.622524928654727796e-07
8.650000000000000355e+00 -3.716194451737464026e-07
8.700000000000001066e+00 -4.586956624759884159e-08
8.750000000000000000e+00 2.903446418030004076e-07
8.800000000000000711e+00 6.119303049923167185e-07
8.849999999999999645e+00 8.952340574199451738e-07
8.900000000000000355e+00 1.119813298954477613e-06
8.950000000000001066e+00 1.269829146825724518e-06
9.000000000000000000e+00 1.335145787770311990e-06
9.050000000000000711e+00 1.311964439503445426e-06
9.099999999999999645e+00 1.202966586892455177e-06
9.150000000000000355e+00 1.017006243108690900e-06
9.200000000000001066e+00 7.683384448829131870e-07
9.250000000000000000e+00 4.754890874113078717e-07
9.300000000000000711e+00 1.598322468683588451e-07
9.349999999999999645e+00 -1.560241025636387195e-07
9.400000000000000355e+00 -4.498605408429763804e-07
9.450000000000001066e+00 -7.014672943088978000e-07
9.500000000000000000e+00 -8.940517683989064572e-07
9.550000000000000711e+00 -1.015364800852353428e-06
9.600000000000001421e+00 -1.058499639921188534e-06
9.650000000000000355e+00 -1.022275865320227319e-06
9.700000000000001066e+00 -9.112094534772437130e-07
9.750000000000000000e+00 -7.350734258421313929e-07
9.800000000000000711e+00 -5.080837113123056493e-07
9.850000000000001421e+00 -2.477996332597835500e-07
9.900000000000000355e+00 2.620855555542150029e-08
9.950000000000001066e+00 2.938015891200526703e-07
1.000000000000000000e+01 5.357248886923870503e-07
1.005000000000000071e+01 7.349680069107575016e-07
1.010000000000000142e+01 8.779449167973840886e-07
1.015000000000000036e+01 9.553846739804393460e-07
1.020000000000000107e+01 9.629174586747264739e-07
1.025000000000000000e+01 9.012853968406811736e-07
1.030000000000000071e+01 7.761876075817028599e-07
1.035000000000000142e+01 5.977744370716677092e-07
1.040000000000000036e+01 3.798254871566934929e-07
1.045000000000000107e+01 1.386983384313186769e-07
1.050000000000000000e+01 -1.078876881266473731e-07
1.055000000000000071e+01 -3.421676250890918386e-07
1.060000000000000142e+01 -5.475812828811930735e-07
1.065000000000000036e+01 -7.099451866125810916e-07
1.070000000000000107e+01 -8.184255907217282342e-07
1.075000000000000000e+01 -8.662403514931330618e-07
1.080000000000000071e+01 -8.510744795918383897e-07
1.085000000000000142e+01 -7.751613126288008993e-07
1.090000000000000036e+01 -6.450361805768357080e-07
1.095000000000000107e+01 -4.709929796813959894e-07
1.100000000000000000e+01 -2.662706083400467202e-07
1.105000000000000071e+01 -4.607005410154591517e-08
1.110000000000000142e+01 1.735810125727654672e-07
1.115000000000000036e+01 3.769865087381881826e-07
1.120000000000000107e+01 5.498864548784523743e-07
1.125000000000000000e+01 6.804548082737037207e-07
1.130000000000000071e+01 7.601017549636609603e-07
1.135000000000000142e+01 7.840193996172116194e-07
1.140000000000000036e+01 7.514660840801653430e-07
1.145000000000000107e+01 6.657410394532466300e-07
1.150000000000000000e+01 5.338806283318335366e-07
1.155000000000000071e+01 3.660894727103716539e-07
1.160000000000000142e+01 1.749584648912895847e-07
1.165000000000000036e+01 -2.547417859303621229e-08
1.170000000000000107e+01 -2.207466510864498395e-07
1.175000000000000000e+01 -3.970164955201739264e-07
1.180000000000000071e+01 -5.420268208771231003e-07
1.185000000000000142e+01 -6.459575985421960240e-07
1.190000000000000036e+01 -7.020815073096953210e-07
1.195000000000000107e+01 -7.071895833833858436e-07
1.200000000000000000e+01 -6.617609948549534700e-07
1.205000000000000071e+01 -5.698643087839386861e-07
1.210000000000000142e+01 -4.388090683432882167e-07
1.215000000000000036e+01 -2.785752852579504833e-07
1.220000000000000107e+01 -1.010494293117693904e-07
1.225000000000000000e+01 8.084274295201503974e-08
1.230000000000000071e+01 2.540770882439012124e-07
1.235000000000000142e+01 4.064566320135675750e-07
1.240000000000000036e+01 5.274698542656690756e-07
1.245000000000000107e+01 6.090005277365991405e-07
1.250000000000000000e+01 6.458744350192499289e-07
1.255000000000000071e+01 6.361757455581529362e-07
1.260000000000000142e+01 5.813295365902172586e-07
1.265000000000000036e+01 4.859478614099655911e-07
1.270000000000000107e+01 3.574508545646246871e-07
1.275000000000000000e+01 2.054948019476695612e-07
1.280000000000000071e+01 4.125229472096076074e-08
1.285000000000000142e+01 -1.234098475375146068e-07
1.290000000000000036e+01 -2.767772328849140460e-07
1.295000000000000107e+01 -4.081212799918520877e-07
1.300000000000000000e+01 -5.084441241273560058e-07
1.305000000000000071e+01 -5.710899116001286221e-07
1.310000000000000142e+01 -5.921809856551469230e-07
1.315000000000000036e+01 -5.708496997076500491e-07
1.320000000000000107e+01 -5.092525901279372418e-07
1.325000000000000000e+01 -4.123735453276414243e-07
1.330000000000000071e+01 -2.876224925715297812e-07
1.335000000000000142e+01 -1.442769647596396783e-07
1.340000000000000036e+01 7.205198632605943798e-09
1.345000000000000107e+01 1.559486999202267143e-07
1.350000000000000000e+01 2.914334159622443137e-07
1.355000000000000071e+01 4.042346718063503955e-07
1.360000000000000142e+01 4.866813029718920350e-07
1.365000000000000036e+01 5.333658128897921425e-07
1.370000000000000107e+01 5.414976726505440119e-07
1.375000000000000000e+01 5.110610219372640017e-07
1.380000000000000071e+01 4.447754823503968959e-07
1.385000000000000142e+01 3.478628906706984166e-07
1.390000000000000036e+01 2.276389545438770063e-07
1.395000000000000107e+01 9.296708493147678676e-08
1.400000000000000000e+01 -4.639300097142808404e-08
1.405000000000000071e+01 -1.804929684647759945e-07
1.410000000000000142e+01 -2.998957366106792256e-07
1.415000000000000036e+01 -3.963433555476673184e-07
1.420000000000000107e+01 -4.633231319779025265e-07
1.425000000000000000e+01 -4.965010249353843478e-07
1.430000000000000071e+01 -4.940000742229829125e-07
1.435000000000000142e+01 -4.564972263910643524e-07
1.440000000000000036e+01 -3.871395004474221229e-07
1.445000000000000107e+01 -2.912863537347409046e-07
1.450000000000000000e+01 -1.760978708788756665e-07
1.455000000000000071e+01 -5.000358103200753979e-08
1.460000000000000142e+01 7.790725228861789891e-08
1.465000000000000036e+01 1.985611736672268240e-07
1.470000000000000107e+01 3.034549707067536075e-07
1.475000000000000000e+01 3.855752151332701479e-07
1.480000000000000071e+01 4.386582613743827162e-07
1.485000000000000142e+01 4.621633638514252106e-07
1.490000000000000036e+01 4.442801326973687975e-07
1.495000000000000107e+01 4.262365865162990208e-07
1.500000000000000000e+01 -2.835271936605017673e-07
1.505000000000000071e+01 -2.214646395282219408e-07
1.510000000000000142e+01 -1.729873855166731632e-07
1.515000000000000036e+01 -1.351216084335892220e-07
1.520000000000000107e+01 -1.055440303750251327e-07
1.525000000000000000e+01 -8.244093471927062907e-08
1.530000000000000071e+01 -6.439496467233829507e-08
1.535000000000000142e+01 -5.029907822065685162e-08
1.540000000000000036e+01 -3.928882922685176543e-08
1.545000000000000107e+01 -3.068861803834305240e-08
1.550000000000000000e+01 -2.397091975674910569e-08
1.555000000000000071e+01 -1.872373152633950681e-08
1.560000000000000142e+01 -1.462513517876580750e-08
1.565000000000000036e+01 -1.142369365985130027e-08
1.570000000000000107e+01 -8.923065825426719103e-09
1.575000000000000000e+01 -6.969809444653354511e-09
1.580000000000000071e+01 -5.444109229398202337e-09
1.585000000000000142e+01 -4.252390870444790714e-09
1.590000000000000036e+01 -3.321538442662514654e-09
1.595000000000000107e+01 -2.594448567080748830e-09
1.600000000000000000e+01 -2.026518906164338324e-09
1.605000000000000071e+01 -1.582909578757405414e-09
1.610000000000000142e+01 -1.236406234977204922e-09
1.615000000000000213e+01 -9.657532494621780241e-10
1.619999999999999929e+01 -7.543446583792727444e-10
1.625000000000000000e+01 -5.892157859231214647e-10
1.630000000000000071e+01 -4.602339684900917302e-10
1.635000000000000142e+01 -3.594865913297371665e-10
1.640000000000000213e+01 -2.807939039066062928e-10
1.644999999999999929e+01 -2.193266521877596203e-10
