0.000000000000000000e+00 -2.099561515976018991e-02
5.000000000000000278e-02 -2.101323630680127300e-02
1.000000000000000056e-01 -2.106574211503609365e-02
1.500000000000000222e-01 -2.115206666231279550e-02
2.000000000000000111e-01 -2.127045649289927010e-02
2.500000000000000000e-01 -2.141850463620933315e-02
3.000000000000000444e-01 -2.159319704631265657e-02
3.500000000000000333e-01 -2.179097032005783419e-02
4.000000000000000222e-01 -2.200777928706542860e-02
4.500000000000000111e-01 -2.223917284341999853e-02
5.000000000000000000e-01 -2.248037622883525613e-02
5.500000000000000444e-01 -2.272637782881749627e-02
6.000000000000000888e-01 -2.297201852141357234e-02
6.500000000000000222e-01 -2.321208158301706070e-02
7.000000000000000666e-01 -2.344138121797462865e-02
7.500000000000000000e-01 -2.365484787906870986e-02
8.000000000000000444e-01 -2.384760869535473490e-02
8.500000000000000888e-01 -2.401506151384247625e-02
9.000000000000000222e-01 -2.415294128450955896e-02
9.500000000000000666e-01 -2.425737776566220735e-02
1.000000000000000000e+00 -2.432494378976191723e-02
1.050000000000000044e+00 -2.435269359943834436e-02
1.100000000000000089e+00 -2.433819103064864542e-02
1.150000000000000133e+00 -2.427952757650881158e-02
1.200000000000000178e+00 -2.417533060373968853e-02
1.250000000000000000e+00 -2.402476220755368416e-02
1.300000000000000044e+00 -2.382750937503709185e-02
1.350000000000000089e+00 -2.358376627794624147e-02
1.400000000000000133e+00 -2.329420963107389428e-02
1.450000000000000178e+00 -2.295996813116276195e-02
1.500000000000000000e+00 -2.258258703434255776e-02
1.550000000000000044e+00 -2.216398893911907669e-02
1.600000000000000089e+00 -2.170643182003166582e-02
1.650000000000000133e+00 -2.121246530810151978e-02
1.700000000000000178e+00 -2.068488614267869480e-02
1.750000000000000000e+00 -2.012669363024452776e-02
1.800000000000000044e+00 -1.954104584430954930e-02
1.850000000000000089e+00 -1.893121719187814203e-02
1.900000000000000133e+00 -1.830055786087310399e-02
1.950000000000000178e+00 -1.765245555381132411e-02
2.000000000000000000e+00 -1.699029980966702477e-02
2.050000000000000266e+00 -1.631744912130481118e-02
2.100000000000000089e+00 -1.563720097237290135e-02
2.149999999999999911e+00 -1.495276484656766526e-02
2.200000000000000178e+00 -1.426723820437061224e-02
2.250000000000000000e+00 -1.358358537763518052e-02
2.300000000000000266e+00 -1.290461930003157509e-02
2.350000000000000089e+00 -1.223298597007532913e-02
2.400000000000000355e+00 -1.157115153159452361e-02
2.450000000000000178e+00 -1.092139185209447909e-02
2.500000000000000000e+00 -1.028578448049399276e-02
2.550000000000000266e+00 -9.666202870084629820e-03
2.600000000000000089e+00 -9.064312758387220795e-03
2.650000000000000355e+00 -8.481570601166462872e-03
2.700000000000000178e+00 -7.919223961852368127e-03
2.750000000000000000e+00 -7.378313759009625175e-03
2.800000000000000266e+00 -6.859678272696339597e-03
2.850000000000000089e+00 -6.363958805359806910e-03
2.900000000000000355e+00 -5.891606884502533469e-03
2.950000000000000178e+00 -5.442892883216493387e-03
3.000000000000000000e+00 -5.017915921594826890e-03
3.050000000000000266e+00 -4.616614897947372495e-03
3.100000000000000089e+00 -4.238780484738762303e-03
3.150000000000000355e+00 -3.884067911334788178e-03
3.200000000000000178e+00 -3.552010345032926685e-03
3.250000000000000000e+00 -3.242032674393571529e-03
3.300000000000000266e+00 -2.953465495327819729e-03
3.350000000000000089e+00 -2.685559101259255444e-03
3.400000000000000355e+00 -2.437497284233336361e-03
3.450000000000000178e+00 -2.208410764108399878e-03
3.500000000000000000e+00 -1.997390077681118412e-03
3.550000000000000266e+00 -1.803497778295967864e-03
3.600000000000000089e+00 -1.625779818482816618e-03
3.650000000000000355e+00 -1.463276012625310419e-03
3.700000000000000178e+00 -1.315029502648552883e-03
3.750000000000000000e+00 -1.180095176244987934e-03
3.800000000000000266e+00 -1.057547013258531470e-03
3.850000000000000089e+00 -9.464843606061166224e-04
3.900000000000000355e+00 -8.460371587269755779e-04
3.950000000000000178e+00 -7.553701623514593160e-04
4.000000000000000000e+00 -6.736862148811381115e-04
4.049999999999999822e+00 -6.002286485648858924e-04
4.100000000000000533e+00 -5.342828918248524296e-04
4.150000000000000355e+00 -4.751773705968868043e-04
4.200000000000000178e+00 -4.222837926316700113e-04
4.250000000000000000e+00 -3.750169027235754587e-04
4.299999999999999822e+00 -3.328337932686814722e-04
4.350000000000000533e+00 -2.952328489475953091e-04
4.400000000000000355e+00 -2.617523972621300628e-04
4.450000000000000178e+00 -2.319691287054418403e-04
4.500000000000000000e+00 -2.054963420554899698e-04
4.549999999999999822e+00 -1.819820621312609585e-04
4.600000000000000533e+00 -1.611070697354043417e-04
4.650000000000000355e+00 -1.425828767214997990e-04
4.700000000000000178e+00 -1.261496733597809532e-04
4.750000000000000000e+00 -1.115742705166108473e-04
4.800000000000000711e+00 -9.864805559821610275e-05
4.850000000000000533e+00 -8.718497864127261790e-05
4.900000000000000355e+00 -7.701958319912861352e-05
4.950000000000000178e+00 -6.800509556390823759e-05
5.000000000000000000e+00 -6.001158514964642090e-05
5.050000000000000711e+00 -5.292420830608723340e-05
5.100000000000000533e+00 -4.664154722150986877e-05
5.150000000000000355e+00 -4.107405472580864911e-05
5.200000000000000178e+00 -3.614261458999524980e-05
5.250000000000000000e+00 -3.177722525947085022e-05
5.300000000000000711e+00 -2.791581283945139669e-05
5.350000000000000533e+00 -2.450317661294567560e-05
5.400000000000000355e+00 -2.149006750731645771e-05
5.450000000000000178e+00 -1.883239686845612678e-05
5.500000000000000000e+00 -1.649056981469882940e-05
5.550000000000000711e+00 -1.442893450205600586e-05
5.600000000000000533e+00 -1.261533601381434788e-05
5.650000000000000355e+00 -1.102076145088124475e-05
5.700000000000000178e+00 -9.619061276054951764e-06
5.750000000000000000e+00 -8.386731148596951989e-06
5.800000000000000711e+00 -7.302738422274612545e-06
5.850000000000000533e+00 -6.348378168384070644e-06
5.900000000000000355e+00 -5.507144974161082006e-06
5.950000000000000178e+00 -4.764608760404675597e-06
6.000000000000000000e+00 -4.108285326018172710e-06
6.050000000000000711e+00 -3.527495099210819947e-06
6.100000000000000533e+00 -3.013206476239733189e-06
6.150000000000000355e+00 -2.557862975504073702e-06
6.200000000000000178e+00 -2.155196052554276974e-06
6.250000000000000000e+00 -1.800027655059163950e-06
6.300000000000000711e+00 -1.488068321050128000e-06
6.350000000000000533e+00 -1.215717751428974732e-06
6.400000000000000355e+00 -9.798752742513888099e-07
6.450000000000000178e+00 -7.777674634222912579e-07
6.500000000000000000e+00 -6.067994212994335300e-07
6.550000000000000711e+00 -4.644349653841970932e-07
6.600000000000000533e+00 -3.481092881765846871e-07
6.650000000000000355e+00 -2.551757241341432706e-07
6.700000000000000178e+00 -1.828862096918527305e-07
6.750000000000000000e+00 -1.284030149513388471e-07
6.800000000000000711e+00 -8.883750438848057558e-08
6.850000000000000533e+00 -6.131017616625799686e-08
6.900000000000000355e+00 -4.302513655945577239e-08
6.950000000000000178e+00 -3.135155639867469715e-08
7.000000000000000000e+00 -2.390456282614673670e-08
7.050000000000000711e+00 -1.861843712072386582e-08
7.100000000000000533e+00 -1.380587717091355885e-08
7.150000000000000355e+00 -8.198368325090371523e-09
7.200000000000000178e+00 -9.642900520244046100e-10
7.250000000000000000e+00 8.296849319578939649e-09
7.300000000000000711e+00 1.958383848025311925e-08
7.350000000000000533e+00 3.254489264896927103e-08
7.400000000000000355e+00 4.654697657877133171e-08
7.450000000000000178e+00 6.075855291892150478e-08
7.500000000000000000e+00 7.424010445473678635e-08
7.550000000000000711e+00 8.603632132995124561e-08
7.600000000000000533e+00 9.526383319660622189e-08
7.650000000000000355e+00 1.011887899988280501e-07
7.700000000000000178e+00 1.032894124974748427e-07
7.750000000000000000e+00 1.012997769240616688e-07
7.800000000000000711e+00 9.523247868111534164e-08
7.850000000000000533e+00 8.537933480070308426e-08
7.900000000000000355e+00 7.229082420842454551e-08
7.950000000000000178e+00 5.673642006709430776e-08
8.000000000000000000e+00 3.964923954244787341e-08
8.050000000000000711e+00 2.205943851294459740e-08
8.099999999999999645e+00 5.021448213393412875e-09
8.150000000000000355e+00 -1.045955148124625379e-08
8.200000000000001066e+00 -2.349661356931495215e-08
8.250000000000000000e+00 -3.338060670335736559e-08
8.300000000000000711e+00 -3.962632920123290872e-08
8.349999999999999645e+00 -4.200213382801638977e-08
8.400000000000000355e+00 -4.054127904500279940e-08
8.450000000000001066e+00 -3.553455449089540712e-08
8.500000000000000000e+00 -2.750506108640048410e-08
8.550000000000000711e+00 -1.716726635849019389e-08
8.599999999999999645e+00 -5.373518632194436305e-09
8.650000000000000355e+00 6.947980456474862091e-09
8.700000000000001066e+00 1.885922864356449638e-08
8.750000000000000000e+00 2.947779556845349072e-08
8.800000000000000711e+00 3.803695497906808271e-08
8.849999999999999645e+00 4.393647807964026512e-08
8.900000000000000355e+00 4.678072843046363914e-08
8.950000000000001066e+00 4.640165724632844466e-08
9.000000000000000000e+00 4.286540422425552976e-08
9.050000000000000711e+00 3.646238260273385052e-08
9.099999999999999645e+00 2.768188462917904320e-08
9.150000000000000355e+00 1.717330446442886505e-08
9.200000000000001066e+00 5.696967745071886347e-09
9.250000000000000000e+00 -5.931778168630823228e-09
9.300000000000000711e+00 -1.690116346265414640e-08
9.349999999999999645e+00 -2.646013013281660755e-08
9.400000000000000355e+00 -3.397003428001076538e-08
9.450000000000001066e+00 -3.894741017601299276e-08
9.500000000000000000e+00 -4.109498595955293986e-08
9.550000000000000711e+00 -4.031901886359898374e-08
9.600000000000001421e+00 -3.673201299375409333e-08
9.650000000000000355e+00 -3.064092297573334795e-08
9.700000000000001066e+00 -2.252195888421915406e-08
9.750000000000000000e+00 -1.298402170354584631e-08
9.800000000000000711e+00 -2.723552453359875014e-09
9.850000000000001421e+00 7.525877322851810341e-09
9.900000000000000355e+00 1.704560453044039599e-08
9.950000000000001066e+00 2.518187153434926770e-08
