0.000000000000000000e+00 0.000000000000000000e+00
5.000000000000000278e-02 6.534842777150854862e-03
1.000000000000000056e-01 1.302331590028004034e-02
1.500000000000000222e-01 1.941963063738338588e-02
2.000000000000000111e-01 2.567914407124943094e-02
2.500000000000000000e-01 3.175889275328103861e-02
3.000000000000000444e-01 3.761808149519439703e-02
3.500000000000000333e-01 4.321851592759429206e-02
4.000000000000000222e-01 4.852497022899718293e-02
4.500000000000000111e-01 5.350548455070108789e-02
5.000000000000000000e-01 5.813158993694943905e-02
5.500000000000000444e-01 6.237846176450009827e-02
6.000000000000000888e-01 6.622500570644436479e-02
6.500000000000000222e-01 6.965388278739083339e-02
7.000000000000000666e-01 7.265148209781047139e-02
7.500000000000000000e-01 7.520785107173517947e-02
8.000000000000000444e-01 7.731659384792775869e-02
8.500000000000000888e-01 7.897474812315659343e-02
9.000000000000000222e-01 8.018265010892763889e-02
9.500000000000000666e-01 8.094379580606253510e-02
1.000000000000000000e+00 8.126470493850856958e-02
1.050000000000000044e+00 8.115479169049467922e-02
1.100000000000000089e+00 8.062624403846625765e-02
1.150000000000000133e+00 7.969391113517754199e-02
1.200000000000000178e+00 7.837519605522630384e-02
1.250000000000000000e+00 7.668994939874708427e-02
1.300000000000000044e+00 7.466035789524695654e-02
1.350000000000000089e+00 7.231082134041481868e-02
1.400000000000000133e+00 6.966781098359937918e-02
1.450000000000000178e+00 6.675970286975609069e-02
1.500000000000000000e+00 6.361658059392095999e-02
1.550000000000000044e+00 6.027000337883385572e-02
1.600000000000000089e+00 5.675273723644459062e-02
1.650000000000000133e+00 5.309844909762866105e-02
1.700000000000000178e+00 4.934136605298891642e-02
1.750000000000000000e+00 4.551590409746061883e-02
1.800000000000000044e+00 4.165627287306428173e-02
1.850000000000000089e+00 3.779606473072618517e-02
1.900000000000000133e+00 3.396783787678404887e-02
1.950000000000000178e+00 3.020270435147247995e-02
2.000000000000000000e+00 2.652993405365195248e-02
2.050000000000000266e+00 2.297658595782005667e-02
2.100000000000000089e+00 1.956717707646129373e-02
2.149999999999999911e+00 1.632339864225758330e-02
2.200000000000000178e+00 1.326388748483134546e-02
2.250000000000000000e+00 1.040405873975234347e-02
2.300000000000000266e+00 7.756003951866632419e-03
2.350000000000000089e+00 5.328456426762206814e-03
2.400000000000000355e+00 3.126823451007969615e-03
2.450000000000000178e+00 1.153282846853693989e-03
2.500000000000000000e+00 -5.930606562325885234e-04
2.550000000000000266e+00 -2.115965483107562235e-03
2.600000000000000089e+00 -3.421797376616249765e-03
2.650000000000000355e+00 -4.519236395367452579e-03
2.700000000000000178e+00 -5.418956161278993579e-03
2.750000000000000000e+00 -6.133285073282694622e-03
2.800000000000000266e+00 -6.675859135725234136e-03
2.850000000000000089e+00 -7.061275643642566865e-03
2.900000000000000355e+00 -7.304756265111052825e-03
2.950000000000000178e+00 -7.421827115692798855e-03
3.000000000000000000e+00 -7.428022290045228557e-03
3.050000000000000266e+00 -7.338616062119784206e-03
3.100000000000000089e+00 -7.168387648526276107e-03
3.150000000000000355e+00 -6.931421106688868787e-03
3.200000000000000178e+00 -6.640941661754028343e-03
3.250000000000000000e+00 -6.309188567736360824e-03
3.300000000000000266e+00 -5.947323544348089193e-03
3.350000000000000089e+00 -5.565372917328178549e-03
3.400000000000000355e+00 -5.172200843509113313e-03
3.450000000000000178e+00 -4.775510430038923913e-03
3.500000000000000000e+00 -4.381869159672973670e-03
3.550000000000000266e+00 -3.996754803358146431e-03
3.600000000000000089e+00 -3.624617924155096316e-03
3.650000000000000355e+00 -3.268957135177645839e-03
3.700000000000000178e+00 -2.932403447951610360e-03
3.750000000000000000e+00 -2.616810314014132634e-03
3.800000000000000266e+00 -2.323346298838059772e-03
3.850000000000000089e+00 -2.052587711027809795e-03
3.900000000000000355e+00 -1.804608920428576102e-03
3.950000000000000178e+00 -1.579068517667678350e-03
4.000000000000000000e+00 -1.375289878706233452e-03
4.049999999999999822e+00 -1.192335088011705442e-03
4.100000000000000533e+00 -1.029071532789091817e-03
4.150000000000000355e+00 -8.842308009943157521e-04
4.200000000000000178e+00 -7.564597930008017590e-04
4.250000000000000000e+00 -6.443641886347813239e-04
4.299999999999999822e+00 -5.465445977752859128e-04
4.350000000000000533e+00 -4.616258655034033887e-04
4.400000000000000355e+00 -3.882801049036848761e-04
4.450000000000000178e+00 -3.252440960701581544e-04
4.500000000000000000e+00 -2.713317232815675405e-04
4.549999999999999822e+00 -2.254421286422578577e-04
4.600000000000000533e+00 -1.865642447506007657e-04
4.650000000000000355e+00 -1.537783360156236138e-04
4.700000000000000178e+00 -1.262551326306885261e-04
4.750000000000000000e+00 -1.032530870273263673e-04
4.800000000000000711e+00 -8.411422345149800175e-05
4.850000000000000533e+00 -6.825899015506649531e-05
4.900000000000000355e+00 -5.518046304240793449e-05
4.950000000000000178e+00 -4.443819138203933651e-05
5.000000000000000000e+00 -3.565192181022446721e-05
5.050000000000000711e+00 -2.849538729226815879e-05
5.100000000000000533e+00 -2.269030355291984179e-05
5.150000000000000355e+00 -1.800067699796236640e-05
5.200000000000000178e+00 -1.422749531952734514e-05
5.250000000000000000e+00 -1.120384459941994442e-05
5.300000000000000711e+00 -8.790474439101468698e-06
5.350000000000000533e+00 -6.871814995294574637e-06
5.400000000000000355e+00 -5.352436268330909989e-06
5.450000000000000178e+00 -4.153930035398774590e-06
5.500000000000000000e+00 -3.212187902983840500e-06
5.550000000000000711e+00 -2.475044554880184191e-06
5.600000000000000533e+00 -1.900252914553912664e-06
5.650000000000000355e+00 -1.453757189552018766e-06
5.700000000000000178e+00 -1.108230239346792797e-06
5.750000000000000000e+00 -8.418430776095422907e-07
5.800000000000000711e+00 -6.372363092868739774e-07
5.850000000000000533e+00 -4.806656847045759182e-07
5.900000000000000355e+00 -3.612965461610766061e-07
5.950000000000000178e+00 -2.706246054536536407e-07
6.000000000000000000e+00 -2.020031176988893596e-07
6.050000000000000711e+00 -1.502590311481638260e-07
6.100000000000000533e+00 -1.113830429181822514e-07
6.150000000000000355e+00 -8.228064485997931620e-08
6.200000000000000178e+00 -6.057318595220601597e-08
6.250000000000000000e+00 -4.443970391964492029e-08
6.300000000000000711e+00 -3.249179328672749598e-08
6.350000000000000533e+00 -2.367509099113173160e-08
6.400000000000000355e+00 -1.719208872847725713e-08
6.450000000000000178e+00 -1.244194003444334798e-08
6.500000000000000000e+00 -8.973738352186536106e-09
6.550000000000000711e+00 -6.450417321167592935e-09
6.600000000000000533e+00 -4.620984591988900234e-09
6.650000000000000355e+00 -3.299260627944480325e-09
6.700000000000000178e+00 -2.347670497326649634e-09
6.750000000000000000e+00 -1.664941642820188864e-09
6.800000000000000711e+00 -1.176806630156187492e-09
6.850000000000000533e+00 -8.290070220829710381e-10
6.900000000000000355e+00 -5.820509975180925272e-10
6.950000000000000178e+00 -4.073017279948902411e-10
7.000000000000000000e+00 -2.840706939148958145e-10
7.050000000000000711e+00 -1.974668143726602466e-10
7.100000000000000533e+00 -1.368112358682622397e-10
7.150000000000000355e+00 -9.447388565377343978e-11
7.200000000000000178e+00 -6.502292223670143411e-11
7.250000000000000000e+00 -4.460548022063622727e-11
7.300000000000000711e+00 -3.049854899967634030e-11
7.350000000000000533e+00 -2.078459712578487653e-11
7.400000000000000355e+00 -1.411814292496440734e-11
7.450000000000000178e+00 -9.558490033076456207e-12
7.500000000000000000e+00 -6.450278339711368520e-12
7.550000000000000711e+00 -4.338583864304651305e-12
7.600000000000000533e+00 -2.908697271172872754e-12
7.650000000000000355e+00 -1.943718462672997517e-12
7.700000000000000178e+00 -1.294650931613080463e-12
7.750000000000000000e+00 -8.595276051298496298e-13
7.800000000000000711e+00 -5.687965208418248297e-13
7.850000000000000533e+00 -3.751837014419012560e-13
7.900000000000000355e+00 -2.466752402872070281e-13
7.950000000000000178e+00 -1.616576317988773874e-13
8.000000000000000000e+00 -1.056014598211711287e-13
8.050000000000000711e+00 -6.875951833875618430e-14
8.099999999999999645e+00 -4.462860471922330669e-14
8.150000000000000355e+00 -2.887323043828533186e-14
8.200000000000001066e+00 -1.861839791915439017e-14
8.250000000000000000e+00 -1.196769893882306152e-14
8.300000000000000711e+00 -7.666132912061840284e-15
8.349999999999999645e+00 -4.898988664515910574e-15
8.400000000000000355e+00 -3.110488697073432953e-15
8.450000000000001066e+00 -1.979698500285692364e-15
8.500000000000000000e+00 -1.252053787961719510e-15
8.550000000000000711e+00 -7.910296898839141024e-16
8.599999999999999645e+00 -4.956112041144190888e-16
8.650000000000000355e+00 -3.088630766519956701e-16
8.700000000000001066e+00 -1.944474248869218966e-16
8.750000000000000000e+00 -1.192534593718750591e-16
8.800000000000000711e+00 -7.369670826318096397e-17
8.849999999999999645e+00 -4.659400040764662483e-17
8.900000000000000355e+00 -2.869900414225628154e-17
8.950000000000001066e+00 -1.856235110009792545e-17
9.000000000000000000e+00 -9.763154039700469583e-18
9.050000000000000711e+00 -6.986628374376090443e-18
9.099999999999999645e+00 -3.625137362233426520e-18
9.150000000000000355e+00 -2.180575048716100627e-18
9.200000000000001066e+00 2.883632010057742625e-19
9.250000000000000000e+00 -1.603848652569244420e-18
9.300000000000000711e+00 7.772074787373253972e-19
9.349999999999999645e+00 1.304500185481081802e-18
9.400000000000000355e+00 4.915905947026923182e-19
9.450000000000001066e+00 2.422937453353242791e-18
9.500000000000000000e+00 1.949884492036259438e-18
9.550000000000000711e+00 1.625819183662917407e-18
9.600000000000001421e+00 7.689685345700990893e-19
9.650000000000000355e+00 9.337475055002394541e-19
9.700000000000001066e+00 -8.788211667206241445e-20
9.750000000000000000e+00 6.934448365240875722e-19
9.800000000000000711e+00 1.109511737188646595e-18
9.850000000000001421e+00 1.174050166809826984e-18
9.900000000000000355e+00 1.628565495775460760e-18
9.950000000000001066e+00 1.319604926025806367e-18
1.000000000000000000e+01 2.814974094321214286e-19
1.005000000000000071e+01 -1.329217032036476834e-18
1.010000000000000142e+01 3.199458380856959135e-19
1.015000000000000036e+01 6.577427286236744510e-19
1.020000000000000107e+01 -1.145213848347950138e-18
1.025000000000000000e+01 1.133542005131219795e-18
1.030000000000000071e+01 -2.716879110771468912e-18
1.035000000000000142e+01 -1.845524479118028602e-18
1.040000000000000036e+01 -1.625819183942154908e-18
1.045000000000000107e+01 -7.030569444563545449e-19
1.050000000000000000e+01 -1.889465535155892589e-18
1.055000000000000071e+01 -1.226745109365784421e-18
1.060000000000000142e+01 -7.547220144199232753e-19
1.065000000000000036e+01 3.183152123570071463e-19
1.070000000000000107e+01 -1.749489231757673672e-18
1.075000000000000000e+01 -1.477174818917986275e-18
1.080000000000000071e+01 -4.348834608920213456e-19
1.085000000000000142e+01 -7.904884962249442542e-19
1.090000000000000036e+01 -8.280143318324330597e-19
1.095000000000000107e+01 -3.191219408417945215e-18
1.100000000000000000e+01 -2.129081622238632090e-18
1.105000000000000071e+01 -5.175089544434508358e-19
1.110000000000000142e+01 -1.626505758705867657e-18
1.115000000000000036e+01 -3.065060506102164962e-18
1.120000000000000107e+01 -2.020602132883877217e-18
1.125000000000000000e+01 -1.532616077019256894e-18
1.130000000000000071e+01 -1.039995612307785660e-18
1.135000000000000142e+01 -2.596963789564167484e-18
1.140000000000000036e+01 1.048084368226850431e-18
1.145000000000000107e+01 -5.398227810701102564e-20
1.150000000000000000e+01 -6.773960509094903673e-19
1.155000000000000071e+01 1.922421506909044332e-20
1.160000000000000142e+01 1.290768628223959499e-19
1.165000000000000036e+01 -2.123245684876067480e-19
1.170000000000000107e+01 1.564370357722615888e-18
1.175000000000000000e+01 -3.369386678105699598e-19
1.180000000000000071e+01 2.524036201680095792e-19
1.185000000000000142e+01 -4.624109897942616491e-19
1.190000000000000036e+01 1.220952098920610691e-18
1.195000000000000107e+01 1.708895246062773672e-18
1.200000000000000000e+01 1.983784340538323873e-19
1.205000000000000071e+01 1.501119264328823732e-18
1.210000000000000142e+01 -1.562825534457491524e-19
1.215000000000000036e+01 -4.134922292456869252e-19
1.220000000000000107e+01 8.256113036424444483e-19
1.225000000000000000e+01 5.611067247915738528e-19
1.230000000000000071e+01 2.753525263830916467e-18
1.235000000000000142e+01 1.973056532651133495e-18
1.240000000000000036e+01 -2.183063901775233035e-18
1.245000000000000107e+01 1.180915959532786120e-18
1.250000000000000000e+01 1.592986758237248628e-18
1.255000000000000071e+01 1.111142365960599005e-18
1.260000000000000142e+01 3.504986033751518726e-18
1.265000000000000036e+01 -1.895816378954484322e-19
1.270000000000000107e+01 3.350591569008071737e-18
1.275000000000000000e+01 3.130800441985523302e-19
1.280000000000000071e+01 1.051839097346288591e-18
1.285000000000000142e+01 1.168815002280745452e-18
1.290000000000000036e+01 1.854364180727859455e-18
1.295000000000000107e+01 5.793010702697331760e-19
1.300000000000000000e+01 1.796391164710197387e-18
1.305000000000000071e+01 1.016324726856343478e-18
1.310000000000000142e+01 1.338829158277603612e-19
1.315000000000000036e+01 -2.717136564735008896e-19
1.320000000000000107e+01 2.324070072654674016e-19
1.325000000000000000e+01 -2.183321377897095460e-19
1.330000000000000071e+01 -2.473057726846803180e-18
1.335000000000000142e+01 -4.725380304110073873e-19
1.340000000000000036e+01 6.877805586666551982e-19
1.345000000000000107e+01 -3.449029839575696993e-18
1.350000000000000000e+01 -6.531941391974746425e-19
1.355000000000000071e+01 -7.757484983434038028e-19
1.360000000000000142e+01 -9.891673038307171452e-19
1.365000000000000036e+01 -1.226380365046483615e-18
1.370000000000000107e+01 -9.072712987024246992e-19
1.375000000000000000e+01 -3.811801044329976460e-18
1.380000000000000071e+01 8.971871671881381700e-19
1.385000000000000142e+01 -1.288970194154223978e-18
1.390000000000000036e+01 -2.181064843285586323e-18
1.395000000000000107e+01 -1.960955578753183603e-18
1.400000000000000000e+01 -1.635173820243836656e-18
1.405000000000000071e+01 -2.397190738822847205e-18
1.410000000000000142e+01 -2.122687853950157541e-18
1.415000000000000036e+01 -2.800577385017651438e-18
1.420000000000000107e+01 -2.658059181624875138e-18
1.425000000000000000e+01 -1.727016174017539780e-18
1.430000000000000071e+01 -2.117796819579297973e-18
1.435000000000000142e+01 -1.494774107040222027e-18
1.440000000000000036e+01 -7.344722938169826662e-19
1.445000000000000107e+01 -6.931035585302572019e-19
1.450000000000000000e+01 -4.810988099751418459e-19
1.455000000000000071e+01 -2.401310213136738753e-18
1.460000000000000142e+01 -1.773090385876732604e-18
1.465000000000000036e+01 -6.790381582950780955e-19
1.470000000000000107e+01 9.744444056926508524e-20
1.475000000000000000e+01 -3.642722584149538878e-19
1.480000000000000071e+01 1.312193358389551605e-18
1.485000000000000142e+01 5.738731386682078242e-19
1.490000000000000036e+01 -9.181491183850469831e-19
1.495000000000000107e+01 6.444803194395093308e-19
