0.000000000000000000e+00 0.000000000000000000e+00
5.000000000000000278e-02 1.881873261559994580e-11
1.000000000000000056e-01 6.010871773458873900e-10
1.500000000000000222e-01 4.550458568622159939e-09
2.000000000000000111e-01 1.909298681502846559e-08
2.500000000000000000e-01 5.794442329164500947e-08
3.000000000000000444e-01 1.432079298922043688e-07
3.500000000000000333e-01 3.070508053017209131e-07
4.000000000000000222e-01 5.931131283500838652e-07
4.500000000000000111e-01 1.057606497465020033e-06
5.000000000000000000e-01 1.770067214760054389e-06
5.500000000000000444e-01 2.813735237266066259e-06
6.000000000000000888e-01 4.285537890100562188e-06
6.500000000000000222e-01 6.295665584631445501e-06
7.000000000000000666e-01 8.966735470840237387e-06
7.500000000000000000e-01 1.243254792420016296e-05
8.000000000000000444e-01 1.683644985719240033e-05
8.500000000000000888e-01 2.232932787659820233e-05
9.000000000000000222e-01 2.906726309397229577e-05
9.500000000000000666e-01 3.720888774721993312e-05
1.000000000000000000e+00 4.691249151391661777e-05
1.050000000000000044e+00 5.833293230337190349e-05
1.100000000000000089e+00 7.161841222431763283e-05
1.150000000000000133e+00 8.690718417200747853e-05
1.200000000000000178e+00 1.043242579148721843e-04
1.250000000000000000e+00 1.239781765632250979e-04
1.300000000000000044e+00 1.459579347763545736e-04
1.350000000000000089e+00 1.703301089485060639e-04
1.400000000000000133e+00 1.971362668845077029e-04
1.450000000000000178e+00 2.263907201475154926e-04
1.500000000000000000e+00 2.580786763912025061e-04
1.550000000000000044e+00 2.921548416749779049e-04
1.600000000000000089e+00 3.285425141425540245e-04
1.650000000000000133e+00 3.671332006989640228e-04
1.700000000000000178e+00 4.077867776614548054e-04
1.750000000000000000e+00 4.503322050281909962e-04
1.800000000000000044e+00 4.945687922720460629e-04
1.850000000000000089e+00 5.402680017087300524e-04
1.900000000000000133e+00 5.871757638021703847e-04
1.950000000000000178e+00 6.350152675493953491e-04
2.000000000000000000e+00 6.834901786185728712e-04
2.050000000000000266e+00 7.322882284674263938e-04
2.100000000000000089e+00 7.810851094906382831e-04
2.149999999999999911e+00 8.295486045475988779e-04
2.200000000000000178e+00 8.773428741806045626e-04
2.250000000000000000e+00 9.241328215786550780e-04
2.300000000000000266e+00 9.695884539548714834e-04
2.350000000000000089e+00 1.013389159516484396e-03
2.400000000000000355e+00 1.055227821593199451e-03
2.450000000000000178e+00 1.094814695678437109e-03
2.500000000000000000e+00 1.131880981005099892e-03
2.550000000000000266e+00 1.166182025653991067e-03
2.600000000000000089e+00 1.197500112869539883e-03
2.650000000000000355e+00 1.225646785991213678e-03
2.700000000000000178e+00 1.250464679931104217e-03
2.750000000000000000e+00 1.271828838152590539e-03
2.800000000000000266e+00 1.289647505336905886e-03
2.850000000000000089e+00 1.303862397069967434e-03
2.900000000000000355e+00 1.314448458656273296e-03
2.950000000000000178e+00 1.321413135303635931e-03
3.000000000000000000e+00 1.324795185181012157e-03
3.050000000000000266e+00 1.324663075023252813e-03
3.100000000000000089e+00 1.321113004870513559e-03
3.150000000000000355e+00 1.314266614057363032e-03
3.200000000000000178e+00 1.304268424623001178e-03
3.250000000000000000e+00 1.291283080860121824e-03
3.300000000000000266e+00 1.275492444761877099e-03
3.350000000000000089e+00 1.257092606712478236e-03
3.400000000000000355e+00 1.236290868985424549e-03
3.450000000000000178e+00 1.213302756587105336e-03
3.500000000000000000e+00 1.188349105864912325e-03
3.550000000000000266e+00 1.161653276263466001e-03
3.600000000000000089e+00 1.133438524851811168e-03
3.650000000000000355e+00 1.103925576959651888e-03
3.700000000000000178e+00 1.073330419655245177e-03
3.750000000000000000e+00 1.041862338070826928e-03
3.800000000000000266e+00 1.009722207922162784e-03
3.850000000000000089e+00 9.771010511503378394e-04
3.900000000000000355e+00 9.441788555887934429e-04
3.950000000000000178e+00 9.111236540562266161e-04
4.000000000000000000e+00 8.780908533989308313e-04
4.049999999999999822e+00 8.452227998296825938e-04
4.100000000000000533e+00 8.126485634818058279e-04
4.150000000000000355e+00 7.804839224366032311e-04
4.200000000000000178e+00 7.488315245847464510e-04
4.250000000000000000e+00 7.177812045190923263e-04
4.299999999999999822e+00 6.874104321793860894e-04
4.350000000000000533e+00 6.577848701138876413e-04
4.400000000000000355e+00 6.289590169117338474e-04
4.450000000000000178e+00 6.009769155071422375e-04
4.500000000000000000e+00 5.738729065718890755e-04
4.549999999999999822e+00 5.476724090043839878e-04
4.600000000000000533e+00 5.223927115032846701e-04
4.650000000000000355e+00 4.980437612972083133e-04
4.700000000000000178e+00 4.746289382139785092e-04
4.750000000000000000e+00 4.521458043467618728e-04
4.800000000000000711e+00 4.305868215550208455e-04
4.850000000000000533e+00 4.099400308816666038e-04
4.900000000000000355e+00 3.901896896418290909e-04
4.950000000000000178e+00 3.713168634223410641e-04
5.000000000000000000e+00 3.532999715136507838e-04
5.050000000000000711e+00 3.361152853760451722e-04
5.100000000000000533e+00 3.197373806262017318e-04
5.150000000000000355e+00 3.041395437307257369e-04
5.200000000000000178e+00 2.892941351277931766e-04
5.250000000000000000e+00 2.751729108864611078e-04
5.300000000000000711e+00 2.617473052774076277e-04
5.350000000000000533e+00 2.489886767907425438e-04
5.400000000000000355e+00 2.368685202170253505e-04
5.450000000000000178e+00 2.253586474259226260e-04
5.500000000000000000e+00 2.144313394496795541e-04
5.550000000000000711e+00 2.040594724196311167e-04
5.600000000000000533e+00 1.942166198242393908e-04
5.650000000000000355e+00 1.848771334645796780e-04
5.700000000000000178e+00 1.760162053831457966e-04
5.750000000000000000e+00 1.676099129374152138e-04
5.800000000000000711e+00 1.596352490820522239e-04
5.850000000000000533e+00 1.520701398129286491e-04
5.900000000000000355e+00 1.448934506115536012e-04
5.950000000000000178e+00 1.380849836089269073e-04
6.000000000000000000e+00 1.316254670623240796e-04
6.050000000000000711e+00 1.254965386065578516e-04
6.100000000000000533e+00 1.196807236030070145e-04
6.150000000000000355e+00 1.141614097660501997e-04
6.200000000000000178e+00 1.089228190992359055e-04
6.250000000000000000e+00 1.039499780249531017e-04
6.300000000000000711e+00 9.922868644451054694e-05
6.350000000000000533e+00 9.474548632372262744e-05
6.400000000000000355e+00 9.048763026567988618e-05
6.450000000000000178e+00 8.644305041064549190e-05
6.500000000000000000e+00 8.260032789573743298e-05
6.550000000000000711e+00 7.894866301646848617e-05
6.600000000000000533e+00 7.547784615973372063e-05
6.650000000000000355e+00 7.217822952399872386e-05
6.700000000000000178e+00 6.904069960687891526e-05
6.750000000000000000e+00 6.605665042173877223e-05
6.800000000000000711e+00 6.321795740131839559e-05
6.850000000000000533e+00 6.051695195500255933e-05
6.900000000000000355e+00 5.794639666400270742e-05
6.950000000000000178e+00 5.549946112200979646e-05
7.000000000000000000e+00 5.316969845436178289e-05
7.050000000000000711e+00 5.095102257317611698e-05
7.100000000000000533e+00 4.883768624643635185e-05
7.150000000000000355e+00 4.682426007334950467e-05
7.200000000000000178e+00 4.490561246485302854e-05
7.250000000000000000e+00 4.307689072607814011e-05
7.300000000000000711e+00 4.133350332680369653e-05
7.350000000000000533e+00 3.967110342710878973e-05
7.400000000000000355e+00 3.808557369985256285e-05
7.450000000000000178e+00 3.657301246110615241e-05
7.500000000000000000e+00 3.512972108638238598e-05
7.550000000000000711e+00 3.375219265684919860e-05
7.600000000000000533e+00 3.243710174800355144e-05
7.650000000000000355e+00 3.118129524573555955e-05
7.700000000000000178e+00 2.998178405317969411e-05
7.750000000000000000e+00 2.883573553763823716e-05
7.800000000000000711e+00 2.774046656103878471e-05
7.850000000000000533e+00 2.669343694011633473e-05
7.900000000000000355e+00 2.569224319347249502e-05
7.950000000000000178e+00 2.473461245096791848e-05
8.000000000000000000e+00 2.381839642517965118e-05
8.050000000000000711e+00 2.294156537317008034e-05
8.099999999999999645e+00 2.210220200756370475e-05
8.150000000000000355e+00 2.129849534684750913e-05
8.200000000000001066e+00 2.052873452383974893e-05
8.250000000000000000e+00 1.979130259657155267e-05
8.300000000000000711e+00 1.908467042585122679e-05
8.349999999999999645e+00 1.840739069738971199e-05
8.400000000000000355e+00 1.775809217290586558e-05
8.450000000000001066e+00 1.713547425393204560e-05
8.500000000000000000e+00 1.653830193446259703e-05
8.550000000000000711e+00 1.596540120492664916e-05
8.599999999999999645e+00 1.541565495142811778e-05
8.650000000000000355e+00 1.488799937228185388e-05
8.700000000000001066e+00 1.438142091026902434e-05
8.750000000000000000e+00 1.389495367549138217e-05
8.800000000000000711e+00 1.342767731191405926e-05
8.849999999999999645e+00 1.297871524217390852e-05
8.900000000000000355e+00 1.254723321122590644e-05
8.950000000000001066e+00 1.213243804082308479e-05
9.000000000000000000e+00 1.173357650411902770e-05
9.050000000000000711e+00 1.134993423296065484e-05
9.099999999999999645e+00 1.098083457928698084e-05
9.150000000000000355e+00 1.062563736576861154e-05
9.200000000000001066e+00 1.028373747832186924e-05
9.250000000000000000e+00 9.954563273119111067e-06
9.300000000000000711e+00 9.637574791749974396e-06
9.349999999999999645e+00 9.332261798778935852e-06
9.400000000000000355e+00 9.038141674686595692e-06
9.450000000000001066e+00 8.754757212824444931e-06
9.500000000000000000e+00 8.481674380536618520e-06
9.550000000000000711e+00 8.218480111341831709e-06
9.600000000000001421e+00 7.964780196648653713e-06
9.650000000000000355e+00 7.720197341942599222e-06
9.700000000000001066e+00 7.484369444106447886e-06
9.750000000000000000e+00 7.256948134209760340e-06
9.800000000000000711e+00 7.037597614701453600e-06
9.850000000000001421e+00 6.825993802610939157e-06
9.900000000000000355e+00 6.621823772378432414e-06
9.950000000000001066e+00 6.424785474562469178e-06
1.000000000000000000e+01 6.234587691130514138e-06
1.005000000000000071e+01 6.050950175377561928e-06
1.010000000000000142e+01 5.873603915558640133e-06
1.015000000000000036e+01 5.702291456632149103e-06
1.020000000000000107e+01 5.536767214323232801e-06
1.025000000000000000e+01 5.376797719959339996e-06
1.030000000000000071e+01 5.222161742833207758e-06
1.035000000000000142e+01 5.072650248537678400e-06
1.040000000000000036e+01 4.928066165939126036e-06
1.045000000000000107e+01 4.788223951157873723e-06
1.050000000000000000e+01 4.652948953009119129e-06
1.055000000000000071e+01 4.522076599694623559e-06
1.060000000000000142e+01 4.395451440086796866e-06
1.065000000000000036e+01 4.272926083819820379e-06
1.070000000000000107e+01 4.154360091893166336e-06
1.075000000000000000e+01 4.039618873163166073e-06
1.080000000000000071e+01 3.928572641776487945e-06
1.085000000000000142e+01 3.821095486387129282e-06
1.090000000000000036e+01 3.717064594277151353e-06
1.095000000000000107e+01 3.616359662876610712e-06
1.100000000000000000e+01 3.518862518451168791e-06
1.105000000000000071e+01 3.424456947819452486e-06
1.110000000000000142e+01 3.333028734876576128e-06
1.115000000000000036e+01 3.244465880403499310e-06
1.120000000000000107e+01 3.158658972060904388e-06
1.125000000000000000e+01 3.075501662358119520e-06
1.130000000000000071e+01 2.994891206344148196e-06
1.135000000000000142e+01 2.916729008155566224e-06
1.140000000000000036e+01 2.840921126481661857e-06
1.145000000000000107e+01 2.767378693353321655e-06
1.150000000000000000e+01 2.696018208053646072e-06
1.155000000000000071e+01 2.626761677826861062e-06
1.160000000000000142e+01 2.559536588692932633e-06
1.165000000000000036e+01 2.494275702221550088e-06
1.170000000000000107e+01 2.430916686702470318e-06
1.175000000000000000e+01 2.369401602892609053e-06
1.180000000000000071e+01 2.309676274629081420e-06
1.185000000000000142e+01 2.251689582409132670e-06
1.190000000000000036e+01 2.195392723046288390e-06
1.195000000000000107e+01 2.140738480428252164e-06
1.200000000000000000e+01 2.087680551152254812e-06
1.205000000000000071e+01 2.036172964535148487e-06
1.210000000000000142e+01 1.986169629549761633e-06
1.215000000000000036e+01 1.937624032145452733e-06
1.220000000000000107e+01 1.890489095845623784e-06
1.225000000000000000e+01 1.844717207227874253e-06
1.230000000000000071e+01 1.800260396688263036e-06
1.235000000000000142e+01 1.757070654527167829e-06
1.240000000000000036e+01 1.715100353591432506e-06
1.245000000000000107e+01 1.674302743031813394e-06
1.250000000000000000e+01 1.634632473617241529e-06
1.255000000000000071e+01 1.596046113731081267e-06
1.260000000000000142e+01 1.558502616693994157e-06
1.265000000000000036e+01 1.521963704262466546e-06
1.270000000000000107e+01 1.486394137712698905e-06
1.275000000000000000e+01 1.451761856323298851e-06
1.280000000000000071e+01 1.418037972728120440e-06
1.285000000000000142e+01 1.385196624815643096e-06
1.290000000000000036e+01 1.353214693900645748e-06
1.295000000000000107e+01 1.322071408089425349e-06
1.300000000000000000e+01 1.291747857490236747e-06
1.305000000000000071e+01 1.262226453665471109e-06
1.310000000000000142e+01 1.233490369133457483e-06
1.315000000000000036e+01 1.205522993596087382e-06
1.320000000000000107e+01 1.178307441891626482e-06
1.325000000000000000e+01 1.151826144595539442e-06
1.330000000000000071e+01 1.126060546052738953e-06
1.335000000000000142e+01 1.100990926869178450e-06
1.340000000000000036e+01 1.076596359092671565e-06
1.345000000000000107e+01 1.052854793086716828e-06
1.350000000000000000e+01 1.029743266106484638e-06
1.355000000000000071e+01 1.007238214421181619e-06
1.360000000000000142e+01 9.853158640586869587e-07
1.365000000000000036e+01 9.639526703097269641e-07
1.370000000000000107e+01 9.431257733344204871e-07
1.375000000000000000e+01 9.228134367179648324e-07
1.380000000000000071e+01 9.029954376229537070e-07
1.385000000000000142e+01 8.836533811177133174e-07
1.390000000000000036e+01 8.647709170138182027e-07
1.395000000000000107e+01 8.463338447014554096e-07
1.400000000000000000e+01 8.283300994985175303e-07
1.405000000000000071e+01 8.107496223697300229e-07
1.410000000000000142e+01 7.935841229421567722e-07
1.415000000000000036e+01 7.768267529797722998e-07
1.420000000000000107e+01 7.604717134183026150e-07
1.425000000000000000e+01 7.445138222888609808e-07
1.430000000000000071e+01 7.289480731310056332e-07
1.435000000000000142e+01 7.137692136796330539e-07
1.440000000000000036e+01 6.989713727303980113e-07
1.445000000000000107e+01 6.845477593095425747e-07
1.450000000000000000e+01 6.704904528893236768e-07
1.455000000000000071e+01 6.567902968037195555e-07
1.460000000000000142e+01 6.434368996946677845e-07
1.465000000000000036e+01 6.304187422938222223e-07
1.470000000000000107e+01 6.177233796235869564e-07
1.475000000000000000e+01 6.053377222968324141e-07
1.480000000000000071e+01 5.932483754202583911e-07
1.485000000000000142e+01 5.814420100139932848e-07
1.490000000000000036e+01 5.699057400630105736e-07
1.495000000000000107e+01 5.586274784090463751e-07
1.500000000000000000e+01 5.475962466445362690e-07
1.505000000000000071e+01 5.368024178063146660e-07
1.510000000000000142e+01 5.262378757123134159e-07
1.515000000000000036e+01 5.158960808669983361e-07
1.520000000000000107e+01 5.057720395356137602e-07
1.525000000000000000e+01 4.958621793862350705e-07
1.530000000000000071e+01 4.861641415478588392e-07
1.535000000000000142e+01 4.766765045860590007e-07
1.540000000000000036e+01 4.673984603798859540e-07
1.545000000000000107e+01 4.583294649040958263e-07
1.550000000000000000e+01 4.494688882855595858e-07
1.555000000000000071e+01 4.408156881543952346e-07
1.560000000000000142e+01 4.323681282947813741e-07
1.565000000000000036e+01 4.241235610844801700e-07
1.570000000000000107e+01 4.160782874713607432e-07
1.575000000000000000e+01 4.082275026082100369e-07
1.580000000000000071e+01 4.005653291722639388e-07
1.585000000000000142e+01 3.930849342549782794e-07
1.590000000000000036e+01 3.857787199566236212e-07
1.595000000000000107e+01 3.786385728421478063e-07
1.600000000000000000e+01 3.716561535656492394e-07
1.605000000000000071e+01 3.648232054706091626e-07
1.610000000000000142e+01 3.581318600069086807e-07
1.615000000000000213e+01 3.515749173905081952e-07
1.619999999999999929e+01 3.451460830190906096e-07
1.625000000000000000e+01 3.388401435742915391e-07
1.630000000000000071e+01 3.326530712181082050e-07
1.635000000000000142e+01 3.265820495237982641e-07
1.640000000000000213e+01 3.206254203610306833e-07
1.644999999999999929e+01 3.147825565163998016e-07
1.650000000000000000e+01 3.090536699642596597e-07
1.655000000000000071e+01 3.034395700682587303e-07
1.660000000000000142e+01 2.979413892910948788e-07
1.665000000000000213e+01 2.925602960103473369e-07
1.669999999999999929e+01 2.872972146541662355e-07
1.675000000000000000e+01 2.821525725583996756e-07
1.680000000000000071e+01 2.771260907943416200e-07
1.685000000000000142e+01 2.722166328787459105e-07
1.690000000000000213e+01 2.674221210188012326e-07
1.694999999999999929e+01 2.627395246667343638e-07
1.700000000000000000e+01 2.581649210176829118e-07
1.705000000000000071e+01 2.536936220396768236e-07
1.710000000000000142e+01 2.493203580315700695e-07
1.715000000000000213e+01 2.450395038755761307e-07
1.719999999999999929e+01 2.408453313452810629e-07
1.725000000000000000e+01 2.367322692318578008e-07
1.730000000000000071e+01 2.326951527480252006e-07
1.735000000000000142e+01 2.287294446807358742e-07
1.740000000000000213e+01 2.248314129782182559e-07
1.744999999999999929e+01 2.209982527306379072e-07
1.750000000000000000e+01 2.172281445666634114e-07
1.755000000000000071e+01 2.135202460650056638e-07
1.760000000000000142e+01 2.098746175368982710e-07
1.765000000000000213e+01 2.062920881254421187e-07
1.769999999999999929e+01 2.027740722997265354e-07
1.775000000000000000e+01 1.993223501754784281e-07
1.780000000000000071e+01 1.959388274750428373e-07
1.785000000000000142e+01 1.926252921790416353e-07
1.790000000000000213e+01 1.893831849462229687e-07
1.794999999999999929e+01 1.862133992085325428e-07
1.800000000000000000e+01 1.831161245752087023e-07
1.805000000000000071e+01 1.800907439773579016e-07
1.810000000000000142e+01 1.771357910913351540e-07
1.815000000000000213e+01 1.742489702720637115e-07
1.819999999999999929e+01 1.714272368173181839e-07
1.825000000000000000e+01 1.686669311763378323e-07
1.830000000000000071e+01 1.659639570094026671e-07
1.835000000000000142e+01 1.633139900444447643e-07
1.840000000000000213e+01 1.607127026714605358e-07
1.844999999999999929e+01 1.581559882827726185e-07
1.850000000000000000e+01 1.556401695712788967e-07
1.855000000000000071e+01 1.531621763003241425e-07
1.860000000000000142e+01 1.507196803695251307e-07
1.865000000000000213e+01 1.483111791246476194e-07
1.869999999999999929e+01 1.459360215982230416e-07
1.875000000000000000e+01 1.435943764178160967e-07
1.880000000000000071e+01 1.412871442294559640e-07
1.885000000000000142e+01 1.390158213334703512e-07
1.890000000000000213e+01 1.367823245794583867e-07
1.894999999999999929e+01 1.345887901669519617e-07
1.900000000000000000e+01 1.324373606896621324e-07
1.905000000000000071e+01 1.303299754301212842e-07
1.910000000000000142e+01 1.282681785166191635e-07
1.915000000000000213e+01 1.262529581512413778e-07
1.920000000000000284e+01 1.242846277971526868e-07
1.925000000000000000e+01 1.223627571619080058e-07
1.930000000000000071e+01 1.204861572441349047e-07
1.935000000000000142e+01 1.186529198853751851e-07
1.940000000000000213e+01 1.168605084494119967e-07
1.945000000000000284e+01 1.151058927151399288e-07
1.950000000000000000e+01 1.133857180500933992e-07
1.955000000000000071e+01 1.116964966418811396e-07
1.960000000000000142e+01 1.100348071539122859e-07
1.965000000000000213e+01 1.083974887296947679e-07
1.970000000000000284e+01 1.067818158140224588e-07
1.975000000000000000e+01 1.051856417477858133e-07
1.980000000000000071e+01 1.036075013999210608e-07
1.985000000000000142e+01 1.020466660720016584e-07
1.990000000000000213e+01 1.005031473135539026e-07
1.995000000000000284e+01 9.897764989459823980e-08
2.000000000000000000e+01 9.747147773083569331e-08
2.005000000000000071e+01 9.598639980427056981e-08
2.010000000000000142e+01 9.452448583996123362e-08
2.015000000000000213e+01 9.308792351294574047e-08
2.020000000000000284e+01 9.167883012039718568e-08
2.025000000000000000e+01 9.029907190565727504e-08
2.030000000000000071e+01 8.895010354879180165e-08
2.035000000000000142e+01 8.763283879560057325e-08
2.040000000000000213e+01 8.634756090598651190e-08
2.045000000000000284e+01 8.509387873626639745e-08
2.050000000000000000e+01 8.387073101548454382e-08
2.055000000000000071e+01 8.267643799342336417e-08
2.060000000000000142e+01 8.150879633088559239e-08
2.065000000000000213e+01 8.036521013975180657e-08
2.070000000000000284e+01 7.924284862314548462e-08
2.075000000000000000e+01 7.813881901896296431e-08
2.080000000000000071e+01 7.705034259947399098e-08
2.085000000000000142e+01 7.597492139733407147e-08
2.090000000000000213e+01 7.491048410964002000e-08
2.095000000000000284e+01 7.385550120583435256e-08
2.100000000000000000e+01 7.280906152293169496e-08
2.105000000000000071e+01 7.177090540117711858e-08
2.110000000000000142e+01 7.074141249735103558e-08
2.115000000000000213e+01 6.972154559980292717e-08
2.120000000000000284e+01 6.871275481770474472e-08
2.125000000000000000e+01 6.771684924418889662e-08
2.130000000000000071e+01 6.673584537665558323e-08
2.135000000000000142e+01 6.577180310665989915e-08
2.140000000000000213e+01 6.482666083861193054e-08
2.145000000000000284e+01 6.390208123328190127e-08
2.150000000000000000e+01 6.299931820822259818e-08
2.155000000000000071e+01 6.211911422793387134e-08
2.160000000000000142e+01 6.126163470730446532e-08
2.165000000000000213e+01 6.042644368873037096e-08
2.170000000000000284e+01 5.961252203038876845e-08
2.175000000000000000e+01 5.881832636618774424e-08
2.180000000000000071e+01 5.804188427212628219e-08
2.185000000000000142e+01 5.728091860367389860e-08
2.190000000000000213e+01 5.653299201067166039e-08
2.195000000000000284e+01 5.579566133138086839e-08
2.200000000000000000e+01 5.506663099538574586e-08
2.205000000000000071e+01 5.434389475733045024e-08
2.210000000000000142e+01 5.362585601652995416e-08
2.215000000000000213e+01 5.291141858830233029e-08
2.220000000000000284e+01 5.220004194118915687e-08
2.225000000000000000e+01 5.149175746741810599e-08
2.230000000000000071e+01 5.078714510988867458e-08
2.235000000000000142e+01 5.008727244446727552e-08
2.240000000000000213e+01 4.939360091085822681e-08
2.245000000000000284e+01 4.870786612359900673e-08
2.250000000000000000e+01 4.803194092117279844e-08
2.255000000000000071e+01 4.736769091363026901e-08
2.260000000000000142e+01 4.671683269329178888e-08
2.265000000000000213e+01 4.608080456711261050e-08
2.270000000000000284e+01 4.546065866925768824e-08
2.275000000000000000e+01 4.485698171357135218e-08
2.280000000000000071e+01 4.426984954918373110e-08
2.285000000000000142e+01 4.369881825510915935e-08
2.290000000000000213e+01 4.314295191697656601e-08
2.295000000000000284e+01 4.260088465870302123e-08
2.300000000000000000e+01 4.207091213097179290e-08
2.305000000000000071e+01 4.155110565563405030e-08
2.310000000000000142e+01 4.103944071746208145e-08
2.315000000000000213e+01 4.053393059700538639e-08
2.320000000000000284e+01 4.003275569027736052e-08
2.325000000000000000e+01 3.953437948282535685e-08
2.330000000000000071e+01 3.903764320144520429e-08
2.335000000000000142e+01 3.854183275951805372e-08
2.340000000000000213e+01 3.804671365149220937e-08
2.345000000000000284e+01 3.755253175405812257e-08
2.350000000000000000e+01 3.705998042534479017e-08
2.355000000000000071e+01 3.657013666113537367e-08
2.360000000000000142e+01 3.608437121519520852e-08
2.365000000000000213e+01 3.560423936757141568e-08
2.370000000000000284e+01 3.513136030841490780e-08
2.375000000000000000e+01 3.466729380766914849e-08
2.380000000000000071e+01 3.421342292861119223e-08
2.385000000000000142e+01 3.377085100555879990e-08
2.390000000000000213e+01 3.334031999737752862e-08
2.395000000000000284e+01 3.292215572340569111e-08
2.400000000000000000e+01 3.251624352062488962e-08
2.405000000000000071e+01 3.212203565656036645e-08
2.410000000000000142e+01 3.173858956348258858e-08
2.415000000000000213e+01 3.136463378154301544e-08
2.420000000000000284e+01 3.099865656256709768e-08
2.425000000000000000e+01 3.063901053870463349e-08
2.430000000000000071e+01 3.028402578605000265e-08
2.435000000000000142e+01 2.993212310766481850e-08
2.440000000000000213e+01 2.958191943571624329e-08
2.445000000000000284e+01 2.923231790456952146e-08
2.450000000000000000e+01 2.888257632358856416e-08
2.455000000000000071e+01 2.853234939006509352e-08
2.460000000000000142e+01 2.818170190813074513e-08
2.465000000000000213e+01 2.783109238552623439e-08
2.470000000000000284e+01 2.748132850413268057e-08
2.475000000000000000e+01 2.713349796264706672e-08
2.480000000000000071e+01 2.678887992143017738e-08
2.485000000000000142e+01 2.644884361884949458e-08
2.490000000000000213e+01 2.611474158985409669e-08
2.495000000000000284e+01 2.578780523852154948e-08
