0.000000000000000000e+00 -1.254285568033368659e-01
5.000000000000000278e-02 -1.284331798552819370e-01
1.000000000000000056e-01 -1.276728379581006101e-01
1.500000000000000222e-01 -1.258700813257773443e-01
2.000000000000000111e-01 -1.237049360200602882e-01
2.500000000000000000e-01 -1.208810008215821657e-01
3.000000000000000444e-01 -1.173232010470839914e-01
3.500000000000000333e-01 -1.135175162001590965e-01
4.000000000000000222e-01 -1.088767324898189809e-01
4.500000000000000111e-01 -1.038636440892855145e-01
5.000000000000000000e-01 -9.828716452063104847e-02
5.500000000000000444e-01 -9.229922045640190365e-02
6.000000000000000888e-01 -8.588909371137908033e-02
6.500000000000000222e-01 -7.909959034968302993e-02
7.000000000000000666e-01 -7.199827958507691583e-02
7.500000000000000000e-01 -6.458357883232059005e-02
8.000000000000000444e-01 -5.692712701605191772e-02
8.500000000000000888e-01 -4.907737044463831438e-02
9.000000000000000222e-01 -4.105306793738820043e-02
9.500000000000000666e-01 -3.293084017193196461e-02
1.000000000000000000e+00 -2.471934063691394456e-02
1.050000000000000044e+00 -1.651700434671649412e-02
1.100000000000000089e+00 -8.317946083487862130e-03
1.150000000000000133e+00 -2.028002673595291519e-04
1.200000000000000178e+00 7.789379321040674868e-03
1.250000000000000000e+00 1.561990724220487133e-02
1.300000000000000044e+00 2.324021081273357908e-02
1.350000000000000089e+00 3.061942858199624348e-02
1.400000000000000133e+00 3.768795258070503640e-02
1.450000000000000178e+00 4.441738385156392133e-02
1.500000000000000000e+00 5.077960799163931671e-02
1.550000000000000044e+00 5.671908411883333501e-02
1.600000000000000089e+00 6.221592372160719697e-02
1.650000000000000133e+00 6.722818251821782720e-02
1.700000000000000178e+00 7.172662517194496046e-02
1.750000000000000000e+00 7.568905955011025199e-02
1.800000000000000044e+00 7.909227196039975150e-02
1.850000000000000089e+00 8.191586066897621476e-02
1.900000000000000133e+00 8.414359910086349759e-02
1.950000000000000178e+00 8.575987746549143531e-02
2.000000000000000000e+00 8.676018720700044706e-02
2.050000000000000266e+00 8.718622996291933158e-02
2.100000000000000089e+00 8.698661910820820742e-02
2.149999999999999911e+00 8.617326698966457088e-02
2.200000000000000178e+00 8.482189931603871524e-02
2.250000000000000000e+00 8.290254118731082977e-02
2.300000000000000266e+00 8.046166524517923968e-02
2.350000000000000089e+00 7.752401456314750305e-02
2.400000000000000355e+00 7.414100242193696899e-02
2.450000000000000178e+00 7.034266166094460537e-02
2.500000000000000000e+00 6.618019284841483718e-02
2.550000000000000266e+00 6.169537461876965778e-02
2.600000000000000089e+00 5.697777892168926633e-02
2.650000000000000355e+00 5.199696059188919223e-02
2.700000000000000178e+00 4.690479990305611302e-02
2.750000000000000000e+00 4.172331445580217124e-02
2.800000000000000266e+00 3.646404047099698065e-02
2.850000000000000089e+00 3.123451957668546899e-02
2.900000000000000355e+00 2.606696133780120675e-02
2.950000000000000178e+00 2.101142182346026760e-02
3.000000000000000000e+00 1.611022568434903116e-02
3.050000000000000266e+00 1.141049656272244764e-02
3.100000000000000089e+00 6.944408341742975069e-03
3.150000000000000355e+00 2.748895622372616015e-03
3.200000000000000178e+00 -1.150814167733093260e-03
3.250000000000000000e+00 -4.738095372828628540e-03
3.300000000000000266e+00 -7.991884190705584451e-03
3.350000000000000089e+00 -1.090491571443211530e-02
3.400000000000000355e+00 -1.346921475562803602e-02
3.450000000000000178e+00 -1.568748828695882419e-02
3.500000000000000000e+00 -1.756295654034284101e-02
3.550000000000000266e+00 -1.910488138649620027e-02
3.600000000000000089e+00 -2.032913099410713423e-02
3.650000000000000355e+00 -2.124154432664942735e-02
3.700000000000000178e+00 -2.188646242328316782e-02
3.750000000000000000e+00 -2.225582498281202665e-02
3.800000000000000266e+00 -2.237901700302978233e-02
3.850000000000000089e+00 -2.230043258351340971e-02
3.900000000000000355e+00 -2.202291169211085739e-02
3.950000000000000178e+00 -2.158098891064014896e-02
4.000000000000000000e+00 -2.099618430437267050e-02
4.049999999999999822e+00 -2.029028264455794150e-02
4.100000000000000533e+00 -1.950557270029812384e-02
4.150000000000000355e+00 -1.861003326000356187e-02
4.200000000000000178e+00 -1.768039762281129260e-02
4.250000000000000000e+00 -1.673502831560838219e-02
4.299999999999999822e+00 -1.573103430334357733e-02
4.350000000000000533e+00 -1.473964581341312419e-02
4.400000000000000355e+00 -1.374743129087093417e-02
4.450000000000000178e+00 -1.277224633623231034e-02
4.500000000000000000e+00 -1.182089802050129146e-02
4.549999999999999822e+00 -1.090052256545083302e-02
4.600000000000000533e+00 -1.001733538188765565e-02
4.650000000000000355e+00 -9.175393433191181281e-03
4.700000000000000178e+00 -8.377291435776550513e-03
4.750000000000000000e+00 -7.625859823281228370e-03
4.800000000000000711e+00 -6.921499420572208364e-03
4.850000000000000533e+00 -6.264947629889537108e-03
4.900000000000000355e+00 -5.655447349166411140e-03
4.950000000000000178e+00 -5.092598897860904812e-03
5.000000000000000000e+00 -4.575004773262522292e-03
5.050000000000000711e+00 -4.099483370748470239e-03
5.100000000000000533e+00 -3.670618097082938534e-03
5.150000000000000355e+00 -3.271033095579205154e-03
5.200000000000000178e+00 -2.915826713683291119e-03
5.250000000000000000e+00 -2.598302928762110005e-03
5.300000000000000711e+00 -2.305848105545862947e-03
5.350000000000000533e+00 -2.047180773258550079e-03
5.400000000000000355e+00 -1.815204187823573484e-03
5.450000000000000178e+00 -1.608540380873831489e-03
5.500000000000000000e+00 -1.424727092430510709e-03
5.550000000000000711e+00 -1.261640991170358533e-03
5.600000000000000533e+00 -1.117046281058893184e-03
5.650000000000000355e+00 -9.891915455977481290e-04
5.700000000000000178e+00 -8.759238253984415667e-04
5.750000000000000000e+00 -7.758799806746211969e-04
5.800000000000000711e+00 -6.870712408605681798e-04
5.850000000000000533e+00 -6.086618846903284067e-04
5.900000000000000355e+00 -5.387447986653463861e-04
5.950000000000000178e+00 -4.768082530017966566e-04
6.000000000000000000e+00 -4.217346407820229807e-04
6.050000000000000711e+00 -3.722629757770714426e-04
6.100000000000000533e+00 -3.283875161598054609e-04
6.150000000000000355e+00 -2.891646709721400568e-04
6.200000000000000178e+00 -2.539408150571443061e-04
6.250000000000000000e+00 -2.229353049414559899e-04
6.300000000000000711e+00 -1.948115668676420487e-04
6.350000000000000533e+00 -1.713548710993436990e-04
6.400000000000000355e+00 -1.456696914985476491e-04
6.450000000000000178e+00 -1.335309683019190649e-04
6.500000000000000000e+00 -1.119512090046573439e-04
6.550000000000000711e+00 -1.017557983566466380e-04
6.600000000000000533e+00 -8.496648178850819012e-05
6.650000000000000355e+00 -7.768235832454125505e-05
6.700000000000000178e+00 -6.816846165420295891e-05
6.750000000000000000e+00 -6.125594619861083191e-05
6.800000000000000711e+00 -5.504499757892591558e-05
6.850000000000000533e+00 -4.990449770861909832e-05
6.900000000000000355e+00 -4.563437363190149743e-05
6.950000000000000178e+00 -4.127907820917121087e-05
7.000000000000000000e+00 -3.929976439734458627e-05
7.050000000000000711e+00 -3.470448574463540377e-05
7.100000000000000533e+00 -3.064628393494667826e-05
7.150000000000000355e+00 -2.706227897921014479e-05
7.200000000000000178e+00 -2.389710071986824862e-05
7.250000000000000000e+00 -2.110170372321908504e-05
7.300000000000000711e+00 -1.863319443780728487e-05
7.350000000000000533e+00 -1.645325586176501936e-05
7.400000000000000355e+00 -1.452807208798150106e-05
7.450000000000000178e+00 -1.282812506496857235e-05
7.500000000000000000e+00 -1.132691324812123637e-05
7.550000000000000711e+00 -1.000130525678737628e-05
7.600000000000000533e+00 -8.830655086117536752e-06
7.650000000000000355e+00 -7.797003081608627593e-06
