0.000000000000000000e+00 0.000000000000000000e+00
5.000000000000000278e-02 1.489813668806392460e-11
1.000000000000000056e-01 4.759150103702830049e-10
1.500000000000000222e-01 3.603554916553520573e-09
2.000000000000000111e-01 1.512403761511216863e-08
2.500000000000000000e-01 4.591530843927647795e-08
3.000000000000000444e-01 1.135270360666573037e-07
3.500000000000000333e-01 2.435362343339906692e-07
4.000000000000000222e-01 4.707031966943710867e-07
4.500000000000000111e-01 8.398979894852565010e-07
5.000000000000000000e-01 1.406760487206313243e-06
5.500000000000000444e-01 2.238093661959362636e-06
6.000000000000000888e-01 3.411946523236519329e-06
6.500000000000000222e-01 5.017393863122673130e-06
7.000000000000000666e-01 7.154000996254576007e-06
7.500000000000000000e-01 9.930975751033296122e-06
8.000000000000000444e-01 1.346601529851153137e-05
8.500000000000000888e-01 1.788386175476698660e-05
9.000000000000000222e-01 2.331458670374221017e-05
9.500000000000000666e-01 2.989163074298435070e-05
1.000000000000000000e+00 3.774962973750575404e-05
1.050000000000000044e+00 4.702206456287282081e-05
1.100000000000000089e+00 5.783877561837052561e-05
1.150000000000000133e+00 7.032338719280671765e-05
1.200000000000000178e+00 8.459052954484279157e-05
1.250000000000000000e+00 1.007438506929370808e-04
1.300000000000000044e+00 1.188725641248572024e-04
1.350000000000000089e+00 1.390495924680833586e-04
1.400000000000000133e+00 1.613291501288108179e-04
1.450000000000000178e+00 1.857446780208623033e-04
1.500000000000000000e+00 2.123070356863929263e-04
1.550000000000000044e+00 2.410032747851785485e-04
1.600000000000000089e+00 2.717943526033984175e-04
1.650000000000000133e+00 3.046159857058353647e-04
1.700000000000000178e+00 3.393771541948875170e-04
1.750000000000000000e+00 3.759603774562416626e-04
1.800000000000000044e+00 4.142221459262958468e-04
1.850000000000000089e+00 4.539937805571691676e-04
1.900000000000000133e+00 4.950827149640437937e-04
1.950000000000000178e+00 5.372741870697405773e-04
2.000000000000000000e+00 5.803333190219387913e-04
2.050000000000000266e+00 6.240075564231133045e-04
2.100000000000000089e+00 6.680294306526620741e-04
2.149999999999999911e+00 7.121196014383162406e-04
2.200000000000000178e+00 7.559901310016463837e-04
2.250000000000000000e+00 7.993479361970754317e-04
2.300000000000000266e+00 8.418983612029119767e-04
2.350000000000000089e+00 8.833488106020304315e-04
2.400000000000000355e+00 9.234123811794835678e-04
2.450000000000000178e+00 9.618114305078633236e-04
2.500000000000000000e+00 9.982810214035004511e-04
2.550000000000000266e+00 1.032572183602838926e-03
2.600000000000000089e+00 1.064454937484604754e-03
2.650000000000000355e+00 1.093721029276929812e-03
2.700000000000000178e+00 1.120186332839471057e-03
2.750000000000000000e+00 1.143692879674136458e-03
2.800000000000000266e+00 1.164110486147340150e-03
2.850000000000000089e+00 1.181337954836822858e-03
2.900000000000000355e+00 1.195303835267263982e-03
2.950000000000000178e+00 1.205966737881899184e-03
3.000000000000000000e+00 1.213315203717611757e-03
3.050000000000000266e+00 1.217367140713734299e-03
3.100000000000000089e+00 1.218168716958916006e-03
3.150000000000000355e+00 1.215793515425412372e-03
3.200000000000000178e+00 1.210340027576061296e-03
3.250000000000000000e+00 1.201930257243844207e-03
3.300000000000000266e+00 1.190706809576389793e-03
3.350000000000000089e+00 1.176831117197499462e-03
3.400000000000000355e+00 1.160480219623156442e-03
3.450000000000000178e+00 1.141844088377175518e-03
3.500000000000000000e+00 1.121122752617046596e-03
3.550000000000000266e+00 1.098523415129008547e-03
3.600000000000000089e+00 1.074257609918692711e-03
3.650000000000000355e+00 1.048538449732686756e-03
3.700000000000000178e+00 1.021578007989179613e-03
3.750000000000000000e+00 9.935848748924861959e-04
3.800000000000000266e+00 9.647619220955715169e-04
3.850000000000000089e+00 9.353043043098531158e-04
3.900000000000000355e+00 9.053977199058235985e-04
3.950000000000000178e+00 8.752169459702302664e-04
4.000000000000000000e+00 8.449248246085614908e-04
4.049999999999999822e+00 8.146706988382576391e-04
4.100000000000000533e+00 7.845906192528475081e-04
4.150000000000000355e+00 7.548070390656682607e-04
4.200000000000000178e+00 7.254278512878445297e-04
4.250000000000000000e+00 6.965472309051925874e-04
4.299999999999999822e+00 6.682458284147120824e-04
4.350000000000000533e+00 6.405913220250411067e-04
4.400000000000000355e+00 6.136391279263826194e-04
4.450000000000000178e+00 5.874332383636530867e-04
4.500000000000000000e+00 5.620071567265692240e-04
4.549999999999999822e+00 5.373848991717627803e-04
4.600000000000000533e+00 5.135820333609940379e-04
4.650000000000000355e+00 4.906067266630494876e-04
4.700000000000000178e+00 4.684607785356841871e-04
4.750000000000000000e+00 4.471406146755858802e-04
4.800000000000000711e+00 4.266382237869190261e-04
4.850000000000000533e+00 4.069420213549153754e-04
4.900000000000000355e+00 3.880376285004447610e-04
4.950000000000000178e+00 3.699085577166317845e-04
5.000000000000000000e+00 3.525368009364577009e-04
5.050000000000000711e+00 3.359033188466135260e-04
5.100000000000000533e+00 3.199884335545181329e-04
5.150000000000000355e+00 3.047721295529210459e-04
5.200000000000000178e+00 2.902341825357122396e-04
5.250000000000000000e+00 2.763546611596410098e-04
5.300000000000000711e+00 2.631134519849860458e-04
5.350000000000000533e+00 2.504906594647101845e-04
5.400000000000000355e+00 2.384664954221454229e-04
5.450000000000000178e+00 2.270212354244356906e-04
5.500000000000000000e+00 2.161351586661978052e-04
5.550000000000000711e+00 2.057884821810551093e-04
5.600000000000000533e+00 1.959612989979683145e-04
5.650000000000000355e+00 1.866335283910639897e-04
5.700000000000000178e+00 1.777848816933102984e-04
5.750000000000000000e+00 1.693948627969172564e-04
5.800000000000000711e+00 1.614427807567070654e-04
5.850000000000000533e+00 1.539078033598934763e-04
5.900000000000000355e+00 1.467689914817142498e-04
5.950000000000000178e+00 1.400054548150443353e-04
