0.000000000000000000e+00 1.462230500395688277e-08
5.000000000000000278e-02 2.433896674550646970e-10
1.000000000000000056e-01 1.779961573625712007e-09
1.500000000000000222e-01 8.355217196398807122e-09
2.000000000000000111e-01 2.184483371581072658e-08
2.500000000000000000e-01 5.969365207883821355e-08
3.000000000000000444e-01 9.774875211734202623e-08
3.500000000000000333e-01 2.809981423102816400e-07
4.000000000000000222e-01 2.701175516457414929e-07
4.500000000000000111e-01 6.557042649491674764e-07
5.000000000000000000e-01 1.033798818646895268e-06
5.500000000000000444e-01 1.281347996954695446e-06
6.000000000000000888e-01 2.188663503916873951e-06
6.500000000000000222e-01 3.003344299546742379e-06
7.000000000000000666e-01 4.042459243350642320e-06
7.500000000000000000e-01 5.371167562733003880e-06
8.000000000000000444e-01 6.946593164104525444e-06
8.500000000000000888e-01 8.794076464529841522e-06
9.000000000000000222e-01 1.091004820355555979e-05
9.500000000000000666e-01 1.328716342069113346e-05
1.000000000000000000e+00 1.590642428991538278e-05
1.050000000000000044e+00 1.873859005029232012e-05
1.100000000000000089e+00 2.174448900587613675e-05
1.150000000000000133e+00 2.487445556146787525e-05
1.200000000000000178e+00 2.807075390586506099e-05
1.250000000000000000e+00 3.126801604142918434e-05
1.300000000000000044e+00 3.439526122598197911e-05
1.350000000000000089e+00 3.737863478852378852e-05
1.400000000000000133e+00 4.014089068468794933e-05
1.450000000000000178e+00 4.260976731697426015e-05
1.500000000000000000e+00 4.470898232977344589e-05
1.550000000000000044e+00 4.638659833208334820e-05
1.600000000000000089e+00 4.753482833660997936e-05
1.650000000000000133e+00 4.828902944797309034e-05
1.700000000000000178e+00 4.823933134939815888e-05
1.750000000000000000e+00 4.757717985783172117e-05
1.800000000000000044e+00 4.674737591992242678e-05
1.850000000000000089e+00 4.474307032723047077e-05
1.900000000000000133e+00 4.235772630999942923e-05
1.950000000000000178e+00 3.961314783479056033e-05
2.000000000000000000e+00 3.600980007591405603e-05
2.050000000000000266e+00 3.208799027812480074e-05
2.100000000000000089e+00 2.769360041254188305e-05
2.149999999999999911e+00 2.294056278121776686e-05
2.200000000000000178e+00 1.790592165327815338e-05
2.250000000000000000e+00 1.258620162824252360e-05
2.300000000000000266e+00 7.354468543829958014e-06
2.350000000000000089e+00 1.167142637279072360e-06
2.400000000000000355e+00 -2.885676052189870602e-06
2.450000000000000178e+00 -9.743864281628637704e-06
2.500000000000000000e+00 -1.443772215001050993e-05
2.550000000000000266e+00 -1.954298072073873668e-05
2.600000000000000089e+00 -2.443792884076372287e-05
2.650000000000000355e+00 -2.896851616461646158e-05
2.700000000000000178e+00 -3.318653805659175056e-05
2.750000000000000000e+00 -3.698397185285523249e-05
2.800000000000000266e+00 -4.045194983525727715e-05
2.850000000000000089e+00 -4.342363104676161284e-05
2.900000000000000355e+00 -4.596627774931712353e-05
2.950000000000000178e+00 -4.808882150203290100e-05
3.000000000000000000e+00 -4.955449331398602877e-05
3.050000000000000266e+00 -5.105659673606865377e-05
3.100000000000000089e+00 -5.132101285247445453e-05
3.150000000000000355e+00 -5.165644797645213196e-05
3.200000000000000178e+00 -5.149013379011833068e-05
3.250000000000000000e+00 -5.070575079589748844e-05
3.300000000000000266e+00 -4.959299157820909763e-05
3.350000000000000089e+00 -4.801737970597119861e-05
3.400000000000000355e+00 -4.611130798730764702e-05
3.450000000000000178e+00 -4.377570207938249173e-05
3.500000000000000000e+00 -4.118112868773580554e-05
3.550000000000000266e+00 -3.810563018472015766e-05
3.600000000000000089e+00 -3.542289142292773626e-05
3.650000000000000355e+00 -3.097537230974566953e-05
3.700000000000000178e+00 -2.829147330980691296e-05
3.750000000000000000e+00 -2.436578162675053449e-05
3.800000000000000266e+00 -2.036154486544070299e-05
3.850000000000000089e+00 -1.657624121545705464e-05
3.900000000000000355e+00 -1.280661922083816977e-05
3.950000000000000178e+00 -8.903374172695990109e-06
4.000000000000000000e+00 -5.283789688604896715e-06
4.049999999999999822e+00 -1.670118501696045715e-06
4.100000000000000533e+00 1.714272257696410894e-06
4.150000000000000355e+00 4.740677057744756559e-06
4.200000000000000178e+00 8.231722448997118299e-06
4.250000000000000000e+00 9.771074223160114338e-06
4.299999999999999822e+00 1.316840857907359095e-05
4.350000000000000533e+00 1.487834299157932576e-05
4.400000000000000355e+00 1.673944112922880794e-05
4.450000000000000178e+00 1.810151965999827882e-05
4.500000000000000000e+00 1.932239136753287985e-05
4.549999999999999822e+00 2.023058049112016303e-05
4.600000000000000533e+00 2.081340479355157556e-05
4.650000000000000355e+00 2.116360755296345126e-05
4.700000000000000178e+00 2.126822334746912414e-05
4.750000000000000000e+00 2.123636074440553013e-05
4.800000000000000711e+00 2.042255934134189186e-05
4.850000000000000533e+00 2.100697823052067434e-05
4.900000000000000355e+00 1.944246045303091945e-05
4.950000000000000178e+00 1.892924459429373382e-05
5.000000000000000000e+00 1.831477550139433061e-05
5.050000000000000711e+00 1.705519226784738679e-05
5.100000000000000533e+00 1.635819771161630646e-05
5.150000000000000355e+00 1.519926856541572176e-05
5.200000000000000178e+00 1.421431835171650240e-05
5.250000000000000000e+00 1.310987452761908460e-05
5.300000000000000711e+00 1.211169490883144094e-05
5.350000000000000533e+00 1.092383191166633006e-05
5.400000000000000355e+00 1.042307003842891900e-05
5.450000000000000178e+00 8.374099169442939634e-06
5.500000000000000000e+00 8.509703438937496917e-06
5.550000000000000711e+00 6.506475428411658540e-06
5.600000000000000533e+00 7.157528142297417295e-06
5.650000000000000355e+00 4.886650601768568053e-06
5.700000000000000178e+00 4.694361213915981551e-06
5.750000000000000000e+00 3.841778128414944149e-06
5.800000000000000711e+00 3.186890680480358316e-06
5.850000000000000533e+00 2.526236904146660883e-06
5.900000000000000355e+00 1.973753671578882887e-06
5.950000000000000178e+00 1.455064215835801659e-06
6.000000000000000000e+00 7.231579662659046113e-07
6.050000000000000711e+00 1.005681397361087527e-06
6.100000000000000533e+00 -2.361116314436970287e-08
6.150000000000000355e+00 -1.327339354867343062e-07
6.200000000000000178e+00 -4.181359589506193718e-07
6.250000000000000000e+00 -6.243714034298767703e-07
6.300000000000000711e+00 -7.331349082359909135e-07
6.350000000000000533e+00 -9.200823502653063020e-07
6.400000000000000355e+00 -1.069445277511552953e-06
6.450000000000000178e+00 -9.994220853151077755e-07
6.500000000000000000e+00 -1.365600823236817515e-06
6.550000000000000711e+00 -5.203273758089073672e-07
6.600000000000000533e+00 -2.249765717114189024e-06
6.650000000000000355e+00 -5.208807696623680914e-07
6.700000000000000178e+00 -1.452762549781375693e-06
6.750000000000000000e+00 -1.170092170947773330e-06
6.800000000000000711e+00 -1.041875587858995159e-06
6.850000000000000533e+00 -1.381300831996528079e-06
6.900000000000000355e+00 -9.838760192607588326e-07
6.950000000000000178e+00 -1.251285984920183103e-06
7.000000000000000000e+00 -1.094256506120028417e-06
7.050000000000000711e+00 -1.162535880201082673e-06
7.100000000000000533e+00 -9.426488534386669900e-07
7.150000000000000355e+00 -1.639796768911557464e-06
7.200000000000000178e+00 -2.121369916385391583e-07
7.250000000000000000e+00 -1.484351706582297109e-06
7.300000000000000711e+00 -8.512054482630615021e-07
7.350000000000000533e+00 -9.826608458246050838e-07
7.400000000000000355e+00 -1.031085354998645477e-06
7.450000000000000178e+00 -6.720124012252517575e-07
7.500000000000000000e+00 -9.746483169318572502e-07
7.550000000000000711e+00 -6.620199879769515495e-07
7.600000000000000533e+00 -7.324641095884751989e-07
7.650000000000000355e+00 -6.253169331270957937e-07
7.700000000000000178e+00 -6.630622949467321856e-07
7.750000000000000000e+00 -1.538799720961307782e-07
7.800000000000000711e+00 -1.180257364838087514e-06
7.850000000000000533e+00 -7.810014821647456795e-08
7.900000000000000355e+00 -5.152518435816919091e-07
7.950000000000000178e+00 -4.092736633025572681e-07
8.000000000000000000e+00 -2.426647896866587317e-07
8.050000000000000711e+00 -5.231761735385904437e-07
8.099999999999999645e+00 -2.830749440009095486e-07
8.150000000000000355e+00 -3.001530194004832032e-07
8.200000000000001066e+00 -3.840060114537057779e-07
8.250000000000000000e+00 -4.209935146140998942e-07
8.300000000000000711e+00 -1.674585183024138333e-07
8.349999999999999645e+00 -7.733397936456641041e-07
8.400000000000000355e+00 2.788737357749118020e-07
8.450000000000001066e+00 -6.770433863109787038e-07
8.500000000000000000e+00 -2.888861338355785633e-07
8.550000000000000711e+00 -3.067856974995643268e-07
8.599999999999999645e+00 -2.984215721351344515e-07
8.650000000000000355e+00 -4.613330039018930512e-07
8.700000000000001066e+00 -7.633121809824189255e-08
8.750000000000000000e+00 -3.609670762625720245e-07
8.800000000000000711e+00 -2.075770601817567392e-07
8.849999999999999645e+00 -2.242872940287205940e-07
8.900000000000000355e+00 -1.714542533369832825e-07
8.950000000000001066e+00 -2.289850215627794423e-07
9.000000000000000000e+00 -2.289316893999162944e-08
9.050000000000000711e+00 -2.744863696621698350e-07
9.099999999999999645e+00 -1.193320416640997604e-08
9.150000000000000355e+00 -1.967350795136329870e-07
9.200000000000001066e+00 -9.290870580181798800e-08
9.250000000000000000e+00 4.343255231392495408e-08
9.300000000000000711e+00 -2.980812890998005952e-07
9.349999999999999645e+00 -1.372730637955427686e-08
9.400000000000000355e+00 -1.438223816488654944e-07
9.450000000000001066e+00 -1.138730185195621772e-07
9.500000000000000000e+00 -1.476909302596356687e-07
9.550000000000000711e+00 -8.704109697372379339e-08
9.600000000000001421e+00 -2.464001467949010171e-07
9.650000000000000355e+00 -5.345555389639075367e-08
9.700000000000001066e+00 -1.659382104087756725e-07
9.750000000000000000e+00 -1.551004264569546768e-07
9.800000000000000711e+00 -1.066779728256994316e-07
9.850000000000001421e+00 -2.564216727157036051e-07
9.900000000000000355e+00 -3.495122059241411249e-08
9.950000000000001066e+00 1.887857333473934818e-07
1.000000000000000000e+01 -8.551424946858133685e-08
1.005000000000000071e+01 -8.285731677172398266e-08
1.010000000000000142e+01 -8.028176641217863523e-08
1.015000000000000036e+01 -7.778492746918071259e-08
1.020000000000000107e+01 -7.536355865573117530e-08
1.025000000000000000e+01 -7.301596644157591013e-08
1.030000000000000071e+01 -7.073986540235950648e-08
1.035000000000000142e+01 -6.853137779474262335e-08
1.040000000000000036e+01 -6.639202946183894657e-08
1.045000000000000107e+01 -6.432023820772123742e-08
1.050000000000000000e+01 -6.230784564415569013e-08
1.055000000000000071e+01 -6.035865682418770193e-08
1.060000000000000142e+01 -5.846963463784950788e-08
1.065000000000000036e+01 -5.663645745035040640e-08
1.070000000000000107e+01 -5.486208334105671292e-08
1.075000000000000000e+01 -5.314244699312357532e-08
1.080000000000000071e+01 -5.147435992104697753e-08
1.085000000000000142e+01 -4.985792573076061026e-08
1.090000000000000036e+01 -4.829135659958194618e-08
1.095000000000000107e+01 -4.677234994487038014e-08
