0.000000000000000000e+00 0.000000000000000000e+00
5.000000000000000278e-02 -3.947024144475022257e-08
1.000000000000000056e-01 -3.151972112257597025e-07
1.500000000000000222e-01 -1.060620828209341456e-06
2.000000000000000111e-01 -2.503579017641788457e-06
2.500000000000000000e-01 -4.863585456082191926e-06
3.000000000000000444e-01 -8.349200908349694108e-06
3.500000000000000333e-01 -1.315552786384780845e-05
4.000000000000000222e-01 -1.946185691606341900e-05
4.500000000000000111e-01 -2.742949176635783723e-05
5.000000000000000000e-01 -3.719977788232458135e-05
5.500000000000000444e-01 -4.889235771495209997e-05
6.000000000000000888e-01 -6.260367299255119680e-05
6.500000000000000222e-01 -7.840573197982884685e-05
7.000000000000000666e-01 -9.634515673659828242e-05
7.500000000000000000e-01 -1.164425223535415864e-04
8.000000000000000444e-01 -1.386919969056274698e-04
8.500000000000000888e-01 -1.630612874731725617e-04
9.000000000000000222e-01 -1.894918940648047403e-04
9.500000000000000666e-01 -2.178996696673933108e-04
1.000000000000000000e+00 -2.481756809801935687e-04
1.050000000000000044e+00 -2.801873607022293080e-04
1.100000000000000089e+00 -3.137799385749327047e-04
1.150000000000000133e+00 -3.487781347813352357e-04
1.200000000000000178e+00 -3.849880958168677399e-04
1.250000000000000000e+00 -4.221995496261539979e-04
1.300000000000000044e+00 -4.601881536982988180e-04
1.350000000000000089e+00 -4.987180069847689827e-04
1.400000000000000133e+00 -5.375442940040176800e-04
1.450000000000000178e+00 -5.764160273796651093e-04
1.500000000000000000e+00 -6.150788533760688341e-04
1.550000000000000044e+00 -6.532778837943774850e-04
1.600000000000000089e+00 -6.907605169158873796e-04
1.650000000000000133e+00 -7.272792100626604634e-04
1.700000000000000178e+00 -7.625941668138070274e-04
1.750000000000000000e+00 -7.964759029849337270e-04
1.800000000000000044e+00 -8.287076571514216368e-04
1.850000000000000089e+00 -8.590876137637539281e-04
1.900000000000000133e+00 -8.874309097416322118e-04
1.950000000000000178e+00 -9.135713988055142861e-04
2.000000000000000000e+00 -9.373631516577777840e-04
2.050000000000000266e+00 -9.586816743959003084e-04
2.100000000000000089e+00 -9.774248321492936577e-04
2.149999999999999911e+00 -9.935134697913895058e-04
2.200000000000000178e+00 -1.006891726592089873e-03
2.250000000000000000e+00 -1.017527046739166849e-03
2.300000000000000266e+00 -1.025409892663357858e-03
2.350000000000000089e+00 -1.030553172942763433e-03
2.400000000000000355e+00 -1.032991401132179804e-03
2.450000000000000178e+00 -1.032779606062043595e-03
2.500000000000000000e+00 -1.029992017888286529e-03
2.550000000000000266e+00 -1.024720557368364367e-03
2.600000000000000089e+00 -1.017073158423710197e-03
2.650000000000000355e+00 -1.007171955974436612e-03
2.700000000000000178e+00 -9.951513722652306857e-04
2.750000000000000000e+00 -9.811561354275107408e-04
2.800000000000000266e+00 -9.653392638461847633e-04
2.850000000000000089e+00 -9.478600490425424015e-04
2.900000000000000355e+00 -9.288820682881751513e-04
2.950000000000000178e+00 -9.085712560848944455e-04
3.000000000000000000e+00 -8.870940610529554982e-04
3.050000000000000266e+00 -8.646157117468020138e-04
3.100000000000000089e+00 -8.412986115551522029e-04
3.150000000000000355e+00 -8.173008792374836804e-04
3.200000000000000178e+00 -7.927750479015007031e-04
3.250000000000000000e+00 -7.678669314349318657e-04
3.300000000000000266e+00 -7.427146636655953572e-04
3.350000000000000089e+00 -7.174479119250175589e-04
3.400000000000000355e+00 -6.921872633132590330e-04
3.450000000000000178e+00 -6.670437788750717282e-04
3.500000000000000000e+00 -6.421187081567222886e-04
3.550000000000000266e+00 -6.175033542617099601e-04
3.600000000000000089e+00 -5.932790775909015275e-04
3.650000000000000355e+00 -5.695174249528953169e-04
3.700000000000000178e+00 -5.462803696645292468e-04
3.750000000000000000e+00 -5.236206476175515228e-04
3.800000000000000266e+00 -5.015821740422966163e-04
3.850000000000000089e+00 -4.802005258198714936e-04
3.900000000000000355e+00 -4.595034746401774166e-04
3.950000000000000178e+00 -4.395115570276188145e-04
4.000000000000000000e+00 -4.202386682096248094e-04
4.049999999999999822e+00 -4.016926679334738726e-04
4.100000000000000533e+00 -3.838759875931872898e-04
4.150000000000000355e+00 -3.667862293613365315e-04
4.200000000000000178e+00 -3.504167493849705685e-04
4.250000000000000000e+00 -3.347572184598543530e-04
4.299999999999999822e+00 -3.197941549077647650e-04
4.350000000000000533e+00 -3.055114256190121576e-04
4.400000000000000355e+00 -2.918907123643283861e-04
4.450000000000000178e+00 -2.789119415109760211e-04
4.500000000000000000e+00 -2.665536761876701952e-04
4.549999999999999822e+00 -2.547934707274864615e-04
4.600000000000000533e+00 -2.436081878781470162e-04
4.650000000000000355e+00 -2.329742798096264467e-04
4.700000000000000178e+00 -2.228680343779157241e-04
4.750000000000000000e+00 -2.132657884311503895e-04
4.800000000000000711e+00 -2.041441101817877547e-04
4.850000000000000533e+00 -1.954799528282918561e-04
4.900000000000000355e+00 -1.872507817039788345e-04
4.950000000000000178e+00 -1.794346772708038554e-04
5.000000000000000000e+00 -1.720104162723786834e-04
5.050000000000000711e+00 -1.649575333225437065e-04
5.100000000000000533e+00 -1.582563651410762943e-04
5.150000000000000355e+00 -1.518880795628157337e-04
5.200000000000000178e+00 -1.458346913454927488e-04
5.250000000000000000e+00 -1.400790666885159410e-04
5.300000000000000711e+00 -1.346049182525740223e-04
5.350000000000000533e+00 -1.293967923401260925e-04
5.400000000000000355e+00 -1.244400497611774321e-04
5.450000000000000178e+00 -1.197208417684407982e-04
5.500000000000000000e+00 -1.152260823023480669e-04
5.550000000000000711e+00 -1.109434176407782279e-04
5.600000000000000533e+00 -1.068611944024441671e-04
5.650000000000000355e+00 -1.029684267085236661e-04
5.700000000000000178e+00 -9.925476316646182444e-05
5.750000000000000000e+00 -9.571045420523840606e-05
5.800000000000000711e+00 -9.232632016515368990e-05
5.850000000000000533e+00 -8.909372042964913295e-05
5.900000000000000355e+00 -8.600452378394529218e-05
5.950000000000000178e+00 -8.305108009705744682e-05
6.000000000000000000e+00 -8.022619335129352693e-05
6.050000000000000711e+00 -7.752309598727987470e-05
6.100000000000000533e+00 -7.493542449290614433e-05
6.150000000000000355e+00 -7.245719614063960616e-05
6.200000000000000178e+00 -7.008278676812474122e-05
6.250000000000000000e+00 -6.780690949994342385e-05
6.300000000000000711e+00 -6.562459432150930417e-05
6.350000000000000533e+00 -6.353116843660903306e-05
6.400000000000000355e+00 -6.152223736520794507e-05
6.450000000000000178e+00 -5.959366676496265648e-05
6.500000000000000000e+00 -5.774156498570741049e-05
6.550000000000000711e+00 -5.596226638863518744e-05
6.600000000000000533e+00 -5.425231547905490269e-05
6.650000000000000355e+00 -5.260845191207639941e-05
6.700000000000000178e+00 -5.102759643359208117e-05
6.750000000000000000e+00 -4.950683781433765806e-05
6.800000000000000711e+00 -4.804342082307105894e-05
6.850000000000000533e+00 -4.663473526701569658e-05
6.900000000000000355e+00 -4.527830610509345086e-05
6.950000000000000178e+00 -4.397178461390593361e-05
7.000000000000000000e+00 -4.271294055983550827e-05
7.050000000000000711e+00 -4.149965530502674430e-05
7.100000000000000533e+00 -4.032991575223788779e-05
7.150000000000000355e+00 -3.920180901526289599e-05
7.200000000000000178e+00 -3.811351768909969020e-05
7.250000000000000000e+00 -3.706331558813403610e-05
7.300000000000000711e+00 -3.604956382169437678e-05
7.350000000000000533e+00 -3.507070708429109663e-05
7.400000000000000355e+00 -3.412527005207769434e-05
7.450000000000000178e+00 -3.321185379655417906e-05
7.500000000000000000e+00 -3.232913214989957253e-05
7.550000000000000711e+00 -3.147584798198633908e-05
7.600000000000000533e+00 -3.065080937536126751e-05
7.650000000000000355e+00 -2.985288570956666485e-05
7.700000000000000178e+00 -2.908100368851509148e-05
7.750000000000000000e+00 -2.833414336284455185e-05
7.800000000000000711e+00 -2.761133421222043973e-05
7.850000000000000533e+00 -2.691165135972226630e-05
7.900000000000000355e+00 -2.623421199150924668e-05
7.950000000000000178e+00 -2.557817205005179543e-05
8.000000000000000000e+00 -2.494272325891945633e-05
8.050000000000000711e+00 -2.432709052234027401e-05
8.099999999999999645e+00 -2.373052972469546221e-05
8.150000000000000355e+00 -2.315232593517184179e-05
8.200000000000001066e+00 -2.259179200244707569e-05
8.250000000000000000e+00 -2.204826750498687740e-05
8.300000000000000711e+00 -2.152111800564402675e-05
8.349999999999999645e+00 -2.100973454591375717e-05
8.400000000000000355e+00 -2.051353330627839907e-05
8.450000000000001066e+00 -2.003195535511053754e-05
8.500000000000000000e+00 -1.956446640976999197e-05
8.550000000000000711e+00 -1.911055653964461202e-05
8.599999999999999645e+00 -1.866973975141969386e-05
8.650000000000000355e+00 -1.824155341099834284e-05
8.700000000000001066e+00 -1.782555747318496431e-05
8.750000000000000000e+00 -1.742133350828139405e-05
8.800000000000000711e+00 -1.702848353286351586e-05
8.849999999999999645e+00 -1.664662866896446074e-05
8.900000000000000355e+00 -1.627540767054908502e-05
8.950000000000001066e+00 -1.591447536758029121e-05
9.000000000000000000e+00 -1.556350108545040189e-05
9.050000000000000711e+00 -1.522216710065999559e-05
9.099999999999999645e+00 -1.489016719228354488e-05
9.150000000000000355e+00 -1.456720534316369976e-05
9.200000000000001066e+00 -1.425299463542977422e-05
9.250000000000000000e+00 -1.394725637258300430e-05
9.300000000000000711e+00 -1.364971944596689157e-05
9.349999999999999645e+00 -1.336011994800439879e-05
9.400000000000000355e+00 -1.307820101923050645e-05
9.450000000000001066e+00 -1.280371290195512453e-05
9.500000000000000000e+00 -1.253641316131470550e-05
9.550000000000000711e+00 -1.227606702530792719e-05
9.600000000000001421e+00 -1.202244778973576490e-05
9.650000000000000355e+00 -1.177533723209530995e-05
9.700000000000001066e+00 -1.153452598045847613e-05
9.750000000000000000e+00 -1.129981378897861554e-05
9.800000000000000711e+00 -1.107100968044358515e-05
9.850000000000001421e+00 -1.084793192755588678e-05
9.900000000000000355e+00 -1.063040785753090238e-05
9.950000000000001066e+00 -1.041827347824108970e-05
1.000000000000000000e+01 -1.021137293753015597e-05
1.005000000000000071e+01 -1.000955783955798540e-05
1.010000000000000142e+01 -9.812686452296088483e-06
1.015000000000000036e+01 -9.620622847904262122e-06
1.020000000000000107e+01 -9.433236022217862134e-06
1.025000000000000000e+01 -9.250399040721153998e-06
1.030000000000000071e+01 -9.071988256166606604e-06
1.035000000000000142e+01 -8.897882637660199908e-06
1.040000000000000036e+01 -8.727963243001555876e-06
1.045000000000000107e+01 -8.562112855971367522e-06
1.050000000000000000e+01 -8.400215798837403432e-06
1.055000000000000071e+01 -8.242157918433929545e-06
1.060000000000000142e+01 -8.087826732596355107e-06
1.065000000000000036e+01 -7.937111713298807203e-06
1.070000000000000107e+01 -7.789904674255121626e-06
1.075000000000000000e+01 -7.646100224556846568e-06
1.080000000000000071e+01 -7.505596246519365785e-06
1.085000000000000142e+01 -7.368294355468830401e-06
1.090000000000000036e+01 -7.234100301692662085e-06
1.095000000000000107e+01 -7.102924279969773828e-06
1.100000000000000000e+01 -6.974681119569626394e-06
1.105000000000000071e+01 -6.849290336800134743e-06
1.110000000000000142e+01 -6.726676042418305978e-06
1.115000000000000036e+01 -6.606766706762368757e-06
1.120000000000000107e+01 -6.489494795581526388e-06
1.125000000000000000e+01 -6.374796298532504473e-06
1.130000000000000071e+01 -6.262610179585101297e-06
1.135000000000000142e+01 -6.152877783654064840e-06
1.140000000000000036e+01 -6.045542236349896050e-06
1.145000000000000107e+01 -5.940547873685464417e-06
1.150000000000000000e+01 -5.837839735948091674e-06
1.155000000000000071e+01 -5.737363154979869178e-06
1.160000000000000142e+01 -5.639063457198872151e-06
1.165000000000000036e+01 -5.542885796359046726e-06
1.170000000000000107e+01 -5.448775120893179081e-06
1.175000000000000000e+01 -5.356676271371292551e-06
1.180000000000000071e+01 -5.266534194780995344e-06
1.185000000000000142e+01 -5.178294254604636419e-06
1.190000000000000036e+01 -5.091902609550628957e-06
1.195000000000000107e+01 -5.007306629679929139e-06
1.200000000000000000e+01 -4.924455316809396879e-06
1.205000000000000071e+01 -4.843299696551573906e-06
1.210000000000000142e+01 -4.763793152087405080e-06
1.215000000000000036e+01 -4.685891674535221880e-06
1.220000000000000107e+01 -4.609554011195364786e-06
1.225000000000000000e+01 -4.534741700548247197e-06
1.230000000000000071e+01 -4.461418991099616298e-06
1.235000000000000142e+01 -4.389552649428811220e-06
1.240000000000000036e+01 -4.319111670516235298e-06
1.245000000000000107e+01 -4.250066910085961781e-06
1.250000000000000000e+01 -4.182390663848412428e-06
1.255000000000000071e+01 -4.116056221840651165e-06
1.260000000000000142e+01 -4.051037427338538079e-06
1.265000000000000036e+01 -3.987308269009426797e-06
1.270000000000000107e+01 -3.924842532175917531e-06
1.275000000000000000e+01 -3.863613530510687498e-06
1.280000000000000071e+01 -3.803593933523710103e-06
1.285000000000000142e+01 -3.744755698281750834e-06
1.290000000000000036e+01 -3.687070106416868544e-06
1.295000000000000107e+01 -3.630507900159276156e-06
1.300000000000000000e+01 -3.575039504380371808e-06
1.305000000000000071e+01 -3.520635315916129770e-06
1.310000000000000142e+01 -3.467266037137016230e-06
1.315000000000000036e+01 -3.414903028118061661e-06
1.320000000000000107e+01 -3.363518650984981327e-06
1.325000000000000000e+01 -3.313086581101567312e-06
1.330000000000000071e+01 -3.263582062596239112e-06
1.335000000000000142e+01 -3.214982090087940408e-06
1.340000000000000036e+01 -3.167265504012872314e-06
1.345000000000000107e+01 -3.120412993284012085e-06
1.350000000000000000e+01 -3.074407005660069960e-06
1.355000000000000071e+01 -3.029231572704217593e-06
1.360000000000000142e+01 -2.984872062112133274e-06
1.365000000000000036e+01 -2.941314875087101213e-06
1.370000000000000107e+01 -2.898547110010947765e-06
1.375000000000000000e+01 -2.856556215675540948e-06
1.380000000000000071e+01 -2.815329657688198465e-06
1.385000000000000142e+01 -2.774854620349104655e-06
1.390000000000000036e+01 -2.735117763442713239e-06
1.395000000000000107e+01 -2.696105049212453975e-06
1.400000000000000000e+01 -2.657801649617034004e-06
1.405000000000000071e+01 -2.620191938174992032e-06
1.410000000000000142e+01 -2.583259564708563990e-06
1.415000000000000036e+01 -2.546987605525586656e-06
1.420000000000000107e+01 -2.511358776424363259e-06
1.425000000000000000e+01 -2.476355691729008660e-06
1.430000000000000071e+01 -2.441961149633620531e-06
1.435000000000000142e+01 -2.408158422638672827e-06
1.440000000000000036e+01 -2.374931531886543269e-06
1.445000000000000107e+01 -2.342265485710497221e-06
1.450000000000000000e+01 -2.310146465584169412e-06
1.455000000000000071e+01 -2.278561946658191512e-06
1.460000000000000142e+01 -2.247500744911850688e-06
1.465000000000000036e+01 -2.216952988265124961e-06
1.470000000000000107e+01 -2.186910014416765076e-06
1.475000000000000000e+01 -2.157364203308966427e-06
1.480000000000000071e+01 -2.128308756617580634e-06
1.485000000000000142e+01 -2.099737440216130050e-06
1.490000000000000036e+01 -2.071644307934392637e-06
1.495000000000000107e+01 -2.044023425974304722e-06
