0.000000000000000000e+00 0.000000000000000000e+00
5.000000000000000278e-02 1.299567666418447233e-07
1.000000000000000056e-01 5.279433353274160617e-07
1.500000000000000222e-01 1.218148526006879058e-06
2.000000000000000111e-01 2.240357190172804571e-06
2.500000000000000000e-01 3.649167376655025788e-06
3.000000000000000444e-01 5.512917886968372173e-06
3.500000000000000333e-01 7.912348931829168362e-06
4.000000000000000222e-01 1.093902396417773875e-05
4.500000000000000111e-01 1.469354534190422128e-05
5.000000000000000000e-01 1.928360015224460706e-05
5.500000000000000444e-01 2.482187522884072152e-05
6.000000000000000888e-01 3.142388206599097477e-05
6.500000000000000222e-01 3.920573297264794409e-05
7.000000000000000666e-01 4.828190943630245014e-05
7.500000000000000000e-01 5.876306234205695857e-05
8.000000000000000444e-01 7.075388150246175528e-05
8.500000000000000888e-01 8.435106901155560433e-05
9.000000000000000222e-01 9.964144737392778323e-05
9.500000000000000666e-01 1.167002293217575916e-04
1.000000000000000000e+00 1.355894718717610449e-04
1.050000000000000044e+00 1.563567326422263108e-04
1.100000000000000089e+00 1.790339418943556065e-04
1.150000000000000133e+00 2.036364993168746985e-04
1.200000000000000178e+00 2.301626003567239253e-04
1.250000000000000000e+00 2.585927930095963372e-04
1.300000000000000044e+00 2.888897624969416359e-04
1.350000000000000089e+00 3.209983382209033432e-04
1.400000000000000133e+00 3.548457148306330628e-04
1.450000000000000178e+00 3.903418771536089652e-04
1.500000000000000000e+00 4.273802171232013534e-04
1.550000000000000044e+00 4.658383296290447028e-04
1.600000000000000089e+00 5.055789733751684615e-04
1.650000000000000133e+00 5.464511822869966848e-04
1.700000000000000178e+00 5.882915126911454065e-04
1.750000000000000000e+00 6.309254113291652352e-04
1.800000000000000044e+00 6.741686891892566084e-04
1.850000000000000089e+00 7.178290860873552497e-04
1.900000000000000133e+00 7.617079108508602618e-04
1.950000000000000178e+00 8.056017418183404524e-04
2.000000000000000000e+00 8.493041721462576965e-04
2.050000000000000266e+00 8.926075841047359473e-04
2.100000000000000089e+00 9.353049361605567102e-04
2.149999999999999911e+00 9.771915462137383858e-04
2.200000000000000178e+00 1.018066853913947127e-03
2.250000000000000000e+00 1.057736144584555142e-03
2.300000000000000266e+00 1.096012216981957950e-03
2.350000000000000089e+00 1.132716976975560756e-03
2.400000000000000355e+00 1.167682939308456718e-03
2.450000000000000178e+00 1.200754619944349169e-03
2.500000000000000000e+00 1.231789802168625639e-03
2.550000000000000266e+00 1.260660660625031061e-03
2.600000000000000089e+00 1.287254728854638581e-03
2.650000000000000355e+00 1.311475697665343563e-03
2.700000000000000178e+00 1.333244033785957461e-03
2.750000000000000000e+00 1.352497410720134366e-03
2.800000000000000266e+00 1.369190946466753442e-03
2.850000000000000089e+00 1.383297245755308377e-03
2.900000000000000355e+00 1.394806247585422604e-03
2.950000000000000178e+00 1.403724882077184155e-03
3.000000000000000000e+00 1.410076543846290392e-03
3.050000000000000266e+00 1.413900392224716951e-03
3.100000000000000089e+00 1.415250491565122866e-03
3.150000000000000355e+00 1.414194807511461689e-03
3.200000000000000178e+00 1.410814077413615267e-03
3.250000000000000000e+00 1.405200574945903716e-03
3.300000000000000266e+00 1.397456790407481048e-03
3.350000000000000089e+00 1.387694049101737513e-03
3.400000000000000355e+00 1.376031090593749298e-03
3.450000000000000178e+00 1.362592631528273179e-03
3.500000000000000000e+00 1.347507934071530368e-03
3.550000000000000266e+00 1.330909400949552767e-03
3.600000000000000089e+00 1.312931216539813895e-03
3.650000000000000355e+00 1.293708051589043985e-03
3.700000000000000178e+00 1.273373846945617975e-03
3.750000000000000000e+00 1.252060689283511280e-03
3.800000000000000266e+00 1.229897789233982399e-03
3.850000000000000089e+00 1.207010569708850088e-03
3.900000000000000355e+00 1.183519869571277895e-03
3.950000000000000178e+00 1.159541265257393785e-03
4.000000000000000000e+00 1.135184510538550908e-03
4.049999999999999822e+00 1.110553092394612812e-03
4.100000000000000533e+00 1.085743898987776923e-03
4.150000000000000355e+00 1.060846994017544762e-03
4.200000000000000178e+00 1.035945490322488045e-03
4.250000000000000000e+00 1.011115514483855405e-03
4.299999999999999822e+00 9.864262533796988325e-04
4.350000000000000533e+00 9.619400731261212563e-04
4.400000000000000355e+00 9.377127006059653288e-04
4.450000000000000178e+00 9.137934577994746366e-04
4.500000000000000000e+00 8.902255393656189220e-04
4.549999999999999822e+00 8.670463243425929369e-04
4.600000000000000533e+00 8.442877134057283611e-04
4.650000000000000355e+00 8.219764838042573768e-04
4.700000000000000178e+00 8.001346548601230308e-04
4.750000000000000000e+00 7.787798577196249853e-04
4.800000000000000711e+00 7.579257038726955938e-04
4.850000000000000533e+00 7.375821477697964805e-04
4.900000000000000355e+00 7.177558396516938105e-04
4.950000000000000178e+00 6.984504654465865285e-04
5.000000000000000000e+00 6.796670712701799802e-04
5.050000000000000711e+00 6.614043706798538756e-04
5.100000000000000533e+00 6.436590333801929086e-04
5.150000000000000355e+00 6.264259545532737793e-04
5.200000000000000178e+00 6.096985043953422143e-04
5.250000000000000000e+00 5.934687577858183518e-04
5.300000000000000711e+00 5.777277043004083517e-04
5.350000000000000533e+00 5.624654390136000527e-04
5.400000000000000355e+00 5.476713347233140702e-04
5.450000000000000178e+00 5.333341963783054356e-04
5.500000000000000000e+00 5.194423986026848808e-04
5.550000000000000711e+00 5.059840072968313377e-04
5.600000000000000533e+00 4.929468863541736166e-04
5.650000000000000355e+00 4.803187905723371189e-04
5.700000000000000178e+00 4.680874458576861721e-04
5.750000000000000000e+00 4.562406178264258793e-04
5.800000000000000711e+00 4.447661698947746574e-04
5.850000000000000533e+00 4.336521119265926969e-04
5.900000000000000355e+00 4.228866404704037388e-04
5.950000000000000178e+00 4.124581715701840451e-04
6.000000000000000000e+00 4.023553670768821480e-04
6.050000000000000711e+00 3.925671553218978375e-04
6.100000000000000533e+00 3.830827469414410202e-04
6.150000000000000355e+00 3.738916465637367429e-04
6.200000000000000178e+00 3.649836609916359766e-04
6.250000000000000000e+00 3.563489044335387337e-04
6.300000000000000711e+00 3.479778012578733297e-04
6.350000000000000533e+00 3.398610866728444158e-04
6.400000000000000355e+00 3.319898056656001885e-04
6.450000000000000178e+00 3.243553104749556074e-04
6.500000000000000000e+00 3.169492568204314753e-04
6.550000000000000711e+00 3.097635990682596346e-04
6.600000000000000533e+00 3.027905844823176808e-04
6.650000000000000355e+00 2.960227466842822817e-04
6.700000000000000178e+00 2.894528984318148852e-04
6.750000000000000000e+00 2.830741238151227262e-04
6.800000000000000711e+00 2.768797699692074278e-04
6.850000000000000533e+00 2.708634383999211680e-04
6.900000000000000355e+00 2.650189760247779829e-04
6.950000000000000178e+00 2.593404660326964766e-04
