0.000000000000000000e+00 0.000000000000000000e+00
5.000000000000000278e-02 -1.419815309363993398e-09
1.000000000000000056e-01 -1.136797165597176229e-08
1.500000000000000222e-01 -3.841953596097072050e-08
2.000000000000000111e-01 -9.124061426756875357e-08
2.500000000000000000e-01 -1.786279028696167432e-07
3.000000000000000444e-01 -3.095412526495594378e-07
3.500000000000000333e-01 -4.931272052077175670e-07
4.000000000000000222e-01 -7.387316965298370115e-07
4.500000000000000111e-01 -1.055900409090718737e-06
5.000000000000000000e-01 -1.454365579329270899e-06
5.500000000000000444e-01 -1.944018426256946671e-06
6.000000000000000888e-01 -2.534866749691458034e-06
6.500000000000000222e-01 -3.236977643796202915e-06
7.000000000000000666e-01 -4.060405673491850699e-06
7.500000000000000000e-01 -5.015107258060769028e-06
8.000000000000000444e-01 -6.110842388238791325e-06
8.500000000000000888e-01 -7.357065161054483254e-06
9.000000000000000222e-01 -8.762804942054942491e-06
9.500000000000000666e-01 -1.033654024962748354e-05
1.000000000000000000e+00 -1.208606769420544288e-05
1.050000000000000044e+00 -1.401836849074674102e-05
1.100000000000000089e+00 -1.613947519182059082e-05
1.150000000000000133e+00 -1.845434135815724909e-05
1.200000000000000178e+00 -2.096671689228100086e-05
1.250000000000000000e+00 -2.367903170898783357e-05
1.300000000000000044e+00 -2.659229030550674445e-05
1.350000000000000089e+00 -2.970597962712396556e-05
1.400000000000000133e+00 -3.301799240504963014e-05
1.450000000000000178e+00 -3.652456787770553729e-05
1.500000000000000000e+00 -4.022025150074117665e-05
1.550000000000000044e+00 -4.409787491209131069e-05
1.600000000000000089e+00 -4.814855705404259004e-05
1.650000000000000133e+00 -5.236172697278291811e-05
1.700000000000000178e+00 -5.672516842568100473e-05
1.750000000000000000e+00 -6.122508603602246069e-05
1.800000000000000044e+00 -6.584619235236117746e-05
1.850000000000000089e+00 -7.057181480290659556e-05
1.900000000000000133e+00 -7.538402119178920404e-05
1.950000000000000178e+00 -8.026376207025270079e-05
2.000000000000000000e+00 -8.519102803760705801e-05
2.050000000000000266e+00 -9.014501978899516147e-05
2.100000000000000089e+00 -9.510432853350773378e-05
2.149999999999999911e+00 -1.000471242596904679e-04
2.200000000000000178e+00 -1.049513492276807689e-04
2.250000000000000000e+00 -1.097949140186681925e-04
2.300000000000000266e+00 -1.145558934725881547e-04
2.350000000000000089e+00 -1.192127198924344383e-04
2.400000000000000355e+00 -1.237443709858739244e-04
2.450000000000000178e+00 -1.281305501486738039e-04
2.500000000000000000e+00 -1.323518568658169146e-04
2.550000000000000266e+00 -1.363899452104353101e-04
2.600000000000000089e+00 -1.402276686527640281e-04
2.650000000000000355e+00 -1.438492096457372508e-04
2.700000000000000178e+00 -1.472401927249779102e-04
2.750000000000000000e+00 -1.503877801430396691e-04
2.800000000000000266e+00 -1.532807493451632274e-04
2.850000000000000089e+00 -1.559095518810228156e-04
2.900000000000000355e+00 -1.582663536287223392e-04
2.950000000000000178e+00 -1.603450564788345999e-04
3.000000000000000000e+00 -1.621413018831655787e-04
3.050000000000000266e+00 -1.636524569113258297e-04
3.100000000000000089e+00 -1.648775836748146576e-04
3.150000000000000355e+00 -1.658173931705243646e-04
3.200000000000000178e+00 -1.664741847612895525e-04
3.250000000000000000e+00 -1.668517726489667039e-04
3.300000000000000266e+00 -1.669554008047225444e-04
3.350000000000000089e+00 -1.667916479015716768e-04
3.400000000000000355e+00 -1.663683238460950044e-04
3.450000000000000178e+00 -1.656943595305846958e-04
3.500000000000000000e+00 -1.647796914249458240e-04
3.550000000000000266e+00 -1.636351426012884718e-04
3.600000000000000089e+00 -1.622723017353469208e-04
3.650000000000000355e+00 -1.607034015600221821e-04
3.700000000000000178e+00 -1.589411981600085658e-04
3.750000000000000000e+00 -1.569988523953228269e-04
3.800000000000000266e+00 -1.548898146283674622e-04
3.850000000000000089e+00 -1.526277138066823962e-04
3.900000000000000355e+00 -1.502262518245120839e-04
3.950000000000000178e+00 -1.476991039533365494e-04
4.000000000000000000e+00 -1.450598259970938919e-04
4.049999999999999822e+00 -1.423217686942444826e-04
4.100000000000000533e+00 -1.394979997582048348e-04
4.150000000000000355e+00 -1.366012338218731070e-04
4.200000000000000178e+00 -1.336437704326013092e-04
4.250000000000000000e+00 -1.306374401324116800e-04
4.299999999999999822e+00 -1.275935585555979966e-04
4.350000000000000533e+00 -1.245228883829681396e-04
4.400000000000000355e+00 -1.214356089094432718e-04
4.450000000000000178e+00 -1.183412929099186074e-04
4.500000000000000000e+00 -1.152488904273385299e-04
4.549999999999999822e+00 -1.121667190567796508e-04
4.600000000000000533e+00 -1.091024602597368985e-04
4.650000000000000355e+00 -1.060631612133586119e-04
4.700000000000000178e+00 -1.030552416795405246e-04
4.750000000000000000e+00 -1.000845053679209857e-04
4.800000000000000711e+00 -9.715615526417990669e-05
4.850000000000000533e+00 -9.427481239983579754e-05
4.900000000000000355e+00 -9.144453755111288959e-05
4.950000000000000178e+00 -8.866885537155337160e-05
5.000000000000000000e+00 -8.595078048500693452e-05
5.050000000000000711e+00 -8.329284509158595877e-05
5.100000000000000533e+00 -8.069712766830918252e-05
5.150000000000000355e+00 -7.816528237767055715e-05
5.200000000000000178e+00 -7.569856883053815262e-05
5.250000000000000000e+00 -7.329788188391876864e-05
5.300000000000000711e+00 -7.096378118860941029e-05
5.350000000000000533e+00 -6.869652023603934092e-05
5.400000000000000355e+00 -6.649607468721108184e-05
5.450000000000000178e+00 -6.436216979915836763e-05
5.500000000000000000e+00 -6.229430679541326252e-05
5.550000000000000711e+00 -6.029178805633357769e-05
5.600000000000000533e+00 -5.835374103256949646e-05
5.650000000000000355e+00 -5.647914081028990700e-05
5.700000000000000178e+00 -5.466683127993744468e-05
5.750000000000000000e+00 -5.291554488118212289e-05
5.800000000000000711e+00 -5.122392091538828654e-05
5.850000000000000533e+00 -4.959052243331556653e-05
5.900000000000000355e+00 -4.801385172000613053e-05
5.950000000000000178e+00 -4.649236441094856852e-05
6.000000000000000000e+00 -4.502448228375596930e-05
6.050000000000000711e+00 -4.360860477787859447e-05
6.100000000000000533e+00 -4.224311930142109997e-05
6.150000000000000355e+00 -4.092641038909410062e-05
6.200000000000000178e+00 -3.965686777884833267e-05
6.250000000000000000e+00 -3.843289347696294151e-05
6.300000000000000711e+00 -3.725290788243973373e-05
6.350000000000000533e+00 -3.611535504163381751e-05
6.400000000000000355e+00 -3.501870710326659416e-05
6.450000000000000178e+00 -3.396146804245787459e-05
6.500000000000000000e+00 -3.294217672029696269e-05
6.550000000000000711e+00 -3.195940934286825320e-05
6.600000000000000533e+00 -3.101178138066225940e-05
6.650000000000000355e+00 -3.009794900603128385e-05
6.700000000000000178e+00 -2.921661010287952888e-05
6.750000000000000000e+00 -2.836650489918660336e-05
6.800000000000000711e+00 -2.754641626931711882e-05
6.850000000000000533e+00 -2.675516974942845588e-05
6.900000000000000355e+00 -2.599163330569628850e-05
6.950000000000000178e+00 -2.525471689158349662e-05
7.000000000000000000e+00 -2.454337182700409446e-05
7.050000000000000711e+00 -2.385659002901468050e-05
7.100000000000000533e+00 -2.319340312061514924e-05
7.150000000000000355e+00 -2.255288144137278556e-05
7.200000000000000178e+00 -2.193413298090909121e-05
7.250000000000000000e+00 -2.133630225380595162e-05
7.300000000000000711e+00 -2.075856913220294403e-05
7.350000000000000533e+00 -2.020014765026157118e-05
7.400000000000000355e+00 -1.966028479276381571e-05
7.450000000000000178e+00 -1.913825927838011968e-05
7.500000000000000000e+00 -1.863338034658050370e-05
7.550000000000000711e+00 -1.814498655575837947e-05
7.600000000000000533e+00 -1.767244459888121558e-05
7.650000000000000355e+00 -1.721514814186433589e-05
7.700000000000000178e+00 -1.677251668887346747e-05
7.750000000000000000e+00 -1.634399447788613443e-05
7.800000000000000711e+00 -1.592904940907387764e-05
7.850000000000000533e+00 -1.552717200789640307e-05
7.900000000000000355e+00 -1.513787442421512172e-05
7.950000000000000178e+00 -1.476068946823153846e-05
8.000000000000000000e+00 -1.439516968362564911e-05
8.050000000000000711e+00 -1.404088645790580603e-05
8.099999999999999645e+00 -1.369742916967748381e-05
8.150000000000000355e+00 -1.336440437228718872e-05
8.200000000000001066e+00 -1.304143501309659398e-05
8.250000000000000000e+00 -1.272815968748228144e-05
8.300000000000000711e+00 -1.242423192653542770e-05
8.349999999999999645e+00 -1.212931951734970732e-05
8.400000000000000355e+00 -1.184310385472654755e-05
8.450000000000001066e+00 -1.156527932309452941e-05
8.500000000000000000e+00 -1.129555270742716165e-05
8.550000000000000711e+00 -1.103364263194807537e-05
8.599999999999999645e+00 -1.077927902543085930e-05
8.650000000000000355e+00 -1.053220261192855392e-05
8.700000000000001066e+00 -1.029216442580323830e-05
8.750000000000000000e+00 -1.005892534996514142e-05
8.800000000000000711e+00 -9.832255676272264782e-06
8.849999999999999645e+00 -9.611934687083045200e-06
8.900000000000000355e+00 -9.397750256994642854e-06
8.950000000000001066e+00 -9.189498473837406979e-06
9.000000000000000000e+00 -8.986983278031169332e-06
9.050000000000000711e+00 -8.790016119440570888e-06
9.099999999999999645e+00 -8.598415630895915926e-06
9.150000000000000355e+00 -8.412007317571924546e-06
9.200000000000001066e+00 -8.230623261440876429e-06
9.250000000000000000e+00 -8.054101840040228560e-06
9.300000000000000711e+00 -7.882287458816104319e-06
9.349999999999999645e+00 -7.715030296328129162e-06
9.400000000000000355e+00 -7.552186061623966426e-06
9.450000000000001066e+00 -7.393615763117790450e-06
9.500000000000000000e+00 -7.239185488334638105e-06
9.550000000000000711e+00 -7.088766193911999820e-06
9.600000000000001421e+00 -6.942233505282505912e-06
9.650000000000000355e+00 -6.799467525495404702e-06
9.700000000000001066e+00 -6.660352652670293155e-06
9.750000000000000000e+00 -6.524777405613290680e-06
9.800000000000000711e+00 -6.392634257162424993e-06
9.850000000000001421e+00 -6.263819474865821177e-06
9.900000000000000355e+00 -6.138232968630527197e-06
9.950000000000001066e+00 -6.015778145012682506e-06
1.000000000000000000e+01 -5.896361767849524816e-06
1.005000000000000071e+01 -5.779893824959271554e-06
1.010000000000000142e+01 -5.666287400657479146e-06
1.015000000000000036e+01 -5.555458553855895773e-06
1.020000000000000107e+01 -5.447326201523526492e-06
1.025000000000000000e+01 -5.341812007299403570e-06
1.030000000000000071e+01 -5.238840275051991111e-06
1.035000000000000142e+01 -5.138337847183665718e-06
1.040000000000000036e+01 -5.040234007478469270e-06
1.045000000000000107e+01 -4.944460388291129178e-06
1.050000000000000000e+01 -4.850950881872933339e-06
1.055000000000000071e+01 -4.759641555628865422e-06
1.060000000000000142e+01 -4.670470571099433706e-06
1.065000000000000036e+01 -4.583378106461883694e-06
1.070000000000000107e+01 -4.498306282347894547e-06
1.075000000000000000e+01 -4.415199090780781813e-06
1.080000000000000071e+01 -4.334002327042654039e-06
1.085000000000000142e+01 -4.254663524293039023e-06
1.090000000000000036e+01 -4.177131890772668169e-06
1.095000000000000107e+01 -4.101358249441187997e-06
1.100000000000000000e+01 -4.027294979913583547e-06
1.105000000000000071e+01 -3.954895962576656213e-06
1.110000000000000142e+01 -3.884116524783640173e-06
1.115000000000000036e+01 -3.814913389041588329e-06
1.120000000000000107e+01 -3.747244623120149159e-06
1.125000000000000000e+01 -3.681069592023675863e-06
1.130000000000000071e+01 -3.616348911778519920e-06
1.135000000000000142e+01 -3.553044404995242370e-06
1.140000000000000036e+01 -3.491119058169681254e-06
1.145000000000000107e+01 -3.430536980688807526e-06
1.150000000000000000e+01 -3.371263365506098590e-06
1.155000000000000071e+01 -3.313264451447624735e-06
1.160000000000000142e+01 -3.256507487104868845e-06
1.165000000000000036e+01 -3.200960696263500172e-06
1.170000000000000107e+01 -3.146593244809722975e-06
1.175000000000000000e+01 -3.093375209048896738e-06
1.180000000000000071e+01 -3.041277545363927039e-06
1.185000000000000142e+01 -2.990272061135513585e-06
1.190000000000000036e+01 -2.940331386842733161e-06
1.195000000000000107e+01 -2.891428949260437058e-06
1.200000000000000000e+01 -2.843538945670825631e-06
1.205000000000000071e+01 -2.796636319009403093e-06
1.210000000000000142e+01 -2.750696733870772834e-06
1.215000000000000036e+01 -2.705696553307484691e-06
1.220000000000000107e+01 -2.661612816363387689e-06
1.225000000000000000e+01 -2.618423216294073464e-06
1.230000000000000071e+01 -2.576106079436932120e-06
1.235000000000000142e+01 -2.534640344704875058e-06
1.240000000000000036e+01 -2.494005543687363063e-06
1.245000000000000107e+01 -2.454181781352314909e-06
1.250000000000000000e+01 -2.415149717349156937e-06
1.255000000000000071e+01 -2.376890547919447246e-06
1.260000000000000142e+01 -2.339385988424477000e-06
1.265000000000000036e+01 -2.302618256500507038e-06
1.270000000000000107e+01 -2.266570055850672582e-06
1.275000000000000000e+01 -2.231224560679611024e-06
1.280000000000000071e+01 -2.196565400771248192e-06
1.285000000000000142e+01 -2.162576647204046789e-06
1.290000000000000036e+01 -2.129242798690176327e-06
1.295000000000000107e+01 -2.096548768517721408e-06
1.300000000000000000e+01 -2.064479872067067361e-06
1.305000000000000071e+01 -2.033021814866288539e-06
1.310000000000000142e+01 -2.002160681144413253e-06
1.315000000000000036e+01 -1.971882922837714113e-06
1.320000000000000107e+01 -1.942175349002093926e-06
1.325000000000000000e+01 -1.913025115584552987e-06
1.330000000000000071e+01 -1.884419715508697661e-06
1.335000000000000142e+01 -1.856346969033508133e-06
1.340000000000000036e+01 -1.828795014349718606e-06
1.345000000000000107e+01 -1.801752298385802353e-06
1.350000000000000000e+01 -1.775207567802665984e-06
1.355000000000000071e+01 -1.749149860165372103e-06
1.360000000000000142e+01 -1.723568495287629163e-06
1.365000000000000036e+01 -1.698453066753147732e-06
1.370000000000000107e+01 -1.673793433624087278e-06
1.375000000000000000e+01 -1.649579712352428326e-06
1.380000000000000071e+01 -1.625802268913433694e-06
1.385000000000000142e+01 -1.602451711182112049e-06
1.390000000000000036e+01 -1.579518881573302460e-06
1.395000000000000107e+01 -1.556994849963879589e-06
1.400000000000000000e+01 -1.534870906911613105e-06
1.405000000000000071e+01 -1.513138557180253020e-06
1.410000000000000142e+01 -1.491789513573876283e-06
1.415000000000000036e+01 -1.470815691076795842e-06
1.420000000000000107e+01 -1.450209201288423322e-06
1.425000000000000000e+01 -1.429962347135657162e-06
1.430000000000000071e+01 -1.410067617839677324e-06
1.435000000000000142e+01 -1.390517684109035431e-06
1.440000000000000036e+01 -1.371305393528071765e-06
1.445000000000000107e+01 -1.352423766107537595e-06
1.450000000000000000e+01 -1.333865989964989512e-06
1.455000000000000071e+01 -1.315625417103924094e-06
1.460000000000000142e+01 -1.297695559264497860e-06
1.465000000000000036e+01 -1.280070083823279215e-06
1.470000000000000107e+01 -1.262742809725566056e-06
1.475000000000000000e+01 -1.245707703440237203e-06
1.480000000000000071e+01 -1.228958874934334628e-06
1.485000000000000142e+01 -1.212490573670797830e-06
1.490000000000000036e+01 -1.196297184639316157e-06
1.495000000000000107e+01 -1.180373224435170611e-06
