0.000000000000000000e+00 3.687645766617464525e-04
5.000000000000000278e-02 1.923676964711882676e-05
1.000000000000000056e-01 7.514151736746162071e-05
1.500000000000000222e-01 1.719601435980554302e-04
2.000000000000000111e-01 3.032348739628964009e-04
2.500000000000000000e-01 4.680106600142087459e-04
3.000000000000000444e-01 6.625954995523579026e-04
3.500000000000000333e-01 8.833217932185510185e-04
4.000000000000000222e-01 1.125849151313174611e-03
4.500000000000000111e-01 1.385460505667797165e-03
5.000000000000000000e-01 1.657096329060718607e-03
5.500000000000000444e-01 1.935477308421030152e-03
6.000000000000000888e-01 2.215182797403749803e-03
6.500000000000000222e-01 2.490781678168540059e-03
7.000000000000000666e-01 2.756930273269901817e-03
7.500000000000000000e-01 3.008398550336583398e-03
8.000000000000000444e-01 3.240302950122049205e-03
8.500000000000000888e-01 3.448136214409402642e-03
9.000000000000000222e-01 3.627687409522069133e-03
9.500000000000000666e-01 3.775323969978590204e-03
1.000000000000000000e+00 3.888001744883386179e-03
1.050000000000000044e+00 3.963270746222094174e-03
1.100000000000000089e+00 3.999357495281741226e-03
1.150000000000000133e+00 3.994999576982744514e-03
1.200000000000000178e+00 3.949763839466573744e-03
1.250000000000000000e+00 3.863758931811469254e-03
1.300000000000000044e+00 3.737708846085990508e-03
1.350000000000000089e+00 3.573264887216714633e-03
1.400000000000000133e+00 3.372224354183217532e-03
1.450000000000000178e+00 3.137245777872329795e-03
1.500000000000000000e+00 2.871245800376935435e-03
1.550000000000000044e+00 2.577592529220700326e-03
1.600000000000000089e+00 2.260154061696432147e-03
1.650000000000000133e+00 1.922897429538296009e-03
1.700000000000000178e+00 1.570312621080103936e-03
1.750000000000000000e+00 1.206552282327002330e-03
1.800000000000000044e+00 8.360196513204848703e-04
1.850000000000000089e+00 4.634080526206089392e-04
1.900000000000000133e+00 9.308380330381030093e-05
1.950000000000000178e+00 -2.708374558901231331e-04
2.000000000000000000e+00 -6.242114215561830317e-04
2.050000000000000266e+00 -9.631293493592826740e-04
2.100000000000000089e+00 -1.284268125102673531e-03
2.149999999999999911e+00 -1.584212128455528756e-03
2.200000000000000178e+00 -1.860253323398959819e-03
2.250000000000000000e+00 -2.109957874531414278e-03
2.300000000000000266e+00 -2.331285010212642145e-03
2.350000000000000089e+00 -2.522393342710381719e-03
2.400000000000000355e+00 -2.682604532137317175e-03
2.450000000000000178e+00 -2.810831335562734897e-03
2.500000000000000000e+00 -2.906885810689125316e-03
2.550000000000000266e+00 -2.970987564345975787e-03
2.600000000000000089e+00 -3.003682660892824981e-03
2.650000000000000355e+00 -3.005740718746450178e-03
2.700000000000000178e+00 -2.978573337269786302e-03
2.750000000000000000e+00 -2.923690090976809909e-03
2.800000000000000266e+00 -2.843016901451301485e-03
2.850000000000000089e+00 -2.738666752626772380e-03
2.900000000000000355e+00 -2.613113335358470402e-03
2.950000000000000178e+00 -2.468670078683683766e-03
3.000000000000000000e+00 -2.308155676379057466e-03
3.050000000000000266e+00 -2.134179272247493150e-03
3.100000000000000089e+00 -1.949649071840675466e-03
3.150000000000000355e+00 -1.757263901296489059e-03
3.200000000000000178e+00 -1.559824349660354293e-03
3.250000000000000000e+00 -1.359876899566012272e-03
3.300000000000000266e+00 -1.160051425202278386e-03
3.350000000000000089e+00 -9.627674118800689032e-04
3.400000000000000355e+00 -7.701930572551060009e-04
3.450000000000000178e+00 -5.844070571388963742e-04
3.500000000000000000e+00 -4.071750404719892756e-04
3.550000000000000266e+00 -2.400594874587640951e-04
3.600000000000000089e+00 -8.435187692516855408e-05
3.650000000000000355e+00 5.882504908185996176e-05
3.700000000000000178e+00 1.887710116199130793e-04
3.750000000000000000e+00 3.048866163823548596e-04
3.800000000000000266e+00 4.069407029232141051e-04
3.850000000000000089e+00 4.947698907615390119e-04
3.900000000000000355e+00 5.686906597313021996e-04
3.950000000000000178e+00 6.289896361005754702e-04
4.000000000000000000e+00 6.762366419870575714e-04
4.049999999999999822e+00 7.111731670059916665e-04
4.100000000000000533e+00 7.345734246264779433e-04
4.150000000000000355e+00 7.474235393682677033e-04
4.200000000000000178e+00 7.507944553455312949e-04
4.250000000000000000e+00 7.456757532344755572e-04
4.299999999999999822e+00 7.332057201843511854e-04
4.350000000000000533e+00 7.145214554893912929e-04
4.400000000000000355e+00 6.906398427205433579e-04
4.450000000000000178e+00 6.626451086512207336e-04
4.500000000000000000e+00 6.314779131387011262e-04
4.549999999999999822e+00 5.980699444493218185e-04
4.600000000000000533e+00 5.632123413221640012e-04
4.650000000000000355e+00 5.276873040550281082e-04
4.700000000000000178e+00 4.920655768093253188e-04
4.750000000000000000e+00 4.569213666546806277e-04
4.800000000000000711e+00 4.226789006489123910e-04
4.850000000000000533e+00 3.896738631421256928e-04
4.900000000000000355e+00 3.581736953078292580e-04
4.950000000000000178e+00 3.283447725849346658e-04
5.000000000000000000e+00 3.002931138416006221e-04
5.050000000000000711e+00 2.740532137029946585e-04
5.100000000000000533e+00 2.496310634766705843e-04
5.150000000000000355e+00 2.269632583182834866e-04
5.200000000000000178e+00 2.059761428089930326e-04
5.250000000000000000e+00 1.865705299096891514e-04
5.300000000000000711e+00 1.686381505967457202e-04
5.350000000000000533e+00 1.520539078496332269e-04
5.400000000000000355e+00 1.367202910339103557e-04
5.450000000000000178e+00 1.225231089678003107e-04
5.500000000000000000e+00 1.093726423586598574e-04
5.550000000000000711e+00 9.719111135227123340e-05
5.600000000000000533e+00 8.591107488656924719e-05
5.650000000000000355e+00 7.548447583896169600e-05
5.700000000000000178e+00 6.587401886553069237e-05
5.750000000000000000e+00 5.705314897627750570e-05
5.800000000000000711e+00 4.900564415570296946e-05
5.850000000000000533e+00 4.171973193189426902e-05
5.900000000000000355e+00 3.518537029626399147e-05
5.950000000000000178e+00 2.939658436406501182e-05
6.000000000000000000e+00 2.433294830195236168e-05
6.050000000000000711e+00 1.998665871799553271e-05
6.100000000000000533e+00 1.632216321612886564e-05
6.150000000000000355e+00 1.331545151922173102e-05
6.200000000000000178e+00 1.091240047022351264e-05
6.250000000000000000e+00 9.069033745722173328e-06
6.300000000000000711e+00 7.721436417837790713e-06
6.350000000000000533e+00 6.803636548966035550e-06
6.400000000000000355e+00 6.243499278737278386e-06
6.450000000000000178e+00 5.966053143807477676e-06
6.500000000000000000e+00 5.896215774761500641e-06
6.550000000000000711e+00 5.961006278666929481e-06
6.600000000000000533e+00 6.091702785132067569e-06
6.650000000000000355e+00 6.226662560919281213e-06
6.700000000000000178e+00 6.312831874334412993e-06
6.750000000000000000e+00 6.307460262152873584e-06
6.800000000000000711e+00 6.179228169865956582e-06
6.850000000000000533e+00 5.908670944344430190e-06
6.900000000000000355e+00 5.488282247248888891e-06
6.950000000000000178e+00 4.921994626198949659e-06
7.000000000000000000e+00 4.224126023837525836e-06
7.050000000000000711e+00 3.417964715258216028e-06
7.100000000000000533e+00 2.533929300306810138e-06
7.150000000000000355e+00 1.607532533841745581e-06
7.200000000000000178e+00 6.771368530699240586e-07
7.250000000000000000e+00 -2.182969912070968884e-07
7.300000000000000711e+00 -1.041442533194078664e-06
7.350000000000000533e+00 -1.758579180213434785e-06
7.400000000000000355e+00 -2.341379989821789121e-06
7.450000000000000178e+00 -2.768341648767653382e-06
7.500000000000000000e+00 -3.025760256465007257e-06
7.550000000000000711e+00 -3.108328772742592230e-06
7.600000000000000533e+00 -3.019255447013171256e-06
7.650000000000000355e+00 -2.769933611709647166e-06
7.700000000000000178e+00 -2.379209050645581436e-06
7.750000000000000000e+00 -1.872275184635207405e-06
7.800000000000000711e+00 -1.279279854637837360e-06
7.850000000000000533e+00 -6.336832044403782752e-07
7.900000000000000355e+00 2.945327767838520806e-08
7.950000000000000178e+00 6.752707823105474930e-07
8.000000000000000000e+00 1.270871074278689380e-06
8.050000000000000711e+00 1.786832380544603987e-06
8.099999999999999645e+00 2.198694881060925995e-06
8.150000000000000355e+00 2.487953466334965228e-06
8.200000000000001066e+00 2.642876572586317336e-06
8.250000000000000000e+00 2.658914054232500822e-06
8.300000000000000711e+00 2.538705161715798661e-06
8.349999999999999645e+00 2.291791428834580347e-06
8.400000000000000355e+00 1.933911184364716020e-06
8.450000000000001066e+00 1.486074075629850871e-06
8.500000000000000000e+00 9.733449878830118272e-07
8.550000000000000711e+00 4.234722499114757152e-07
8.599999999999999645e+00 -1.345872751848151289e-07
8.650000000000000355e+00 -6.721671631105582296e-07
8.700000000000001066e+00 -1.162330647690450831e-06
8.750000000000000000e+00 -1.581229555623918492e-06
8.800000000000000711e+00 -1.909191846299177686e-06
8.849999999999999645e+00 -2.131629826721978314e-06
8.900000000000000355e+00 -2.239701827680366385e-06
8.950000000000001066e+00 -2.230573820553499379e-06
9.000000000000000000e+00 -2.107448408197610017e-06
9.050000000000000711e+00 -1.879248855260894008e-06
9.099999999999999645e+00 -1.560039495582121176e-06
9.150000000000000355e+00 -1.168213230877648973e-06
9.200000000000001066e+00 -7.254059905187173595e-07
9.250000000000000000e+00 -2.553793774368918297e-07
9.300000000000000711e+00 2.172539029782466718e-07
9.349999999999999645e+00 6.683307478539792126e-07
9.400000000000000355e+00 1.075280523922404555e-06
9.450000000000001066e+00 1.418304642210409911e-06
9.500000000000000000e+00 1.681304335016271558e-06
9.550000000000000711e+00 1.852592538199739993e-06
9.600000000000001421e+00 1.925412934500070394e-06
9.650000000000000355e+00 1.898172235199089870e-06
9.700000000000001066e+00 1.774406142259787493e-06
9.750000000000000000e+00 1.562495601983908706e-06
9.800000000000000711e+00 1.275125215092166890e-06
9.850000000000001421e+00 9.285618404786011989e-07
9.900000000000000355e+00 5.417438192075253639e-07
9.950000000000001066e+00 1.352638848174218290e-07
1.000000000000000000e+01 -2.697124446340616229e-07
1.005000000000000071e+01 -6.525296905922641981e-07
1.010000000000000142e+01 -9.941032682136896149e-07
1.015000000000000036e+01 -1.277826108126159329e-06
1.020000000000000107e+01 -1.490383319924564525e-06
1.025000000000000000e+01 -1.622358319013504266e-06
1.030000000000000071e+01 -1.668632478369216655e-06
1.035000000000000142e+01 -1.628559665000633443e-06
1.040000000000000036e+01 -1.505908314482424798e-06
1.045000000000000107e+01 -1.308579021157766958e-06
1.050000000000000000e+01 -1.048137285457494789e-06
1.055000000000000071e+01 -7.391201678730807330e-07
1.060000000000000142e+01 -3.982794451898511478e-07
1.065000000000000036e+01 -4.362350973319431952e-08
1.070000000000000107e+01 3.063377432795391838e-07
1.075000000000000000e+01 6.342752903043286147e-07
1.080000000000000071e+01 9.220887659318654545e-07
1.085000000000000142e+01 1.162365372758573530e-06
1.090000000000000036e+01 1.319372486078422075e-06
1.095000000000000107e+01 1.477595735840580181e-06
1.100000000000000000e+01 5.110264110753537961e-10
1.105000000000000071e+01 5.060611647962960488e-10
1.110000000000000142e+01 5.010653794930997948e-10
1.115000000000000036e+01 4.962196419230678669e-10
1.120000000000000107e+01 4.913429553527599735e-10
1.125000000000000000e+01 4.867893658607288822e-10
1.130000000000000071e+01 4.819391525365748156e-10
1.135000000000000142e+01 4.772338423934266907e-10
1.140000000000000036e+01 4.726704314890994671e-10
1.145000000000000107e+01 4.681605993110974638e-10
1.150000000000000000e+01 4.635341144983217099e-10
1.155000000000000071e+01 4.591303297234500679e-10
1.160000000000000142e+01 4.546109539472346810e-10
1.165000000000000036e+01 4.501445694455203085e-10
1.170000000000000107e+01 4.458944801798919299e-10
1.175000000000000000e+01 4.416932111302514014e-10
1.180000000000000071e+01 4.375400287551654530e-10
1.185000000000000142e+01 4.333540620929022966e-10
1.190000000000000036e+01 4.290569340312639797e-10
1.195000000000000107e+01 4.249672843787695597e-10
1.200000000000000000e+01 4.209241084782345215e-10
1.205000000000000071e+01 4.169267192251921163e-10
1.210000000000000142e+01 4.129744421986247172e-10
