0.000000000000000000e+00 0.000000000000000000e+00
5.000000000000000278e-02 -9.043998680857539131e-14
1.000000000000000056e-01 -2.887173043520618985e-12
1.500000000000000222e-01 -2.183734243525499316e-11
2.000000000000000111e-01 -9.151085673066779493e-11
2.500000000000000000e-01 -2.772748830642903615e-10
3.000000000000000444e-01 -6.839330211652787413e-10
3.500000000000000333e-01 -1.463031385976780083e-09
4.000000000000000222e-01 -2.818572603053427339e-09
4.500000000000000111e-01 -5.009419868357885076e-09
5.000000000000000000e-01 -8.356594359802054410e-09
5.500000000000000444e-01 -1.323575135005161890e-08
6.000000000000000888e-01 -2.007982678276745501e-08
6.500000000000000222e-01 -2.937328728671131200e-08
7.000000000000000666e-01 -4.164591730151508677e-08
7.500000000000000000e-01 -5.746460555719301824e-08
8.000000000000000444e-01 -7.742344396352081925e-08
8.500000000000000888e-01 -1.021323788409297430e-07
9.000000000000000222e-01 -1.322046965938677636e-07
9.500000000000000666e-01 -1.682436601028284681e-07
1.000000000000000000e+00 -2.108286373681843589e-07
1.050000000000000044e+00 -2.605010796193630177e-07
1.100000000000000089e+00 -3.177507118317071911e-07
1.150000000000000133e+00 -3.830022942871998997e-07
1.200000000000000178e+00 -4.566032996819236754e-07
1.250000000000000000e+00 -5.388128268125796434e-07
1.300000000000000044e+00 -6.297920398208081867e-07
1.350000000000000089e+00 -7.295963823306787773e-07
1.400000000000000133e+00 -8.381697697813048876e-07
1.450000000000000178e+00 -9.553409122012420611e-07
1.500000000000000000e+00 -1.080821865087847165e-06
1.550000000000000044e+00 -1.214208849516330504e-06
1.600000000000000089e+00 -1.354985325714670041e-06
1.650000000000000133e+00 -1.502527248690521976e-06
1.700000000000000178e+00 -1.656110381609907957e-06
1.750000000000000000e+00 -1.814919493922985613e-06
1.800000000000000044e+00 -1.978059227979722532e-06
1.850000000000000089e+00 -2.144566381165905055e-06
1.900000000000000133e+00 -2.313423321293827208e-06
1.950000000000000178e+00 -2.483572231745565590e-06
2.000000000000000000e+00 -2.653929870085459537e-06
2.050000000000000266e+00 -2.823402519673976780e-06
2.100000000000000089e+00 -2.990900818116368169e-06
2.149999999999999911e+00 -3.155355158178406809e-06
2.200000000000000178e+00 -3.315724381853198610e-06
2.250000000000000000e+00 -3.471018497266275357e-06
2.300000000000000266e+00 -3.620490663734668957e-06
2.350000000000000089e+00 -3.762700102452319554e-06
2.400000000000000355e+00 -3.897424199083079063e-06
2.450000000000000178e+00 -4.023761024613137910e-06
2.500000000000000000e+00 -4.141086881220507446e-06
2.550000000000000266e+00 -4.248869457670423770e-06
2.600000000000000089e+00 -4.346669753280275686e-06
2.650000000000000355e+00 -4.434142388001668291e-06
2.700000000000000178e+00 -4.511034399268275284e-06
2.750000000000000000e+00 -4.577182657172111237e-06
2.800000000000000266e+00 -4.632510055157147332e-06
2.850000000000000089e+00 -4.677020653253162611e-06
2.900000000000000355e+00 -4.710793964606158361e-06
2.950000000000000178e+00 -4.733978583586291468e-06
3.000000000000000000e+00 -4.746784434877040031e-06
3.050000000000000266e+00 -4.749480280750790998e-06
3.100000000000000089e+00 -4.742377346031193993e-06
3.150000000000000355e+00 -4.725831441305754064e-06
3.200000000000000178e+00 -4.700082807993795066e-06
3.250000000000000000e+00 -4.665994171150002776e-06
3.300000000000000266e+00 -4.623557573644157778e-06
3.350000000000000089e+00 -4.573376141722318223e-06
3.400000000000000355e+00 -4.515915685313000987e-06
3.450000000000000178e+00 -4.451649250387292694e-06
3.500000000000000000e+00 -4.381053595871906688e-06
3.550000000000000266e+00 -4.304606293329825421e-06
3.600000000000000089e+00 -4.222783408830968536e-06
3.650000000000000355e+00 -4.136057709383439845e-06
3.700000000000000178e+00 -4.044897322818471250e-06
3.750000000000000000e+00 -3.949764770380334487e-06
3.800000000000000266e+00 -3.851116285582103019e-06
3.850000000000000089e+00 -3.749402177102771572e-06
3.900000000000000355e+00 -3.645063218806256600e-06
3.950000000000000178e+00 -3.538533813551272153e-06
4.000000000000000000e+00 -3.430338572996034677e-06
4.049999999999999822e+00 -3.320608605974727613e-06
4.100000000000000533e+00 -3.210040086777804214e-06
4.150000000000000355e+00 -3.098937353624366158e-06
4.200000000000000178e+00 -2.987689434629072099e-06
4.250000000000000000e+00 -2.876673313034348024e-06
4.299999999999999822e+00 -2.766252508242404077e-06
4.350000000000000533e+00 -2.656775489019686785e-06
4.400000000000000355e+00 -2.548573956667112575e-06
4.450000000000000178e+00 -2.441961046111218410e-06
4.500000000000000000e+00 -2.337229500675643147e-06
4.549999999999999822e+00 -2.234649881500911311e-06
4.600000000000000533e+00 -2.134468875061455969e-06
4.650000000000000355e+00 -2.036907761957581359e-06
4.700000000000000178e+00 -1.942160506964548926e-06
4.750000000000000000e+00 -1.850334413952914282e-06
4.800000000000000711e+00 -1.761685735117825282e-06
4.850000000000000533e+00 -1.676333410357228957e-06
4.900000000000000355e+00 -1.594226803675872204e-06
4.950000000000000178e+00 -1.515482610054061408e-06
5.000000000000000000e+00 -1.440125798007509976e-06
5.050000000000000711e+00 -1.368155090815551929e-06
5.100000000000000533e+00 -1.299544939543093039e-06
5.150000000000000355e+00 -1.234245644445564270e-06
5.200000000000000178e+00 -1.172189236223751056e-06
5.250000000000000000e+00 -1.113288303842542002e-06
5.300000000000000711e+00 -1.057440469185982156e-06
5.350000000000000533e+00 -1.004530788036282824e-06
5.400000000000000355e+00 -9.544345625748182987e-07
5.450000000000000178e+00 -9.070201338678641718e-07
5.500000000000000000e+00 -8.621957746774763279e-07
5.550000000000000711e+00 -8.196913252156230814e-07
5.600000000000000533e+00 -7.795024070588027824e-07
5.650000000000000355e+00 -7.414506849954405891e-07
5.700000000000000178e+00 -7.054066219693604262e-07
5.750000000000000000e+00 -6.712468091343015180e-07
5.800000000000000711e+00 -6.388525363529724141e-07
5.850000000000000533e+00 -6.081216775941091380e-07
5.900000000000000355e+00 -5.789514601615507641e-07
5.950000000000000178e+00 -5.512517955938225750e-07
