0.000000000000000000e+00 -3.458763800212662914e-02
5.000000000000000278e-02 -3.460598186716299512e-02
1.000000000000000056e-01 -3.466051655240339618e-02
1.500000000000000222e-01 -3.474976108119645635e-02
2.000000000000000111e-01 -3.487127951505225587e-02
2.500000000000000000e-01 -3.502172880109886283e-02
3.000000000000000444e-01 -3.519692237696087078e-02
3.500000000000000333e-01 -3.539191483030478674e-02
4.000000000000000222e-01 -3.560109446263396565e-02
4.500000000000000111e-01 -3.581829236339496153e-02
5.000000000000000000e-01 -3.603689979705200497e-02
5.500000000000000444e-01 -3.624999249187468159e-02
6.000000000000000888e-01 -3.645046268582085441e-02
6.500000000000000222e-01 -3.663114573549916542e-02
7.000000000000000666e-01 -3.678495455195353314e-02
7.500000000000000000e-01 -3.690500496666836161e-02
8.000000000000000444e-01 -3.698473687379105757e-02
8.500000000000000888e-01 -3.701802689673516777e-02
9.000000000000000222e-01 -3.699929062878243302e-02
9.500000000000000666e-01 -3.692357310226633549e-02
1.000000000000000000e+00 -3.678662486618897165e-02
1.050000000000000044e+00 -3.658496425819088987e-02
1.100000000000000089e+00 -3.631592396682909590e-02
1.150000000000000133e+00 -3.597767921390792462e-02
1.200000000000000178e+00 -3.556927081475212693e-02
1.250000000000000000e+00 -3.509059318088961904e-02
1.300000000000000044e+00 -3.454238559967722638e-02
1.350000000000000089e+00 -3.392620149644663685e-02
1.400000000000000133e+00 -3.324436388486076005e-02
1.450000000000000178e+00 -3.249991897367122962e-02
1.500000000000000000e+00 -3.169656340848245324e-02
1.550000000000000044e+00 -3.083857430266498043e-02
1.600000000000000089e+00 -2.993073687994493234e-02
1.650000000000000133e+00 -2.897825693457756549e-02
1.700000000000000178e+00 -2.798667701905755215e-02
1.750000000000000000e+00 -2.696178896786602733e-02
1.800000000000000044e+00 -2.590954867368411643e-02
1.850000000000000089e+00 -2.483599166612403611e-02
1.900000000000000133e+00 -2.374715338891877914e-02
1.950000000000000178e+00 -2.264899280974992657e-02
2.000000000000000000e+00 -2.154732268375312426e-02
2.050000000000000266e+00 -2.044774593718149541e-02
2.100000000000000089e+00 -1.935559738653618370e-02
2.149999999999999911e+00 -1.827590419427339158e-02
2.200000000000000178e+00 -1.721333140303095768e-02
2.250000000000000000e+00 -1.617215715211413329e-02
2.300000000000000266e+00 -1.515624917342448322e-02
2.350000000000000089e+00 -1.416904364212695673e-02
2.400000000000000355e+00 -1.321354012343101646e-02
2.450000000000000178e+00 -1.229229362600373424e-02
2.500000000000000000e+00 -1.140742145528850053e-02
2.550000000000000266e+00 -1.056061232268831231e-02
2.600000000000000089e+00 -9.753141721465853967e-03
2.650000000000000355e+00 -8.985889401297676021e-03
2.700000000000000178e+00 -8.259362597436085973e-03
2.750000000000000000e+00 -7.573720791208414689e-03
2.800000000000000266e+00 -6.928807245966306719e-03
2.850000000000000089e+00 -6.324174507155970112e-03
2.900000000000000355e+00 -5.759113465161011872e-03
2.950000000000000178e+00 -5.232691073361470796e-03
3.000000000000000000e+00 -4.743776203521541529e-03
3.050000000000000266e+00 -4.291071724996592743e-03
3.100000000000000089e+00 -3.873143401471031231e-03
3.150000000000000355e+00 -3.488448375493989530e-03
3.200000000000000178e+00 -3.135362423210334010e-03
3.250000000000000000e+00 -2.812203142409407282e-03
3.300000000000000266e+00 -2.517254116566413659e-03
3.350000000000000089e+00 -2.248784778835397416e-03
3.400000000000000355e+00 -2.005069717582423552e-03
3.450000000000000178e+00 -1.784403929843621965e-03
3.500000000000000000e+00 -1.585119891739036196e-03
3.550000000000000266e+00 -1.405594211631782655e-03
3.600000000000000089e+00 -1.244262518320610926e-03
3.650000000000000355e+00 -1.099626063592232207e-03
3.700000000000000178e+00 -9.702571134411923977e-04
3.750000000000000000e+00 -8.548041843021390038e-04
3.800000000000000266e+00 -7.519945076598619259e-04
3.850000000000000089e+00 -6.606366641601919398e-04
3.900000000000000355e+00 -5.796199853393310371e-04
3.950000000000000178e+00 -5.079144161150036087e-04
4.000000000000000000e+00 -4.445694214770946721e-04
4.049999999999999822e+00 -3.887095262898063262e-04
4.100000000000000533e+00 -3.395348945378795394e-04
4.150000000000000355e+00 -2.963151672485481386e-04
4.200000000000000178e+00 -2.583872988412955728e-04
4.250000000000000000e+00 -2.251505663607079768e-04
4.299999999999999822e+00 -1.960633273599723914e-04
4.350000000000000533e+00 -1.706384809482175055e-04
4.400000000000000355e+00 -1.484394304960904827e-04
4.450000000000000178e+00 -1.290760399085838929e-04
4.500000000000000000e+00 -1.122007122169788507e-04
4.549999999999999822e+00 -9.750462743256516605e-05
4.600000000000000533e+00 -8.471416687762645234e-05
4.650000000000000355e+00 -7.358754260836412268e-05
4.700000000000000178e+00 -6.391104434813983041e-05
4.750000000000000000e+00 -5.549982099332835946e-05
4.800000000000000711e+00 -4.818557768758915797e-05
4.850000000000000533e+00 -4.182727534848259881e-05
4.900000000000000355e+00 -3.629864547396320960e-05
4.950000000000000178e+00 -3.149087938091988759e-05
5.000000000000000000e+00 -2.730774993124000281e-05
5.050000000000000711e+00 -2.366725167740734101e-05
5.100000000000000533e+00 -2.049785456611306748e-05
5.150000000000000355e+00 -1.773504788093771848e-05
5.200000000000000178e+00 -1.533312167316425403e-05
5.250000000000000000e+00 -1.323763025350110348e-05
5.300000000000000711e+00 -1.141224448825198404e-05
5.350000000000000533e+00 -9.821123263854435252e-06
5.400000000000000355e+00 -8.435525100136518793e-06
5.450000000000000178e+00 -7.228885094543421477e-06
5.500000000000000000e+00 -6.178842079319815814e-06
5.550000000000000711e+00 -5.265818126533321958e-06
5.600000000000000533e+00 -4.472685588174490687e-06
5.650000000000000355e+00 -3.784607944658729647e-06
5.700000000000000178e+00 -3.187977882365839707e-06
5.750000000000000000e+00 -2.672098502920893874e-06
5.800000000000000711e+00 -2.226891471977655903e-06
5.850000000000000533e+00 -1.842607991041998671e-06
5.900000000000000355e+00 -1.511761220491517983e-06
5.950000000000000178e+00 -1.227747409777633887e-06
