0.000000000000000000e+00 5.720394872111845413e-02
5.000000000000000278e-02 5.725685273911757661e-02
1.000000000000000056e-01 5.741518035114537288e-02
1.500000000000000222e-01 5.767778125681642665e-02
2.000000000000000111e-01 5.804274832373158138e-02
2.500000000000000000e-01 5.850743246522745189e-02
3.000000000000000444e-01 5.906846312652548614e-02
3.500000000000000333e-01 5.972177406337626782e-02
4.000000000000000222e-01 6.046263398579800052e-02
4.500000000000000111e-01 6.128568152834711763e-02
5.000000000000000000e-01 6.218496432456811773e-02
5.500000000000000444e-01 6.315398089962345751e-02
6.000000000000000888e-01 6.418572727330182359e-02
6.500000000000000222e-01 6.527274097385235563e-02
7.000000000000000666e-01 6.640715350709815168e-02
7.500000000000000000e-01 6.758073858804365674e-02
8.000000000000000444e-01 6.878496309525475305e-02
8.500000000000000888e-01 7.001103847083059439e-02
9.000000000000000222e-01 7.124997166137916893e-02
9.500000000000000666e-01 7.249261239023782610e-02
1.000000000000000000e+00 7.372971885229338829e-02
1.050000000000000044e+00 7.495198241660168403e-02
1.100000000000000089e+00 7.615009514002299418e-02
1.150000000000000133e+00 7.731479028523305375e-02
1.200000000000000178e+00 7.843690245447006160e-02
1.250000000000000000e+00 7.950739183969612878e-02
1.300000000000000044e+00 8.051742136307067643e-02
1.350000000000000089e+00 8.145838454026935183e-02
1.400000000000000133e+00 8.232194574570880774e-02
1.450000000000000178e+00 8.310012272055210258e-02
1.500000000000000000e+00 8.378530282006330099e-02
1.550000000000000044e+00 8.437029159188115524e-02
1.600000000000000089e+00 8.484838497359134535e-02
1.650000000000000133e+00 8.521339963886639945e-02
1.700000000000000178e+00 8.545972703418736049e-02
1.750000000000000000e+00 8.558237824338105204e-02
1.800000000000000044e+00 8.557703163692916004e-02
1.850000000000000089e+00 8.544007593046479276e-02
1.900000000000000133e+00 8.516865136887409593e-02
1.950000000000000178e+00 8.476068797814841072e-02
2.000000000000000000e+00 8.421493511960530254e-02
2.050000000000000266e+00 8.353099408369392409e-02
2.100000000000000089e+00 8.270934984914940502e-02
2.149999999999999911e+00 8.175132621914799058e-02
2.200000000000000178e+00 8.065914862337700275e-02
2.250000000000000000e+00 7.943601494799237828e-02
2.300000000000000266e+00 7.808588161814210282e-02
2.350000000000000089e+00 7.661363906104513843e-02
2.400000000000000355e+00 7.502495189108346341e-02
2.450000000000000178e+00 7.332628064026815162e-02
2.500000000000000000e+00 7.152483502312832753e-02
2.550000000000000266e+00 6.962842773658230178e-02
2.600000000000000089e+00 6.764553587073532381e-02
2.650000000000000355e+00 6.558513397782098076e-02
2.700000000000000178e+00 6.345663231588964670e-02
2.750000000000000000e+00 6.126978307122885048e-02
2.800000000000000266e+00 5.903460302155369432e-02
2.850000000000000089e+00 5.676124121256466426e-02
2.900000000000000355e+00 5.445991472314323789e-02
2.950000000000000178e+00 5.214079252873914105e-02
3.000000000000000000e+00 4.981390234543461165e-02
3.050000000000000266e+00 4.748903673430284605e-02
3.100000000000000089e+00 4.517566502686647112e-02
3.150000000000000355e+00 4.288285193995977629e-02
3.200000000000000178e+00 4.061917819591599060e-02
3.250000000000000000e+00 3.839268148698683769e-02
3.300000000000000266e+00 3.621079630004533229e-02
3.350000000000000089e+00 3.408030540833710542e-02
3.400000000000000355e+00 3.200730593180887290e-02
3.450000000000000178e+00 2.999718318883102738e-02
3.500000000000000000e+00 2.805459560784652126e-02
3.550000000000000266e+00 2.618346996582762709e-02
3.600000000000000089e+00 2.438700657213884598e-02
3.650000000000000355e+00 2.266769342046949867e-02
3.700000000000000178e+00 2.102732898647628051e-02
3.750000000000000000e+00 1.946705230774277082e-02
3.800000000000000266e+00 1.798737343799693481e-02
3.850000000000000089e+00 1.658824258682528932e-02
3.900000000000000355e+00 1.526904908295428215e-02
3.950000000000000178e+00 1.402871052427938359e-02
4.000000000000000000e+00 1.286571060990599098e-02
4.049999999999999822e+00 1.177814322798593528e-02
4.100000000000000533e+00 1.076378157317188153e-02
4.150000000000000355e+00 9.820118297880528480e-03
4.200000000000000178e+00 8.944418587138529622e-03
4.250000000000000000e+00 8.133768056302590616e-03
4.299999999999999822e+00 7.385117718957260116e-03
4.350000000000000533e+00 6.695326013937509708e-03
4.400000000000000355e+00 6.061197251942906580e-03
4.450000000000000178e+00 5.479516420091912025e-03
4.500000000000000000e+00 4.947080227465053270e-03
4.549999999999999822e+00 4.460724358504675711e-03
4.600000000000000533e+00 4.017347147355884544e-03
4.650000000000000355e+00 3.613929393889307989e-03
4.700000000000000178e+00 3.247568981373678658e-03
4.750000000000000000e+00 2.915422641811026179e-03
4.800000000000000711e+00 2.614824311925956386e-03
4.850000000000000533e+00 2.343220554700527723e-03
4.900000000000000355e+00 2.098194359923664064e-03
4.950000000000000178e+00 1.877468199890643293e-03
5.000000000000000000e+00 1.678890250392664225e-03
5.050000000000000711e+00 1.500495095905131620e-03
5.100000000000000533e+00 1.340409559987623851e-03
5.150000000000000355e+00 1.196911816920912149e-03
5.200000000000000178e+00 1.068411715246436093e-03
5.250000000000000000e+00 9.534449053978527339e-04
5.300000000000000711e+00 8.506710125889951684e-04
5.350000000000000533e+00 7.588625693279046035e-04
5.400000000000000355e+00 6.769014296470532216e-04
5.450000000000000178e+00 6.037717776979683237e-04
5.500000000000000000e+00 5.385529198046365125e-04
5.550000000000000711e+00 4.804126034701249937e-04
5.600000000000000533e+00 4.286035515244853182e-04
5.650000000000000355e+00 3.824434581703552768e-04
5.700000000000000178e+00 3.413285404419972614e-04
5.750000000000000000e+00 3.047135500550805527e-04
5.800000000000000711e+00 2.721102216959639906e-04
5.850000000000000533e+00 2.430811609599700153e-04
5.900000000000000355e+00 2.172350292636579332e-04
5.950000000000000178e+00 1.942214990274113086e-04
