0.000000000000000000e+00 -1.279950267387671148e-01
5.000000000000000278e-02 -1.319217789407796104e-01
1.000000000000000056e-01 -1.312906480421243971e-01
1.500000000000000222e-01 -1.301409420326847255e-01
2.000000000000000111e-01 -1.285490882001834034e-01
2.500000000000000000e-01 -1.265243022005591023e-01
3.000000000000000444e-01 -1.240874610929728339e-01
3.500000000000000333e-01 -1.212572540132896837e-01
4.000000000000000222e-01 -1.179775911218298029e-01
4.500000000000000111e-01 -1.143244188106593701e-01
5.000000000000000000e-01 -1.101472385499809442e-01
5.500000000000000444e-01 -1.058564797827233755e-01
6.000000000000000888e-01 -1.009493204843065761e-01
6.500000000000000222e-01 -9.590951029106799253e-02
7.000000000000000666e-01 -9.032485344948823491e-02
7.500000000000000000e-01 -8.459328091101367408e-02
8.000000000000000444e-01 -7.849252940687079239e-02
8.500000000000000888e-01 -7.213737351366726613e-02
9.000000000000000222e-01 -6.553382610733364533e-02
9.500000000000000666e-01 -5.865166178610688869e-02
1.000000000000000000e+00 -5.158028931404046169e-02
1.050000000000000044e+00 -4.431852293419424882e-02
1.100000000000000089e+00 -3.687684823429039638e-02
1.150000000000000133e+00 -2.930197176763721031e-02
1.200000000000000178e+00 -2.164003351731485711e-02
1.250000000000000000e+00 -1.389525259693553429e-02
1.300000000000000044e+00 -6.114813173002284566e-03
1.350000000000000089e+00 1.657818930080328431e-03
1.400000000000000133e+00 9.367906364417491472e-03
1.450000000000000178e+00 1.698661631516829376e-02
1.500000000000000000e+00 2.446625438048657952e-02
1.550000000000000044e+00 3.174618336703995819e-02
1.600000000000000089e+00 3.879243532897959368e-02
1.650000000000000133e+00 4.553587562575286962e-02
1.700000000000000178e+00 5.192829629699188126e-02
1.750000000000000000e+00 5.792618459080104559e-02
1.800000000000000044e+00 6.348143520688169505e-02
1.850000000000000089e+00 6.853556132449289962e-02
1.900000000000000133e+00 7.305649219607943112e-02
1.950000000000000178e+00 7.698828011881696243e-02
2.000000000000000000e+00 8.031241373098370329e-02
2.050000000000000266e+00 8.300186823813414383e-02
2.100000000000000089e+00 8.502268005529194095e-02
2.149999999999999911e+00 8.637317254353844842e-02
2.200000000000000178e+00 8.703989536586277664e-02
2.250000000000000000e+00 8.702993495141783664e-02
2.300000000000000266e+00 8.632445674821020987e-02
2.350000000000000089e+00 8.501080218921512610e-02
2.400000000000000355e+00 8.302749578092014082e-02
2.450000000000000178e+00 8.048540353606255249e-02
2.500000000000000000e+00 7.735044886761753558e-02
2.550000000000000266e+00 7.374428346936234835e-02
2.600000000000000089e+00 6.967814738788222217e-02
2.650000000000000355e+00 6.521065954538758647e-02
2.700000000000000178e+00 6.041470051856588641e-02
2.750000000000000000e+00 5.535146542080009169e-02
2.800000000000000266e+00 5.008098235553998939e-02
2.850000000000000089e+00 4.467658098584333798e-02
2.900000000000000355e+00 3.920020304308321352e-02
2.950000000000000178e+00 3.371559286750255846e-02
3.000000000000000000e+00 2.828394694688441888e-02
3.050000000000000266e+00 2.296017557643877452e-02
3.100000000000000089e+00 1.780044247046210990e-02
3.150000000000000355e+00 1.284968327560553902e-02
3.200000000000000178e+00 8.151745621733229308e-03
3.250000000000000000e+00 3.737015064802851234e-03
3.300000000000000266e+00 -3.593689934439139844e-04
3.350000000000000089e+00 -4.120237581353056525e-03
3.400000000000000355e+00 -7.522647236357682052e-03
3.450000000000000178e+00 -1.057577377285348966e-02
3.500000000000000000e+00 -1.323411750557094285e-02
3.550000000000000266e+00 -1.555111808224598352e-02
3.600000000000000089e+00 -1.750196474615856382e-02
3.650000000000000355e+00 -1.908932546069759192e-02
3.700000000000000178e+00 -2.037999118336605506e-02
3.750000000000000000e+00 -2.132179890694002600e-02
3.800000000000000266e+00 -2.199049829662120745e-02
3.850000000000000089e+00 -2.237699976526528675e-02
3.900000000000000355e+00 -2.253626036041484967e-02
3.950000000000000178e+00 -2.246164844998348176e-02
4.000000000000000000e+00 -2.219615715184919749e-02
4.049999999999999822e+00 -2.177215024630723555e-02
4.100000000000000533e+00 -2.119068644815878463e-02
4.150000000000000355e+00 -2.050146445030710460e-02
4.200000000000000178e+00 -1.971170369750833290e-02
4.250000000000000000e+00 -1.884674246102067963e-02
4.299999999999999822e+00 -1.792540009618113356e-02
4.350000000000000533e+00 -1.696632604344046336e-02
4.400000000000000355e+00 -1.598368870822091184e-02
4.450000000000000178e+00 -1.499243476931085006e-02
4.500000000000000000e+00 -1.400433247207418484e-02
4.549999999999999822e+00 -1.302943739032100257e-02
4.600000000000000533e+00 -1.207656359378347401e-02
4.650000000000000355e+00 -1.115384251839670118e-02
4.700000000000000178e+00 -1.026473800250650610e-02
4.750000000000000000e+00 -9.415929972211788471e-03
4.800000000000000711e+00 -8.609576070017303448e-03
4.850000000000000533e+00 -7.847986027715579335e-03
4.900000000000000355e+00 -7.133129924904771033e-03
4.950000000000000178e+00 -6.463869911572757074e-03
5.000000000000000000e+00 -5.846222100499195648e-03
5.050000000000000711e+00 -5.264690042549523621e-03
5.100000000000000533e+00 -4.738480383978372311e-03
5.150000000000000355e+00 -4.250807414309491772e-03
5.200000000000000178e+00 -3.806233952768055435e-03
5.250000000000000000e+00 -3.401274792818889670e-03
5.300000000000000711e+00 -3.033221660433327391e-03
5.350000000000000533e+00 -2.702374343941826417e-03
5.400000000000000355e+00 -2.402058473579610741e-03
5.450000000000000178e+00 -2.133438010185117594e-03
5.500000000000000000e+00 -1.892476679762785047e-03
5.550000000000000711e+00 -1.677265654104298769e-03
5.600000000000000533e+00 -1.485302122145559919e-03
5.650000000000000355e+00 -1.314465287499085640e-03
5.700000000000000178e+00 -1.162622814007955967e-03
5.750000000000000000e+00 -1.027809427755957145e-03
5.800000000000000711e+00 -9.082083069139894240e-04
5.850000000000000533e+00 -8.018848643738937451e-04
5.900000000000000355e+00 -7.100540943411882923e-04
5.950000000000000178e+00 -6.161483472084811064e-04
6.000000000000000000e+00 -5.193955812662930972e-04
6.050000000000000711e+00 -4.644244108281151903e-04
6.100000000000000533e+00 -4.152683644427918042e-04
6.150000000000000355e+00 -3.712990405950181345e-04
6.200000000000000178e+00 -3.319776823090966021e-04
6.250000000000000000e+00 -2.968186912623055514e-04
6.300000000000000711e+00 -2.653723542812692991e-04
6.350000000000000533e+00 -2.372526302608737078e-04
6.400000000000000355e+00 -2.121116177744680721e-04
6.450000000000000178e+00 -1.896273029243444820e-04
6.500000000000000000e+00 -1.695230398940011712e-04
6.550000000000000711e+00 -1.515497620360081970e-04
