0.000000000000000000e+00 -2.226479266549847430e-02
5.000000000000000278e-02 -2.227311190828050458e-02
1.000000000000000056e-01 -2.229782138631183214e-02
1.500000000000000222e-01 -2.233818131729328055e-02
2.000000000000000111e-01 -2.239297517319788211e-02
2.500000000000000000e-01 -2.246053392865337422e-02
3.000000000000000444e-01 -2.253876919068959275e-02
3.500000000000000333e-01 -2.262521444204809370e-02
4.000000000000000222e-01 -2.271707329604443631e-02
4.500000000000000111e-01 -2.281127426133198674e-02
5.000000000000000000e-01 -2.290452837688349702e-02
5.500000000000000444e-01 -2.299339388085010552e-02
6.000000000000000888e-01 -2.307433906768056181e-02
6.500000000000000222e-01 -2.314380775483393729e-02
7.000000000000000666e-01 -2.319828352024727591e-02
7.500000000000000000e-01 -2.323435183526305348e-02
8.000000000000000444e-01 -2.324875877488708983e-02
8.500000000000000888e-01 -2.323846560868675359e-02
9.000000000000000222e-01 -2.320069676708952713e-02
9.500000000000000666e-01 -2.313298518625064165e-02
1.000000000000000000e+00 -2.303320423706653811e-02
1.050000000000000044e+00 -2.289959912300429390e-02
1.100000000000000089e+00 -2.273080730321398041e-02
1.150000000000000133e+00 -2.252587169794611696e-02
1.200000000000000178e+00 -2.228424731441710355e-02
1.250000000000000000e+00 -2.200579951863033609e-02
1.300000000000000044e+00 -2.169079647187674084e-02
1.350000000000000089e+00 -2.133989381460014295e-02
1.400000000000000133e+00 -2.095411914926217228e-02
1.450000000000000178e+00 -2.053484121284476424e-02
1.500000000000000000e+00 -2.008374451786174714e-02
1.550000000000000044e+00 -1.960279852753971444e-02
1.600000000000000089e+00 -1.909421959464481858e-02
1.650000000000000133e+00 -1.856043692807054363e-02
1.700000000000000178e+00 -1.800405431072575613e-02
1.750000000000000000e+00 -1.742781355205112043e-02
1.800000000000000044e+00 -1.683455520388420917e-02
1.850000000000000089e+00 -1.622718378429676908e-02
1.900000000000000133e+00 -1.560863255694597794e-02
1.950000000000000178e+00 -1.498183010607691094e-02
2.000000000000000000e+00 -1.434966977049222797e-02
2.050000000000000266e+00 -1.371498126469889757e-02
2.100000000000000089e+00 -1.308050508740337715e-02
2.149999999999999911e+00 -1.244886957396058695e-02
2.200000000000000178e+00 -1.182257133214377476e-02
2.250000000000000000e+00 -1.120395771694132799e-02
2.300000000000000266e+00 -1.059521206998565064e-02
2.350000000000000089e+00 -9.998347415279856820e-03
2.400000000000000355e+00 -9.415190259873954318e-03
2.450000000000000178e+00 -8.847379449362960738e-03
2.500000000000000000e+00 -8.296361997741792324e-03
2.550000000000000266e+00 -7.763392228637332193e-03
2.600000000000000089e+00 -7.249530538944120792e-03
2.650000000000000355e+00 -6.755650362632369642e-03
2.700000000000000178e+00 -6.282439891668420429e-03
2.750000000000000000e+00 -5.830409497346263070e-03
2.800000000000000266e+00 -5.399899024541028603e-03
2.850000000000000089e+00 -4.991088387790986250e-03
2.900000000000000355e+00 -4.604005916303576841e-03
2.950000000000000178e+00 -4.238539731388046850e-03
3.000000000000000000e+00 -3.894450340681609914e-03
3.050000000000000266e+00 -3.571380127307265291e-03
3.100000000000000089e+00 -3.268868766741895963e-03
3.150000000000000355e+00 -2.986366105579812101e-03
3.200000000000000178e+00 -2.723241582061513514e-03
3.250000000000000000e+00 -2.478798823685015532e-03
3.300000000000000266e+00 -2.252287228095013315e-03
3.350000000000000089e+00 -2.042913472483569130e-03
3.400000000000000355e+00 -1.849852898052331638e-03
3.450000000000000178e+00 -1.672258838513389616e-03
3.500000000000000000e+00 -1.509274562413301596e-03
3.550000000000000266e+00 -1.360037702388792883e-03
3.600000000000000089e+00 -1.223693036166128558e-03
3.650000000000000355e+00 -1.099397348340842503e-03
3.700000000000000178e+00 -9.863247369270161657e-04
3.750000000000000000e+00 -8.836722910244961199e-04
3.800000000000000266e+00 -7.906664727196247109e-04
3.850000000000000089e+00 -7.065629413062133029e-04
3.900000000000000355e+00 -6.306517537154910378e-04
3.950000000000000178e+00 -5.622586616502770439e-04
4.000000000000000000e+00 -5.007462374577927337e-04
4.049999999999999822e+00 -4.455157559058263287e-04
4.100000000000000533e+00 -3.960043481413799129e-04
4.150000000000000355e+00 -3.516882730777544310e-04
4.200000000000000178e+00 -3.120803840491500193e-04
4.250000000000000000e+00 -2.767293259375028171e-04
4.299999999999999822e+00 -2.452185766331407141e-04
4.350000000000000533e+00 -2.171649049978927569e-04
4.400000000000000355e+00 -1.922169950376291601e-04
4.450000000000000178e+00 -1.700536516175288218e-04
4.500000000000000000e+00 -1.503822102833347017e-04
4.549999999999999822e+00 -1.329368914380224141e-04
4.600000000000000533e+00 -1.174764627345252830e-04
4.650000000000000355e+00 -1.037816274828994224e-04
4.700000000000000178e+00 -9.166028045945043615e-05
4.750000000000000000e+00 -8.093697183589145037e-05
4.800000000000000711e+00 -7.144982568756412435e-05
4.850000000000000533e+00 -6.306023860381609013e-05
4.900000000000000355e+00 -5.564292196369247719e-05
4.950000000000000178e+00 -4.908633544834667563e-05
5.000000000000000000e+00 -4.329212317254557294e-05
5.050000000000000711e+00 -3.817207548432723042e-05
5.100000000000000533e+00 -3.364905982648397939e-05
5.150000000000000355e+00 -2.965447135281986082e-05
5.200000000000000178e+00 -2.612812514379021230e-05
5.250000000000000000e+00 -2.301632485365497037e-05
5.300000000000000711e+00 -2.027184885270686784e-05
5.350000000000000533e+00 -1.785193565848761790e-05
5.400000000000000355e+00 -1.572030285614159199e-05
5.450000000000000178e+00 -1.384334548245254144e-05
5.500000000000000000e+00 -1.219153966189308344e-05
5.550000000000000711e+00 -1.073833166892781899e-05
5.600000000000000533e+00 -9.460183168272878019e-06
5.650000000000000355e+00 -8.335994261596476088e-06
5.700000000000000178e+00 -7.347091624898588913e-06
5.750000000000000000e+00 -6.476262776498378737e-06
5.800000000000000711e+00 -5.708902238284849933e-06
5.850000000000000533e+00 -5.031812610468418162e-06
5.900000000000000355e+00 -4.433320107133209232e-06
5.950000000000000178e+00 -3.903763758839096921e-06
