0.000000000000000000e+00 -0.000000000000000000e+00
5.000000000000000278e-02 4.290245456544696375e-08
1.000000000000000056e-01 6.834925463641835747e-07
1.500000000000000222e-01 3.435475116830680467e-06
2.000000000000000111e-01 1.074951640072237293e-05
2.500000000000000000e-01 2.590832789665284657e-05
3.000000000000000444e-01 5.288631385244953767e-05
3.500000000000000333e-01 9.617993990021831254e-05
4.000000000000000222e-01 1.606162281871033088e-04
4.500000000000000111e-01 2.511476836387709858e-04
5.000000000000000000e-01 3.726424660937645099e-04
5.500000000000000444e-01 5.296787223903279013e-04
6.000000000000000888e-01 7.263516795956543540e-04
6.500000000000000222e-01 9.661013940315471083e-04
7.000000000000000666e-01 1.251567988201012427e-03
7.500000000000000000e-01 1.584479843850311641e-03
8.000000000000000444e-01 1.965578623142065669e-03
8.500000000000000888e-01 2.394583240915162427e-03
9.000000000000000222e-01 2.870193095593043947e-03
9.500000000000000666e-01 3.390129073131547665e-03
1.000000000000000000e+00 3.951209154027694910e-03
1.050000000000000044e+00 4.549453958004315811e-03
1.100000000000000089e+00 5.180216324372868483e-03
1.150000000000000133e+00 5.838328104374760838e-03
1.200000000000000178e+00 6.518256769579820059e-03
1.250000000000000000e+00 7.214264285288075895e-03
1.300000000000000044e+00 7.920560780032075490e-03
1.350000000000000089e+00 8.631446266064312159e-03
1.400000000000000133e+00 9.341434372361035257e-03
1.450000000000000178e+00 1.004535330835670814e-02
1.500000000000000000e+00 1.073842061269585611e-02
1.550000000000000044e+00 1.141628975583959191e-02
1.600000000000000089e+00 1.207506823634874570e-02
1.650000000000000133e+00 1.271130836144664447e-02
1.700000000000000178e+00 1.332197335395810325e-02
1.750000000000000000e+00 1.390438270706260970e-02
1.800000000000000044e+00 1.445614175245619852e-02
1.850000000000000089e+00 1.497506116635780732e-02
1.900000000000000133e+00 1.545907257646799565e-02
1.950000000000000178e+00 1.590614653347401444e-02
2.000000000000000000e+00 1.631421887828325354e-02
2.050000000000000266e+00 1.668113093507299707e-02
2.100000000000000089e+00 1.700458823633089686e-02
2.149999999999999911e+00 1.728214118461321794e-02
2.200000000000000178e+00 1.751118999689647154e-02
2.250000000000000000e+00 1.768901475994375319e-02
2.300000000000000266e+00 1.781283003915250240e-02
2.350000000000000089e+00 1.787986207888041246e-02
2.400000000000000355e+00 1.788744533702622819e-02
2.450000000000000178e+00 1.783313396956398914e-02
2.500000000000000000e+00 1.771482297771153139e-02
2.550000000000000266e+00 1.753087309539138813e-02
2.600000000000000089e+00 1.728023315753526162e-02
2.650000000000000355e+00 1.696255366521230365e-02
2.700000000000000178e+00 1.657828555035245968e-02
2.750000000000000000e+00 1.612875872434207242e-02
2.800000000000000266e+00 1.561623583995944316e-02
2.850000000000000089e+00 1.504393776137986742e-02
2.900000000000000355e+00 1.441603846851740971e-02
2.950000000000000178e+00 1.373762845866937157e-02
3.000000000000000000e+00 1.301464708503434660e-02
3.050000000000000266e+00 1.225378562211028484e-02
3.100000000000000089e+00 1.146236410863309477e-02
3.150000000000000355e+00 1.064818613154276672e-02
3.200000000000000178e+00 9.819376629716901339e-03
3.250000000000000000e+00 8.984208474714591025e-03
3.300000000000000266e+00 8.150924000596913507e-03
3.350000000000000089e+00 7.327557792370844453e-03
3.400000000000000355e+00 6.521766902683317872e-03
3.450000000000000178e+00 5.740674262251154250e-03
3.500000000000000000e+00 4.990730406565844872e-03
3.550000000000000266e+00 4.277597795706824385e-03
3.600000000000000089e+00 3.606061000232066785e-03
3.650000000000000355e+00 2.979964914794408504e-03
3.700000000000000178e+00 2.402181996479721849e-03
3.750000000000000000e+00 1.874608361661745087e-03
3.800000000000000266e+00 1.398187466145669544e-03
3.850000000000000089e+00 9.729590866897144547e-04
3.900000000000000355e+00 5.981304590437594871e-04
3.950000000000000178e+00 2.721657412759744075e-04
4.000000000000000000e+00 -7.110515609108285665e-06
4.049999999999999822e+00 -2.424004824713022052e-04
4.100000000000000533e+00 -4.368154059117755031e-04
4.150000000000000355e+00 -5.937577107155394673e-04
4.200000000000000178e+00 -7.168070291862695814e-04
4.250000000000000000e+00 -8.096138438012224050e-04
4.299999999999999822e+00 -8.758038096734115183e-04
4.350000000000000533e+00 -9.188951125042157725e-04
4.400000000000000355e+00 -9.422304556068586195e-04
4.450000000000000178e+00 -9.489244960006766984e-04
4.500000000000000000e+00 -9.418268025545851714e-04
4.549999999999999822e+00 -9.234997230926520959e-04
4.600000000000000533e+00 -8.962099514479631920e-04
4.650000000000000355e+00 -8.619321024066399582e-04
4.700000000000000178e+00 -8.223622478019493006e-04
4.750000000000000000e+00 -7.789391485182300262e-04
4.800000000000000711e+00 -7.328708350342633560e-04
4.850000000000000533e+00 -6.851642363732444790e-04
4.900000000000000355e+00 -6.366557205394907798e-04
4.950000000000000178e+00 -5.880406700373733099e-04
5.000000000000000000e+00 -5.399005512661972459e-04
5.050000000000000711e+00 -4.927263213820725100e-04
5.100000000000000533e+00 -4.469374246019051293e-04
5.150000000000000355e+00 -4.028960364602218584e-04
5.200000000000000178e+00 -3.609165957491524009e-04
5.250000000000000000e+00 -3.212709994793789452e-04
5.300000000000000711e+00 -2.841901100306955751e-04
5.350000000000000533e+00 -2.498624243521277649e-04
5.400000000000000355e+00 -2.184308764236021294e-04
5.450000000000000178e+00 -1.899887852094370871e-04
5.500000000000000000e+00 -1.645759249688964548e-04
5.550000000000000711e+00 -1.421755914013989627e-04
5.600000000000000533e+00 -1.227133776994431349e-04
5.650000000000000355e+00 -1.060581738734971363e-04
5.700000000000000178e+00 -9.202567706899013485e-05
5.750000000000000000e+00 -8.038446694794119138e-05
5.800000000000000711e+00 -7.086447497983143116e-05
5.850000000000000533e+00 -6.316747460612794432e-05
5.900000000000000355e+00 -5.697905329640727681e-05
5.950000000000000178e+00 -5.198140708292574785e-05
6.000000000000000000e+00 -4.786622937322454143e-05
6.050000000000000711e+00 -4.434695115837131553e-05
6.100000000000000533e+00 -4.116962797110886111e-05
6.150000000000000355e+00 -3.812185551353772776e-05
6.200000000000000178e+00 -3.503922321816954893e-05
6.250000000000000000e+00 -3.180897322654404328e-05
6.300000000000000711e+00 -2.837070983964544495e-05
6.350000000000000533e+00 -2.471418906121224324e-05
6.400000000000000355e+00 -2.087439705867715680e-05
6.450000000000000178e+00 -1.692428862490807790e-05
6.500000000000000000e+00 -1.296569194021387349e-05
6.550000000000000711e+00 -9.118986084716723897e-06
6.600000000000000533e+00 -5.512217320870314993e-06
6.650000000000000355e+00 -2.270336412078133331e-06
6.700000000000000178e+00 4.947877238104672208e-07
6.750000000000000000e+00 2.692990045981621063e-06
6.800000000000000711e+00 4.262581452830159750e-06
6.850000000000000533e+00 5.174915143603805507e-06
6.900000000000000355e+00 5.436540124463471681e-06
6.950000000000000178e+00 5.088892065893524901e-06
7.000000000000000000e+00 4.205627725151709218e-06
7.050000000000000711e+00 2.887854029847068859e-06
7.100000000000000533e+00 1.257627883634453369e-06
7.150000000000000355e+00 -5.497994920487628099e-07
7.200000000000000178e+00 -2.394454705499163740e-06
7.250000000000000000e+00 -4.140262472099996698e-06
7.300000000000000711e+00 -5.663252903375262271e-06
7.350000000000000533e+00 -6.858837085339912667e-06
7.400000000000000355e+00 -7.647706138020829905e-06
7.450000000000000178e+00 -7.980008867719272340e-06
7.500000000000000000e+00 -7.837582055800834874e-06
7.550000000000000711e+00 -7.234137376951840532e-06
7.600000000000000533e+00 -6.213441435934739974e-06
7.650000000000000355e+00 -4.845652052614448038e-06
7.700000000000000178e+00 -3.222086899455097723e-06
7.750000000000000000e+00 -1.448793157615214491e-06
7.800000000000000711e+00 3.606462814356899244e-07
7.850000000000000533e+00 2.092596919883098794e-06
7.900000000000000355e+00 3.640667142872189995e-06
7.950000000000000178e+00 4.912356886999323816e-06
8.000000000000000000e+00 5.834656212789398489e-06
8.050000000000000711e+00 6.358265672852723058e-06
8.099999999999999645e+00 6.460205368953743417e-06
8.150000000000000355e+00 6.144686980035989163e-06
8.200000000000001066e+00 5.442235755158121107e-06
8.250000000000000000e+00 4.407160276921548369e-06
8.300000000000000711e+00 3.113569785531794933e-06
8.349999999999999645e+00 1.650225807585913665e-06
8.400000000000000355e+00 1.145816466087932043e-07
8.450000000000001066e+00 -1.393593758507787253e-06
8.500000000000000000e+00 -2.778594152220070516e-06
8.550000000000000711e+00 -3.954752508449927714e-06
8.599999999999999645e+00 -4.851646596234609807e-06
8.650000000000000355e+00 -5.418221562811124821e-06
8.700000000000001066e+00 -5.625593083551949093e-06
8.750000000000000000e+00 -5.468383351131106599e-06
8.800000000000000711e+00 -4.964538188595418107e-06
8.849999999999999645e+00 -4.153670667751947716e-06
8.900000000000000355e+00 -3.094068663375015882e-06
8.950000000000001066e+00 -1.858585098785021269e-06
9.000000000000000000e+00 -5.296953636085728431e-07
9.050000000000000711e+00 8.059472771435701351e-07
9.099999999999999645e+00 2.063102998320321458e-06
9.150000000000000355e+00 3.163326635126600099e-06
9.200000000000001066e+00 4.039802980415475656e-06
9.250000000000000000e+00 4.641342035053108170e-06
9.300000000000000711e+00 4.935299434110370358e-06
9.349999999999999645e+00 4.909260145802874054e-06
9.400000000000000355e+00 4.571405066623330202e-06
9.450000000000001066e+00 3.949565000687023702e-06
9.500000000000000000e+00 3.089049302523329035e-06
9.550000000000000711e+00 2.049412014108499818e-06
9.600000000000001421e+00 9.003820355386455524e-07
9.650000000000000355e+00 -2.827680280701951856e-07
9.700000000000001066e+00 -1.424109907204532085e-06
9.750000000000000000e+00 -2.451890173040633454e-06
9.800000000000000711e+00 -3.302998825988868451e-06
9.850000000000001421e+00 -3.926800616334353493e-06
9.900000000000000355e+00 -4.288099549424643479e-06
9.950000000000001066e+00 -4.369066383058516366e-06
