0.000000000000000000e+00 0.000000000000000000e+00
5.000000000000000278e-02 1.950725054672791058e-14
1.000000000000000056e-01 6.230655976472453715e-13
1.500000000000000222e-01 4.716679534720914458e-12
2.000000000000000111e-01 1.978951033046895747e-11
2.500000000000000000e-01 6.005497267667216909e-11
3.000000000000000444e-01 1.484151213937736025e-10
3.500000000000000333e-01 3.181957733017740536e-10
4.000000000000000222e-01 6.146050565349621558e-10
4.500000000000000111e-01 1.095874401495049359e-09
5.000000000000000000e-01 1.834048235212150305e-09
5.500000000000000444e-01 2.915396643834173639e-09
6.000000000000000888e-01 4.440433839114462501e-09
6.500000000000000222e-01 6.523534204742683683e-09
7.000000000000000666e-01 9.292146800570246966e-09
7.500000000000000000e-01 1.288561825851233068e-08
8.000000000000000444e-01 1.745364280745431737e-08
8.500000000000000888e-01 2.315436651811271707e-08
9.000000000000000222e-01 3.015218057744307481e-08
9.500000000000000666e-01 3.861524531779578416e-08
1.000000000000000000e+00 4.871279269137381574e-08
1.050000000000000044e+00 6.061225977249959354e-08
1.100000000000000089e+00 7.447630959225472154e-08
1.150000000000000133e+00 9.045979809424403480e-08
1.200000000000000178e+00 1.087067472081920468e-07
1.250000000000000000e+00 1.293473839614352154e-07
1.300000000000000044e+00 1.524953042082835564e-07
1.350000000000000089e+00 1.782448170032834341e-07
1.400000000000000133e+00 2.066685219527993760e-07
1.450000000000000178e+00 2.378151671503505312e-07
1.500000000000000000e+00 2.717078296563141637e-07
1.550000000000000044e+00 3.083424540611795238e-07
1.600000000000000089e+00 3.476867776267583436e-07
1.650000000000000133e+00 3.896796629949046479e-07
1.700000000000000178e+00 4.342308516574587229e-07
1.750000000000000000e+00 4.812211434652736966e-07
1.800000000000000044e+00 5.305029995868220093e-07
1.850000000000000089e+00 5.819015586705782261e-07
1.900000000000000133e+00 6.352160486728717010e-07
1.950000000000000178e+00 6.902215700241449654e-07
2.000000000000000000e+00 7.466712196457990716e-07
2.050000000000000266e+00 8.042985199034795372e-07
2.100000000000000089e+00 8.628201119773980132e-07
2.149999999999999911e+00 9.219386694120744331e-07
2.200000000000000178e+00 9.813459848209260946e-07
2.250000000000000000e+00 1.040726180888338445e-06
2.300000000000000266e+00 1.099758995934616210e-06
2.350000000000000089e+00 1.158123094368872787e-06
2.400000000000000355e+00 1.215499353313767401e-06
2.450000000000000178e+00 1.271574078489011622e-06
2.500000000000000000e+00 1.326042105017794727e-06
2.550000000000000266e+00 1.378609742088548399e-06
2.600000000000000089e+00 1.428997524270579291e-06
2.650000000000000355e+00 1.476942736644734389e-06
2.700000000000000178e+00 1.522201685663198088e-06
2.750000000000000000e+00 1.564551692686829914e-06
2.800000000000000266e+00 1.603792792355244036e-06
2.850000000000000089e+00 1.639749123217607155e-06
2.900000000000000355e+00 1.672270003288751615e-06
2.950000000000000178e+00 1.701230688300283611e-06
3.000000000000000000e+00 1.726532815302379575e-06
3.050000000000000266e+00 1.748104538861015331e-06
3.100000000000000089e+00 1.765900371320343069e-06
3.150000000000000355e+00 1.779900742404630010e-06
3.200000000000000178e+00 1.790111296774772060e-06
3.250000000000000000e+00 1.796561950998453342e-06
3.300000000000000266e+00 1.799305733720466336e-06
3.350000000000000089e+00 1.798417434621483044e-06
3.400000000000000355e+00 1.793992089031721695e-06
3.450000000000000178e+00 1.786143325832392270e-06
3.500000000000000000e+00 1.775001606553651705e-06
3.550000000000000266e+00 1.760712383391819293e-06
3.600000000000000089e+00 1.743434203256629795e-06
3.650000000000000355e+00 1.723336783962498786e-06
3.700000000000000178e+00 1.700599087341303500e-06
3.750000000000000000e+00 1.675407412426743538e-06
3.800000000000000266e+00 1.647953529991549288e-06
3.850000000000000089e+00 1.618432877659645305e-06
3.900000000000000355e+00 1.587042832615607616e-06
3.950000000000000178e+00 1.553981076642276108e-06
4.000000000000000000e+00 1.519444065880178492e-06
4.049999999999999822e+00 1.483625615362874136e-06
4.100000000000000533e+00 1.446715606079898205e-06
4.150000000000000355e+00 1.408898820089004876e-06
4.200000000000000178e+00 1.370353907072880009e-06
4.250000000000000000e+00 1.331252483738688083e-06
4.299999999999999822e+00 1.291758365613110101e-06
4.350000000000000533e+00 1.252026929107887221e-06
4.400000000000000355e+00 1.212204600233298257e-06
4.450000000000000178e+00 1.172428465027343297e-06
4.500000000000000000e+00 1.132825995650288307e-06
4.549999999999999822e+00 1.093514885167489001e-06
4.600000000000000533e+00 1.054602983304576056e-06
4.650000000000000355e+00 1.016188324901526922e-06
4.700000000000000178e+00 9.783592424069590810e-07
4.750000000000000000e+00 9.411945535297874752e-07
4.800000000000000711e+00 9.047638150895183909e-07
4.850000000000000533e+00 8.691276341646763816e-07
4.900000000000000355e+00 8.343380278163460901e-07
4.950000000000000178e+00 8.004388229450744710e-07
5.000000000000000000e+00 7.674660882089814244e-07
5.050000000000000711e+00 7.354485903734128387e-07
5.100000000000000533e+00 7.044082679631445473e-07
5.150000000000000355e+00 6.743607156325698805e-07
5.200000000000000178e+00 6.453156732444171650e-07
5.250000000000000000e+00 6.172775142407788173e-07
5.300000000000000711e+00 5.902457284906020615e-07
5.350000000000000533e+00 5.642153953952142213e-07
5.400000000000000355e+00 5.391776436191852809e-07
5.450000000000000178e+00 5.151200943804164658e-07
5.500000000000000000e+00 4.920272857744938835e-07
5.550000000000000711e+00 4.698810761189875439e-07
5.600000000000000533e+00 4.486610247796107171e-07
5.650000000000000355e+00 4.283447493790917176e-07
5.700000000000000178e+00 4.089082586893714299e-07
5.750000000000000000e+00 3.903262608673393586e-07
5.800000000000000711e+00 3.725724470135446817e-07
5.850000000000000533e+00 3.556197503126512929e-07
5.900000000000000355e+00 3.394405812549027243e-07
5.950000000000000178e+00 3.240070396411372439e-07
6.000000000000000000e+00 3.092911042418196148e-07
6.050000000000000711e+00 2.952648011154855937e-07
6.100000000000000533e+00 2.819003516963507680e-07
6.150000000000000355e+00 2.691703018372907987e-07
6.200000000000000178e+00 2.570476330456681308e-07
6.250000000000000000e+00 2.455058571782785571e-07
6.300000000000000711e+00 2.345190958707677213e-07
6.350000000000000533e+00 2.240621459688383842e-07
6.400000000000000355e+00 2.141105322059508205e-07
6.450000000000000178e+00 2.046405483374530168e-07
6.500000000000000000e+00 1.956292878963428576e-07
6.550000000000000711e+00 1.870546656832633675e-07
6.600000000000000533e+00 1.788954310447312176e-07
6.650000000000000355e+00 1.711311739306912857e-07
6.700000000000000178e+00 1.637423246567781725e-07
6.750000000000000000e+00 1.567101482294770403e-07
6.800000000000000711e+00 1.500167340248427092e-07
6.850000000000000533e+00 1.436449815445395062e-07
6.900000000000000355e+00 1.375785829074969216e-07
6.950000000000000178e+00 1.318020026721246789e-07
7.000000000000000000e+00 1.263004555233078559e-07
7.050000000000000711e+00 1.210598823006971948e-07
7.100000000000000533e+00 1.160669247904511383e-07
7.150000000000000355e+00 1.113088996517405663e-07
7.200000000000000178e+00 1.067737718021091820e-07
7.250000000000000000e+00 1.024501275422562835e-07
7.300000000000000711e+00 9.832714766091523965e-08
7.350000000000000533e+00 9.439458072421554325e-08
7.400000000000000355e+00 9.064271672106092543e-08
7.450000000000000178e+00 8.706236120657816870e-08
7.500000000000000000e+00 8.364481005931385723e-08
7.550000000000000711e+00 8.038182494449568975e-08
7.600000000000000533e+00 7.726560955505723231e-08
7.650000000000000355e+00 7.428878668408648186e-08
7.700000000000000178e+00 7.144437616669084477e-08
7.750000000000000000e+00 6.872577371575076801e-08
7.800000000000000711e+00 6.612673066448086349e-08
7.850000000000000533e+00 6.364133461893610780e-08
7.900000000000000355e+00 6.126399101539795285e-08
7.950000000000000178e+00 5.898940557079435354e-08
8.000000000000000000e+00 5.681256760876673315e-08
8.050000000000000711e+00 5.472873423956941997e-08
8.099999999999999645e+00 5.273341536850325506e-08
8.150000000000000355e+00 5.082235950495857440e-08
8.200000000000001066e+00 4.899154034221386250e-08
8.250000000000000000e+00 4.723714407683506106e-08
8.300000000000000711e+00 4.555555743573603777e-08
8.349999999999999645e+00 4.394335637861671241e-08
8.400000000000000355e+00 4.239729544351136510e-08
8.450000000000001066e+00 4.091429770349885047e-08
8.500000000000000000e+00 3.949144530318371632e-08
8.550000000000000711e+00 3.812597054431247463e-08
8.599999999999999645e+00 3.681524749078526117e-08
8.650000000000000355e+00 3.555678406434203483e-08
8.700000000000001066e+00 3.434821460329477603e-08
8.750000000000000000e+00 3.318729285782914161e-08
8.800000000000000711e+00 3.207188539658130632e-08
8.849999999999999645e+00 3.099996540039659526e-08
8.900000000000000355e+00 2.996960682036863777e-08
8.950000000000001066e+00 2.897897887845033288e-08
9.000000000000000000e+00 2.802634089008090018e-08
9.050000000000000711e+00 2.711003738941341288e-08
9.099999999999999645e+00 2.622849353882051109e-08
9.150000000000000355e+00 2.538021080540940782e-08
9.200000000000001066e+00 2.456376288829655204e-08
9.250000000000000000e+00 2.377779188135368246e-08
9.300000000000000711e+00 2.302100465706489383e-08
9.349999999999999645e+00 2.229216945800572259e-08
9.400000000000000355e+00 2.159011268328680377e-08
9.450000000000001066e+00 2.091371585809011502e-08
9.500000000000000000e+00 2.026191277516118073e-08
9.550000000000000711e+00 1.963368679782492700e-08
9.600000000000001421e+00 1.902806831474250619e-08
9.650000000000000355e+00 1.844413233724406556e-08
9.700000000000001066e+00 1.788099623065386284e-08
9.750000000000000000e+00 1.733781757156355306e-08
9.800000000000000711e+00 1.681379212351727995e-08
9.850000000000001421e+00 1.630815192405085199e-08
9.900000000000000355e+00 1.582016347647100585e-08
9.950000000000001066e+00 1.534912604017786746e-08
1.000000000000000000e+01 1.489437001372328011e-08
1.005000000000000071e+01 1.445525540516373925e-08
1.010000000000000142e+01 1.403117038460553660e-08
1.015000000000000036e+01 1.362152991415898142e-08
1.020000000000000107e+01 1.322577445081852716e-08
1.025000000000000000e+01 1.284336871805892077e-08
1.030000000000000071e+01 1.247380054220373324e-08
1.035000000000000142e+01 1.211657974986089083e-08
1.040000000000000036e+01 1.177123712295142754e-08
1.045000000000000107e+01 1.143732340806506785e-08
1.050000000000000000e+01 1.111440837708031145e-08
1.055000000000000071e+01 1.080207993617064979e-08
1.060000000000000142e+01 1.049994328049004182e-08
1.065000000000000036e+01 1.020762009199761072e-08
1.070000000000000107e+01 9.924747778031820217e-09
1.075000000000000000e+01 9.650978748384673962e-09
1.080000000000000071e+01 9.385979728766579536e-09
1.085000000000000142e+01 9.129431108668583487e-09
1.090000000000000036e+01 8.881026321754428608e-09
1.095000000000000107e+01 8.640471257018052224e-09
1.100000000000000000e+01 8.407483699049158311e-09
1.105000000000000071e+01 8.181792795842838597e-09
1.110000000000000142e+01 7.963138552684189735e-09
1.115000000000000036e+01 7.751271350716665012e-09
1.120000000000000107e+01 7.545951488889256706e-09
1.125000000000000000e+01 7.346948748049531858e-09
1.130000000000000071e+01 7.154041976018494717e-09
1.135000000000000142e+01 6.967018692551019998e-09
1.140000000000000036e+01 6.785674713145991095e-09
1.145000000000000107e+01 6.609813790731195067e-09
1.150000000000000000e+01 6.439247274297450307e-09
1.155000000000000071e+01 6.273793783613924375e-09
1.160000000000000142e+01 6.113278899200173700e-09
1.165000000000000036e+01 5.957534866777467892e-09
1.170000000000000107e+01 5.806400315465910292e-09
1.175000000000000000e+01 5.659719989032542926e-09
1.180000000000000071e+01 5.517344489532264767e-09
1.185000000000000142e+01 5.379130032723546082e-09
1.190000000000000036e+01 5.244938214669210364e-09
1.195000000000000107e+01 5.114635788966942914e-09
1.200000000000000000e+01 4.988094454085191163e-09
1.205000000000000071e+01 4.865190650303544295e-09
1.210000000000000142e+01 4.745805365789411240e-09
1.215000000000000036e+01 4.629823951361992647e-09
1.220000000000000107e+01 4.517135943522784886e-09
1.225000000000000000e+01 4.407634895348865902e-09
1.230000000000000071e+01 4.301218214873289755e-09
1.235000000000000142e+01 4.197787010588983569e-09
1.240000000000000036e+01 4.097245943736764635e-09
1.245000000000000107e+01 3.999503087053997908e-09
1.250000000000000000e+01 3.904469789675292687e-09
1.255000000000000071e+01 3.812060547894960106e-09
1.260000000000000142e+01 3.722192881516798560e-09
1.265000000000000036e+01 3.634787215524084802e-09
1.270000000000000107e+01 3.549766766826341792e-09
1.275000000000000000e+01 3.467057435842177881e-09
1.280000000000000071e+01 3.386587702696018684e-09
1.285000000000000142e+01 3.308288527813846660e-09
1.290000000000000036e+01 3.232093256717667711e-09
1.295000000000000107e+01 3.157937528821948721e-09
1.300000000000000000e+01 3.085759190054904333e-09
1.305000000000000071e+01 3.015498209124102448e-09
1.310000000000000142e+01 2.947096597266226432e-09
1.315000000000000036e+01 2.880498331320514785e-09
1.320000000000000107e+01 2.815649279977412582e-09
1.325000000000000000e+01 2.752497133059875495e-09
1.330000000000000071e+01 2.690991333701634440e-09
1.335000000000000142e+01 2.631083013292979905e-09
1.340000000000000036e+01 2.572724929073451446e-09
1.345000000000000107e+01 2.515871404250171809e-09
1.350000000000000000e+01 2.460478270536010672e-09
1.355000000000000071e+01 2.406502812996669204e-09
1.360000000000000142e+01 2.353903717108930073e-09
1.365000000000000036e+01 2.302641017931888633e-09
1.370000000000000107e+01 2.252676051300641944e-09
1.375000000000000000e+01 2.203971406954281761e-09
1.380000000000000071e+01 2.156490883514798014e-09
1.385000000000000142e+01 2.110199445238695706e-09
1.390000000000000036e+01 2.065063180463200465e-09
1.395000000000000107e+01 2.021049261677113011e-09
1.400000000000000000e+01 1.978125907146274710e-09
1.405000000000000071e+01 1.936262344026693894e-09
1.410000000000000142e+01 1.895428772906059654e-09
1.415000000000000036e+01 1.855596333708800421e-09
1.420000000000000107e+01 1.816737072912001305e-09
1.425000000000000000e+01 1.778823912014802603e-09
1.430000000000000071e+01 1.741830617209834845e-09
1.435000000000000142e+01 1.705731770207471878e-09
1.440000000000000036e+01 1.670502740163993288e-09
1.445000000000000107e+01 1.636119656670496154e-09
1.450000000000000000e+01 1.602559383755079888e-09
1.455000000000000071e+01 1.569799494862252737e-09
1.460000000000000142e+01 1.537818248764215151e-09
1.465000000000000036e+01 1.506594566370770244e-09
1.470000000000000107e+01 1.476108008398196600e-09
1.475000000000000000e+01 1.446338753864683781e-09
1.480000000000000071e+01 1.417267579377610883e-09
1.485000000000000142e+01 1.388875839181366379e-09
1.490000000000000036e+01 1.361145445936358398e-09
1.495000000000000107e+01 1.334058852198422407e-09
