0.000000000000000000e+00 -0.000000000000000000e+00
5.000000000000000278e-02 6.807835796089013649e-04
1.000000000000000056e-01 1.350705637878201002e-03
1.500000000000000222e-01 1.999149284807855663e-03
2.000000000000000111e-01 2.615979837277820474e-03
2.500000000000000000e-01 3.191768530168048561e-03
3.000000000000000444e-01 3.717996038624573046e-03
3.500000000000000333e-01 4.187230188380519635e-03
4.000000000000000222e-01 4.593273120927622230e-03
4.500000000000000111e-01 4.931274222739518050e-03
5.000000000000000000e-01 5.197806280903914840e-03
5.500000000000000444e-01 5.390903545833956867e-03
6.000000000000000888e-01 5.510061617849457485e-03
6.500000000000000222e-01 5.556200281346334972e-03
7.000000000000000666e-01 5.531591543402460814e-03
7.500000000000000000e-01 5.439756152670107911e-03
8.000000000000000444e-01 5.285332744852449909e-03
8.500000000000000888e-01 5.073924455731957869e-03
9.000000000000000222e-01 4.811928342518463284e-03
9.500000000000000666e-01 4.506353248760475161e-03
1.000000000000000000e+00 4.164631835492507012e-03
1.050000000000000044e+00 3.794432388366398862e-03
1.100000000000000089e+00 3.403475711653312225e-03
1.150000000000000133e+00 2.999361956335153297e-03
1.200000000000000178e+00 2.589411627603041381e-03
1.250000000000000000e+00 2.180524307513000398e-03
1.300000000000000044e+00 1.779057844326741890e-03
1.350000000000000089e+00 1.390729935075388484e-03
1.400000000000000133e+00 1.020543195381007221e-03
1.450000000000000178e+00 6.727340017975370814e-04
1.500000000000000000e+00 3.507446349252413449e-04
1.550000000000000044e+00 5.721757018248211892e-05
1.600000000000000089e+00 -2.059898236102145975e-04
1.650000000000000133e+00 -4.377723960507022257e-04
1.700000000000000178e+00 -6.377287173355919176e-04
1.750000000000000000e+00 -8.060997929138260772e-04
1.800000000000000044e+00 -9.436979373446291756e-04
1.850000000000000089e+00 -1.051828767659399901e-03
1.900000000000000133e+00 -1.132209189297251825e-03
1.950000000000000178e+00 -1.186884072874048622e-03
2.000000000000000000e+00 -1.218144072988805319e-03
2.050000000000000266e+00 -1.228446737557887169e-03
2.100000000000000089e+00 -1.220342714809952243e-03
2.149999999999999911e+00 -1.196408501750587626e-03
2.200000000000000178e+00 -1.159186808292227405e-03
2.250000000000000000e+00 -1.111135249473709993e-03
2.300000000000000266e+00 -1.054583736435971662e-03
2.350000000000000089e+00 -9.917006250080796694e-04
2.400000000000000355e+00 -9.244674064388746322e-04
2.450000000000000178e+00 -8.546614931258750356e-04
2.500000000000000000e+00 -7.838464659692631099e-04
2.550000000000000266e+00 -7.133690099024289676e-04
2.600000000000000089e+00 -6.443616690245871194e-04
2.650000000000000355e+00 -5.777504998060937862e-04
2.700000000000000178e+00 -5.142666860239161536e-04
2.750000000000000000e+00 -4.544611974751089898e-04
2.800000000000000266e+00 -3.987216205979796286e-04
2.850000000000000089e+00 -3.472903571286748759e-04
2.900000000000000355e+00 -3.002834710757115722e-04
2.950000000000000178e+00 -2.577095590981684330e-04
3.000000000000000000e+00 -2.194881197577393391e-04
3.050000000000000266e+00 -1.854669985951977321e-04
3.100000000000000089e+00 -1.554385847478448562e-04
3.150000000000000355e+00 -1.291545277901227809e-04
3.200000000000000178e+00 -1.063388282916768210e-04
3.250000000000000000e+00 -8.669923060129920960e-05
3.300000000000000266e+00 -6.993691059384910577e-05
3.350000000000000089e+00 -5.575450415812124475e-05
3.400000000000000355e+00 -4.386256415478313888e-05
3.450000000000000178e+00 -3.398456494092497876e-05
3.500000000000000000e+00 -2.586059516205404602e-05
3.550000000000000266e+00 -1.924989239773764073e-05
3.600000000000000089e+00 -1.393237859765282436e-05
3.650000000000000355e+00 -9.709354309878690710e-06
3.700000000000000178e+00 -6.403503733913412023e-06
3.750000000000000000e+00 -3.858352828442126388e-06
3.800000000000000266e+00 -1.937310180341360782e-06
3.850000000000000089e+00 -5.224060916795870657e-07
3.900000000000000355e+00 4.871697741030694190e-07
3.950000000000000178e+00 1.176647109151654883e-06
4.000000000000000000e+00 1.617299799902730415e-06
4.049999999999999822e+00 1.868060616754037648e-06
4.100000000000000533e+00 1.977082276269797534e-06
4.150000000000000355e+00 1.983212811156338897e-06
4.200000000000000178e+00 1.917363113848050208e-06
4.250000000000000000e+00 1.803752942410821746e-06
4.299999999999999822e+00 1.661028630965821428e-06
4.350000000000000533e+00 1.503251316933370883e-06
4.400000000000000355e+00 1.340758803425615734e-06
4.450000000000000178e+00 1.180907357346299996e-06
4.500000000000000000e+00 1.028701952890043037e-06
4.549999999999999822e+00 8.873248587269324905e-07
4.600000000000000533e+00 7.585731829769405352e-07
4.650000000000000355e+00 6.432161712039703435e-07
4.700000000000000178e+00 5.412828242052457848e-07
4.750000000000000000e+00 4.522898744688807012e-07
4.800000000000000711e+00 3.754194271981243369e-07
4.850000000000000533e+00 3.096547123828485854e-07
4.900000000000000355e+00 2.538814721383553545e-07
4.950000000000000178e+00 2.069615722243616965e-07
5.000000000000000000e+00 1.677845157174873619e-07
5.050000000000000711e+00 1.353016769952691844e-07
5.100000000000000533e+00 1.085472831941016431e-07
5.150000000000000355e+00 8.664945849172481181e-08
5.200000000000000178e+00 6.883401840198120881e-08
5.250000000000000000e+00 5.442315680440301693e-08
5.300000000000000711e+00 4.283070439523201175e-08
5.350000000000000533e+00 3.355524817589245110e-08
5.400000000000000355e+00 2.617208059055130140e-08
5.450000000000000178e+00 2.032468638400847884e-08
5.500000000000000000e+00 1.571626734845432197e-08
5.550000000000000711e+00 1.210164222465013432e-08
5.600000000000000533e+00 9.279733903029106213e-09
5.650000000000000355e+00 7.086762150914094447e-09
5.700000000000000178e+00 5.390191495530821358e-09
5.750000000000000000e+00 4.083435464277817224e-09
5.800000000000000711e+00 3.081285761418510059e-09
5.850000000000000533e+00 2.316014420458074416e-09
5.900000000000000355e+00 1.734085502307521409e-09
5.950000000000000178e+00 1.293408013455071597e-09
6.000000000000000000e+00 9.610614794322087152e-10
6.050000000000000711e+00 7.114284466129499721e-10
6.100000000000000533e+00 5.246729880755067027e-10
6.150000000000000355e+00 3.855101464700207895e-10
6.200000000000000178e+00 2.822175591404719945e-10
6.250000000000000000e+00 2.058468301804343393e-10
6.300000000000000711e+00 1.495982393573652927e-10
6.350000000000000533e+00 1.083279634595412711e-10
6.400000000000000355e+00 7.816198935157944107e-11
6.450000000000000178e+00 5.619532815272189916e-11
6.500000000000000000e+00 4.025896509709131516e-11
6.550000000000000711e+00 2.874025276282705544e-11
6.600000000000000533e+00 2.044520890702802178e-11
6.650000000000000355e+00 1.449347619240425245e-11
6.700000000000000178e+00 1.023859399285273883e-11
6.750000000000000000e+00 7.207775567419509748e-12
6.800000000000000711e+00 5.056633187469970531e-12
6.850000000000000533e+00 3.535304029872489619e-12
6.900000000000000355e+00 2.463217704257182730e-12
6.950000000000000178e+00 1.710388846368817756e-12
7.000000000000000000e+00 1.183608582827449615e-12
7.050000000000000711e+00 8.162953924261709710e-13
7.100000000000000533e+00 5.610704229456127305e-13
7.150000000000000355e+00 3.843463442322301744e-13
7.200000000000000178e+00 2.624023128545096931e-13
7.250000000000000000e+00 1.785485951871902944e-13
7.300000000000000711e+00 1.210857323992681799e-13
7.350000000000000533e+00 8.184287731408611891e-14
7.400000000000000355e+00 5.513467443656292535e-14
7.450000000000000178e+00 3.701920931558621596e-14
7.500000000000000000e+00 2.477374522334970137e-14
7.550000000000000711e+00 1.652431829726202530e-14
7.600000000000000533e+00 1.098566960781434663e-14
7.650000000000000355e+00 7.279342146177595071e-15
7.700000000000000178e+00 4.807742309988056528e-15
7.750000000000000000e+00 3.164952591241122565e-15
7.800000000000000711e+00 2.076718063477884899e-15
7.850000000000000533e+00 1.358142863210692573e-15
7.900000000000000355e+00 8.854779310073974854e-16
7.950000000000000178e+00 5.752722992578531280e-16
8.000000000000000000e+00 3.725409604324135231e-16
8.050000000000000711e+00 2.405952944617986750e-16
8.099999999999999645e+00 1.547284978954244184e-16
8.150000000000000355e+00 9.925365395374822069e-17
8.200000000000001066e+00 6.345996524066619638e-17
8.250000000000000000e+00 4.043194455340813470e-17
8.300000000000000711e+00 2.574504826681166404e-17
8.349999999999999645e+00 1.621237355856202448e-17
8.400000000000000355e+00 1.029575241704726952e-17
8.450000000000001066e+00 6.477279170385169865e-18
8.500000000000000000e+00 4.133838932179229558e-18
8.550000000000000711e+00 2.500427086887504095e-18
8.599999999999999645e+00 1.519773628352373198e-18
8.650000000000000355e+00 9.642521441553647225e-19
8.700000000000001066e+00 5.498281680257463247e-19
8.750000000000000000e+00 4.951019213645566976e-19
8.800000000000000711e+00 3.109874962785948620e-19
8.849999999999999645e+00 1.881638403433632038e-19
8.900000000000000355e+00 1.414623136066708200e-19
8.950000000000001066e+00 1.206719711532287781e-19
9.000000000000000000e+00 6.248131805559830817e-20
9.050000000000000711e+00 7.669212336513624440e-20
9.099999999999999645e+00 1.032328323391117619e-19
9.150000000000000355e+00 4.567659820328718329e-20
9.200000000000001066e+00 8.724097974672223348e-20
9.250000000000000000e+00 9.185559848984187753e-20
9.300000000000000711e+00 1.120770788089765999e-19
9.349999999999999645e+00 4.950644913212907938e-20
9.400000000000000355e+00 1.050571764505554359e-19
9.450000000000001066e+00 9.714254650383817813e-20
9.500000000000000000e+00 5.138520026840865075e-20
9.550000000000000711e+00 2.528654933194801849e-20
9.600000000000001421e+00 6.537349553614248223e-20
9.650000000000000355e+00 2.214453610466132043e-21
9.700000000000001066e+00 9.203047429694983210e-21
9.750000000000000000e+00 3.128344370324237978e-21
9.800000000000000711e+00 -7.257462514649966935e-20
9.850000000000001421e+00 -1.837567002403725700e-20
9.900000000000000355e+00 -6.293959020586290662e-20
9.950000000000001066e+00 1.183288254770393296e-20
1.000000000000000000e+01 -1.403348835159189153e-19
1.005000000000000071e+01 -6.408235948306446169e-20
1.010000000000000142e+01 -6.115500514282226034e-20
1.015000000000000036e+01 -1.032870258382895569e-19
1.020000000000000107e+01 -1.047129277898476558e-20
1.025000000000000000e+01 -5.469357137225376876e-20
1.030000000000000071e+01 -1.218435843438881022e-19
1.035000000000000142e+01 -3.228226299660669076e-20
1.040000000000000036e+01 -9.908227804377137516e-20
1.045000000000000107e+01 -7.831282502003621477e-20
1.050000000000000000e+01 -1.508913914867774717e-19
1.055000000000000071e+01 -1.573178631554952227e-19
1.060000000000000142e+01 -3.866083224770502905e-20
1.065000000000000036e+01 -1.272711438416107682e-20
1.070000000000000107e+01 -9.161390410536305962e-20
1.075000000000000000e+01 2.332126298580049279e-20
1.080000000000000071e+01 -5.512661332369942312e-20
1.085000000000000142e+01 -1.856680853015613569e-20
1.090000000000000036e+01 6.895316326869022019e-21
1.095000000000000107e+01 3.785179858299092360e-20
1.100000000000000000e+01 -1.905358013299549151e-20
1.105000000000000071e+01 1.088654077223053773e-19
1.110000000000000142e+01 2.593467151713146447e-20
1.115000000000000036e+01 1.287088467678486889e-19
1.120000000000000107e+01 7.856508063190259031e-20
1.125000000000000000e+01 1.170886643772812811e-19
1.130000000000000071e+01 1.269946876967031422e-19
1.135000000000000142e+01 2.241497214529971480e-19
1.140000000000000036e+01 9.094259618621082738e-20
1.145000000000000107e+01 1.316666201042083559e-19
1.150000000000000000e+01 1.567072720790565344e-19
1.155000000000000071e+01 1.643171209103757852e-19
1.160000000000000142e+01 1.764275495471702279e-19
1.165000000000000036e+01 1.074102012188853878e-19
1.170000000000000107e+01 1.661420472229258021e-19
1.175000000000000000e+01 -8.944840919994122138e-21
1.180000000000000071e+01 9.521941735570178080e-20
1.185000000000000142e+01 1.708531306105341438e-20
1.190000000000000036e+01 1.972896636525002556e-20
1.195000000000000107e+01 -4.746636185799084313e-20
