0.000000000000000000e+00 0.000000000000000000e+00
5.000000000000000278e-02 -3.735133189719912326e-11
1.000000000000000056e-01 -5.921803817803049053e-10
1.500000000000000222e-01 -2.952220891205031340e-09
2.000000000000000111e-01 -9.129726447983326401e-09
2.500000000000000000e-01 -2.166515831764634156e-08
3.000000000000000444e-01 -4.336151668695238842e-08
3.500000000000000333e-01 -7.695821632511580515e-08
4.000000000000000222e-01 -1.247555737094911501e-07
4.500000000000000111e-01 -1.882028641933346788e-07
5.000000000000000000e-01 -2.674644731685710582e-07
5.500000000000000444e-01 -3.609798584995958693e-07
6.000000000000000888e-01 -4.650338237532783909e-07
6.500000000000000222e-01 -5.733539419001413683e-07
7.000000000000000666e-01 -6.767518452698497060e-07
7.500000000000000000e-01 -7.628244977647439661e-07
8.000000000000000444e-01 -8.157304888124838856e-07
8.500000000000000888e-01 -8.160548461333107118e-07
9.000000000000000222e-01 -7.407738791881492821e-07
9.500000000000000666e-01 -5.633291726904623116e-07
1.000000000000000000e+00 -2.538170976974690940e-07
1.050000000000000044e+00 2.207028436546052205e-07
1.100000000000000089e+00 8.957808038704674830e-07
1.150000000000000133e+00 1.809033898552719807e-06
1.200000000000000178e+00 2.999494917215007372e-06
1.250000000000000000e+00 4.506862767573666758e-06
1.300000000000000044e+00 6.370668301392830952e-06
1.350000000000000089e+00 8.629372252619642349e-06
1.400000000000000133e+00 1.131941476908378521e-05
1.450000000000000178e+00 1.447423834459532061e-05
1.500000000000000000e+00 1.812330777410614023e-05
1.550000000000000044e+00 2.229115198710376718e-05
1.600000000000000089e+00 2.699645320400351082e-05
1.650000000000000133e+00 3.225120876401575194e-05
1.700000000000000178e+00 3.805999016655570437e-05
1.750000000000000000e+00 4.441932234790840550e-05
1.800000000000000044e+00 5.131720399817240935e-05
1.850000000000000089e+00 5.873278684990144419e-05
1.900000000000000133e+00 6.663622840022445063e-05
1.950000000000000178e+00 7.498872854377147494e-05
2.000000000000000000e+00 8.374275619420242889e-05
2.050000000000000266e+00 9.284246727323229055e-05
2.100000000000000089e+00 1.022243105762122656e-04
2.149999999999999911e+00 1.118178131200717526e-04
2.200000000000000178e+00 1.215465317850393892e-04
2.250000000000000000e+00 1.313291535187321936e-04
2.300000000000000266e+00 1.410807222182882640e-04
2.350000000000000089e+00 1.507139667726846313e-04
2.400000000000000355e+00 1.601407017493337674e-04
2.450000000000000178e+00 1.692732699451324132e-04
2.500000000000000000e+00 1.780259945699590543e-04
2.550000000000000266e+00 1.863166082438042642e-04
2.600000000000000089e+00 1.940676262947280172e-04
2.650000000000000355e+00 2.012076330436868472e-04
2.700000000000000178e+00 2.076724518260766883e-04
2.750000000000000000e+00 2.134061723735034878e-04
2.800000000000000266e+00 2.183620127819048417e-04
2.850000000000000089e+00 2.225029975195543354e-04
2.900000000000000355e+00 2.258024376564320276e-04
2.950000000000000178e+00 2.282442045847012904e-04
3.000000000000000000e+00 2.298227937968677517e-04
3.050000000000000266e+00 2.305431806354530386e-04
3.100000000000000089e+00 2.304204751663597702e-04
3.150000000000000355e+00 2.294793883022972067e-04
3.200000000000000178e+00 2.277535258667804589e-04
3.250000000000000000e+00 2.252845313115257203e-04
3.300000000000000266e+00 2.221211011672744376e-04
3.350000000000000089e+00 2.183178999290965379e-04
3.400000000000000355e+00 2.139344028860121379e-04
3.450000000000000178e+00 2.090336963623578485e-04
3.500000000000000000e+00 2.036812649337884664e-04
3.550000000000000266e+00 1.979437944313105699e-04
3.600000000000000089e+00 1.918880179965511926e-04
3.650000000000000355e+00 1.855796301699737185e-04
3.700000000000000178e+00 1.790822910727351462e-04
3.750000000000000000e+00 1.724567392928464814e-04
3.800000000000000266e+00 1.657600282323845955e-04
3.850000000000000089e+00 1.590448965497483723e-04
3.900000000000000355e+00 1.523592790794244694e-04
3.950000000000000178e+00 1.457459603715134287e-04
4.000000000000000000e+00 1.392423688995175204e-04
4.049999999999999822e+00 1.328805061632632009e-04
4.100000000000000533e+00 1.266870014762586246e-04
4.150000000000000355e+00 1.206832802679360392e-04
4.200000000000000178e+00 1.148858313256687677e-04
4.250000000000000000e+00 1.093065566016031189e-04
4.299999999999999822e+00 1.039531860443326620e-04
4.350000000000000533e+00 9.882973939091112628e-05
4.400000000000000355e+00 9.393701695335608280e-05
4.450000000000000178e+00 8.927310211700354391e-05
4.500000000000000000e+00 8.483385947803601579e-05
4.549999999999999822e+00 8.061341421018715467e-05
4.600000000000000533e+00 7.660460027921195804e-05
4.650000000000000355e+00 7.279936742235487571e-05
4.700000000000000178e+00 6.918913927794916366e-05
4.750000000000000000e+00 6.576511758570326399e-05
4.800000000000000711e+00 6.251852988246390228e-05
4.850000000000000533e+00 5.944082049931265774e-05
4.900000000000000355e+00 5.652378684172074710e-05
4.950000000000000178e+00 5.375966483588684187e-05
5.000000000000000000e+00 5.114116899686415468e-05
5.050000000000000711e+00 4.866149377950778129e-05
5.100000000000000533e+00 4.631428369051726233e-05
5.150000000000000355e+00 4.409358006477675596e-05
5.200000000000000178e+00 4.199375245402227005e-05
5.250000000000000000e+00 4.000942226773190565e-05
5.300000000000000711e+00 3.813538568528511430e-05
5.350000000000000533e+00 3.636654197578809828e-05
5.400000000000000355e+00 3.469783227642747364e-05
5.450000000000000178e+00 3.312419265576197277e-05
5.500000000000000000e+00 3.164052399100981120e-05
5.550000000000000711e+00 3.024167988323244325e-05
5.600000000000000533e+00 2.892247258274743577e-05
5.650000000000000355e+00 2.767769575430745833e-05
5.700000000000000178e+00 2.650216192441584963e-05
5.750000000000000000e+00 2.539075165849393015e-05
5.800000000000000711e+00 2.433847093922984634e-05
5.850000000000000533e+00 2.334051287338164592e-05
5.900000000000000355e+00 2.239231974487583836e-05
5.950000000000000178e+00 2.148964154828593502e-05
6.000000000000000000e+00 2.062858745944608533e-05
6.050000000000000711e+00 1.980566720093620729e-05
6.100000000000000533e+00 1.901781990420393212e-05
6.150000000000000355e+00 1.826242881677143121e-05
6.200000000000000178e+00 1.753732100892764568e-05
6.250000000000000000e+00 1.684075205534807211e-05
6.300000000000000711e+00 1.617137646038993207e-05
6.350000000000000533e+00 1.552820532188298438e-05
6.400000000000000355e+00 1.491055335266863785e-05
6.450000000000000178e+00 1.431797787405025696e-05
6.500000000000000000e+00 1.375021274041938393e-05
6.550000000000000711e+00 1.320710033759986449e-05
6.600000000000000533e+00 1.268852481540845841e-05
6.650000000000000355e+00 1.219434957242472531e-05
6.700000000000000178e+00 1.172436172064680959e-05
6.750000000000000000e+00 1.127822583912586073e-05
6.800000000000000711e+00 1.085544880403146037e-05
6.850000000000000533e+00 1.045535688735808983e-05
6.900000000000000355e+00 1.007708567973111721e-05
6.950000000000000178e+00 9.719582747589537754e-06
7.000000000000000000e+00 9.381622313806164495e-06
7.050000000000000711e+00 9.061830683715615598e-06
7.100000000000000533e+00 8.758720652061640757e-06
7.150000000000000355e+00 8.470732742228148784e-06
7.200000000000000178e+00 8.196280863217072016e-06
7.250000000000000000e+00 7.933799831779244987e-06
7.300000000000000711e+00 7.681792199869453118e-06
7.350000000000000533e+00 7.438871947607821560e-06
7.400000000000000355e+00 7.203802839427146209e-06
7.450000000000000178e+00 6.975529580795498304e-06
7.500000000000000000e+00 6.753200334950238547e-06
7.550000000000000711e+00 6.536179640105107510e-06
7.600000000000000533e+00 6.324051281998773739e-06
7.650000000000000355e+00 6.116611197938613174e-06
7.700000000000000178e+00 5.913850990574785253e-06
7.750000000000000000e+00 5.715933088125053770e-06
7.800000000000000711e+00 5.523158981124038739e-06
7.850000000000000533e+00 5.335932276280297391e-06
7.900000000000000355e+00 5.154718522576516904e-06
7.950000000000000178e+00 4.980003875353895811e-06
8.000000000000000000e+00 4.812254668153305295e-06
8.050000000000000711e+00 4.651879862282971994e-06
8.099999999999999645e+00 4.499198148254666073e-06
8.150000000000000355e+00 4.354411193744561892e-06
8.200000000000001066e+00 4.217584185784311625e-06
8.250000000000000000e+00 4.088634419578631646e-06
8.300000000000000711e+00 3.967328263695441832e-06
8.349999999999999645e+00 3.853286403199148389e-06
8.400000000000000355e+00 3.745996850128938334e-06
8.450000000000001066e+00 3.644834834739894470e-06
8.500000000000000000e+00 3.549088368984644231e-06
8.550000000000000711e+00 3.457988020536624940e-06
8.599999999999999645e+00 3.370739262160073229e-06
8.650000000000000355e+00 3.286555674097010624e-06
8.700000000000001066e+00 3.204691278571384195e-06
8.750000000000000000e+00 3.124470373243540927e-06
8.800000000000000711e+00 3.045313397972169026e-06
8.849999999999999645e+00 2.966757606217799563e-06
8.900000000000000355e+00 2.888471605305378858e-06
8.950000000000001066e+00 2.810263162531579668e-06
9.000000000000000000e+00 2.732080029133153093e-06
9.050000000000000711e+00 2.654003893101209382e-06
9.099999999999999645e+00 2.576237916650831638e-06
9.150000000000000355e+00 2.499088627875209778e-06
9.200000000000001066e+00 2.422943203727499487e-06
9.250000000000000000e+00 2.348243390623386898e-06
9.300000000000000711e+00 2.275457450501027700e-06
9.349999999999999645e+00 2.205051588558175236e-06
9.400000000000000355e+00 2.137462312344195173e-06
9.450000000000001066e+00 2.073071092444045017e-06
9.500000000000000000e+00 2.012182548284328408e-06
9.550000000000000711e+00 1.955007177495679457e-06
9.600000000000001421e+00 1.901649395387669471e-06
9.650000000000000355e+00 1.852101366127533833e-06
9.700000000000001066e+00 1.806242804219961129e-06
9.750000000000000000e+00 1.763846619492909833e-06
9.800000000000000711e+00 1.724589986419360151e-06
9.850000000000001421e+00 1.688070153678532286e-06
9.900000000000000355e+00 1.653824085124664367e-06
9.950000000000001066e+00 1.621350849244675160e-06
1.000000000000000000e+01 1.590135558437849810e-06
1.005000000000000071e+01 1.559673606640627582e-06
1.010000000000000142e+01 1.529493965288856608e-06
1.015000000000000036e+01 1.499180371441298479e-06
1.020000000000000107e+01 1.468389373068282592e-06
1.025000000000000000e+01 1.436864377247376832e-06
1.030000000000000071e+01 1.404445067175494591e-06
1.035000000000000142e+01 1.371071801602399856e-06
1.040000000000000036e+01 1.336784872465403763e-06
1.045000000000000107e+01 1.301718759644365211e-06
1.050000000000000000e+01 1.266091772569060080e-06
1.055000000000000071e+01 1.230191694486966266e-06
1.060000000000000142e+01 1.194358235625351255e-06
1.065000000000000036e+01 1.158963247348507282e-06
1.070000000000000107e+01 1.124389744232094700e-06
1.075000000000000000e+01 1.091010820965239026e-06
1.080000000000000071e+01 1.059169535191474638e-06
1.085000000000000142e+01 1.029160757694034318e-06
1.090000000000000036e+01 1.001215872275485206e-06
1.095000000000000107e+01 9.754910462412899789e-07
1.100000000000000000e+01 9.520595975345816940e-07
1.105000000000000071e+01 9.309087667718223371e-07
1.110000000000000142e+01 9.119409731363898617e-07
1.115000000000000036e+01 8.949794041107363689e-07
1.120000000000000107e+01 8.797775719389479703e-07
1.125000000000000000e+01 8.660322752698111491e-07
1.130000000000000071e+01 8.533992420522623119e-07
1.135000000000000142e+01 8.415106070637966696e-07
1.140000000000000036e+01 8.299932999301261768e-07
1.145000000000000107e+01 8.184873902392101255e-07
1.150000000000000000e+01 8.066634559682821513e-07
1.155000000000000071e+01 7.942381080548020946e-07
1.160000000000000142e+01 7.809869133302528317e-07
1.165000000000000036e+01 7.667541038965561723e-07
1.170000000000000107e+01 7.514586353201183200e-07
1.175000000000000000e+01 7.350963494162274926e-07
1.180000000000000071e+01 7.177381997604144036e-07
1.185000000000000142e+01 6.995246989847235015e-07
1.190000000000000036e+01 6.806569362373833766e-07
1.195000000000000107e+01 6.613846815130024839e-07
