0.000000000000000000e+00 3.352371862866358743e-02
5.000000000000000278e-02 3.667482622804344589e-02
1.000000000000000056e-01 3.617409921126364669e-02
1.500000000000000222e-01 3.527445483606313908e-02
2.000000000000000111e-01 3.405952035180912635e-02
2.500000000000000000e-01 3.253102603684165928e-02
3.000000000000000444e-01 3.069486804329453131e-02
3.500000000000000333e-01 2.859835657010816046e-02
4.000000000000000222e-01 2.624423729522087217e-02
4.500000000000000111e-01 2.367914809194797757e-02
5.000000000000000000e-01 2.092434604518874156e-02
5.500000000000000444e-01 1.801358825176619868e-02
6.000000000000000888e-01 1.500507624879697174e-02
6.500000000000000222e-01 1.190749302698032933e-02
7.000000000000000666e-01 8.774931234731957533e-03
7.500000000000000000e-01 5.625616394679849516e-03
8.000000000000000444e-01 2.518772592990946128e-03
8.500000000000000888e-01 -5.258713926948345701e-04
9.000000000000000222e-01 -3.476707791767185991e-03
9.500000000000000666e-01 -6.303164176824839482e-03
1.000000000000000000e+00 -8.978670539266236927e-03
1.050000000000000044e+00 -1.147855759797744915e-02
1.100000000000000089e+00 -1.378147497060838722e-02
1.150000000000000133e+00 -1.587056058476494363e-02
1.200000000000000178e+00 -1.773341189456553030e-02
1.250000000000000000e+00 -1.936005762913516753e-02
1.300000000000000044e+00 -2.074262983464031720e-02
1.350000000000000089e+00 -2.187886737148240016e-02
1.400000000000000133e+00 -2.276635019598719292e-02
1.450000000000000178e+00 -2.341123809058962002e-02
1.500000000000000000e+00 -2.381728408292390492e-02
1.550000000000000044e+00 -2.399326544677976222e-02
1.600000000000000089e+00 -2.395153599714298920e-02
1.650000000000000133e+00 -2.370291317659759672e-02
1.700000000000000178e+00 -2.326168177734977763e-02
1.750000000000000000e+00 -2.264632174180368496e-02
1.800000000000000044e+00 -2.187382935562846506e-02
1.850000000000000089e+00 -2.095903696561632334e-02
1.900000000000000133e+00 -1.992439900554040036e-02
1.950000000000000178e+00 -1.878506762747675016e-02
2.000000000000000000e+00 -1.756154744310863339e-02
2.050000000000000266e+00 -1.627240691648760076e-02
2.100000000000000089e+00 -1.493519172384475714e-02
2.149999999999999911e+00 -1.356631897282358987e-02
2.200000000000000178e+00 -1.218179721700045695e-02
2.250000000000000000e+00 -1.080120623437201902e-02
2.300000000000000266e+00 -9.430268207465697730e-03
2.350000000000000089e+00 -8.088770012284592081e-03
2.400000000000000355e+00 -6.785242510997829476e-03
2.450000000000000178e+00 -5.534364872064782316e-03
2.500000000000000000e+00 -4.333853724146154857e-03
2.550000000000000266e+00 -3.205113496859890790e-03
2.600000000000000089e+00 -2.145398564837977789e-03
2.650000000000000355e+00 -1.161214871282364005e-03
2.700000000000000178e+00 -2.568553380262497926e-04
2.750000000000000000e+00 5.660247254679006378e-04
2.800000000000000266e+00 1.306702330049499530e-03
2.850000000000000089e+00 1.964285773410210951e-03
2.900000000000000355e+00 2.540049738492896995e-03
2.950000000000000178e+00 3.036172157086297705e-03
3.000000000000000000e+00 3.454540629249658323e-03
3.050000000000000266e+00 3.799929729526130978e-03
3.100000000000000089e+00 4.074324586106219809e-03
3.150000000000000355e+00 4.283674693848550132e-03
3.200000000000000178e+00 4.431232672554163629e-03
3.250000000000000000e+00 4.523469208596138207e-03
3.300000000000000266e+00 4.564096035599143550e-03
3.350000000000000089e+00 4.560376093600220990e-03
3.400000000000000355e+00 4.513750074002271725e-03
3.450000000000000178e+00 4.434423659209264269e-03
3.500000000000000000e+00 4.323712916547116369e-03
3.550000000000000266e+00 4.186975174071689253e-03
3.600000000000000089e+00 4.031991049251062824e-03
3.650000000000000355e+00 3.857630539738688552e-03
3.700000000000000178e+00 3.672732103048935437e-03
3.750000000000000000e+00 3.478568718843203303e-03
3.800000000000000266e+00 3.278151752427849609e-03
3.850000000000000089e+00 3.077591765443061980e-03
3.900000000000000355e+00 2.874760425928977927e-03
3.950000000000000178e+00 2.675418659418103608e-03
4.000000000000000000e+00 2.480534574012677618e-03
4.049999999999999822e+00 2.290488055817859695e-03
4.100000000000000533e+00 2.108764268867280821e-03
4.150000000000000355e+00 1.934112381107354860e-03
4.200000000000000178e+00 1.769477881962564381e-03
4.250000000000000000e+00 1.611419744935168458e-03
4.299999999999999822e+00 1.468613041575352876e-03
4.350000000000000533e+00 1.326149398521969322e-03
4.400000000000000355e+00 1.203842055419925916e-03
4.450000000000000178e+00 1.083607119904911840e-03
4.500000000000000000e+00 9.756215148485816030e-04
4.549999999999999822e+00 8.756680730379208912e-04
4.600000000000000533e+00 7.844055392483353928e-04
4.650000000000000355e+00 7.012942621276811988e-04
4.700000000000000178e+00 6.244660258053945584e-04
4.750000000000000000e+00 5.574464536379360961e-04
4.800000000000000711e+00 4.952108393956389850e-04
4.850000000000000533e+00 4.385585876512108666e-04
4.900000000000000355e+00 3.879634204755652398e-04
4.950000000000000178e+00 3.437496134454355807e-04
5.000000000000000000e+00 3.030516682103283604e-04
5.050000000000000711e+00 2.672104724814231653e-04
5.100000000000000533e+00 2.352501785926199127e-04
5.150000000000000355e+00 2.067460855444035130e-04
5.200000000000000178e+00 1.819437297671035202e-04
5.250000000000000000e+00 1.593268639369792197e-04
5.300000000000000711e+00 1.404441846837184448e-04
5.350000000000000533e+00 1.224115272049463427e-04
5.400000000000000355e+00 1.081655245778205592e-04
5.450000000000000178e+00 9.374732469452699791e-05
5.500000000000000000e+00 8.342215723660829766e-05
5.550000000000000711e+00 7.261654424461078789e-05
5.600000000000000533e+00 6.391130840491024401e-05
5.650000000000000355e+00 5.609748531514266207e-05
5.700000000000000178e+00 4.926922268760655334e-05
5.750000000000000000e+00 4.339752874042095805e-05
5.800000000000000711e+00 3.792499460409886713e-05
5.850000000000000533e+00 3.351431844858001035e-05
5.900000000000000355e+00 2.940758969276715919e-05
5.950000000000000178e+00 2.521044887821014265e-05
6.000000000000000000e+00 2.633509491595267230e-05
6.050000000000000711e+00 2.228280795596854880e-05
6.100000000000000533e+00 1.885396310745353736e-05
6.150000000000000355e+00 1.595232580859178820e-05
6.200000000000000178e+00 1.349705609430268478e-05
6.250000000000000000e+00 1.141964427751741293e-05
6.300000000000000711e+00 9.661732071218637145e-06
6.350000000000000533e+00 8.174321812818482596e-06
6.400000000000000355e+00 6.915874913818712489e-06
6.450000000000000178e+00 5.851024544245644277e-06
6.500000000000000000e+00 4.950068833474126867e-06
6.550000000000000711e+00 4.187835957032377671e-06
