0.000000000000000000e+00 3.339499709999573570e-05
5.000000000000000278e-02 -2.523228733558490399e-04
1.000000000000000056e-01 -5.013141379570945242e-04
1.500000000000000222e-01 -7.426214107310289986e-04
2.000000000000000111e-01 -9.732322903157023409e-04
2.500000000000000000e-01 -1.189687393878761240e-03
3.000000000000000444e-01 -1.389023513101428613e-03
3.500000000000000333e-01 -1.568527612907206440e-03
4.000000000000000222e-01 -1.725874970206869993e-03
4.500000000000000111e-01 -1.859159492731138428e-03
5.000000000000000000e-01 -1.966864674457271308e-03
5.500000000000000444e-01 -2.047950027703355439e-03
6.000000000000000888e-01 -2.101855992612786366e-03
6.500000000000000222e-01 -2.128439094418181805e-03
7.000000000000000666e-01 -2.128005177396274841e-03
7.500000000000000000e-01 -2.101273462548404816e-03
8.000000000000000444e-01 -2.049347072347786590e-03
8.500000000000000888e-01 -1.973758610612017482e-03
9.000000000000000222e-01 -1.876270915534675177e-03
9.500000000000000666e-01 -1.758849778562444595e-03
1.000000000000000000e+00 -1.623825355103782064e-03
1.050000000000000044e+00 -1.473692208748096904e-03
1.100000000000000089e+00 -1.310964232373238239e-03
1.150000000000000133e+00 -1.138264784886870934e-03
1.200000000000000178e+00 -9.583795586799877773e-04
1.250000000000000000e+00 -7.738427564173300938e-04
1.300000000000000044e+00 -5.872517413694033732e-04
1.350000000000000089e+00 -4.012488337505107881e-04
1.400000000000000133e+00 -2.179602364847975447e-04
1.450000000000000178e+00 -3.998743275088858563e-05
1.500000000000000000e+00 1.309223153115077567e-04
1.550000000000000044e+00 2.928339308231325952e-04
1.600000000000000089e+00 4.439989813268440310e-04
1.650000000000000133e+00 5.831482315807360543e-04
1.700000000000000178e+00 7.088560274341058811e-04
1.750000000000000000e+00 8.204712010419194660e-04
1.800000000000000044e+00 9.170678390088867057e-04
1.850000000000000089e+00 9.981833942326234690e-04
1.900000000000000133e+00 1.063582601633685561e-03
1.950000000000000178e+00 1.113227345305167542e-03
2.000000000000000000e+00 1.147346535394020393e-03
2.050000000000000266e+00 1.166304432871932912e-03
2.100000000000000089e+00 1.170706465655510335e-03
2.149999999999999911e+00 1.161275977319766372e-03
2.200000000000000178e+00 1.139027342505977928e-03
2.250000000000000000e+00 1.104975043431300234e-03
2.300000000000000266e+00 1.060281176581405038e-03
2.350000000000000089e+00 1.006212113567044476e-03
2.400000000000000355e+00 9.442513670948471513e-04
2.450000000000000178e+00 8.756909952978795273e-04
2.500000000000000000e+00 8.019455180276391024e-04
2.550000000000000266e+00 7.245040622767376414e-04
2.600000000000000089e+00 6.447472998711760526e-04
2.650000000000000355e+00 5.639476966741149627e-04
2.700000000000000178e+00 4.834599839204309639e-04
2.750000000000000000e+00 4.044344589254393824e-04
2.800000000000000266e+00 3.278483996377836904e-04
2.850000000000000089e+00 2.547052601861642075e-04
2.900000000000000355e+00 1.858048161088969585e-04
2.950000000000000178e+00 1.217457276257194769e-04
3.000000000000000000e+00 6.304035413861843384e-05
3.050000000000000266e+00 1.005158148004184362e-05
3.100000000000000089e+00 -3.707044342796802578e-05
3.150000000000000355e+00 -7.820254287998125193e-05
3.200000000000000178e+00 -1.134445680269905766e-04
3.250000000000000000e+00 -1.429965287225699010e-04
3.300000000000000266e+00 -1.671000196896287753e-04
3.350000000000000089e+00 -1.861302739021877502e-04
3.400000000000000355e+00 -2.004960966885280737e-04
3.450000000000000178e+00 -2.106674083104651310e-04
3.500000000000000000e+00 -2.171264540753040171e-04
3.550000000000000266e+00 -2.203746795165009438e-04
3.600000000000000089e+00 -2.208974356890477291e-04
3.650000000000000355e+00 -2.191561229861049701e-04
3.700000000000000178e+00 -2.155916345179899655e-04
3.750000000000000000e+00 -2.106014723561645840e-04
3.800000000000000266e+00 -2.045231992430801440e-04
3.850000000000000089e+00 -1.976511098746007867e-04
3.900000000000000355e+00 -1.902363522773122873e-04
3.950000000000000178e+00 -1.824689183683893127e-04
4.000000000000000000e+00 -1.744925763234005383e-04
4.049999999999999822e+00 -1.664273093270966493e-04
4.100000000000000533e+00 -1.583236845964635113e-04
4.150000000000000355e+00 -1.502363620041029257e-04
4.200000000000000178e+00 -1.421904610893875293e-04
4.250000000000000000e+00 -1.341823226124351086e-04
4.299999999999999822e+00 -1.262193122162466770e-04
4.350000000000000533e+00 -1.183033710416803538e-04
4.400000000000000355e+00 -1.104295546509951725e-04
4.450000000000000178e+00 -1.026117186775856067e-04
4.500000000000000000e+00 -9.486621128841839798e-05
4.549999999999999822e+00 -8.721896398510692577e-05
4.600000000000000533e+00 -7.971042061931759540e-05
4.650000000000000355e+00 -7.238356635440081077e-05
4.700000000000000178e+00 -6.528982374318308515e-05
4.750000000000000000e+00 -5.848092369806247846e-05
4.800000000000000711e+00 -5.202553792814470682e-05
4.850000000000000533e+00 -4.591660299228136313e-05
4.900000000000000355e+00 -4.041230297571420425e-05
4.950000000000000178e+00 -3.475296790576582612e-05
5.000000000000000000e+00 -4.366845410376403436e-05
5.050000000000000711e+00 -3.515207868526689137e-05
5.100000000000000533e+00 -2.822162115803479782e-05
5.150000000000000355e+00 -2.259705175864774277e-05
5.200000000000000178e+00 -1.804561784134709832e-05
5.250000000000000000e+00 -1.437271652002556371e-05
5.300000000000000711e+00 -1.141720734282757521e-05
5.350000000000000533e+00 -9.045493414963335738e-06
5.400000000000000355e+00 -7.147698849206174318e-06
5.450000000000000178e+00 -5.633288403443524547e-06
5.500000000000000000e+00 -4.428092603911763590e-06
5.550000000000000711e+00 -3.471707293082790089e-06
5.600000000000000533e+00 -2.714767012806443992e-06
5.650000000000000355e+00 -2.117356999444775540e-06
5.700000000000000178e+00 -1.647138073878265820e-06
5.750000000000000000e+00 -1.278011817306759408e-06
5.800000000000000711e+00 -9.890507295179209192e-07
5.850000000000000533e+00 -7.634555696967952980e-07
5.900000000000000355e+00 -5.877914099961582595e-07
5.950000000000000178e+00 -4.513881543547162700e-07
6.000000000000000000e+00 -3.457469683413971542e-07
6.050000000000000711e+00 -2.641519642595010077e-07
6.100000000000000533e+00 -2.012965571661320265e-07
6.150000000000000355e+00 -1.530052174137905293e-07
6.200000000000000178e+00 -1.160022152768797654e-07
6.250000000000000000e+00 -8.772485129658950153e-08
6.300000000000000711e+00 -6.617065715799884625e-08
6.350000000000000533e+00 -4.978591416122293329e-08
6.400000000000000355e+00 -3.736340484043203094e-08
6.450000000000000178e+00 -2.796915822190083887e-08
6.500000000000000000e+00 -2.088393523534186685e-08
6.550000000000000711e+00 -1.555418136796380750e-08
6.600000000000000533e+00 -1.155524543336349493e-08
6.650000000000000355e+00 -8.562819598275891614e-09
6.700000000000000178e+00 -6.329296289864274828e-09
6.750000000000000000e+00 -4.666569247398060075e-09
6.800000000000000711e+00 -3.432016145507850014e-09
6.850000000000000533e+00 -2.517704215401896827e-09
6.900000000000000355e+00 -1.842333115446523785e-09
6.950000000000000178e+00 -1.344750762319143544e-09
7.000000000000000000e+00 -9.790909381815340274e-10
7.050000000000000711e+00 -7.110736808448055161e-10
7.100000000000000533e+00 -5.151320258273679513e-10
7.150000000000000355e+00 -3.722503855570331857e-10
7.200000000000000178e+00 -2.683271816122967060e-10
7.250000000000000000e+00 -1.929334101223531089e-10
7.300000000000000711e+00 -1.383774875792930861e-10
7.350000000000000533e+00 -9.900084411134776770e-11
7.400000000000000355e+00 -7.065266839174186697e-11
7.450000000000000178e+00 -5.029626198749646462e-11
7.500000000000000000e+00 -3.571589252705332101e-11
7.550000000000000711e+00 -2.529908500446072749e-11
7.600000000000000533e+00 -1.787589354680692139e-11
7.650000000000000355e+00 -1.259941992302249146e-11
