0.000000000000000000e+00 0.000000000000000000e+00
5.000000000000000278e-02 -1.044171269129451524e-11
1.000000000000000056e-01 -3.338411042843259373e-10
1.500000000000000222e-01 -2.531357957920566628e-09
2.000000000000000111e-01 -1.064474159371496165e-08
2.500000000000000000e-01 -3.239598017326332365e-08
3.000000000000000444e-01 -8.033517559116346851e-08
3.500000000000000333e-01 -1.729146940415252198e-07
4.000000000000000222e-01 -3.354642175070735327e-07
4.500000000000000111e-01 -6.010377438489232659e-07
5.000000000000000000e-01 -1.011100258435942266e-06
5.500000000000000444e-01 -1.616019155919988947e-06
6.000000000000000888e-01 -2.475323949451567443e-06
6.500000000000000222e-01 -3.657697756523393995e-06
7.000000000000000666e-01 -5.240665826990600779e-06
7.500000000000000000e-01 -7.309950227917364075e-06
8.000000000000000444e-01 -9.958465866700732657e-06
8.500000000000000888e-01 -1.328494134466720077e-05
9.000000000000000222e-01 -1.739215858600101603e-05
9.500000000000000666e-01 -2.238481754810093169e-05
1.000000000000000000e+00 -2.836704536625433019e-05
1.050000000000000044e+00 -3.543959015998003224e-05
1.100000000000000089e+00 -4.369673792943397844e-05
1.150000000000000133e+00 -5.322303437803462770e-05
1.200000000000000178e+00 -6.408988051901826923e-05
1.250000000000000000e+00 -7.635209984247799805e-05
1.300000000000000044e+00 -9.004458016745207829e-05
1.350000000000000089e+00 -1.051791016636805973e-04
1.400000000000000133e+00 -1.217414666507921712e-04
1.450000000000000178e+00 -1.396890469452119563e-04
1.500000000000000000e+00 -1.589488604172742501e-04
1.550000000000000044e+00 -1.794162798968880338e-04
1.600000000000000089e+00 -2.009544646581336801e-04
1.650000000000000133e+00 -2.233945876394557550e-04
1.700000000000000178e+00 -2.465369107194389890e-04
1.750000000000000000e+00 -2.701527363469097818e-04
1.800000000000000044e+00 -2.939872373549708043e-04
1.850000000000000089e+00 -3.177631387419671744e-04
1.900000000000000133e+00 -3.411851971364844170e-04
1.950000000000000178e+00 -3.639453910919904570e-04
2.000000000000000000e+00 -3.857287224618081555e-04
2.050000000000000266e+00 -4.062194806239471977e-04
2.100000000000000089e+00 -4.251078262223527220e-04
2.149999999999999911e+00 -4.420965187972030635e-04
2.200000000000000178e+00 -4.569076071805523590e-04
2.250000000000000000e+00 -4.692888953381592408e-04
2.300000000000000266e+00 -4.790199970602016162e-04
2.350000000000000089e+00 -4.859177998571858996e-04
2.400000000000000355e+00 -4.898411715170882669e-04
2.450000000000000178e+00 -4.906947628909383166e-04
2.500000000000000000e+00 -4.884317763409810843e-04
2.550000000000000266e+00 -4.830556232196332647e-04
2.600000000000000089e+00 -4.746203839613348193e-04
2.650000000000000355e+00 -4.632300607833283166e-04
2.700000000000000178e+00 -4.490366289835262753e-04
2.750000000000000000e+00 -4.322369216654107257e-04
2.800000000000000266e+00 -4.130684441187713776e-04
2.850000000000000089e+00 -3.918042185038504753e-04
2.900000000000000355e+00 -3.687468061780886240e-04
2.950000000000000178e+00 -3.442216736361307871e-04
3.000000000000000000e+00 -3.185700880853733672e-04
3.050000000000000266e+00 -2.921417417502207548e-04
3.100000000000000089e+00 -2.652873105226167985e-04
3.150000000000000355e+00 -2.383511523531941698e-04
3.200000000000000178e+00 -2.116643438525415988e-04
3.250000000000000000e+00 -1.855382402362516119e-04
3.300000000000000266e+00 -1.602587245236483074e-04
3.350000000000000089e+00 -1.360812875225928659e-04
3.400000000000000355e+00 -1.132270515174075057e-04
3.450000000000000178e+00 -9.187981878473183424e-05
3.500000000000000000e+00 -7.218419225739629470e-05
3.550000000000000266e+00 -5.424478106112442583e-05
3.600000000000000089e+00 -3.812646949531289391e-05
3.650000000000000355e+00 -2.385569551249257418e-05
3.700000000000000178e+00 -1.142265498417179532e-05
3.750000000000000000e+00 -7.843220127426178898e-07
3.800000000000000266e+00 8.131845910590786530e-06
3.850000000000000089e+00 1.542366535260406823e-05
3.900000000000000355e+00 2.120960505109466184e-05
3.950000000000000178e+00 2.562394751781059264e-05
4.000000000000000000e+00 2.881189588506318232e-05
4.049999999999999822e+00 3.092478108436130395e-05
4.100000000000000533e+00 3.211551262590542209e-05
4.150000000000000355e+00 3.253439989854219511e-05
4.200000000000000178e+00 3.232545080869079877e-05
4.250000000000000000e+00 3.162323162037393437e-05
4.299999999999999822e+00 3.055034702338967620e-05
4.350000000000000533e+00 2.921557375827096346e-05
4.400000000000000355e+00 2.771265557773485097e-05
4.450000000000000178e+00 2.611974289439637155e-05
4.500000000000000000e+00 2.449943804249134533e-05
4.549999999999999822e+00 2.289938744214368437e-05
4.600000000000000533e+00 2.135334573173025267e-05
4.650000000000000355e+00 1.988262459804742335e-05
4.700000000000000178e+00 1.849783088011301913e-05
4.750000000000000000e+00 1.720079466345304016e-05
4.800000000000000711e+00 1.598658845053814014e-05
4.850000000000000533e+00 1.484554285197784798e-05
4.900000000000000355e+00 1.376517220018192054e-05
4.950000000000000178e+00 1.273193451848193558e-05
5.000000000000000000e+00 1.173276375533138094e-05
5.050000000000000711e+00 1.075632741216507630e-05
5.100000000000000533e+00 9.793978910470586623e-06
5.150000000000000355e+00 8.840390506431192459e-06
5.200000000000000178e+00 7.893868542771001102e-06
5.250000000000000000e+00 6.956367655051776679e-06
5.300000000000000711e+00 6.033233633718108210e-06
5.350000000000000533e+00 5.132715498350720874e-06
5.400000000000000355e+00 4.265295603188140300e-06
5.450000000000000178e+00 3.442892031979399735e-06
5.500000000000000000e+00 2.677990062062789467e-06
5.550000000000000711e+00 1.982759124559737847e-06
5.600000000000000533e+00 1.368208630501273093e-06
5.650000000000000355e+00 8.434305577454614528e-07
5.700000000000000178e+00 4.149691845978803440e-07
5.750000000000000000e+00 8.634927325942236778e-08
5.800000000000000711e+00 -1.422161381761833878e-07
5.850000000000000533e+00 -2.739278437697993473e-07
5.900000000000000355e+00 -3.153126374220198385e-07
5.950000000000000178e+00 -2.759558196835641826e-07
6.000000000000000000e+00 -1.680734446186693126e-07
6.050000000000000711e+00 -5.951430651692396430e-09
6.100000000000000533e+00 1.947153325636047317e-07
6.150000000000000355e+00 4.175466773073032286e-07
6.200000000000000178e+00 6.462244306416466762e-07
6.250000000000000000e+00 8.652241012156933020e-07
6.300000000000000711e+00 1.060493854776965952e-06
6.350000000000000533e+00 1.220047501400587302e-06
6.400000000000000355e+00 1.334443614370238006e-06
6.450000000000000178e+00 1.397129521361167835e-06
6.500000000000000000e+00 1.404636380390690672e-06
6.550000000000000711e+00 1.356619474966691788e-06
6.600000000000000533e+00 1.255745826079155551e-06
6.650000000000000355e+00 1.107438826288440340e-06
6.700000000000000178e+00 9.194964871543701764e-07
6.750000000000000000e+00 7.016057371647616079e-07
6.800000000000000711e+00 4.647797561500116245e-07
6.850000000000000533e+00 2.207483988812900833e-07
6.900000000000000355e+00 -1.866676119339761406e-08
6.950000000000000178e+00 -2.421613722408331124e-07
7.000000000000000000e+00 -4.395115258090275013e-07
7.050000000000000711e+00 -6.020646787486331379e-07
7.100000000000000533e+00 -7.231360465489920226e-07
7.150000000000000355e+00 -7.982935718526078206e-07
7.200000000000000178e+00 -8.255205920020862685e-07
7.250000000000000000e+00 -8.052517193943885223e-07
7.300000000000000711e+00 -7.402838812696311328e-07
7.350000000000000533e+00 -6.355706216029315471e-07
7.400000000000000355e+00 -4.979133498648918579e-07
7.450000000000000178e+00 -3.355679690116062284e-07
7.500000000000000000e+00 -1.577890159534987013e-07
7.550000000000000711e+00 2.566405282549796911e-08
7.600000000000000533e+00 2.050325911119069811e-07
7.650000000000000355e+00 3.710507798399588432e-07
7.700000000000000178e+00 5.153995904021705728e-07
7.750000000000000000e+00 6.311009156865961360e-07
7.800000000000000711e+00 7.128336679514905579e-07
7.850000000000000533e+00 7.571580321394256926e-07
7.900000000000000355e+00 7.626390253007104758e-07
7.950000000000000178e+00 7.298657861600053412e-07
