0.000000000000000000e+00 0.000000000000000000e+00
5.000000000000000278e-02 5.760321805856768919e-08
1.000000000000000056e-01 2.388598782606311812e-07
1.500000000000000222e-01 5.689630310983984583e-07
2.000000000000000111e-01 1.089410208945483665e-06
2.500000000000000000e-01 1.857275252094529724e-06
3.000000000000000444e-01 2.944205040303963469e-06
3.500000000000000333e-01 4.435156998209825712e-06
4.000000000000000222e-01 6.426897343729737129e-06
4.500000000000000111e-01 9.026283833527371599e-06
5.000000000000000000e-01 1.234836016836110766e-05
5.500000000000000444e-01 1.651429219907148257e-05
6.000000000000000888e-01 2.164917857303974645e-05
6.500000000000000222e-01 2.787977044053945898e-05
7.000000000000000666e-01 3.533213626798712163e-05
7.500000000000000000e-01 4.412930865685269150e-05
8.000000000000000444e-01 5.438895032828312999e-05
8.500000000000000888e-01 6.622107609920572830e-05
9.000000000000000222e-01 7.972586675042758818e-05
9.500000000000000666e-01 9.499160918541578826e-05
1.000000000000000000e+00 1.120927952240685578e-04
1.050000000000000044e+00 1.310884088023025996e-04
1.100000000000000089e+00 1.520204204920736402e-04
1.150000000000000133e+00 1.749125587358529626e-04
1.200000000000000178e+00 1.997692635124528567e-04
1.250000000000000000e+00 2.265749766871938788e-04
1.300000000000000044e+00 2.552937312104359199e-04
1.350000000000000089e+00 2.858689360224126222e-04
1.400000000000000133e+00 3.182235535924176403e-04
1.450000000000000178e+00 3.522605166605914987e-04
1.500000000000000000e+00 3.878634364442141123e-04
1.550000000000000044e+00 4.248975806139319682e-04
1.600000000000000089e+00 4.632111050580775742e-04
1.650000000000000133e+00 5.026365196033047086e-04
1.700000000000000178e+00 5.429923643780412571e-04
1.750000000000000000e+00 5.840850704501846695e-04
1.800000000000000044e+00 6.257109757922853233e-04
1.850000000000000089e+00 6.676584655673314418e-04
1.900000000000000133e+00 7.097102042173753303e-04
1.950000000000000178e+00 7.516454258961794387e-04
2.000000000000000000e+00 7.932422494254491455e-04
2.050000000000000266e+00 8.342799841705314740e-04
2.100000000000000089e+00 8.745413940130323258e-04
2.149999999999999911e+00 9.138148879213386575e-04
2.200000000000000178e+00 9.518966074518706326e-04
2.250000000000000000e+00 9.885923838111045862e-04
2.300000000000000266e+00 1.023719539819515668e-03
2.350000000000000089e+00 1.057108515184871072e-03
2.400000000000000355e+00 1.088604296849173458e-03
2.450000000000000178e+00 1.118067639751742400e-03
2.500000000000000000e+00 1.145376067078488847e-03
2.550000000000000266e+00 1.170424642870738184e-03
2.600000000000000089e+00 1.193126513672928711e-03
2.650000000000000355e+00 1.213413219635634541e-03
2.700000000000000178e+00 1.231234779090544136e-03
2.750000000000000000e+00 1.246559554013964644e-03
2.800000000000000266e+00 1.259373906937616416e-03
2.850000000000000089e+00 1.269681662699741805e-03
2.900000000000000355e+00 1.277503393421946642e-03
2.950000000000000178e+00 1.282875528913934512e-03
3.000000000000000000e+00 1.285849353432788394e-03
3.050000000000000266e+00 1.286489852286250291e-03
3.100000000000000089e+00 1.284874474974544807e-03
3.150000000000000355e+00 1.281091818361404511e-03
3.200000000000000178e+00 1.275240255305332181e-03
3.250000000000000000e+00 1.267426530552408096e-03
3.300000000000000266e+00 1.257764344936596187e-03
3.350000000000000089e+00 1.246372947848002708e-03
3.400000000000000355e+00 1.233375756553590705e-03
3.450000000000000178e+00 1.218899019332189996e-03
3.500000000000000000e+00 1.203070537562958434e-03
3.550000000000000266e+00 1.186018459932263120e-03
3.600000000000000089e+00 1.167870159847064944e-03
3.650000000000000355e+00 1.148751205011594228e-03
3.700000000000000178e+00 1.128784425984844485e-03
3.750000000000000000e+00 1.108089088432747055e-03
3.800000000000000266e+00 1.086780171760941922e-03
3.850000000000000089e+00 1.064967754897263186e-03
3.900000000000000355e+00 1.042756508218157813e-03
3.950000000000000178e+00 1.020245289005404813e-03
4.000000000000000000e+00 9.975268363982870996e-04
4.049999999999999822e+00 9.746875605856506137e-04
4.100000000000000533e+00 9.518074199702872143e-04
4.150000000000000355e+00 9.289598792374249804e-04
4.200000000000000178e+00 9.062119406675862247e-04
4.250000000000000000e+00 8.836242406445474293e-04
4.299999999999999822e+00 8.612512031104900675e-04
4.350000000000000533e+00 8.391412416981880017e-04
4.400000000000000355e+00 8.173370024066381597e-04
4.450000000000000178e+00 7.958756389625429566e-04
4.500000000000000000e+00 7.747891134044633489e-04
4.549999999999999822e+00 7.541045149175631393e-04
4.600000000000000533e+00 7.338443905129582228e-04
4.650000000000000355e+00 7.140270817653713827e-04
4.700000000000000178e+00 6.946670624758596044e-04
4.750000000000000000e+00 6.757752727939691497e-04
4.800000000000000711e+00 6.573594459988251577e-04
4.850000000000000533e+00 6.394244247864749658e-04
4.900000000000000355e+00 6.219724645286599371e-04
4.950000000000000178e+00 6.050035215459458699e-04
5.000000000000000000e+00 5.885155249678943089e-04
5.050000000000000711e+00 5.725046312293049838e-04
5.100000000000000533e+00 5.569654606712344264e-04
5.150000000000000355e+00 5.418913160772357478e-04
5.200000000000000178e+00 5.272743832797074448e-04
5.250000000000000000e+00 5.131059142204590215e-04
5.300000000000000711e+00 4.993763930469968023e-04
5.350000000000000533e+00 4.860756859759920306e-04
5.400000000000000355e+00 4.731931757629284706e-04
5.450000000000000178e+00 4.607178816875359424e-04
5.500000000000000000e+00 4.486385660039160007e-04
5.550000000000000711e+00 4.369438278178461397e-04
5.600000000000000533e+00 4.256221853469022262e-04
5.650000000000000355e+00 4.146621474967174714e-04
5.700000000000000178e+00 4.040522756532630329e-04
5.750000000000000000e+00 3.937812365502753017e-04
5.800000000000000711e+00 3.838378470260540506e-04
5.850000000000000533e+00 3.742111114372299939e-04
5.900000000000000355e+00 3.648902524506894606e-04
5.950000000000000178e+00 3.558647358898575750e-04
6.000000000000000000e+00 3.471242902687519927e-04
6.050000000000000711e+00 3.386589216069629273e-04
6.100000000000000533e+00 3.304589240809031598e-04
6.150000000000000355e+00 3.225148870310677747e-04
6.200000000000000178e+00 3.148176988111505521e-04
6.250000000000000000e+00 3.073585479321362755e-04
6.300000000000000711e+00 3.001289219224195196e-04
6.350000000000000533e+00 2.931206042930527300e-04
6.400000000000000355e+00 2.863256699650388844e-04
6.450000000000000178e+00 2.797364794829230853e-04
6.500000000000000000e+00 2.733456723057064194e-04
6.550000000000000711e+00 2.671461594323716084e-04
6.600000000000000533e+00 2.611311155853535213e-04
6.650000000000000355e+00 2.552939711414379067e-04
6.700000000000000178e+00 2.496284039663204668e-04
6.750000000000000000e+00 2.441283312769746067e-04
6.800000000000000711e+00 2.387879016256148424e-04
6.850000000000000533e+00 2.336014870710080397e-04
6.900000000000000355e+00 2.285636755776856586e-04
6.950000000000000178e+00 2.236692636617300790e-04
7.000000000000000000e+00 2.189132627384540091e-04
7.050000000000000711e+00 2.142908372236806383e-04
7.100000000000000533e+00 2.097973822161481195e-04
7.150000000000000355e+00 2.054284595699574058e-04
7.200000000000000178e+00 2.011798062133696434e-04
7.250000000000000000e+00 1.970473279165838054e-04
7.300000000000000711e+00 1.930270931407078948e-04
7.350000000000000533e+00 1.891153269438036082e-04
7.400000000000000355e+00 1.853084049273086384e-04
7.450000000000000178e+00 1.816028472146522204e-04
7.500000000000000000e+00 1.779953124628198249e-04
7.550000000000000711e+00 1.744825919163927729e-04
7.600000000000000533e+00 1.710616035216102585e-04
7.650000000000000355e+00 1.677293861248146370e-04
7.700000000000000178e+00 1.644830937848485840e-04
7.750000000000000000e+00 1.613199902323180911e-04
7.800000000000000711e+00 1.582374435099577188e-04
7.850000000000000533e+00 1.552329208276256238e-04
7.900000000000000355e+00 1.523039836627787893e-04
7.950000000000000178e+00 1.494482831328428237e-04
8.000000000000000000e+00 1.466635556599802965e-04
8.050000000000000711e+00 1.439476189417115048e-04
8.099999999999999645e+00 1.412983682330764786e-04
8.150000000000000355e+00 1.387137729379531420e-04
8.200000000000001066e+00 1.361918734992129815e-04
8.250000000000000000e+00 1.337307785699822567e-04
8.300000000000000711e+00 1.313286624417833942e-04
8.349999999999999645e+00 1.289837774565711758e-04
8.400000000000000355e+00 1.266943935818070418e-04
8.450000000000001066e+00 1.244588826737722149e-04
8.500000000000000000e+00 1.222756598929450875e-04
8.550000000000000711e+00 1.201431958976942029e-04
8.599999999999999645e+00 1.180600151152731193e-04
8.650000000000000355e+00 1.160246940382603334e-04
8.700000000000001066e+00 1.140358595226778870e-04
8.750000000000000000e+00 1.120921870698312749e-04
8.800000000000000711e+00 1.101923990802076601e-04
8.849999999999999645e+00 1.083352630742281990e-04
8.900000000000000355e+00 1.065195898809174964e-04
8.950000000000001066e+00 1.047442318013472128e-04
9.000000000000000000e+00 1.030080807587351759e-04
9.050000000000000711e+00 1.013100664511253410e-04
9.099999999999999645e+00 9.964915452546666236e-05
9.150000000000000355e+00 9.802434479354871504e-05
9.200000000000001066e+00 9.643466951061063948e-05
9.250000000000000000e+00 9.487919173654584080e-05
9.300000000000000711e+00 9.335700379757561063e-05
9.349999999999999645e+00 9.186722586322476332e-05
9.400000000000000355e+00 9.040900464957767372e-05
9.450000000000001066e+00 8.898151225538456161e-05
9.500000000000000000e+00 8.758394513285128668e-05
9.550000000000000711e+00 8.621552319017115938e-05
9.600000000000001421e+00 8.487548901827264266e-05
9.650000000000000355e+00 8.356310723011672599e-05
9.700000000000001066e+00 8.227766389737985935e-05
9.750000000000000000e+00 8.101846606666867300e-05
9.800000000000000711e+00 7.978484133564175984e-05
9.850000000000001421e+00 7.857613746864887860e-05
9.900000000000000355e+00 7.739172203171838186e-05
9.950000000000001066e+00 7.623098202791914093e-05
1.000000000000000000e+01 7.509332351619397137e-05
1.005000000000000071e+01 7.397817119956681361e-05
1.010000000000000142e+01 7.288496797202210543e-05
1.015000000000000036e+01 7.181317441712868751e-05
1.020000000000000107e+01 7.076226825544919665e-05
1.025000000000000000e+01 6.973174374171316821e-05
1.030000000000000071e+01 6.872111101645180420e-05
1.035000000000000142e+01 6.772989542010430283e-05
1.040000000000000036e+01 6.675763678035854327e-05
1.045000000000000107e+01 6.580388868555451414e-05
1.050000000000000000e+01 6.486821775827777547e-05
1.055000000000000071e+01 6.395020294376130635e-05
1.060000000000000142e+01 6.304943482739265147e-05
1.065000000000000036e+01 6.216551499453615032e-05
1.070000000000000107e+01 6.129805544410928662e-05
1.075000000000000000e+01 6.044667806500285162e-05
1.080000000000000071e+01 5.961101418165616373e-05
1.085000000000000142e+01 5.879070417204178723e-05
1.090000000000000036e+01 5.798539715814601212e-05
1.095000000000000107e+01 5.719475076592427727e-05
1.100000000000000000e+01 5.641841744516112829e-05
1.105000000000000071e+01 5.565609901947992944e-05
1.110000000000000142e+01 5.490744565403527584e-05
1.115000000000000036e+01 5.417218366270996834e-05
1.120000000000000107e+01 5.344999351460825250e-05
1.125000000000000000e+01 5.274058168813598605e-05
1.130000000000000071e+01 5.204366268277694883e-05
1.135000000000000142e+01 5.135895897930925708e-05
1.140000000000000036e+01 5.068620097330659563e-05
1.145000000000000107e+01 5.002512687424485744e-05
1.150000000000000000e+01 4.937548256492967373e-05
1.155000000000000071e+01 4.873702141855082280e-05
1.160000000000000142e+01 4.810950407331527050e-05
1.165000000000000036e+01 4.749269816716993596e-05
1.170000000000000107e+01 4.688637803747556197e-05
1.175000000000000000e+01 4.629032439251596080e-05
1.180000000000000071e+01 4.570432396332927501e-05
1.185000000000000142e+01 4.512816914545613779e-05
1.190000000000000036e+01 4.456165764077427139e-05
1.195000000000000107e+01 4.400459210961380890e-05
1.200000000000000000e+01 4.345677984283057585e-05
1.205000000000000071e+01 4.291803246250703896e-05
1.210000000000000142e+01 4.238816565850864063e-05
1.215000000000000036e+01 4.186699896633665560e-05
1.220000000000000107e+01 4.135435558968606422e-05
1.225000000000000000e+01 4.085006226895685367e-05
1.230000000000000071e+01 4.035394919477965184e-05
1.235000000000000142e+01 3.986584996353337881e-05
1.240000000000000036e+01 3.938560156994261931e-05
1.245000000000000107e+01 3.891304443024878499e-05
1.250000000000000000e+01 3.844802242822166239e-05
1.255000000000000071e+01 3.799038297547325453e-05
1.260000000000000142e+01 3.753997707718179815e-05
1.265000000000000036e+01 3.709665939444436615e-05
1.270000000000000107e+01 3.666028829502611478e-05
1.275000000000000000e+01 3.623072588523381499e-05
1.280000000000000071e+01 3.580783801693950382e-05
1.285000000000000142e+01 3.539149426535978798e-05
1.290000000000000036e+01 3.498156787494799582e-05
1.295000000000000107e+01 3.457793567260621933e-05
1.300000000000000000e+01 3.418047794926317600e-05
1.305000000000000071e+01 3.378907831259711405e-05
1.310000000000000142e+01 3.340362351523729002e-05
1.315000000000000036e+01 3.302400326405502249e-05
1.320000000000000107e+01 3.265011001712462267e-05
1.325000000000000000e+01 3.228183877552308898e-05
1.330000000000000071e+01 3.191908687735438803e-05
1.335000000000000142e+01 3.156175380119932841e-05
1.340000000000000036e+01 3.120974098564602978e-05
1.345000000000000107e+01 3.086295167067185655e-05
1.350000000000000000e+01 3.052129076548506842e-05
1.355000000000000071e+01 3.018466474605732702e-05
1.360000000000000142e+01 2.985298158406197528e-05
1.365000000000000036e+01 2.952613591926498034e-05
1.370000000000000107e+01 2.920406810183569780e-05
1.375000000000000000e+01 2.888667580539891708e-05
1.380000000000000071e+01 2.857387287517019697e-05
1.385000000000000142e+01 2.826557472136836716e-05
1.390000000000000036e+01 2.796169839052536517e-05
1.395000000000000107e+01 2.766216264263047017e-05
1.400000000000000000e+01 2.736688802769871362e-05
1.405000000000000071e+01 2.707579695558527615e-05
1.410000000000000142e+01 2.678882868428097728e-05
1.415000000000000036e+01 2.650587954954359443e-05
1.420000000000000107e+01 2.622689281118186714e-05
1.425000000000000000e+01 2.595179870350971174e-05
1.430000000000000071e+01 2.568052940447669273e-05
1.435000000000000142e+01 2.541301898213101744e-05
1.440000000000000036e+01 2.514920331794284400e-05
1.445000000000000107e+01 2.488902000964782023e-05
1.450000000000000000e+01 2.463240825732171459e-05
1.455000000000000071e+01 2.437930873723108787e-05
1.460000000000000142e+01 2.412966346858578810e-05
1.465000000000000036e+01 2.388341567862148270e-05
1.470000000000000107e+01 2.364050967146168558e-05
1.475000000000000000e+01 2.340089070593934971e-05
1.480000000000000071e+01 2.316450488703334889e-05
1.485000000000000142e+01 2.293129907481737236e-05
1.490000000000000036e+01 2.270122081387499226e-05
1.495000000000000107e+01 2.247421828505834199e-05
1.500000000000000000e+01 2.225024028031455798e-05
1.505000000000000071e+01 2.202923620013571581e-05
1.510000000000000142e+01 2.181115607206656786e-05
1.515000000000000036e+01 2.159595058768366062e-05
1.520000000000000107e+01 2.138357115459044199e-05
1.525000000000000000e+01 2.117396995930281007e-05
1.530000000000000071e+01 2.096710003644587400e-05
1.535000000000000142e+01 2.076291533948163874e-05
1.540000000000000036e+01 2.056137080822879648e-05
1.545000000000000107e+01 2.036242242872166074e-05
1.550000000000000000e+01 2.016602728146495575e-05
1.555000000000000071e+01 1.997214357483980315e-05
1.560000000000000142e+01 1.978073066127151422e-05
1.565000000000000036e+01 1.959174903472497441e-05
1.570000000000000107e+01 1.940516030910954175e-05
1.575000000000000000e+01 1.922092717818743248e-05
1.580000000000000071e+01 1.903901335854354837e-05
1.585000000000000142e+01 1.885938351803890077e-05
1.590000000000000036e+01 1.868200319289201777e-05
1.595000000000000107e+01 1.850683869707886350e-05
1.600000000000000000e+01 1.833385702808780883e-05
1.605000000000000071e+01 1.816302577319628951e-05
1.610000000000000142e+01 1.799431302035054631e-05
1.615000000000000213e+01 1.782768727743320729e-05
1.619999999999999929e+01 1.766311740322010410e-05
1.625000000000000000e+01 1.750057255268120863e-05
1.630000000000000071e+01 1.734002213850938915e-05
1.635000000000000142e+01 1.718143580990730710e-05
1.640000000000000213e+01 1.702478344877202492e-05
1.644999999999999929e+01 1.687003518253211900e-05
1.650000000000000000e+01 1.671716141206641416e-05
1.655000000000000071e+01 1.656613285239869231e-05
1.660000000000000142e+01 1.641692058326199504e-05
1.665000000000000213e+01 1.626949610618511386e-05
1.669999999999999929e+01 1.612383140449181665e-05
1.675000000000000000e+01 1.597989900253209982e-05
1.680000000000000071e+01 1.583767202058352326e-05
1.685000000000000142e+01 1.569712422215823423e-05
1.690000000000000213e+01 1.555823005091638538e-05
1.694999999999999929e+01 1.542096465497819614e-05
1.700000000000000000e+01 1.528530389713014413e-05
1.705000000000000071e+01 1.515122435018362606e-05
1.710000000000000142e+01 1.501870327752962409e-05
1.715000000000000213e+01 1.488771859970978991e-05
1.719999999999999929e+01 1.475824884853488072e-05
1.725000000000000000e+01 1.463027311090753693e-05
1.730000000000000071e+01 1.450377096500957949e-05
1.735000000000000142e+01 1.437872241186714676e-05
1.740000000000000213e+01 1.425510780550443728e-05
1.744999999999999929e+01 1.413290778492144829e-05
1.750000000000000000e+01 1.401210321099088165e-05
1.755000000000000071e+01 1.389267511107113215e-05
1.760000000000000142e+01 1.377460463369572193e-05
1.765000000000000213e+01 1.365787301515098465e-05
1.769999999999999929e+01 1.354246155911392714e-05
1.775000000000000000e+01 1.342835162984499480e-05
1.780000000000000071e+01 1.331552465872704068e-05
1.785000000000000142e+01 1.320396216326785573e-05
1.790000000000000213e+01 1.309364577706634960e-05
1.794999999999999929e+01 1.298455728870588615e-05
1.800000000000000000e+01 1.287667868712667566e-05
1.805000000000000071e+01 1.276999221073696698e-05
1.810000000000000142e+01 1.266448039738766959e-05
1.815000000000000213e+01 1.256012613234139468e-05
1.819999999999999929e+01 1.245691269152551670e-05
1.825000000000000000e+01 1.235482377765353084e-05
1.830000000000000071e+01 1.225384354720722321e-05
1.835000000000000142e+01 1.215395662678679198e-05
1.840000000000000213e+01 1.205514811790824542e-05
1.844999999999999929e+01 1.195740358994552706e-05
1.850000000000000000e+01 1.186070906153204717e-05
1.855000000000000071e+01 1.176505097133255566e-05
1.860000000000000142e+01 1.167041613963182590e-05
1.865000000000000213e+01 1.157679172264004276e-05
1.869999999999999929e+01 1.148416516176599839e-05
1.875000000000000000e+01 1.139252413033229764e-05
1.880000000000000071e+01 1.130185648030803269e-05
1.885000000000000142e+01 1.121215019159248709e-05
1.890000000000000213e+01 1.112339332621824293e-05
1.894999999999999929e+01 1.103557398955616548e-05
1.900000000000000000e+01 1.094868030021232998e-05
1.905000000000000071e+01 1.086270036984188654e-05
1.910000000000000142e+01 1.077762229357490945e-05
1.915000000000000213e+01 1.069343415119954135e-05
1.920000000000000284e+01 1.061012401869394863e-05
1.925000000000000000e+01 1.052767998917744764e-05
1.930000000000000071e+01 1.044609020188549603e-05
1.935000000000000142e+01 1.036534287738308684e-05
1.940000000000000213e+01 1.028542635694546677e-05
1.945000000000000284e+01 1.020632914385299136e-05
1.950000000000000000e+01 1.012803994428822023e-05
1.955000000000000071e+01 1.005054770558315285e-05
1.960000000000000142e+01 9.973841649736307007e-06
1.965000000000000213e+01 9.897911300402361447e-06
1.970000000000000284e+01 9.822746501916522691e-06
1.975000000000000000e+01 9.748337429358364020e-06
1.980000000000000071e+01 9.674674589131551766e-06
1.985000000000000142e+01 9.601748810038918344e-06
1.990000000000000213e+01 9.529551225323552809e-06
1.995000000000000284e+01 9.458073246604765282e-06
2.000000000000000000e+01 9.387306531045312846e-06
2.005000000000000071e+01 9.317242943416353062e-06
2.010000000000000142e+01 9.247874514965664664e-06
2.015000000000000213e+01 9.179193401133432488e-06
2.020000000000000284e+01 9.111191840191833639e-06
2.025000000000000000e+01 9.043862114806494300e-06
2.030000000000000071e+01 8.977196518342084916e-06
2.035000000000000142e+01 8.911187327464648177e-06
2.040000000000000213e+01 8.845826782248496629e-06
2.045000000000000284e+01 8.781107074593724906e-06
2.050000000000000000e+01 8.717020345324384966e-06
2.055000000000000071e+01 8.653558689885624617e-06
2.060000000000000142e+01 8.590714172120065149e-06
2.065000000000000213e+01 8.528478845198652922e-06
2.070000000000000284e+01 8.466844778426712746e-06
2.075000000000000000e+01 8.405804088365657832e-06
2.080000000000000071e+01 8.345348972513269505e-06
2.085000000000000142e+01 8.285471743680771609e-06
2.090000000000000213e+01 8.226164863197689260e-06
2.095000000000000284e+01 8.167420971165419483e-06
2.100000000000000000e+01 8.109232912158238635e-06
2.105000000000000071e+01 8.051593755030451283e-06
2.110000000000000142e+01 7.994496805811477492e-06
2.115000000000000213e+01 7.937935613043292028e-06
2.120000000000000284e+01 7.881903965312304184e-06
2.125000000000000000e+01 7.826395881137668189e-06
2.130000000000000071e+01 7.771405591765072655e-06
2.135000000000000142e+01 7.716927517779967785e-06
2.140000000000000213e+01 7.662956240754287732e-06
2.145000000000000284e+01 7.609486471385506186e-06
2.150000000000000000e+01 7.556513015744634159e-06
2.155000000000000071e+01 7.504030741327169953e-06
2.160000000000000142e+01 7.452034544588666642e-06
2.165000000000000213e+01 7.400519321547161912e-06
2.170000000000000284e+01 7.349479942857040621e-06
2.175000000000000000e+01 7.298911234509659299e-06
2.180000000000000071e+01 7.248807965011907530e-06
2.185000000000000142e+01 7.199164839551103005e-06
2.190000000000000213e+01 7.149976501287377458e-06
2.195000000000000284e+01 7.101237539548617939e-06
2.200000000000000000e+01 7.052942504352597662e-06
2.205000000000000071e+01 7.005085926361639917e-06
2.210000000000000142e+01 6.957662341113262680e-06
2.215000000000000213e+01 6.910666316162666707e-06
2.220000000000000284e+01 6.864092479646762584e-06
2.225000000000000000e+01 6.817935548723884701e-06
2.230000000000000071e+01 6.772190356375126642e-06
2.235000000000000142e+01 6.726851875156067454e-06
2.240000000000000213e+01 6.681915236667388407e-06
2.245000000000000284e+01 6.637375745747167522e-06
2.250000000000000000e+01 6.593228888677559027e-06
2.255000000000000071e+01 6.549470335014245612e-06
2.260000000000000142e+01 6.506095932981354921e-06
2.265000000000000213e+01 6.463101698708644727e-06
2.270000000000000284e+01 6.420483799901172726e-06
2.275000000000000000e+01 6.378238534809895211e-06
2.280000000000000071e+01 6.336362307605549545e-06
2.285000000000000142e+01 6.294851601425301755e-06
2.290000000000000213e+01 6.253702950470890023e-06
2.295000000000000284e+01 6.212912912562058546e-06
2.300000000000000000e+01 6.172478043514207293e-06
2.305000000000000071e+01 6.132394874593036329e-06
2.310000000000000142e+01 6.092659894128694496e-06
2.315000000000000213e+01 6.053269534140947920e-06
2.320000000000000284e+01 6.014220162562956761e-06
2.325000000000000000e+01 5.975508081352147798e-06
2.330000000000000071e+01 5.937129530471983331e-06
2.335000000000000142e+01 5.899080697429241305e-06
2.340000000000000213e+01 5.861357731766002803e-06
2.345000000000000284e+01 5.823956763663965857e-06
2.350000000000000000e+01 5.786873925612935686e-06
2.355000000000000071e+01 5.750105375956891349e-06
2.360000000000000142e+01 5.713647323045977428e-06
2.365000000000000213e+01 5.677496048711286939e-06
2.370000000000000284e+01 5.641647929829008108e-06
2.375000000000000000e+01 5.606099456855602517e-06
2.380000000000000071e+01 5.570847248386604010e-06
2.385000000000000142e+01 5.535888061008987452e-06
2.390000000000000213e+01 5.501218793966899794e-06
2.395000000000000284e+01 5.466836488436781136e-06
2.400000000000000000e+01 5.432738321486166503e-06
2.405000000000000071e+01 5.398921595065210290e-06
2.410000000000000142e+01 5.365383720629577289e-06
2.415000000000000213e+01 5.332122200214116599e-06
2.420000000000000284e+01 5.299134604946762146e-06
2.425000000000000000e+01 5.266418552113872198e-06
2.430000000000000071e+01 5.233971681948481519e-06
2.435000000000000142e+01 5.201791635313963081e-06
2.440000000000000213e+01 5.169876033395173088e-06
2.445000000000000284e+01 5.138222460391510425e-06
2.450000000000000000e+01 5.106828450042727345e-06
2.455000000000000071e+01 5.075691476608138691e-06
2.460000000000000142e+01 5.044808950686149234e-06
2.465000000000000213e+01 5.014178220005666199e-06
2.470000000000000284e+01 4.983796575066049514e-06
2.475000000000000000e+01 4.953661259251708410e-06
2.480000000000000071e+01 4.923769482824703700e-06
2.485000000000000142e+01 4.894118440006436020e-06
2.490000000000000213e+01 4.864705328207757742e-06
2.495000000000000284e+01 4.835527368372007424e-06
2.500000000000000000e+01 4.806581825347366829e-06
2.505000000000000071e+01 4.777866027219922928e-06
2.510000000000000142e+01 4.749377382602088927e-06
2.515000000000000213e+01 4.721113394992244554e-06
2.520000000000000284e+01 4.693071673479151354e-06
2.525000000000000000e+01 4.665249939266352712e-06
2.530000000000000071e+01 4.637646027708657053e-06
2.535000000000000142e+01 4.610257885791932761e-06
2.540000000000000213e+01 4.583083565219749777e-06
2.545000000000000284e+01 4.556121211497480512e-06
2.550000000000000000e+01 4.529369049605223732e-06
2.555000000000000071e+01 4.502825367018880910e-06
2.560000000000000142e+01 4.476488494968165668e-06
2.565000000000000213e+01 4.450356788901010271e-06
2.570000000000000284e+01 4.424428609151292218e-06
2.575000000000000000e+01 4.398702302788648667e-06
2.580000000000000071e+01 4.373176187554616025e-06
2.585000000000000142e+01 4.347848538671566475e-06
2.590000000000000213e+01 4.322717579156766797e-06
2.595000000000000284e+01 4.297781474083223622e-06
2.600000000000000000e+01 4.273038329024445390e-06
2.605000000000000071e+01 4.248486192697078422e-06
2.610000000000000142e+01 4.224123063606967977e-06
2.615000000000000213e+01 4.199946900292877413e-06
2.620000000000000284e+01 4.175955634586056290e-06
2.625000000000000000e+01 4.152147187155570928e-06
2.630000000000000071e+01 4.128519484497484791e-06
2.635000000000000142e+01 4.105070476462724713e-06
2.640000000000000213e+01 4.081798153402939508e-06
2.645000000000000284e+01 4.058700562039651221e-06
2.650000000000000000e+01 4.035775819242337845e-06
2.655000000000000071e+01 4.013022123014343070e-06
2.660000000000000142e+01 3.990437760140273438e-06
2.665000000000000213e+01 3.968021110124121331e-06
2.670000000000000284e+01 3.945770645244072238e-06
2.675000000000000000e+01 3.923684926751494376e-06
2.680000000000000071e+01 3.901762597440157511e-06
2.685000000000000142e+01 3.880002370994924089e-06
2.690000000000000213e+01 3.858403018693136295e-06
2.695000000000000284e+01 3.836963354160314232e-06
2.700000000000000000e+01 3.815682216972545890e-06
2.705000000000000071e+01 3.794558455954871484e-06
2.710000000000000142e+01 3.773590913023760684e-06
2.715000000000000213e+01 3.752778408391218591e-06
2.720000000000000284e+01 3.732119727865072108e-06
2.725000000000000000e+01 3.711613612866848437e-06
2.730000000000000071e+01 3.691258753641122530e-06
2.735000000000000142e+01 3.671053785961187848e-06
2.740000000000000213e+01 3.650997291452369681e-06
2.745000000000000284e+01 3.631087801469454838e-06
2.750000000000000000e+01 3.611323804278374416e-06
2.755000000000000071e+01 3.591703755129988241e-06
2.760000000000000142e+01 3.572226088665754400e-06
2.765000000000000213e+01 3.552889232983034476e-06
2.770000000000000284e+01 3.533691624609824171e-06
2.775000000000000000e+01 3.514631723599603794e-06
2.780000000000000071e+01 3.495708027958888991e-06
2.785000000000000142e+01 3.476919086664339906e-06
2.790000000000000213e+01 3.458263510605247789e-06
2.795000000000000284e+01 3.439739980902446738e-06
2.800000000000000000e+01 3.421347254194972438e-06
2.805000000000000071e+01 3.403084164645679472e-06
2.810000000000000142e+01 3.384949622590762909e-06
2.815000000000000213e+01 3.366942609928298334e-06
2.820000000000000284e+01 3.349062172510958058e-06
2.825000000000000000e+01 3.331307409957962355e-06
2.830000000000000071e+01 3.313677463429424335e-06
2.835000000000000142e+01 3.296171502007313762e-06
2.840000000000000213e+01 3.278788708390471143e-06
2.845000000000000284e+01 3.261528264638995368e-06
2.850000000000000000e+01 3.244389338696229621e-06
2.855000000000000071e+01 3.227371072364617083e-06
2.860000000000000142e+01 3.210472571333543082e-06
2.865000000000000213e+01 3.193692897743338730e-06
2.870000000000000284e+01 3.177031065636169349e-06
2.875000000000000000e+01 3.160486039490462918e-06
2.880000000000000071e+01 3.144056735875809163e-06
2.885000000000000142e+01 3.127742028105686550e-06
2.890000000000000213e+01 3.111540753609177314e-06
2.895000000000000284e+01 3.095451723609621204e-06
2.900000000000000000e+01 3.079473734580776742e-06
2.905000000000000071e+01 3.063605580867148394e-06
2.910000000000000142e+01 3.047846067799356631e-06
2.915000000000000213e+01 3.032194024619785318e-06
2.920000000000000284e+01 3.016648316546824548e-06
2.925000000000000000e+01 3.001207855360848708e-06
2.930000000000000071e+01 2.985871607974366240e-06
2.935000000000000142e+01 2.970638602559993851e-06
2.940000000000000213e+01 2.955507931939472179e-06
2.945000000000000284e+01 2.940478754079294841e-06
2.950000000000000000e+01 2.925550289691936534e-06
2.955000000000000071e+01 2.910721817087887061e-06
2.960000000000000142e+01 2.895992664565008201e-06
2.965000000000000213e+01 2.881362200746393311e-06
2.970000000000000284e+01 2.866829823377442642e-06
2.975000000000000000e+01 2.852394947168501521e-06
2.980000000000000071e+01 2.838056991313471575e-06
2.985000000000000142e+01 2.823815367323445796e-06
2.990000000000000213e+01 2.809669467792963722e-06
2.995000000000000284e+01 2.795618656663259710e-06
3.000000000000000000e+01 2.781662261463371688e-06
3.005000000000000071e+01 2.767799567903105482e-06
3.010000000000000142e+01 2.754029817070207884e-06
3.015000000000000213e+01 2.740352205343479274e-06
3.020000000000000284e+01 2.726765886997070444e-06
3.025000000000000000e+01 2.713269979329730417e-06
3.030000000000000071e+01 2.699863570028026590e-06
3.035000000000000142e+01 2.686545726356556494e-06
3.040000000000000213e+01 2.673315505682872998e-06
3.045000000000000284e+01 2.660171966777011819e-06
3.050000000000000000e+01 2.647114181293905309e-06
3.055000000000000071e+01 2.634141244841826250e-06
3.060000000000000142e+01 2.621252287069274200e-06
3.065000000000000213e+01 2.608446480254612523e-06
3.070000000000000284e+01 2.595723045970806523e-06
3.075000000000000000e+01 2.583081259494996082e-06
3.080000000000000071e+01 2.570520451755285687e-06
3.085000000000000142e+01 2.558040008735742748e-06
3.090000000000000213e+01 2.545639368389271679e-06
3.095000000000000284e+01 2.533318015240023066e-06
3.100000000000000000e+01 2.521075472969985132e-06
3.105000000000000071e+01 2.508911295387859586e-06
3.110000000000000142e+01 2.496825056257705338e-06
3.115000000000000213e+01 2.484816338515467924e-06
3.120000000000000284e+01 2.472884723433708641e-06
3.125000000000000000e+01 2.461029780286990278e-06
3.130000000000000071e+01 2.449251057041400655e-06
3.135000000000000142e+01 2.437548072535096819e-06
3.140000000000000213e+01 2.425920310533077346e-06
3.145000000000000284e+01 2.414367215941344026e-06
3.150000000000000000e+01 2.402888193351386273e-06
3.155000000000000071e+01 2.391482607964360144e-06
3.160000000000000142e+01 2.380149788819934312e-06
3.165000000000000213e+01 2.368889034141051865e-06
3.170000000000000284e+01 2.357699618493431830e-06
3.175000000000000000e+01 2.346580801373357968e-06
3.180000000000000071e+01 2.335531836762997742e-06
3.185000000000000142e+01 2.324551983150694507e-06
3.190000000000000213e+01 2.313640513492854662e-06
3.195000000000000284e+01 2.302796724600761269e-06
3.200000000000000000e+01 2.292019945474126340e-06
3.205000000000000426e+01 2.281309544157002611e-06
3.210000000000000142e+01 2.270664932775000394e-06
3.214999999999999858e+01 2.260085570508783185e-06
3.220000000000000284e+01 2.249570964366988614e-06
3.225000000000000000e+01 2.239120667736259235e-06
3.230000000000000426e+01 2.228734276800425568e-06
3.235000000000000142e+01 2.218411425031285643e-06
3.239999999999999858e+01 2.208151776048277775e-06
3.245000000000000284e+01 2.197955015227618868e-06
3.250000000000000000e+01 2.187820840501514909e-06
3.255000000000000426e+01 2.177748952826028687e-06
3.260000000000000142e+01 2.167739046807481579e-06
3.264999999999999858e+01 2.157790801967813382e-06
3.270000000000000284e+01 2.147903875088126986e-06
3.275000000000000000e+01 2.138077894013953149e-06
3.280000000000000426e+01 2.128312453223237421e-06
3.285000000000000142e+01 2.118607111369280099e-06
3.289999999999999858e+01 2.108961390902661379e-06
3.295000000000000284e+01 2.099374779771753168e-06
3.300000000000000000e+01 2.089846735093236415e-06
3.305000000000000426e+01 2.080376688583247566e-06
3.310000000000000142e+01 2.070964053452302566e-06
3.314999999999999858e+01 2.061608232393826792e-06
3.320000000000000284e+01 2.052308626243592254e-06
3.325000000000000000e+01 2.043064642856196397e-06
3.330000000000000426e+01 2.033875705738677934e-06
3.335000000000000142e+01 2.024741261996732818e-06
3.339999999999999858e+01 2.015660789190198695e-06
3.345000000000000284e+01 2.006633800751787252e-06
3.350000000000000000e+01 1.997659849702552728e-06
3.355000000000000426e+01 1.988738530486729610e-06
3.360000000000000142e+01 1.979869478844800505e-06
3.364999999999999858e+01 1.971052369750654973e-06
3.370000000000000284e+01 1.962286913530637027e-06
3.375000000000000000e+01 1.953572850382674879e-06
3.380000000000000426e+01 1.944909943586744773e-06
3.385000000000000142e+01 1.936297971768390113e-06
3.389999999999999858e+01 1.927736720619026490e-06
3.395000000000000284e+01 1.919225974501831202e-06
3.400000000000000000e+01 1.910765508375793592e-06
3.405000000000000426e+01 1.902355080446901878e-06
3.410000000000000142e+01 1.893994425917585490e-06
3.414999999999999858e+01 1.885683252144367051e-06
3.420000000000000284e+01 1.877419345648670105e-06
3.425000000000000000e+01 1.869206086103876610e-06
3.430000000000000426e+01 1.861041241755172485e-06
3.435000000000000142e+01 1.852924394746072393e-06
3.439999999999999858e+01 1.844855101349382649e-06
3.445000000000000284e+01 1.836832897331700582e-06
3.450000000000000000e+01 1.828848780807830664e-06
3.455000000000000426e+01 1.820919315591637776e-06
3.460000000000000142e+01 1.813035493127104014e-06
3.464999999999999858e+01 1.805196838616232413e-06
3.470000000000000284e+01 1.797402762991910523e-06
3.475000000000000000e+01 1.789653110010758741e-06
3.480000000000000426e+01 1.781947323933336786e-06
3.485000000000000142e+01 1.774285030432863918e-06
3.489999999999999858e+01 1.766665708571845361e-06
3.495000000000000284e+01 1.759089375235819392e-06
3.500000000000000000e+01 1.751555626598682951e-06
3.505000000000000426e+01 1.744064228248183617e-06
3.510000000000000142e+01 1.736614974502399727e-06
3.514999999999999858e+01 1.729207683035827929e-06
3.520000000000000284e+01 1.721842188479520506e-06
3.525000000000000000e+01 1.714518335331838893e-06
3.530000000000000426e+01 1.707235970549585865e-06
3.535000000000000142e+01 1.699995431742506618e-06
3.539999999999999858e+01 1.692795577462225099e-06
3.545000000000000284e+01 1.685636692403510524e-06
3.550000000000000000e+01 1.678518565892880730e-06
3.555000000000000426e+01 1.671440960698580396e-06
3.560000000000000142e+01 1.664403610884478865e-06
3.564999999999999858e+01 1.657406221284068823e-06
3.570000000000000284e+01 1.650448468605369749e-06
3.575000000000000000e+01 1.643530004096942512e-06
3.580000000000000426e+01 1.636650457621827954e-06
3.585000000000000142e+01 1.629809442918389115e-06
3.589999999999999858e+01 1.623006563765550865e-06
3.595000000000000284e+01 1.616241195003335953e-06
3.600000000000000000e+01 1.609513383943654373e-06
3.605000000000000426e+01 1.602822528713605472e-06
3.610000000000000142e+01 1.596168261147163951e-06
3.614999999999999858e+01 1.589550235543310644e-06
3.620000000000000284e+01 1.582968133108304011e-06
3.625000000000000000e+01 1.576421420338206749e-06
3.630000000000000426e+01 1.569910373917025857e-06
3.635000000000000142e+01 1.563434481188944430e-06
3.639999999999999858e+01 1.556993547031930042e-06
3.645000000000000284e+01 1.550588337685831744e-06
3.650000000000000000e+01 1.544216759786843093e-06
3.655000000000000426e+01 1.537879701549591271e-06
3.660000000000000142e+01 1.531577049469016909e-06
3.664999999999999858e+01 1.525308994595333343e-06
3.670000000000000284e+01 1.519083113334094607e-06
3.675000000000000000e+01 1.512883013520230539e-06
3.680000000000000426e+01 1.506716857837197587e-06
3.685000000000000142e+01 1.500584499033246754e-06
3.689999999999999858e+01 1.494485767651045598e-06
3.695000000000000284e+01 1.488420469317099109e-06
3.700000000000000000e+01 1.482388383434080760e-06
3.705000000000000426e+01 1.476389263330372152e-06
3.710000000000000142e+01 1.470423037343846208e-06
3.714999999999999858e+01 1.464489103227568195e-06
3.720000000000000284e+01 1.458587260471774747e-06
3.725000000000000000e+01 1.452717186372248915e-06
3.730000000000000426e+01 1.446878551585966045e-06
3.735000000000000142e+01 1.441071026267085783e-06
3.739999999999999858e+01 1.435294286266030039e-06
3.745000000000000284e+01 1.429548035456643620e-06
3.750000000000000000e+01 1.423831406538724207e-06
3.755000000000000426e+01 1.418145231407900669e-06
3.760000000000000142e+01 1.412488714478727310e-06
3.764999999999999858e+01 1.406861634020396961e-06
3.770000000000000284e+01 1.401263796471038193e-06
3.775000000000000000e+01 1.395695035962541056e-06
3.780000000000000426e+01 1.390155212500693455e-06
3.785000000000000142e+01 1.384644208904698005e-06
3.789999999999999858e+01 1.379162283706528756e-06
3.795000000000000284e+01 1.373708600685910698e-06
3.800000000000000000e+01 1.368283475191230367e-06
3.805000000000000426e+01 1.362886833081200069e-06
3.810000000000000142e+01 1.357518586571158130e-06
3.814999999999999858e+01 1.352178671731181047e-06
3.820000000000000284e+01 1.346866974703088192e-06
3.825000000000000000e+01 1.341583376066627444e-06
3.830000000000000426e+01 1.336327735035008234e-06
3.835000000000000142e+01 1.331099887572202482e-06
3.840000000000000568e+01 1.325899645796221311e-06
3.845000000000000284e+01 1.320726798687629102e-06
3.850000000000000000e+01 1.315581114056585450e-06
3.855000000000000426e+01 1.310462341656981271e-06
3.860000000000000142e+01 1.305370195048569519e-06
3.865000000000000568e+01 1.300304442836762762e-06
3.870000000000000284e+01 1.295264788565151258e-06
3.875000000000000000e+01 1.290251070043164501e-06
3.880000000000000426e+01 1.285262811818011152e-06
3.885000000000000142e+01 1.280299852817219865e-06
3.890000000000000568e+01 1.275361954499194580e-06
3.895000000000000284e+01 1.270448712126462691e-06
3.900000000000000000e+01 1.265560286926345873e-06
3.905000000000000426e+01 1.260696340695332646e-06
3.910000000000000142e+01 1.255856728984127625e-06
3.915000000000000568e+01 1.251041331521814298e-06
3.920000000000000284e+01 1.246242701737259196e-06
3.925000000000000000e+01 1.241475484500716221e-06
3.930000000000000426e+01 1.236732239695680977e-06
3.935000000000000142e+01 1.232013008732459868e-06
3.940000000000000568e+01 1.227318025521131876e-06
3.945000000000000284e+01 1.222646364127239594e-06
3.950000000000000000e+01 1.217998459883407132e-06
3.955000000000000426e+01 1.213374246832079496e-06
3.960000000000000142e+01 1.208773258168098509e-06
3.965000000000000568e+01 1.204196185799955784e-06
3.970000000000000284e+01 1.199642517510528448e-06
3.975000000000000000e+01 1.195112105129072758e-06
3.980000000000000426e+01 1.190604786861969610e-06
3.985000000000000142e+01 1.186120362167523555e-06
3.990000000000000568e+01 1.181665641332181158e-06
3.995000000000000284e+01 1.177226426067113457e-06
