0.000000000000000000e+00 -0.000000000000000000e+00
5.000000000000000278e-02 6.246939519605630260e-08
1.000000000000000056e-01 9.963772341143974152e-07
1.500000000000000222e-01 5.017847792700330428e-06
2.000000000000000111e-01 1.574326888550003849e-05
2.500000000000000000e-01 3.807620331819061137e-05
3.000000000000000444e-01 7.805423925424489671e-05
3.500000000000000333e-01 1.426607102866578249e-04
4.000000000000000222e-01 2.396072894273581632e-04
4.500000000000000111e-01 3.770943043771736035e-04
5.000000000000000000e-01 5.635562054328814227e-04
5.500000000000000444e-01 8.073999249245560929e-04
6.000000000000000888e-01 1.116743893053701638e-03
6.500000000000000222e-01 1.499165226527627388e-03
7.000000000000000666e-01 1.961462102190082539e-03
7.500000000000000000e-01 2.509437597146464000e-03
8.000000000000000444e-01 3.147710357735496352e-03
8.500000000000000888e-01 3.879556396981732359e-03
9.000000000000000222e-01 4.706785163235617520e-03
9.500000000000000666e-01 5.629651822930210360e-03
1.000000000000000000e+00 6.646806508592760683e-03
1.050000000000000044e+00 7.755280147338215226e-03
1.100000000000000089e+00 8.950505450642735894e-03
1.150000000000000133e+00 1.022637072353419115e-02
1.200000000000000178e+00 1.157530347302094913e-02
1.250000000000000000e+00 1.298838009861255464e-02
1.300000000000000044e+00 1.445545781577249091e-02
1.350000000000000089e+00 1.596532440260299904e-02
1.400000000000000133e+00 1.750586178624923689e-02
1.450000000000000178e+00 1.906421926780849790e-02
1.500000000000000000e+00 2.062699264402014301e-02
1.550000000000000044e+00 2.218040581932633620e-02
1.600000000000000089e+00 2.371049189309833854e-02
1.650000000000000133e+00 2.520327127587856236e-02
1.700000000000000178e+00 2.664492476374678842e-02
1.750000000000000000e+00 2.802196002508464123e-02
1.800000000000000044e+00 2.932137025114322365e-02
1.850000000000000089e+00 3.053078418134478472e-02
1.900000000000000133e+00 3.163860678186248415e-02
1.950000000000000178e+00 3.263415012806666904e-02
2.000000000000000000e+00 3.350775397150920765e-02
2.050000000000000266e+00 3.425089565523490448e-02
2.100000000000000089e+00 3.485628861526759992e-02
2.149999999999999911e+00 3.531796890131528449e-02
2.200000000000000178e+00 3.563136878535103080e-02
2.250000000000000000e+00 3.579337643456631524e-02
2.300000000000000266e+00 3.580238046841617561e-02
2.350000000000000089e+00 3.565829822426188483e-02
2.400000000000000355e+00 3.536258626837040370e-02
2.450000000000000178e+00 3.491823220941494416e-02
2.500000000000000000e+00 3.432972657732714927e-02
2.550000000000000266e+00 3.360301406119393236e-02
2.600000000000000089e+00 3.274542365961994467e-02
2.650000000000000355e+00 3.176557774568704307e-02
2.700000000000000178e+00 3.067328055350635255e-02
2.750000000000000000e+00 2.947938714713198294e-02
2.800000000000000266e+00 2.819565451101565048e-02
2.850000000000000089e+00 2.683457697735042863e-02
2.900000000000000355e+00 2.540920875159938946e-02
2.950000000000000178e+00 2.393297678569869177e-02
3.000000000000000000e+00 2.241948765330697285e-02
3.050000000000000266e+00 2.088233238088042440e-02
3.100000000000000089e+00 1.933489336472279940e-02
3.150000000000000355e+00 1.779015754550958631e-02
3.200000000000000178e+00 1.626053991235427293e-02
3.250000000000000000e+00 1.475772116905790278e-02
3.300000000000000266e+00 1.329250302305295083e-02
3.350000000000000089e+00 1.187468406614302328e-02
3.400000000000000355e+00 1.051295862430895109e-02
3.450000000000000178e+00 9.214840284923513786e-03
3.500000000000000000e+00 7.986611090298070467e-03
3.550000000000000266e+00 6.833296645130107309e-03
3.600000000000000089e+00 5.758666651232315428e-03
3.650000000000000355e+00 4.765259684145419124e-03
3.700000000000000178e+00 3.854430388930709956e-03
3.750000000000000000e+00 3.026416719309493568e-03
3.800000000000000266e+00 2.280424393735107965e-03
3.850000000000000089e+00 1.614725407261426854e-03
3.900000000000000355e+00 1.026767227012850836e-03
3.950000000000000178e+00 5.132892138102172503e-04
4.000000000000000000e+00 7.044284968061151526e-05
4.049999999999999822e+00 -3.060874979247561940e-04
4.100000000000000533e+00 -6.209662923362756605e-04
4.150000000000000355e+00 -8.790937050429447697e-04
4.200000000000000178e+00 -1.085499933519550476e-03
4.250000000000000000e+00 -1.245248793067876359e-03
4.299999999999999822e+00 -1.363351947604848164e-03
4.350000000000000533e+00 -1.444694673552039937e-03
4.400000000000000355e+00 -1.493973597299897479e-03
4.450000000000000178e+00 -1.515646427029358322e-03
4.500000000000000000e+00 -1.513893327863717391e-03
4.549999999999999822e+00 -1.492589275829150864e-03
4.600000000000000533e+00 -1.455286477658741416e-03
4.650000000000000355e+00 -1.405205763092664661e-03
4.700000000000000178e+00 -1.345235743458392686e-03
4.750000000000000000e+00 -1.277938481206086210e-03
4.800000000000000711e+00 -1.205560423257966271e-03
4.850000000000000533e+00 -1.130047407931272872e-03
4.900000000000000355e+00 -1.053062650797901905e-03
4.950000000000000178e+00 -9.760067383913820747e-04
5.000000000000000000e+00 -9.000387993360699137e-04
5.050000000000000711e+00 -8.260981699783233453e-04
5.100000000000000533e+00 -7.549260167502784124e-04
5.150000000000000355e+00 -6.870865125996932160e-04
5.200000000000000178e+00 -6.229872839676607772e-04
5.250000000000000000e+00 -5.628989440223704102e-04
5.300000000000000711e+00 -5.069736051491538498e-04
5.350000000000000533e+00 -4.552623188867448156e-04
5.400000000000000355e+00 -4.077314260459203752e-04
5.450000000000000178e+00 -3.642778164300573850e-04
5.500000000000000000e+00 -3.247431001375063100e-04
5.550000000000000711e+00 -2.889266851679558510e-04
5.600000000000000533e+00 -2.565977434533872419e-04
5.650000000000000355e+00 -2.275060337624491759e-04
5.700000000000000178e+00 -2.013915389351233457e-04
5.750000000000000000e+00 -1.779928695646668536e-04
5.800000000000000711e+00 -1.570543885745789847e-04
5.850000000000000533e+00 -1.383320221165005963e-04
5.900000000000000355e+00 -1.215977417733032711e-04
5.950000000000000178e+00 -1.066427301587554924e-04
6.000000000000000000e+00 -9.327927481419890298e-05
6.050000000000000711e+00 -8.134147135638634214e-05
6.100000000000000533e+00 -7.068485330138059362e-05
6.150000000000000355e+00 -6.118509993722615590e-05
6.200000000000000178e+00 -5.273600224513282238e-05
6.250000000000000000e+00 -4.524688775062517493e-05
6.300000000000000711e+00 -3.863971646742159210e-05
6.350000000000000533e+00 -3.284606063248529651e-05
6.400000000000000355e+00 -2.780417037173718876e-05
6.450000000000000178e+00 -2.345630624742322054e-05
6.500000000000000000e+00 -1.974648905845499864e-05
6.550000000000000711e+00 -1.661877920580233150e-05
6.600000000000000533e+00 -1.401615483306721260e-05
6.650000000000000355e+00 -1.188001258706624623e-05
6.700000000000000178e+00 -1.015027013176109235e-05
6.750000000000000000e+00 -8.766008335064394693e-06
6.800000000000000711e+00 -7.666555902474318882e-06
6.850000000000000533e+00 -6.792892274043000830e-06
6.900000000000000355e+00 -6.089227359126424651e-06
6.950000000000000178e+00 -5.504609996593360173e-06
7.000000000000000000e+00 -4.994421001949201468e-06
7.050000000000000711e+00 -4.521620677108056397e-06
7.100000000000000533e+00 -4.057643423730146198e-06
7.150000000000000355e+00 -3.582861764276506106e-06
7.200000000000000178e+00 -3.086576358568773961e-06
7.250000000000000000e+00 -2.566524974380023952e-06
7.300000000000000711e+00 -2.027939219319253665e-06
7.350000000000000533e+00 -1.482210666016678201e-06
7.400000000000000355e+00 -9.452555791813141642e-07
7.450000000000000178e+00 -4.356879809530683800e-07
7.500000000000000000e+00 2.707699054982691179e-08
7.550000000000000711e+00 4.246642147693213591e-07
7.600000000000000533e+00 7.414047045413638753e-07
7.650000000000000355e+00 9.657212440616874051e-07
7.700000000000000178e+00 1.091149295429963887e-06
7.750000000000000000e+00 1.116935624455740680e-06
7.800000000000000711e+00 1.048187295503343981e-06
7.850000000000000533e+00 8.955751798740853911e-07
7.900000000000000355e+00 6.746266751182950949e-07
7.950000000000000178e+00 4.046698250226999903e-07
8.000000000000000000e+00 1.075136058795020517e-07
8.050000000000000711e+00 -1.940346649517556561e-07
8.099999999999999645e+00 -4.777050275631939210e-07
8.150000000000000355e+00 -7.232429280524819398e-07
8.200000000000001066e+00 -9.137255982838221421e-07
8.250000000000000000e+00 -1.036626571062592652e-06
8.300000000000000711e+00 -1.084557923472367512e-06
8.349999999999999645e+00 -1.055644084841685774e-06
8.400000000000000355e+00 -9.535079584614066104e-07
8.450000000000001066e+00 -7.868777540854377992e-07
8.500000000000000000e+00 -5.688493702757860985e-07
8.550000000000000711e+00 -3.158625865549385931e-07
8.599999999999999645e+00 -4.646816036632591511e-08
8.650000000000000355e+00 2.200240387491814422e-07
8.700000000000001066e+00 4.649192671815268349e-07
8.750000000000000000e+00 6.714383551192938414e-07
8.800000000000000711e+00 8.258553378820582731e-07
8.849999999999999645e+00 9.183964463416301891e-07
8.900000000000000355e+00 9.438428504781438271e-07
8.950000000000001066e+00 9.018014084553964784e-07
9.000000000000000000e+00 7.966315715941713663e-07
9.050000000000000711e+00 6.370408248216175815e-07
9.099999999999999645e+00 4.353839073864988141e-07
9.150000000000000355e+00 2.067209946980472568e-07
9.200000000000001066e+00 -3.229429899846071999e-08
9.250000000000000000e+00 -2.646158207306745233e-07
9.300000000000000711e+00 -4.740088682017794117e-07
9.349999999999999645e+00 -6.461729934900440556e-07
9.400000000000000355e+00 -7.697067294519534553e-07
9.450000000000001066e+00 -8.368499424416645588e-07
9.500000000000000000e+00 -8.439563398820000579e-07
9.550000000000000711e+00 -7.916684584627560285e-07
9.600000000000001421e+00 -6.847887902952705876e-07
9.650000000000000355e+00 -5.318620534147683523e-07
9.700000000000001066e+00 -3.445034924726387821e-07
9.750000000000000000e+00 -1.365251495536956151e-07
9.800000000000000711e+00 7.707485854778127069e-08
9.850000000000001421e+00 2.811867161255393262e-07
9.900000000000000355e+00 4.616505701726579892e-07
9.950000000000001066e+00 6.062314692377874844e-07
1.000000000000000000e+01 7.054410468723182357e-07
1.005000000000000071e+01 7.531513905034832699e-07
1.010000000000000142e+01 7.469620876869540037e-07
1.015000000000000036e+01 6.882994183236282561e-07
1.020000000000000107e+01 5.822457654798759341e-07
1.025000000000000000e+01 4.371161963360995014e-07
1.030000000000000071e+01 2.638165076719046743e-07
1.035000000000000142e+01 7.503165734568542817e-08
1.040000000000000036e+01 -1.156955537269544586e-07
1.045000000000000107e+01 -2.949291198993849716e-07
1.050000000000000000e+01 -4.502795501799767019e-07
1.055000000000000071e+01 -5.712534128679780858e-07
1.060000000000000142e+01 -6.499549307154346361e-07
1.065000000000000036e+01 -6.815932276277335334e-07
1.070000000000000107e+01 -6.647632347314320182e-07
1.075000000000000000e+01 -6.014846431641655377e-07
1.080000000000000071e+01 -4.970004662372974049e-07
1.085000000000000142e+01 -3.593535337905193884e-07
1.090000000000000036e+01 -1.987744260223199936e-07
1.095000000000000107e+01 -2.692693296210279170e-08
1.100000000000000000e+01 1.439337316557663968e-07
1.105000000000000071e+01 3.018296034047466331e-07
1.110000000000000142e+01 4.358943384099635567e-07
1.115000000000000036e+01 5.371155467909916305e-07
1.120000000000000107e+01 5.989347728126838847e-07
1.125000000000000000e+01 6.176656085790479232e-07
1.130000000000000071e+01 5.927038016210386053e-07
1.135000000000000142e+01 5.265181850935813246e-07
1.140000000000000036e+01 4.244267524004248928e-07
1.145000000000000107e+01 2.941771273369549592e-07
1.150000000000000000e+01 1.453640153752841201e-07
1.155000000000000071e+01 -1.127294060810629921e-08
1.160000000000000142e+01 -1.646198494265934358e-07
1.165000000000000036e+01 -3.039728153991554707e-07
1.170000000000000107e+01 -4.197807083599210728e-07
1.175000000000000000e+01 -5.042952319449846259e-07
1.180000000000000071e+01 -5.520843734843287131e-07
1.185000000000000142e+01 -5.603755733269624212e-07
1.190000000000000036e+01 -5.292073864176007485e-07
1.195000000000000107e+01 -4.613821221928969713e-07
1.200000000000000000e+01 -3.622259638535202157e-07
1.205000000000000071e+01 -2.391764034376881586e-07
1.210000000000000142e+01 -1.012285663571027908e-07
1.215000000000000036e+01 4.171865395343827474e-08
1.220000000000000107e+01 1.795693868810465433e-07
1.225000000000000000e+01 3.027402903190943209e-07
1.230000000000000071e+01 4.028231629112074310e-07
1.235000000000000142e+01 4.731551072633220773e-07
1.240000000000000036e+01 5.092578549071805910e-07
1.245000000000000107e+01 5.091175950457476206e-07
1.250000000000000000e+01 4.732882271528833049e-07
1.255000000000000071e+01 4.048135465260664170e-07
1.260000000000000142e+01 3.089765788345052033e-07
1.265000000000000036e+01 1.928962172365904125e-07
1.270000000000000107e+01 6.500166378817314103e-08
1.275000000000000000e+01 -6.557676109130239483e-08
1.280000000000000071e+01 -1.896566280086337698e-07
1.285000000000000142e+01 -2.986463001077095195e-07
1.290000000000000036e+01 -3.851369211246071435e-07
1.295000000000000107e+01 -4.434029135315120548e-07
1.300000000000000000e+01 -4.697774050124979432e-07
1.305000000000000071e+01 -4.628782331475895839e-07
1.310000000000000142e+01 -4.236709691491562047e-07
1.315000000000000036e+01 -3.553669769149458527e-07
1.320000000000000107e+01 -2.631660645542568654e-07
1.325000000000000000e+01 -1.538639886874046021e-07
1.330000000000000071e+01 -3.535420326128184646e-08
1.335000000000000142e+01 8.393980843271819048e-08
1.340000000000000036e+01 1.956609693307672536e-07
1.345000000000000107e+01 2.921017501474020205e-07
1.350000000000000000e+01 3.667334966917324524e-07
1.355000000000000071e+01 4.146457674761456692e-07
1.360000000000000142e+01 4.328663102655962789e-07
1.365000000000000036e+01 4.205410599204480547e-07
1.370000000000000107e+01 3.789636045830105515e-07
1.375000000000000000e+01 3.114542226886380662e-07
1.380000000000000071e+01 2.230990880733297397e-07
1.385000000000000142e+01 1.203698455868099258e-07
1.390000000000000036e+01 1.065181833168188601e-08
1.395000000000000107e+01 -9.828491966610575048e-08
1.400000000000000000e+01 -1.988338712732870815e-07
1.405000000000000071e+01 -2.840812916749220046e-07
1.410000000000000142e+01 -3.482795398722515147e-07
1.415000000000000036e+01 -3.872323471167342668e-07
1.420000000000000107e+01 -3.985663432168794216e-07
1.425000000000000000e+01 -3.818714783540083996e-07
1.430000000000000071e+01 -3.387023695112428285e-07
1.435000000000000142e+01 -2.724424164272104362e-07
1.440000000000000036e+01 -1.880420823213471381e-07
1.445000000000000107e+01 -9.165135708724315204e-08
1.450000000000000000e+01 9.826472821226473549e-09
1.455000000000000071e+01 1.092275075079337909e-07
1.460000000000000142e+01 1.996313328578827868e-07
1.465000000000000036e+01 2.748411850479572604e-07
1.470000000000000107e+01 3.298069857885733620e-07
1.475000000000000000e+01 3.609624959265222997e-07
1.480000000000000071e+01 3.664542224189973593e-07
1.485000000000000142e+01 3.462475736933312527e-07
1.490000000000000036e+01 3.021045235784585803e-07
1.495000000000000107e+01 2.374360900852625135e-07
