0.000000000000000000e+00 0.000000000000000000e+00
5.000000000000000278e-02 5.778444739088092145e-04
1.000000000000000056e-01 1.153639861351095841e-03
1.500000000000000222e-01 1.725349835711901311e-03
2.000000000000000111e-01 2.290963417050257637e-03
2.500000000000000000e-01 2.848507217186754380e-03
3.000000000000000444e-01 3.396057182862640897e-03
3.500000000000000333e-01 3.931749689213068569e-03
4.000000000000000222e-01 4.453791851770905891e-03
4.500000000000000111e-01 4.960470944235045865e-03
5.000000000000000000e-01 5.450162830711119399e-03
5.500000000000000444e-01 5.921339344404719443e-03
6.000000000000000888e-01 6.372574569107576810e-03
6.500000000000000222e-01 6.802550004529047366e-03
7.000000000000000666e-01 7.210058620849005111e-03
7.500000000000000000e-01 7.594007831084863096e-03
8.000000000000000444e-01 7.953421431301233024e-03
8.500000000000000888e-01 8.287440577737115177e-03
9.000000000000000222e-01 8.595323886060149063e-03
9.500000000000000666e-01 8.876446750758958115e-03
1.000000000000000000e+00 9.130299991846259344e-03
1.050000000000000044e+00 9.356487941383476517e-03
1.100000000000000089e+00 9.554726083795539449e-03
1.150000000000000133e+00 9.724838361594281833e-03
1.200000000000000178e+00 9.866754252165422373e-03
1.250000000000000000e+00 9.980505712008196084e-03
1.300000000000000044e+00 1.006622407266289515e-02
1.350000000000000089e+00 1.012413695802239118e-02
1.400000000000000133e+00 1.015456527637211351e-02
1.450000000000000178e+00 1.015792032296211969e-02
1.500000000000000000e+00 1.013470101083666260e-02
1.550000000000000044e+00 1.008549122968904407e-02
1.600000000000000089e+00 1.001095731531565815e-02
1.650000000000000133e+00 9.911845596418226295e-03
1.700000000000000178e+00 9.788979971597803684e-03
1.750000000000000000e+00 9.643259457872976892e-03
1.800000000000000044e+00 9.475655643326074198e-03
1.850000000000000089e+00 9.287209970822518992e-03
1.900000000000000133e+00 9.079030777339123712e-03
1.950000000000000178e+00 8.852290014346290287e-03
2.000000000000000000e+00 8.608219578871501368e-03
2.050000000000000266e+00 8.348107192174837252e-03
2.100000000000000089e+00 8.073291773136790500e-03
2.149999999999999911e+00 7.785158266146998893e-03
2.200000000000000178e+00 7.485131898065238397e-03
2.250000000000000000e+00 7.174671855213560212e-03
2.300000000000000266e+00 6.855264388815594107e-03
2.350000000000000089e+00 6.528415375262569369e-03
2.400000000000000355e+00 6.195642375481644377e-03
2.450000000000000178e+00 5.858466254947257423e-03
2.500000000000000000e+00 5.518402441972001041e-03
2.550000000000000266e+00 5.176951916346552406e-03
2.600000000000000089e+00 4.835592032731266150e-03
2.650000000000000355e+00 4.495767293069228079e-03
2.700000000000000178e+00 4.158880189405603396e-03
2.750000000000000000e+00 3.826282242661126296e-03
2.800000000000000266e+00 3.499265364010488953e-03
2.850000000000000089e+00 3.179053663541675859e-03
2.900000000000000355e+00 2.866795825893196387e-03
2.950000000000000178e+00 2.563558164740018571e-03
3.000000000000000000e+00 2.270318457561017623e-03
3.050000000000000266e+00 1.987960649374587944e-03
3.100000000000000089e+00 1.717270499434290490e-03
3.150000000000000355e+00 1.458932228637709917e-03
3.200000000000000178e+00 1.213526208054011013e-03
3.250000000000000000e+00 9.815277109704715654e-04
3.300000000000000266e+00 7.633067326506860501e-04
3.350000000000000089e+00 5.591288640308658339e-04
3.400000000000000355e+00 3.691571882779393575e-04
3.450000000000000178e+00 1.934551528808853705e-04
3.500000000000000000e+00 3.199035508955219389e-05
3.550000000000000266e+00 -1.153608346540847319e-04
3.600000000000000089e+00 -2.488078978927722642e-04
3.650000000000000355e+00 -3.686401376855666639e-04
3.700000000000000178e+00 -4.752200951748431520e-04
3.750000000000000000e+00 -5.689765205401898455e-04
3.800000000000000266e+00 -6.503970081073974984e-04
3.850000000000000089e+00 -7.200204056082086220e-04
3.900000000000000355e+00 -7.784291057407081516e-04
3.950000000000000178e+00 -8.262413244208847074e-04
4.000000000000000000e+00 -8.641034646401818701e-04
4.049999999999999822e+00 -8.926826578774399185e-04
4.100000000000000533e+00 -9.126595668030458141e-04
4.150000000000000355e+00 -9.247215238173243533e-04
4.200000000000000178e+00 -9.295560700474127507e-04
4.250000000000000000e+00 -9.278449490473454197e-04
4.299999999999999822e+00 -9.202585988551967387e-04
4.350000000000000533e+00 -9.074511754932953339e-04
4.400000000000000355e+00 -8.900561306667489772e-04
4.450000000000000178e+00 -8.686823565109390039e-04
4.500000000000000000e+00 -8.439109009223688413e-04
4.549999999999999822e+00 -8.162922484122207356e-04
4.600000000000000533e+00 -7.863441536517659170e-04
4.650000000000000355e+00 -7.545500080075521858e-04
4.700000000000000178e+00 -7.213577134383373233e-04
4.750000000000000000e+00 -6.871790331651306911e-04
4.800000000000000711e+00 -6.523893845268927127e-04
4.850000000000000533e+00 -6.173280363732012131e-04
4.900000000000000355e+00 -5.822986711796786490e-04
4.950000000000000178e+00 -5.475702707461495029e-04
5.000000000000000000e+00 -5.133782837844295390e-04
5.050000000000000711e+00 -4.799260338474904426e-04
5.100000000000000533e+00 -4.473863268152076839e-04
5.150000000000000355e+00 -4.159032184520451551e-04
5.200000000000000178e+00 -3.855939043077310125e-04
5.250000000000000000e+00 -3.565506963635913765e-04
5.300000000000000711e+00 -3.288430532591805899e-04
5.350000000000000533e+00 -3.025196335950769118e-04
5.400000000000000355e+00 -2.776103446327876059e-04
5.450000000000000178e+00 -2.541283616419399765e-04
5.500000000000000000e+00 -2.320720961249878489e-04
5.550000000000000711e+00 -2.114270941328652467e-04
5.600000000000000533e+00 -1.921678488297312538e-04
5.650000000000000355e+00 -1.742595143346821983e-04
5.700000000000000178e+00 -1.576595106315902776e-04
5.750000000000000000e+00 -1.423190119681080001e-04
5.800000000000000711e+00 -1.281843136383603642e-04
5.850000000000000533e+00 -1.151980743417049694e-04
5.900000000000000355e+00 -1.033004334163430615e-04
5.950000000000000178e+00 -9.243000414880093952e-05
6.000000000000000000e+00 -8.252474604871061373e-05
6.050000000000000711e+00 -7.352272044634786184e-05
6.100000000000000533e+00 -6.536273501419470611e-05
6.150000000000000355e+00 -5.798488383289989887e-05
6.200000000000000178e+00 -5.133099041864571532e-05
6.250000000000000000e+00 -4.534496170868543004e-05
6.300000000000000711e+00 -3.997306137323082298e-05
6.350000000000000533e+00 -3.516411099650956128e-05
6.400000000000000355e+00 -3.086962766224504641e-05
6.450000000000000178e+00 -2.704390630611301470e-05
6.500000000000000000e+00 -2.364405487945565442e-05
6.550000000000000711e+00 -2.062998992611367514e-05
6.600000000000000533e+00 -1.796439963053337330e-05
6.650000000000000355e+00 -1.561268077414575443e-05
6.700000000000000178e+00 -1.354285536233359888e-05
6.750000000000000000e+00 -1.172547197984533709e-05
6.800000000000000711e+00 -1.013349622082280007e-05
6.850000000000000533e+00 -8.742193841707869586e-06
6.900000000000000355e+00 -7.529009619871923532e-06
6.950000000000000178e+00 -6.473444284003113539e-06
7.000000000000000000e+00 -5.556931326927749711e-06
7.050000000000000711e+00 -4.762715027322819219e-06
7.100000000000000533e+00 -4.075730599674828115e-06
7.150000000000000355e+00 -3.482487064494114329e-06
7.200000000000000178e+00 -2.970953182309915181e-06
7.250000000000000000e+00 -2.530446621473509181e-06
7.300000000000000711e+00 -2.151526424566161264e-06
7.350000000000000533e+00 -1.825888792300330949e-06
7.400000000000000355e+00 -1.546266206602202881e-06
7.450000000000000178e+00 -1.306329954236047453e-06
7.500000000000000000e+00 -1.100596176681024436e-06
7.550000000000000711e+00 -9.243356488186678450e-07
7.600000000000000533e+00 -7.734875669136092982e-07
7.650000000000000355e+00 -6.445776951458696832e-07
7.700000000000000178e+00 -5.346412710334819748e-07
7.750000000000000000e+00 -4.411510968156478966e-07
7.800000000000000711e+00 -3.619512419552128557e-07
7.850000000000000533e+00 -2.951967491970007613e-07
7.900000000000000355e+00 -2.392996733023275097e-07
7.950000000000000178e+00 -1.928816900119307040e-07
8.000000000000000000e+00 -1.547333971773080808e-07
8.050000000000000711e+00 -1.237802961433822192e-07
8.099999999999999645e+00 -9.905529634766584876e-08
8.150000000000000355e+00 -7.967743738605219616e-08
8.200000000000001066e+00 -6.483637847168070633e-08
8.250000000000000000e+00 -5.378207298882957918e-08
8.300000000000000711e+00 -4.581893284785617695e-08
8.349999999999999645e+00 -4.030369962100330522e-08
8.400000000000000355e+00 -3.664618172496644442e-08
8.450000000000001066e+00 -3.431199227765967045e-08
8.500000000000000000e+00 -3.282643209101696349e-08
8.550000000000000711e+00 -3.177870611979972287e-08
8.599999999999999645e+00 -3.082573736705771728e-08
8.650000000000000355e+00 -2.969494594560612646e-08
8.700000000000001066e+00 -2.818548751796794992e-08
8.750000000000000000e+00 -2.616758835767471086e-08
8.800000000000000711e+00 -2.357976674933829288e-08
8.849999999999999645e+00 -2.042388490594896996e-08
8.900000000000000355e+00 -1.675812460819735682e-08
8.950000000000001066e+00 -1.268811629973937512e-08
9.000000000000000000e+00 -8.356569109953470871e-09
9.050000000000000711e+00 -3.931842987844256298e-09
9.099999999999999645e+00 4.040301271324027441e-10
9.150000000000000355e+00 4.467333845150304698e-09
9.200000000000001066e+00 8.084117267552641851e-09
9.250000000000000000e+00 1.110058751177197669e-08
9.300000000000000711e+00 1.339197974999059933e-08
9.349999999999999645e+00 1.486951909723044119e-08
9.400000000000000355e+00 1.548518783718196673e-08
9.450000000000001066e+00 1.523412476645518518e-08
9.500000000000000000e+00 1.415460443362083671e-08
9.550000000000000711e+00 1.232566628970867889e-08
9.600000000000001421e+00 9.862580682535266603e-09
9.650000000000000355e+00 6.910444226837667835e-09
9.700000000000001066e+00 3.636285974231291153e-09
9.750000000000000000e+00 2.201336402261809073e-10
9.800000000000000711e+00 -3.154467213615002559e-09
9.850000000000001421e+00 -6.309970631304605265e-09
9.900000000000000355e+00 -9.083882916838586057e-09
9.950000000000001066e+00 -1.133688368850589544e-08
1.000000000000000000e+01 -1.295960648731314403e-08
1.005000000000000071e+01 -1.387774804850163529e-08
1.010000000000000142e+01 -1.405526883369562290e-08
1.015000000000000036e+01 -1.349555138679215717e-08
1.020000000000000107e+01 -1.224049194894431197e-08
1.025000000000000000e+01 -1.036760880983423777e-08
1.030000000000000071e+01 -7.985352570748296128e-09
1.035000000000000142e+01 -5.226893650396233013e-09
1.040000000000000036e+01 -2.242736591623645900e-09
1.045000000000000107e+01 8.074345596307557958e-10
1.050000000000000000e+01 3.763242768268698216e-09
1.055000000000000071e+01 6.471989911509675667e-09
1.060000000000000142e+01 8.796481362228179792e-09
1.065000000000000036e+01 1.062190659903593002e-08
1.070000000000000107e+01 1.186143510983277786e-08
1.075000000000000000e+01 1.246025946974361130e-08
1.080000000000000071e+01 1.239790271568823305e-08
1.085000000000000142e+01 1.168870032321899957e-08
1.090000000000000036e+01 1.038046334900639952e-08
1.095000000000000107e+01 8.551423486184877023e-09
1.100000000000000000e+01 6.305648156400155995e-09
1.105000000000000071e+01 3.767189862633906741e-09
1.110000000000000142e+01 1.073295131439869802e-09
1.115000000000000036e+01 -1.632958403554992131e-09
1.120000000000000107e+01 -4.210204847871795903e-09
1.125000000000000000e+01 -6.526118189156302041e-09
1.130000000000000071e+01 -8.464148905291183250e-09
1.135000000000000142e+01 -9.929329186076915607e-09
1.140000000000000036e+01 -1.085286091062208926e-08
1.145000000000000107e+01 -1.119526838030575757e-08
1.150000000000000000e+01 -1.094797582610049844e-08
1.155000000000000071e+01 -1.013325369791376971e-08
1.160000000000000142e+01 -8.802563191174243463e-09
1.165000000000000036e+01 -7.033411041561466044e-09
1.170000000000000107e+01 -4.924901965427653398e-09
1.175000000000000000e+01 -2.592240601902015709e-09
1.180000000000000071e+01 -1.604851417020347382e-10
1.185000000000000142e+01 2.242111252124989574e-09
1.190000000000000036e+01 4.490819201144597691e-09
1.195000000000000107e+01 6.470862523355018285e-09
