0.000000000000000000e+00 1.382251461759255798e-02
5.000000000000000278e-02 1.669358600387879643e-02
1.000000000000000056e-01 1.623369434515855789e-02
1.500000000000000222e-01 1.542892863439651423e-02
2.000000000000000111e-01 1.434000908209533826e-02
2.500000000000000000e-01 1.296531520564997604e-02
3.000000000000000444e-01 1.133107354430290536e-02
3.500000000000000333e-01 9.477983177844878301e-03
4.000000000000000222e-01 7.413956696651559548e-03
4.500000000000000111e-01 5.179472364659360069e-03
5.000000000000000000e-01 2.805894728513900430e-03
5.500000000000000444e-01 3.348263186470364734e-04
6.000000000000000888e-01 -2.192092219440350525e-03
6.500000000000000222e-01 -4.755699069871314848e-03
7.000000000000000666e-01 -7.295829186156033500e-03
7.500000000000000000e-01 -9.795699093570232885e-03
8.000000000000000444e-01 -1.221531238348573349e-02
8.500000000000000888e-01 -1.452227154771202310e-02
9.000000000000000222e-01 -1.668566455172887028e-02
9.500000000000000666e-01 -1.868529620111472611e-02
1.000000000000000000e+00 -2.050177407616343705e-02
1.050000000000000044e+00 -2.210841543889076680e-02
1.100000000000000089e+00 -2.349922591964068511e-02
1.150000000000000133e+00 -2.465983234465756249e-02
1.200000000000000178e+00 -2.558389028980298172e-02
1.250000000000000000e+00 -2.626668579629331396e-02
1.300000000000000044e+00 -2.671822273758985011e-02
1.350000000000000089e+00 -2.693318442232509394e-02
1.400000000000000133e+00 -2.692235803195162577e-02
1.450000000000000178e+00 -2.669513676254739454e-02
1.500000000000000000e+00 -2.626583961440331905e-02
1.550000000000000044e+00 -2.564691365295319533e-02
1.600000000000000089e+00 -2.485740635596108902e-02
1.650000000000000133e+00 -2.391232863010227250e-02
1.700000000000000178e+00 -2.283135576396102054e-02
1.750000000000000000e+00 -2.163334360546965637e-02
1.800000000000000044e+00 -2.033901051021128406e-02
1.850000000000000089e+00 -1.896493149949933163e-02
1.900000000000000133e+00 -1.753197546874373305e-02
1.950000000000000178e+00 -1.605889115521310501e-02
2.000000000000000000e+00 -1.456137563593991671e-02
2.050000000000000266e+00 -1.305729213163223101e-02
2.100000000000000089e+00 -1.156316219251727132e-02
2.149999999999999911e+00 -1.008900456622941096e-02
2.200000000000000178e+00 -8.653677134055260192e-03
2.250000000000000000e+00 -7.260699173687307391e-03
2.300000000000000266e+00 -5.928423885414874604e-03
2.350000000000000089e+00 -4.658402558234105498e-03
2.400000000000000355e+00 -3.462731526290032530e-03
2.450000000000000178e+00 -2.344368460514935967e-03
2.500000000000000000e+00 -1.307924178485718415e-03
2.550000000000000266e+00 -3.565352129078497171e-04
2.600000000000000089e+00 5.064344142746386246e-04
2.650000000000000355e+00 1.283390708025310828e-03
2.700000000000000178e+00 1.972513587008987383e-03
2.750000000000000000e+00 2.574907151287574025e-03
2.800000000000000266e+00 3.094378528008884070e-03
2.850000000000000089e+00 3.535660630420614514e-03
2.900000000000000355e+00 3.893759443827544270e-03
2.950000000000000178e+00 4.184003929241613719e-03
3.000000000000000000e+00 4.404214974970985068e-03
3.050000000000000266e+00 4.561443801997091228e-03
3.100000000000000089e+00 4.660611092126645122e-03
3.150000000000000355e+00 4.706865898749384124e-03
3.200000000000000178e+00 4.705891326599808203e-03
3.250000000000000000e+00 4.663445047382368432e-03
3.300000000000000266e+00 4.584135199482648748e-03
3.350000000000000089e+00 4.474152954016559665e-03
3.400000000000000355e+00 4.337209092659446812e-03
3.450000000000000178e+00 4.179349671699804890e-03
3.500000000000000000e+00 4.004364298828323905e-03
3.550000000000000266e+00 3.816275719091132175e-03
3.600000000000000089e+00 3.618512556160267523e-03
3.650000000000000355e+00 3.415837491097501333e-03
3.700000000000000178e+00 3.209984827152835736e-03
3.750000000000000000e+00 3.003276867638750378e-03
3.800000000000000266e+00 2.800542738887599591e-03
3.850000000000000089e+00 2.599893152429995531e-03
3.900000000000000355e+00 2.405675407197520408e-03
3.950000000000000178e+00 2.218591469546872964e-03
4.000000000000000000e+00 2.039030299900296272e-03
4.049999999999999822e+00 1.868445507249948687e-03
4.100000000000000533e+00 1.706352904578142815e-03
4.150000000000000355e+00 1.555290168610739274e-03
4.200000000000000178e+00 1.412094681546001733e-03
4.250000000000000000e+00 1.279834408990292030e-03
4.299999999999999822e+00 1.156512444539594970e-03
4.350000000000000533e+00 1.042777431907477171e-03
4.400000000000000355e+00 9.379199039471902699e-04
4.450000000000000178e+00 8.420193463308066470e-04
4.500000000000000000e+00 7.538643933989718502e-04
4.549999999999999822e+00 6.740660406790680449e-04
4.600000000000000533e+00 6.013964740138691987e-04
4.650000000000000355e+00 5.357230493757508772e-04
4.700000000000000178e+00 4.764373716256809312e-04
4.750000000000000000e+00 4.231748661993183381e-04
4.800000000000000711e+00 3.753587225691690015e-04
4.850000000000000533e+00 3.326106173555902620e-04
4.900000000000000355e+00 2.945596160372028136e-04
4.950000000000000178e+00 2.604003587539966032e-04
5.000000000000000000e+00 2.305153569473010196e-04
5.050000000000000711e+00 2.034801118319073379e-04
5.100000000000000533e+00 1.800739496135696856e-04
5.150000000000000355e+00 1.589592751114597571e-04
5.200000000000000178e+00 1.402325377371268621e-04
5.250000000000000000e+00 1.245422959684593502e-04
5.300000000000000711e+00 1.083483229029274055e-04
5.350000000000000533e+00 9.720378123554096429e-05
5.400000000000000355e+00 8.488876679126662204e-05
5.450000000000000178e+00 7.495993455781049136e-05
5.500000000000000000e+00 6.587149891809349121e-05
5.550000000000000711e+00 5.797420635072779617e-05
5.600000000000000533e+00 5.050888791129246275e-05
5.650000000000000355e+00 4.475921636189999066e-05
5.700000000000000178e+00 3.882136824511675901e-05
5.750000000000000000e+00 3.399707511908694899e-05
5.800000000000000711e+00 2.962076745643990139e-05
5.850000000000000533e+00 2.592495289428823301e-05
5.900000000000000355e+00 2.256070374422289066e-05
5.950000000000000178e+00 1.965987404714642658e-05
6.000000000000000000e+00 1.731457531148171284e-05
6.050000000000000711e+00 1.518698736464690271e-05
6.100000000000000533e+00 1.345901259350940864e-05
6.150000000000000355e+00 1.199415171430346082e-05
6.200000000000000178e+00 1.060808295734127892e-05
6.250000000000000000e+00 9.780454053156606100e-06
6.300000000000000711e+00 8.755341125481422027e-06
6.350000000000000533e+00 7.927314612348490913e-06
6.400000000000000355e+00 7.546537382221076396e-06
6.450000000000000178e+00 6.527022878940183405e-06
6.500000000000000000e+00 7.145221118673393264e-06
6.550000000000000711e+00 -1.707815723321754305e-06
6.600000000000000533e+00 1.714370481572007464e-05
6.650000000000000355e+00 -3.245194464415979261e-06
6.700000000000000178e+00 5.218751586733878919e-06
6.750000000000000000e+00 4.054578972964123881e-06
6.800000000000000711e+00 1.635122693551465110e-06
6.850000000000000533e+00 2.959523625869689214e-06
6.900000000000000355e+00 1.913349369871313786e-06
6.950000000000000178e+00 8.509541563345004258e-07
7.000000000000000000e+00 1.469288243361009124e-06
7.050000000000000711e+00 1.306964491188134260e-06
7.100000000000000533e+00 1.162565175824956179e-06
7.150000000000000355e+00 1.034104523283126452e-06
7.200000000000000178e+00 9.198246757806299103e-07
7.250000000000000000e+00 8.181592051737989748e-07
7.300000000000000711e+00 7.277245950050000353e-07
7.350000000000000533e+00 6.472781994705637952e-07
7.400000000000000355e+00 5.757132046274105261e-07
7.450000000000000178e+00 5.120572121412653412e-07
7.500000000000000000e+00 4.554340495043619232e-07
7.550000000000000711e+00 4.050678603326710580e-07
7.600000000000000533e+00 3.602650854093434892e-07
7.650000000000000355e+00 3.204153888162417698e-07
