0.000000000000000000e+00 0.000000000000000000e+00
5.000000000000000278e-02 4.441243608183904977e-05
1.000000000000000056e-01 8.879482055626527321e-05
1.500000000000000222e-01 1.331171090468912606e-04
2.000000000000000111e-01 1.773492727128953559e-04
2.500000000000000000e-01 2.214613086745526602e-04
3.000000000000000444e-01 2.654232535557365566e-04
3.500000000000000333e-01 3.092052010635790399e-04
4.000000000000000222e-01 3.527773244270945917e-04
4.500000000000000111e-01 3.961099043977922367e-04
5.000000000000000000e-01 4.391733197879358827e-04
5.500000000000000444e-01 4.819382584373503565e-04
6.000000000000000888e-01 5.243755154247815159e-04
6.500000000000000222e-01 5.664562094207651385e-04
7.000000000000000666e-01 6.081518043759481448e-04
7.500000000000000000e-01 6.494341771806054226e-04
8.000000000000000444e-01 6.902756914105517101e-04
8.500000000000000888e-01 7.306492765604496618e-04
9.000000000000000222e-01 7.705285120135826069e-04
9.500000000000000666e-01 8.098877148594692743e-04
1.000000000000000000e+00 8.487020305502392115e-04
1.050000000000000044e+00 8.869475252859739152e-04
1.100000000000000089e+00 9.246012789403275887e-04
1.150000000000000133e+00 9.616414772822788615e-04
1.200000000000000178e+00 9.980475022188844882e-04
1.250000000000000000e+00 1.033800018777919841e-03
1.300000000000000044e+00 1.068881057568297176e-03
1.350000000000000089e+00 1.103274091499581357e-03
1.400000000000000133e+00 1.136964105608687667e-03
1.450000000000000178e+00 1.169937658930408518e-03
1.500000000000000000e+00 1.202182937456735710e-03
1.550000000000000044e+00 1.233689797355709073e-03
1.600000000000000089e+00 1.264449797760885735e-03
1.650000000000000133e+00 1.294456222594678402e-03
1.700000000000000178e+00 1.323704091049397171e-03
1.750000000000000000e+00 1.352190156515748354e-03
1.800000000000000044e+00 1.379912893916328612e-03
1.850000000000000089e+00 1.406872475568105062e-03
1.900000000000000133e+00 1.433070735859750568e-03
1.950000000000000178e+00 1.458511125184082944e-03
2.000000000000000000e+00 1.483198653709830650e-03
2.050000000000000266e+00 1.507139825708196483e-03
2.100000000000000089e+00 1.530342565265933744e-03
2.149999999999999911e+00 1.552816134316183008e-03
2.200000000000000178e+00 1.574571043999758784e-03
2.250000000000000000e+00 1.595618960431964247e-03
2.300000000000000266e+00 1.615972605992798284e-03
2.350000000000000089e+00 1.635645657281549308e-03
2.400000000000000355e+00 1.654652640880479057e-03
2.450000000000000178e+00 1.673008828057305367e-03
2.500000000000000000e+00 1.690730129503535814e-03
2.550000000000000266e+00 1.707832991156768912e-03
2.600000000000000089e+00 1.724334292091393933e-03
2.650000000000000355e+00 1.740251245385731433e-03
2.700000000000000178e+00 1.755601302786418631e-03
2.750000000000000000e+00 1.770402063895023517e-03
2.800000000000000266e+00 1.784671190499711969e-03
2.850000000000000089e+00 1.798426326568432774e-03
2.900000000000000355e+00 1.811685024311896191e-03
2.950000000000000178e+00 1.824464676616582674e-03
3.000000000000000000e+00 1.836782456042252267e-03
3.050000000000000266e+00 1.848655260476694514e-03
3.100000000000000089e+00 1.860099665444441778e-03
3.150000000000000355e+00 1.871131882977337783e-03
3.200000000000000178e+00 1.881767726874237134e-03
3.250000000000000000e+00 1.892022584105880565e-03
3.300000000000000266e+00 1.901911392059539184e-03
3.350000000000000089e+00 1.911448621267012931e-03
3.400000000000000355e+00 1.920648263218977490e-03
3.450000000000000178e+00 1.929523822838542140e-03
3.500000000000000000e+00 1.938088315166846317e-03
3.550000000000000266e+00 1.946354265803123835e-03
3.600000000000000089e+00 1.954333714640237116e-03
3.650000000000000355e+00 1.962038222443392849e-03
3.700000000000000178e+00 1.969478879833729944e-03
3.750000000000000000e+00 1.976666318258642283e-03
3.800000000000000266e+00 1.983610722556104593e-03
3.850000000000000089e+00 1.990321844749736498e-03
3.900000000000000355e+00 1.996809018743866265e-03
3.950000000000000178e+00 2.003081175622409282e-03
4.000000000000000000e+00 2.009146859290913880e-03
4.049999999999999822e+00 2.015014242236803400e-03
4.100000000000000533e+00 2.020691141217857527e-03
4.150000000000000355e+00 2.026185032722536711e-03
4.200000000000000178e+00 2.031503068077372774e-03
4.250000000000000000e+00 2.036652088105769549e-03
4.299999999999999822e+00 2.041638637268850236e-03
4.350000000000000533e+00 2.046468977242226449e-03
4.400000000000000355e+00 2.051149099902585277e-03
4.450000000000000178e+00 2.055684739714794523e-03
4.500000000000000000e+00 2.060081385523839480e-03
4.549999999999999822e+00 2.064344291766577986e-03
4.600000000000000533e+00 2.068478489126032542e-03
4.650000000000000355e+00 2.072488794656305970e-03
4.700000000000000178e+00 2.076379821409201666e-03
4.750000000000000000e+00 2.080155987594792168e-03
4.800000000000000711e+00 2.083821525307825908e-03
4.850000000000000533e+00 2.087380488850181046e-03
4.900000000000000355e+00 2.090836762677182256e-03
4.950000000000000178e+00 2.094194068992443879e-03
5.000000000000000000e+00 2.097455975012647682e-03
5.050000000000000711e+00 2.100625899920223472e-03
5.100000000000000533e+00 2.103707121518683804e-03
5.150000000000000355e+00 2.106702782602473938e-03
5.200000000000000178e+00 2.109615897050714107e-03
5.250000000000000000e+00 2.112449355652276910e-03
5.300000000000000711e+00 2.115205931668257076e-03
5.350000000000000533e+00 2.117888286137053783e-03
5.400000000000000355e+00 2.120498972926987413e-03
5.450000000000000178e+00 2.123040443541556865e-03
5.500000000000000000e+00 2.125515051683011299e-03
5.550000000000000711e+00 2.127925057580785321e-03
5.600000000000000533e+00 2.130272632092467672e-03
5.650000000000000355e+00 2.132559944299678833e-03
5.700000000000000178e+00 2.134788830776365547e-03
5.750000000000000000e+00 2.136961300045104369e-03
5.800000000000000711e+00 2.139079202270502324e-03
5.850000000000000533e+00 2.141144315688538451e-03
5.900000000000000355e+00 2.143158349567121819e-03
5.950000000000000178e+00 2.145122947021572447e-03
