0.000000000000000000e+00 0.000000000000000000e+00
5.000000000000000278e-02 9.624996349531817240e-16
1.000000000000000056e-01 3.075289425550598039e-14
1.500000000000000222e-01 2.329350430958775285e-13
2.000000000000000111e-01 9.780889414227212091e-13
2.500000000000000000e-01 2.971226971224088447e-12
3.000000000000000444e-01 7.352032447986924639e-12
3.500000000000000333e-01 1.578574576702270758e-11
4.000000000000000222e-01 3.054270442220340416e-11
4.500000000000000111e-01 5.456476231373019282e-11
5.000000000000000000e-01 9.151706660281400784e-11
5.500000000000000444e-01 1.458239517651695508e-10
6.000000000000000888e-01 2.226880147440365140e-10
6.500000000000000222e-01 3.280917560820688347e-10
7.000000000000000666e-01 4.687815032026043498e-10
7.500000000000000000e-01 6.522336670450118698e-10
8.000000000000000444e-01 8.866037154560610928e-10
8.500000000000000888e-01 1.180658569649629427e-09
9.000000000000000222e-01 1.543693437486257150e-09
9.500000000000000666e-01 1.985434383501231686e-09
1.000000000000000000e+00 2.515928195244504601e-09
1.050000000000000044e+00 3.145421333921574787e-09
1.100000000000000089e+00 3.884229950577271070e-09
1.150000000000000133e+00 4.742603103953430221e-09
1.200000000000000178e+00 5.730581430311011055e-09
1.250000000000000000e+00 6.857853587430561866e-09
1.300000000000000044e+00 8.133612824056208086e-09
1.350000000000000089e+00 9.566416012457230530e-09
1.400000000000000133e+00 1.116404742661777724e-08
1.450000000000000178e+00 1.293338945369428123e-08
1.500000000000000000e+00 1.488030229440718569e-08
1.550000000000000044e+00 1.700951454222292866e-08
1.600000000000000089e+00 1.932452633537967173e-08
1.650000000000000133e+00 2.182752655433918346e-08
1.700000000000000178e+00 2.451932529480835857e-08
1.750000000000000000e+00 2.739930258803890205e-08
1.800000000000000044e+00 3.046537407080710572e-08
1.850000000000000089e+00 3.371397403247506286e-08
1.900000000000000133e+00 3.714005599095407031e-08
1.950000000000000178e+00 4.073711067818371682e-08
2.000000000000000000e+00 4.449720105360509472e-08
2.050000000000000266e+00 4.841101371539943146e-08
2.100000000000000089e+00 5.246792584792322153e-08
2.149999999999999911e+00 5.665608663326515341e-08
2.200000000000000178e+00 6.096251186810505008e-08
2.250000000000000000e+00 6.537319036645301556e-08
2.300000000000000266e+00 6.987320059616292833e-08
2.350000000000000089e+00 7.444683589354544730e-08
2.400000000000000355e+00 7.907773652654894954e-08
2.450000000000000178e+00 8.374902683285479963e-08
2.500000000000000000e+00 8.844345564432854242e-08
2.550000000000000266e+00 9.314353822254330394e-08
2.600000000000000089e+00 9.783169797005389312e-08
2.650000000000000355e+00 1.024904062468460509e-07
2.700000000000000178e+00 1.071023187086525433e-07
2.750000000000000000e+00 1.116504066910795316e-07
2.800000000000000266e+00 1.161180822879546614e-07
2.850000000000000089e+00 1.204893159110614306e-07
2.900000000000000355e+00 1.247487452684637862e-07
2.950000000000000178e+00 1.288817748568881256e-07
3.000000000000000000e+00 1.328746652271252734e-07
3.050000000000000266e+00 1.367146114472005558e-07
3.100000000000000089e+00 1.403898103533622676e-07
3.150000000000000355e+00 1.438895163411418491e-07
3.200000000000000178e+00 1.472040856054576847e-07
3.250000000000000000e+00 1.503250088878290123e-07
3.300000000000000266e+00 1.532449329283634742e-07
3.350000000000000089e+00 1.559576709487087904e-07
3.400000000000000355e+00 1.584582026083188862e-07
3.450000000000000178e+00 1.607426639792051005e-07
3.500000000000000000e+00 1.628083281731269796e-07
3.550000000000000266e+00 1.646535773295193621e-07
3.600000000000000089e+00 1.662778667322373963e-07
3.650000000000000355e+00 1.676816818685270566e-07
3.700000000000000178e+00 1.688664892748839481e-07
3.750000000000000000e+00 1.698346820321755752e-07
3.800000000000000266e+00 1.705895207773492408e-07
3.850000000000000089e+00 1.711350710921001651e-07
3.900000000000000355e+00 1.714761381110618126e-07
3.950000000000000178e+00 1.716181991645249558e-07
4.000000000000000000e+00 1.715673352345608282e-07
4.049999999999999822e+00 1.713301619599514004e-07
4.100000000000000533e+00 1.709137608757502963e-07
4.150000000000000355e+00 1.703256115188373042e-07
4.200000000000000178e+00 1.695735249726953150e-07
4.250000000000000000e+00 1.686655793639767190e-07
4.299999999999999822e+00 1.676100577613310784e-07
4.350000000000000533e+00 1.664153888644481328e-07
4.400000000000000355e+00 1.650900908092583882e-07
4.450000000000000178e+00 1.636427183545560946e-07
4.500000000000000000e+00 1.620818136567032858e-07
4.549999999999999822e+00 1.604158607831616539e-07
4.600000000000000533e+00 1.586532440629173919e-07
4.650000000000000355e+00 1.568022103228228620e-07
4.700000000000000178e+00 1.548708350138221165e-07
4.750000000000000000e+00 1.528669921901701851e-07
4.800000000000000711e+00 1.507983282682511225e-07
4.850000000000000533e+00 1.486722394595095137e-07
4.900000000000000355e+00 1.464958527443199415e-07
4.950000000000000178e+00 1.442760102302525106e-07
5.000000000000000000e+00 1.420192567190201150e-07
5.050000000000000711e+00 1.397318302912247393e-07
5.100000000000000533e+00 1.374196557066427038e-07
5.150000000000000355e+00 1.350883404099362467e-07
5.200000000000000178e+00 1.327431729270852384e-07
5.250000000000000000e+00 1.303891234361912231e-07
5.300000000000000711e+00 1.280308462973138194e-07
5.350000000000000533e+00 1.256726843293584730e-07
5.400000000000000355e+00 1.233186746274128709e-07
5.450000000000000178e+00 1.209725557210526860e-07
5.500000000000000000e+00 1.186377758826938791e-07
5.550000000000000711e+00 1.163175024047914767e-07
5.600000000000000533e+00 1.140146316753116851e-07
5.650000000000000355e+00 1.117317998921907582e-07
5.700000000000000178e+00 1.094713942692219325e-07
5.750000000000000000e+00 1.072355645977765501e-07
5.800000000000000711e+00 1.050262350407945054e-07
5.850000000000000533e+00 1.028451160474049030e-07
5.900000000000000355e+00 1.006937162882393070e-07
5.950000000000000178e+00 9.857335452284477718e-08
6.000000000000000000e+00 9.648517132151109330e-08
6.050000000000000711e+00 9.443014057421142780e-08
6.100000000000000533e+00 9.240908072915947457e-08
6.150000000000000355e+00 9.042266571266787677e-08
6.200000000000000178e+00 8.847143549052080475e-08
6.250000000000000000e+00 8.655580623893239908e-08
6.300000000000000711e+00 8.467608010034397881e-08
6.350000000000000533e+00 8.283245450583137628e-08
6.400000000000000355e+00 8.102503105174535447e-08
6.450000000000000178e+00 7.925382392343123876e-08
6.500000000000000000e+00 7.751876786348246872e-08
6.550000000000000711e+00 7.581972568600882911e-08
6.600000000000000533e+00 7.415649534188150420e-08
6.650000000000000355e+00 7.252881654288748493e-08
6.700000000000000178e+00 7.093637695521949736e-08
6.750000000000000000e+00 6.937881797478786940e-08
6.800000000000000711e+00 6.785574009850474909e-08
6.850000000000000533e+00 6.636670790699207748e-08
6.900000000000000355e+00 6.491125467514705227e-08
6.950000000000000178e+00 6.348888662769038107e-08
7.000000000000000000e+00 6.209908685726535674e-08
7.050000000000000711e+00 6.074131892286942486e-08
7.100000000000000533e+00 5.941503014643274904e-08
7.150000000000000355e+00 5.811965462521513791e-08
7.200000000000000178e+00 5.685461597742171334e-08
7.250000000000000000e+00 5.561932983804423256e-08
7.300000000000000711e+00 5.441320612145218153e-08
7.350000000000000533e+00 5.323565106669739156e-08
7.400000000000000355e+00 5.208606908087786844e-08
7.450000000000000178e+00 5.096386439524913322e-08
7.500000000000000000e+00 4.986844254807697867e-08
7.550000000000000711e+00 4.879921170752203182e-08
7.600000000000000533e+00 4.775558384712650836e-08
7.650000000000000355e+00 4.673697578575927093e-08
7.700000000000000178e+00 4.574281010316519874e-08
7.750000000000000000e+00 4.477251594156946157e-08
7.800000000000000711e+00 4.382552970310863288e-08
7.850000000000000533e+00 4.290129565220460897e-08
7.900000000000000355e+00 4.199926643136422379e-08
7.950000000000000178e+00 4.111890349828450002e-08
8.000000000000000000e+00 4.025967749156357761e-08
8.050000000000000711e+00 3.942106853177289051e-08
8.099999999999999645e+00 3.860256646412519082e-08
8.150000000000000355e+00 3.780367104848673007e-08
8.200000000000001066e+00 3.702389210202247137e-08
8.250000000000000000e+00 3.626274959933217221e-08
8.300000000000000711e+00 3.551977373453429303e-08
8.349999999999999645e+00 3.479450494937960965e-08
8.400000000000000355e+00 3.408649393112596131e-08
8.450000000000001066e+00 3.339530158358448075e-08
8.500000000000000000e+00 3.272049897444313142e-08
8.550000000000000711e+00 3.206166726169970559e-08
8.599999999999999645e+00 3.141839760177606746e-08
8.650000000000000355e+00 3.079029104165059844e-08
8.700000000000001066e+00 3.017695839712667181e-08
8.750000000000000000e+00 2.957802011915498175e-08
8.800000000000000711e+00 2.899310614994238873e-08
8.849999999999999645e+00 2.842185577041249563e-08
8.900000000000000355e+00 2.786391744042693112e-08
8.950000000000001066e+00 2.731894863303680765e-08
9.000000000000000000e+00 2.678661566390277295e-08
9.050000000000000711e+00 2.626659351690644412e-08
9.099999999999999645e+00 2.575856566686808932e-08
9.150000000000000355e+00 2.526222390018734489e-08
9.200000000000001066e+00 2.477726813413745127e-08
9.250000000000000000e+00 2.430340623546085542e-08
9.300000000000000711e+00 2.384035383884311846e-08
9.349999999999999645e+00 2.338783416577562795e-08
9.400000000000000355e+00 2.294557784425742538e-08
9.450000000000001066e+00 2.251332272973351976e-08
9.500000000000000000e+00 2.209081372761703701e-08
9.550000000000000711e+00 2.167780261769901869e-08
9.600000000000001421e+00 2.127404788070971748e-08
9.650000000000000355e+00 2.087931452725783512e-08
9.700000000000001066e+00 2.049337392934290081e-08
9.750000000000000000e+00 2.011600365460511128e-08
9.800000000000000711e+00 1.974698730345007338e-08
9.850000000000001421e+00 1.938611434916266317e-08
9.900000000000000355e+00 1.903317998110092502e-08
9.950000000000001066e+00 1.868798495104214102e-08
1.000000000000000000e+01 1.835033542273538992e-08
1.005000000000000071e+01 1.802004282469865916e-08
1.010000000000000142e+01 1.769692370628528895e-08
1.015000000000000036e+01 1.738079959703116365e-08
1.020000000000000107e+01 1.707149686928395395e-08
1.025000000000000000e+01 1.676884660410574758e-08
1.030000000000000071e+01 1.647268446043196927e-08
1.035000000000000142e+01 1.618285054746280005e-08
1.040000000000000036e+01 1.589918930025671195e-08
1.045000000000000107e+01 1.562154935849087032e-08
1.050000000000000000e+01 1.534978344834849728e-08
1.055000000000000071e+01 1.508374826749000738e-08
1.060000000000000142e+01 1.482330437306126114e-08
1.065000000000000036e+01 1.456831607268981482e-08
1.070000000000000107e+01 1.431865131841817431e-08
1.075000000000000000e+01 1.407418160352071476e-08
1.080000000000000071e+01 1.383478186215001455e-08
1.085000000000000142e+01 1.360033037175667945e-08
1.090000000000000036e+01 1.337070865822560646e-08
1.095000000000000107e+01 1.314580140367096828e-08
1.100000000000000000e+01 1.292549635683120342e-08
1.105000000000000071e+01 1.270968424600467339e-08
1.110000000000000142e+01 1.249825869446629758e-08
1.115000000000000036e+01 1.229111613830499176e-08
1.120000000000000107e+01 1.208815574662141847e-08
1.125000000000000000e+01 1.188927934402624256e-08
1.130000000000000071e+01 1.169439133537824615e-08
1.135000000000000142e+01 1.150339863270313494e-08
1.140000000000000036e+01 1.131621058423350195e-08
1.145000000000000107e+01 1.113273890551203446e-08
1.150000000000000000e+01 1.095289761250041396e-08
1.155000000000000071e+01 1.077660295663786582e-08
1.160000000000000142e+01 1.060377336179432986e-08
1.165000000000000036e+01 1.043432936306496301e-08
1.170000000000000107e+01 1.026819354735347635e-08
1.175000000000000000e+01 1.010529049569432320e-08
1.180000000000000071e+01 9.945546727264034736e-09
1.185000000000000142e+01 9.788890645034492577e-09
1.190000000000000036e+01 9.635252483021839339e-09
1.195000000000000107e+01 9.484564255085747407e-09
1.200000000000000000e+01 9.336759705235999338e-09
1.205000000000000071e+01 9.191774259403020801e-09
1.210000000000000142e+01 9.049544978631299824e-09
1.215000000000000036e+01 8.910010513654803158e-09
1.220000000000000107e+01 8.773111060814307903e-09
1.225000000000000000e+01 8.638788319277593876e-09
1.230000000000000071e+01 8.506985449524021253e-09
1.235000000000000142e+01 8.377647033055545750e-09
1.240000000000000036e+01 8.250719033297049114e-09
1.245000000000000107e+01 8.126148757649506281e-09
