0.000000000000000000e+00 8.048146859469671377e-05
5.000000000000000278e-02 -1.003648065304402724e-03
1.000000000000000056e-01 -1.998566556322934132e-03
1.500000000000000222e-01 -2.973287979804673832e-03
2.000000000000000111e-01 -3.919650105121022347e-03
2.500000000000000000e-01 -4.828069832384790372e-03
3.000000000000000444e-01 -5.689888426762676130e-03
3.500000000000000333e-01 -6.496706005155969063e-03
4.000000000000000222e-01 -7.240823041712093379e-03
4.500000000000000111e-01 -7.914999896479863253e-03
5.000000000000000000e-01 -8.512659495710228619e-03
5.500000000000000444e-01 -9.028075412765523139e-03
6.000000000000000888e-01 -9.456278342599450798e-03
6.500000000000000222e-01 -9.793431353896703620e-03
7.000000000000000666e-01 -1.003612696467653075e-02
7.500000000000000000e-01 -1.018219979165291278e-02
8.000000000000000444e-01 -1.023051342003752917e-02
8.500000000000000888e-01 -1.018118789441354102e-02
9.000000000000000222e-01 -1.003458177567215052e-02
9.500000000000000666e-01 -9.792984767856159969e-03
1.000000000000000000e+00 -9.458987487156664264e-03
1.050000000000000044e+00 -9.036714589346430543e-03
1.100000000000000089e+00 -8.531205767802287065e-03
1.150000000000000133e+00 -7.948341542391679573e-03
1.200000000000000178e+00 -7.294819315652675135e-03
1.250000000000000000e+00 -6.578036679805166799e-03
1.300000000000000044e+00 -5.806565634306098608e-03
1.350000000000000089e+00 -4.989081955897878458e-03
1.400000000000000133e+00 -4.135198075260965514e-03
1.450000000000000178e+00 -3.255222825980144414e-03
1.500000000000000000e+00 -2.358853493860607088e-03
1.550000000000000044e+00 -1.456495226025494253e-03
1.600000000000000089e+00 -5.584854418350124281e-04
1.650000000000000133e+00 3.245931217845950231e-04
1.700000000000000178e+00 1.182742633771878375e-03
1.750000000000000000e+00 2.006748796201168403e-03
1.800000000000000044e+00 2.787616786185199546e-03
1.850000000000000089e+00 3.516655661452399839e-03
1.900000000000000133e+00 4.186114594813932811e-03
1.950000000000000178e+00 4.789741599754020890e-03
2.000000000000000000e+00 5.321588483677558434e-03
2.050000000000000266e+00 5.777790280655356256e-03
2.100000000000000089e+00 6.154663562477652450e-03
2.149999999999999911e+00 6.449685226013255994e-03
2.200000000000000178e+00 6.662289206543512386e-03
2.250000000000000000e+00 6.792621111516606268e-03
2.300000000000000266e+00 6.842495552677121604e-03
2.350000000000000089e+00 6.813859648295044619e-03
2.400000000000000355e+00 6.711340694327877845e-03
2.450000000000000178e+00 6.538886490564502912e-03
2.500000000000000000e+00 6.302269832828397492e-03
2.550000000000000266e+00 6.008008796002109290e-03
2.600000000000000089e+00 5.663155581386389130e-03
2.650000000000000355e+00 5.274657372272812707e-03
2.700000000000000178e+00 4.850651880011412793e-03
2.750000000000000000e+00 4.399056760980109802e-03
2.800000000000000266e+00 3.927602688364157865e-03
2.850000000000000089e+00 3.444386328866867134e-03
2.900000000000000355e+00 2.956825917351541249e-03
2.950000000000000178e+00 2.471937701293400094e-03
3.000000000000000000e+00 1.996572144978250602e-03
3.050000000000000266e+00 1.536742750950250347e-03
3.100000000000000089e+00 1.097644982993587403e-03
3.150000000000000355e+00 6.840525201603734218e-04
3.200000000000000178e+00 2.998484344848903059e-04
3.250000000000000000e+00 -5.228068409408667011e-05
3.300000000000000266e+00 -3.698734987421575457e-04
3.350000000000000089e+00 -6.515356864052309011e-04
3.400000000000000355e+00 -8.966583852027910440e-04
3.450000000000000178e+00 -1.105301228592858991e-03
3.500000000000000000e+00 -1.278097955198119126e-03
3.550000000000000266e+00 -1.416317705455679386e-03
3.600000000000000089e+00 -1.521812811459417013e-03
3.650000000000000355e+00 -1.596563804387918966e-03
3.700000000000000178e+00 -1.643196853444970924e-03
3.750000000000000000e+00 -1.664358178138857077e-03
3.800000000000000266e+00 -1.662948846363966138e-03
3.850000000000000089e+00 -1.641785615701591480e-03
3.900000000000000355e+00 -1.603924427767423541e-03
3.950000000000000178e+00 -1.552161025640331907e-03
4.000000000000000000e+00 -1.489175147778576619e-03
4.049999999999999822e+00 -1.417662016257485464e-03
4.100000000000000533e+00 -1.339835471366471187e-03
4.150000000000000355e+00 -1.257893720900133804e-03
4.200000000000000178e+00 -1.173779093066463618e-03
4.250000000000000000e+00 -1.089010233192551922e-03
4.299999999999999822e+00 -1.005022093048963446e-03
4.350000000000000533e+00 -9.229937308928267206e-04
4.400000000000000355e+00 -8.437568359505720874e-04
4.450000000000000178e+00 -7.680527442835829782e-04
4.500000000000000000e+00 -6.963692680077342373e-04
4.549999999999999822e+00 -6.290269874583810997e-04
4.600000000000000533e+00 -5.662433833374532714e-04
4.650000000000000355e+00 -5.080702812287357260e-04
4.700000000000000178e+00 -4.544751711088024487e-04
4.750000000000000000e+00 -4.053683802910586524e-04
4.800000000000000711e+00 -3.605799174835684802e-04
4.850000000000000533e+00 -3.199049388879140077e-04
4.900000000000000355e+00 -2.831206164608450850e-04
4.950000000000000178e+00 -2.499823818811308771e-04
5.000000000000000000e+00 -2.202385710088628206e-04
5.050000000000000711e+00 -1.936400441144471986e-04
5.100000000000000533e+00 -1.699465673073358217e-04
5.150000000000000355e+00 -1.489204226508678941e-04
5.200000000000000178e+00 -1.303341229319302495e-04
5.250000000000000000e+00 -1.139747039755038165e-04
5.300000000000000711e+00 -9.963495704307808961e-05
5.350000000000000533e+00 -8.711818530997476428e-05
5.400000000000000355e+00 -7.623931508127157941e-05
5.450000000000000178e+00 -6.682017869748917962e-05
5.500000000000000000e+00 -5.869182280576640964e-05
5.550000000000000711e+00 -5.169580325277628382e-05
5.600000000000000533e+00 -4.568041019496672811e-05
5.650000000000000355e+00 -4.050664256545021788e-05
5.700000000000000178e+00 -3.604551622023453904e-05
5.750000000000000000e+00 -3.217748227103527510e-05
5.800000000000000711e+00 -2.880624036714120803e-05
5.850000000000000533e+00 -2.581132351789877752e-05
5.900000000000000355e+00 -2.322303664199873197e-05
5.950000000000000178e+00 -2.057440104192238475e-05
6.000000000000000000e+00 -2.422879184591773984e-05
6.050000000000000711e+00 -2.018863029845790742e-05
6.100000000000000533e+00 -1.682210052585280500e-05
6.150000000000000355e+00 -1.401661433952316080e-05
6.200000000000000178e+00 -1.167885069105070770e-05
6.250000000000000000e+00 -9.730959935731418582e-06
6.300000000000000711e+00 -8.107769100827926257e-06
6.350000000000000533e+00 -6.755255177944187490e-06
6.400000000000000355e+00 -5.628354056837206908e-06
6.450000000000000178e+00 -4.689332665942292340e-06
6.500000000000000000e+00 -3.906936996983583736e-06
6.550000000000000711e+00 -3.255067763092374477e-06
6.600000000000000533e+00 -2.711911795087041465e-06
6.650000000000000355e+00 -2.259371347002590919e-06
6.700000000000000178e+00 -1.882328005809817930e-06
6.750000000000000000e+00 -1.568184087932499055e-06
6.800000000000000711e+00 -1.306460048241075135e-06
6.850000000000000533e+00 -1.088405399688060138e-06
6.900000000000000355e+00 -9.067333713312624820e-07
6.950000000000000178e+00 -7.553809006542124223e-07
7.000000000000000000e+00 -6.292869245216981315e-07
7.050000000000000711e+00 -5.242339897589713199e-07
7.100000000000000533e+00 -4.367170362966339595e-07
7.150000000000000355e+00 -3.638075206370241281e-07
7.200000000000000178e+00 -3.030665790718667798e-07
7.250000000000000000e+00 -2.524643798154574401e-07
7.300000000000000711e+00 -2.103104702106462607e-07
7.350000000000000533e+00 -1.751932911605819580e-07
7.400000000000000355e+00 -1.459383062259893610e-07
7.450000000000000178e+00 -1.215681094338762346e-07
7.500000000000000000e+00 -1.012667710231662511e-07
7.550000000000000711e+00 -8.435492757947760935e-08
7.600000000000000533e+00 -7.026670841457715529e-08
7.650000000000000355e+00 -5.853119813584912938e-08
7.700000000000000178e+00 -4.875530652032660260e-08
7.750000000000000000e+00 -4.061188311784284243e-08
7.800000000000000711e+00 -3.382839458782887137e-08
7.850000000000000533e+00 -2.817781247818261575e-08
7.900000000000000355e+00 -2.347093187647843305e-08
7.950000000000000178e+00 -1.955012811644678828e-08
8.000000000000000000e+00 -1.628432700844379396e-08
8.050000000000000711e+00 -1.356384147816957767e-08
8.099999999999999645e+00 -1.129783316219483780e-08
8.150000000000000355e+00 -9.410346180822724817e-09
8.200000000000001066e+00 -7.838107670748562573e-09
8.250000000000000000e+00 -6.528592998887944400e-09
8.300000000000000711e+00 -5.437793256403005666e-09
8.349999999999999645e+00 -4.529205303503093834e-09
8.400000000000000355e+00 -3.772418436298382647e-09
8.450000000000001066e+00 -3.142076210404626400e-09
8.500000000000000000e+00 -2.617043658335163835e-09
8.550000000000000711e+00 -2.179735526277467528e-09
8.599999999999999645e+00 -1.815491176715011417e-09
8.650000000000000355e+00 -1.512103250367250802e-09
8.700000000000001066e+00 -1.259404652349854113e-09
8.750000000000000000e+00 -1.048936327889179717e-09
8.800000000000000711e+00 -8.736435055383392703e-10
8.849999999999999645e+00 -7.276316775973602707e-10
8.900000000000000355e+00 -6.060248270051797204e-10
8.950000000000001066e+00 -5.047385692047430743e-10
9.000000000000000000e+00 -4.203777056397661073e-10
9.050000000000000711e+00 -3.501153636353489697e-10
9.099999999999999645e+00 -2.915982927968378467e-10
9.150000000000000355e+00 -2.428579803057366293e-10
9.200000000000001066e+00 -2.022648771481714146e-10
9.250000000000000000e+00 -1.684558754912690629e-10
9.300000000000000711e+00 -1.402970866472016799e-10
9.349999999999999645e+00 -1.168457195205960508e-10
9.400000000000000355e+00 -9.731377684325598230e-11
9.450000000000001066e+00 -8.104597910675448813e-11
9.500000000000000000e+00 -6.749776057137997015e-11
9.550000000000000711e+00 -5.621429603221383548e-11
9.600000000000001421e+00 -4.681660323805796292e-11
9.650000000000000355e+00 -3.899011011811890806e-11
9.700000000000001066e+00 -3.247188870654799418e-11
9.750000000000000000e+00 -2.704305503923365186e-11
9.800000000000000711e+00 -2.252189644855375665e-11
9.850000000000001421e+00 -1.875656590343340375e-11
9.900000000000000355e+00 -1.562067182926457424e-11
9.950000000000001066e+00 -1.300902124506967008e-11
1.000000000000000000e+01 -1.083399065089423670e-11
1.005000000000000071e+01 -9.022553016343728858e-12
1.010000000000000142e+01 -7.514007272830885906e-12
1.015000000000000036e+01 -6.257655454710369511e-12
1.020000000000000107e+01 -5.211350506578019616e-12
1.025000000000000000e+01 -4.339984931070965148e-12
1.030000000000000071e+01 -3.614294873389519664e-12
1.035000000000000142e+01 -3.009939367616715946e-12
1.040000000000000036e+01 -2.506644107080539476e-12
1.045000000000000107e+01 -2.087501980150847687e-12
1.050000000000000000e+01 -1.738429942109194422e-12
1.055000000000000071e+01 -1.447732174952760005e-12
1.060000000000000142e+01 -1.205638925705868483e-12
1.065000000000000036e+01 -1.004024584283233760e-12
1.070000000000000107e+01 -8.361267511554549274e-13
1.075000000000000000e+01 -6.963066760497012726e-13
1.080000000000000071e+01 -5.798608047859838946e-13
1.085000000000000142e+01 -4.828891626311223609e-13
1.090000000000000036e+01 -4.021343492229555606e-13
1.095000000000000107e+01 -3.348822719253576305e-13
1.100000000000000000e+01 -2.788788295469677998e-13
1.105000000000000071e+01 -2.322391456983461206e-13
1.110000000000000142e+01 -1.933990851722117645e-13
1.115000000000000036e+01 -1.610543583697533849e-13
1.120000000000000107e+01 -1.341187626653883421e-13
1.125000000000000000e+01 -1.116877728698754802e-13
1.130000000000000071e+01 -9.300834056037661647e-14
1.135000000000000142e+01 -7.745307453767872248e-14
1.140000000000000036e+01 -6.449853976352899835e-14
1.145000000000000107e+01 -5.371110652722642209e-14
1.150000000000000000e+01 -4.472763734458143443e-14
1.155000000000000071e+01 -3.724669609482635108e-14
1.160000000000000142e+01 -3.101692084899878462e-14
1.165000000000000036e+01 -2.582903079021918166e-14
1.170000000000000107e+01 -2.150878578428130172e-14
1.175000000000000000e+01 -1.791115782424119641e-14
1.180000000000000071e+01 -1.491530330867428710e-14
1.185000000000000142e+01 -1.242048036901396583e-14
1.190000000000000036e+01 -1.034293505642360610e-14
1.195000000000000107e+01 -8.612911320454519884e-15
1.200000000000000000e+01 -7.172202280671325810e-15
1.205000000000000071e+01 -5.972513864819984888e-15
1.210000000000000142e+01 -4.973480542279909395e-15
1.215000000000000036e+01 -4.141543074274848371e-15
1.220000000000000107e+01 -3.448762568314520960e-15
1.225000000000000000e+01 -2.871862426237540973e-15
1.230000000000000071e+01 -2.391469072766145060e-15
1.235000000000000142e+01 -1.991415216117902675e-15
1.240000000000000036e+01 -1.658301547083433779e-15
1.245000000000000107e+01 -1.380896658204574496e-15
1.250000000000000000e+01 -1.149893134562325437e-15
1.255000000000000071e+01 -9.575334010624319311e-16
1.260000000000000142e+01 -7.973510893250486673e-16
1.265000000000000036e+01 -6.639664081799122874e-16
1.270000000000000107e+01 -5.528923458284219530e-16
1.275000000000000000e+01 -4.603997697043574042e-16
1.280000000000000071e+01 -3.833778791488332499e-16
1.285000000000000142e+01 -3.192422628867789688e-16
1.290000000000000036e+01 -2.658355738781473527e-16
1.295000000000000107e+01 -2.213627569994670242e-16
1.300000000000000000e+01 -1.843300286385834051e-16
1.305000000000000071e+01 -1.534924539340513637e-16
1.310000000000000142e+01 -1.278135287855190104e-16
1.315000000000000036e+01 -1.064303200893734563e-16
