0.000000000000000000e+00 -0.000000000000000000e+00
5.000000000000000278e-02 3.944131728795089191e-04
1.000000000000000056e-01 1.570925967067677599e-03
1.500000000000000222e-01 3.509462541455476026e-03
2.000000000000000111e-01 6.176931939632124800e-03
2.500000000000000000e-01 9.527773340967589030e-03
3.000000000000000444e-01 1.350470127653917614e-02
3.500000000000000333e-01 1.803964903686553281e-02
4.000000000000000222e-01 2.305488531340003228e-02
4.500000000000000111e-01 2.846428854282133727e-02
5.000000000000000000e-01 3.417475770271914681e-02
5.500000000000000444e-01 4.008773214802004853e-02
6.000000000000000888e-01 4.610080275435142483e-02
6.500000000000000222e-01 5.210937733845271563e-02
7.000000000000000666e-01 5.800837939319884035e-02
7.500000000000000000e-01 6.369394871195560581e-02
8.000000000000000444e-01 6.906511594419365019e-02
8.500000000000000888e-01 7.402542298894104755e-02
9.000000000000000222e-01 7.848446227023647692e-02
9.500000000000000666e-01 8.235930923464308828e-02
1.000000000000000000e+00 8.557582459870616276e-02
1.050000000000000044e+00 8.806980499356495407e-02
1.100000000000000089e+00 8.978796345773036591e-02
1.150000000000000133e+00 9.068872423880883216e-02
1.200000000000000178e+00 9.074281970959578725e-02
1.250000000000000000e+00 8.993368070889742882e-02
1.300000000000000044e+00 8.825761526543314528e-02
1.350000000000000089e+00 8.572377409759897315e-02
1.400000000000000133e+00 8.235390646052651031e-02
1.450000000000000178e+00 7.818191065095442260e-02
1.500000000000000000e+00 7.325319073444856721e-02
1.550000000000000044e+00 6.762383144184219708e-02
1.600000000000000089e+00 6.135960829753361184e-02
1.650000000000000133e+00 5.453485088095445105e-02
1.700000000000000178e+00 4.723118160640174534e-02
1.750000000000000000e+00 3.953615373550273954e-02
1.800000000000000044e+00 3.154181251155092902e-02
1.850000000000000089e+00 2.334320619373644184e-02
1.900000000000000133e+00 1.503687409007231982e-02
1.950000000000000178e+00 6.719337382929781340e-03
2.000000000000000000e+00 -1.514380308963545569e-03
2.050000000000000266e+00 -9.572177465129363266e-03
2.100000000000000089e+00 -1.736622006553227918e-02
2.149999999999999911e+00 -2.481418688083835214e-02
2.200000000000000178e+00 -3.184039279735725869e-02
2.250000000000000000e+00 -3.837677515907525483e-02
2.300000000000000266e+00 -4.436372749555915485e-02
2.350000000000000089e+00 -4.975076982478857102e-02
2.400000000000000355e+00 -5.449704784945722663e-02
2.450000000000000178e+00 -5.857169116724445651e-02
2.500000000000000000e+00 -6.195378636427489177e-02
2.550000000000000266e+00 -6.463269724894671331e-02
2.600000000000000089e+00 -6.660752123731833452e-02
2.650000000000000355e+00 -6.788690731348058505e-02
2.700000000000000178e+00 -6.848851748446097010e-02
2.750000000000000000e+00 -6.843838829092974141e-02
2.800000000000000266e+00 -6.777017485606225133e-02
2.850000000000000089e+00 -6.652429562058420620e-02
2.900000000000000355e+00 -6.474699561978196349e-02
2.950000000000000178e+00 -6.248935132437352657e-02
3.000000000000000000e+00 -5.980623585579673829e-02
3.050000000000000266e+00 -5.675526608402304413e-02
3.100000000000000089e+00 -5.339575312947966723e-02
3.150000000000000355e+00 -4.978767136359420198e-02
3.200000000000000178e+00 -4.599067709932617987e-02
3.250000000000000000e+00 -4.206317315164592036e-02
3.300000000000000266e+00 -3.806145418569901323e-02
3.350000000000000089e+00 -3.403893491335779203e-02
3.400000000000000355e+00 -3.004547436481384143e-02
3.450000000000000178e+00 -2.612680443260278693e-02
3.500000000000000000e+00 -2.232406822094840440e-02
3.550000000000000266e+00 -1.867349253596660430e-02
3.600000000000000089e+00 -1.520604278304265623e-02
3.650000000000000355e+00 -1.194751706447034524e-02
3.700000000000000178e+00 -8.918308913919080830e-03
3.750000000000000000e+00 -6.133599706683596185e-03
3.800000000000000266e+00 -3.603511803195737564e-03
3.850000000000000089e+00 -1.333366497129255621e-03
3.900000000000000355e+00 6.759862723133329638e-04
3.950000000000000178e+00 2.427778038372077445e-03
4.000000000000000000e+00 3.928884669843506726e-03
4.049999999999999822e+00 5.189345301857503125e-03
4.100000000000000533e+00 6.221903813130975729e-03
4.150000000000000355e+00 7.041462549270290777e-03
4.200000000000000178e+00 7.664557998642071608e-03
4.250000000000000000e+00 8.108981488295013279e-03
4.299999999999999822e+00 8.393193456965134316e-03
4.350000000000000533e+00 8.535948605038225917e-03
4.400000000000000355e+00 8.555887438288846056e-03
4.450000000000000178e+00 8.471184018147446745e-03
4.500000000000000000e+00 8.299241777052273825e-03
4.549999999999999822e+00 8.056440815528965321e-03
4.600000000000000533e+00 7.757936843267984085e-03
4.650000000000000355e+00 7.417512040387408065e-03
4.700000000000000178e+00 7.047476429363981436e-03
4.750000000000000000e+00 6.658616448359613339e-03
4.800000000000000711e+00 6.260192525191241551e-03
4.850000000000000533e+00 5.859950110165708208e-03
4.900000000000000355e+00 5.464216666474406084e-03
4.950000000000000178e+00 5.077974290471868636e-03
5.000000000000000000e+00 4.704981489597784630e-03
5.050000000000000711e+00 4.347905765991600877e-03
5.100000000000000533e+00 4.008466749442277793e-03
5.150000000000000355e+00 3.687584736679831981e-03
5.200000000000000178e+00 3.385528352062647760e-03
5.250000000000000000e+00 3.102058095135071247e-03
5.300000000000000711e+00 2.836560252517325315e-03
5.350000000000000533e+00 2.588171857741410672e-03
5.400000000000000355e+00 2.355883905600755432e-03
5.450000000000000178e+00 2.138637949219790533e-03
5.500000000000000000e+00 1.935398048363549126e-03
5.550000000000000711e+00 1.745208299365466707e-03
5.600000000000000533e+00 1.567232367692854679e-03
5.650000000000000355e+00 1.400777205330555044e-03
5.700000000000000178e+00 1.245301643943573467e-03
5.750000000000000000e+00 1.100411945287144925e-03
5.800000000000000711e+00 9.658472617155565995e-04
5.850000000000000533e+00 8.414560643885503474e-04
5.900000000000000355e+00 7.271667171114037974e-04
5.950000000000000178e+00 6.229546539855506087e-04
