0.000000000000000000e+00 7.581026620662252580e-02
5.000000000000000278e-02 7.582105328660491972e-02
1.000000000000000056e-01 7.585335344015664560e-02
1.500000000000000222e-01 7.590698189293365594e-02
2.000000000000000111e-01 7.598162569421616774e-02
2.500000000000000000e-01 7.607683642476546770e-02
3.000000000000000444e-01 7.619202037831773744e-02
3.500000000000000333e-01 7.632642659416935538e-02
4.000000000000000222e-01 7.647913320792115721e-02
4.500000000000000111e-01 7.664903266408550075e-02
5.000000000000000000e-01 7.683481639577476041e-02
5.500000000000000444e-01 7.703495962135545327e-02
6.000000000000000888e-01 7.724770693449782566e-02
6.500000000000000222e-01 7.747105937169904144e-02
7.000000000000000666e-01 7.770276362983656593e-02
7.500000000000000000e-01 7.794030407585769704e-02
8.000000000000000444e-01 7.818089814208716015e-02
8.500000000000000888e-01 7.842149563505391996e-02
9.000000000000000222e-01 7.865878240487936268e-02
9.500000000000000666e-01 7.888918872819176975e-02
1.000000000000000000e+00 7.910890265263942345e-02
1.050000000000000044e+00 7.931388843803270638e-02
1.100000000000000089e+00 7.949991011081919412e-02
1.150000000000000133e+00 7.966256002795818469e-02
1.200000000000000178e+00 7.979729222633315244e-02
1.250000000000000000e+00 7.989946021758377592e-02
1.300000000000000044e+00 7.996435877850976981e-02
1.350000000000000089e+00 7.998726918664644803e-02
1.400000000000000133e+00 7.996350726163574396e-02
1.450000000000000178e+00 7.988847349769169492e-02
1.500000000000000000e+00 7.975770451250757676e-02
1.550000000000000044e+00 7.956692499467410418e-02
1.600000000000000089e+00 7.931209930597384050e-02
1.650000000000000133e+00 7.898948188722083874e-02
1.700000000000000178e+00 7.859566562663643230e-02
1.750000000000000000e+00 7.812762737766450194e-02
1.800000000000000044e+00 7.758276985779156976e-02
1.850000000000000089e+00 7.695895922013708257e-02
1.900000000000000133e+00 7.625455766376020017e-02
1.950000000000000178e+00 7.546845053494725952e-02
2.000000000000000000e+00 7.460006746811728706e-02
2.050000000000000266e+00 7.364939721915404747e-02
2.100000000000000089e+00 7.261699595355901315e-02
2.149999999999999911e+00 7.150398886439217339e-02
2.200000000000000178e+00 7.031206510809413779e-02
2.250000000000000000e+00 6.904346615759399119e-02
2.300000000000000266e+00 6.770096777935631638e-02
2.350000000000000089e+00 6.628785594211927812e-02
2.400000000000000355e+00 6.480789705814682389e-02
2.450000000000000178e+00 6.326530304123212378e-02
2.500000000000000000e+00 6.166469173808500348e-02
2.550000000000000266e+00 6.001104335004352197e-02
2.600000000000000089e+00 5.830965350951002740e-02
2.650000000000000355e+00 5.656608370966786231e-02
2.700000000000000178e+00 5.478610980673268710e-02
2.750000000000000000e+00 5.297566932137832280e-02
2.800000000000000266e+00 5.114080826046352168e-02
2.850000000000000089e+00 4.928762816244456474e-02
2.900000000000000355e+00 4.742223404077598736e-02
2.950000000000000178e+00 4.555068386026700500e-02
3.000000000000000000e+00 4.367894013300462758e-02
3.050000000000000266e+00 4.181282416444315198e-02
3.100000000000000089e+00 3.995797341802868191e-02
3.150000000000000355e+00 3.811980239976527074e-02
3.200000000000000178e+00 3.630346739393761069e-02
3.250000000000000000e+00 3.451383530924911208e-02
3.300000000000000266e+00 3.275545682234538847e-02
3.350000000000000089e+00 3.103254393439800612e-02
3.400000000000000355e+00 2.934895198736630489e-02
3.450000000000000178e+00 2.770816612083606620e-02
3.500000000000000000e+00 2.611329208892700093e-02
3.550000000000000266e+00 2.456705130048225313e-02
3.600000000000000089e+00 2.307177989526114012e-02
3.650000000000000355e+00 2.162943162465429114e-02
3.700000000000000178e+00 2.024158426786642345e-02
3.750000000000000000e+00 1.890944928375555209e-02
3.800000000000000266e+00 1.763388437461825206e-02
3.850000000000000089e+00 1.641540862107638069e-02
3.900000000000000355e+00 1.525421983663280412e-02
3.950000000000000178e+00 1.415021378610024916e-02
4.000000000000000000e+00 1.310300491354919605e-02
4.049999999999999822e+00 1.211194823217713080e-02
4.100000000000000533e+00 1.117616204001974263e-02
4.150000000000000355e+00 1.029455114111044525e-02
4.200000000000000178e+00 9.465830270928008924e-03
4.250000000000000000e+00 8.688547447119561451e-03
4.299999999999999822e+00 7.961106990917175483e-03
4.350000000000000533e+00 7.281791990768273111e-03
4.400000000000000355e+00 6.648786006880223233e-03
4.450000000000000178e+00 6.060193843087711800e-03
4.500000000000000000e+00 5.514061240175501671e-03
4.549999999999999822e+00 5.008393372067845156e-03
4.600000000000000533e+00 4.541172052722505618e-03
4.650000000000000355e+00 4.110371586789420689e-03
4.700000000000000178e+00 3.713973220818121354e-03
4.750000000000000000e+00 3.349978173787737656e-03
4.800000000000000711e+00 3.016419245806973518e-03
4.850000000000000533e+00 2.711371021863299112e-03
4.900000000000000355e+00 2.432958703412425785e-03
4.950000000000000178e+00 2.179365614361678666e-03
5.000000000000000000e+00 1.948839439624352283e-03
5.050000000000000711e+00 1.739697263955356388e-03
5.100000000000000533e+00 1.550329486300894332e-03
5.150000000000000355e+00 1.379202690512818961e-03
5.200000000000000178e+00 1.224861557120020521e-03
5.250000000000000000e+00 1.085929903057953304e-03
5.300000000000000711e+00 9.611109369899301352e-04
5.350000000000000533e+00 8.491868172724215428e-04
5.400000000000000355e+00 7.490175978884937476e-04
5.450000000000000178e+00 6.595396449636857592e-04
5.500000000000000000e+00 5.797636029508072960e-04
5.550000000000000711e+00 5.087719853798095253e-04
5.600000000000000533e+00 4.457164603648429532e-04
5.650000000000000355e+00 3.898148959808180134e-04
5.700000000000000178e+00 3.403482252928672898e-04
5.750000000000000000e+00 2.966571853588652222e-04
5.800000000000000711e+00 2.581389790291432245e-04
5.850000000000000533e+00 2.242439029275708202e-04
5.900000000000000355e+00 1.944719796902839913e-04
5.950000000000000178e+00 1.683696274256437481e-04
6.000000000000000000e+00 1.455263944929627805e-04
6.050000000000000711e+00 1.255717831183729861e-04
6.100000000000000533e+00 1.081721811033002238e-04
6.150000000000000355e+00 9.302791695447731608e-05
6.200000000000000178e+00 7.987045018632579166e-05
6.250000000000000000e+00 6.845970532029758569e-05
6.300000000000000711e+00 5.858155522952189861e-05
6.350000000000000533e+00 5.004545694288116962e-05
6.400000000000000355e+00 4.268224081776961112e-05
6.450000000000000178e+00 3.634205209982986753e-05
6.500000000000000000e+00 3.089244229126380950e-05
6.550000000000000711e+00 2.621660642711879846e-05
6.600000000000000533e+00 2.221176128798508953e-05
6.650000000000000355e+00 1.878765873593892972e-05
6.700000000000000178e+00 1.586522772445512895e-05
6.750000000000000000e+00 1.337533807999223751e-05
6.800000000000000711e+00 1.125767886091416432e-05
6.850000000000000533e+00 9.459743946549284134e-06
6.900000000000000355e+00 7.935917475915150998e-06
6.950000000000000178e+00 6.646651822912112363e-06
7.000000000000000000e+00 5.557730945197429911e-06
7.050000000000000711e+00 4.639612161658781545e-06
7.100000000000000533e+00 3.866839684395797678e-06
7.150000000000000355e+00 3.217523542026179842e-06
7.200000000000000178e+00 2.672877871410141555e-06
7.250000000000000000e+00 2.216812914084761467e-06
7.300000000000000711e+00 1.835575423853478600e-06
7.350000000000000533e+00 1.517432565633538230e-06
7.400000000000000355e+00 1.252394756921438545e-06
7.450000000000000178e+00 1.031973267370908251e-06
7.500000000000000000e+00 8.489687447733744936e-07
7.550000000000000711e+00 6.972871744611717846e-07
7.600000000000000533e+00 5.717801012697077820e-07
7.650000000000000355e+00 4.681062473776208592e-07
7.700000000000000178e+00 3.826119442255598120e-07
7.750000000000000000e+00 3.122280621567216837e-07
7.800000000000000711e+00 2.543813668921604911e-07
7.850000000000000533e+00 2.069184579628289591e-07
7.900000000000000355e+00 1.680406511348267013e-07
7.950000000000000178e+00 1.362483552048168622e-07
8.000000000000000000e+00 1.102936645511147413e-07
8.050000000000000711e+00 8.914004293036501107e-08
8.099999999999999645e+00 7.192811271619854737e-08
8.150000000000000355e+00 5.794668791085452286e-08
8.200000000000001066e+00 4.660829985111678645e-08
8.250000000000000000e+00 3.742856292546270224e-08
8.300000000000000711e+00 3.000881467150395189e-08
8.349999999999999645e+00 2.402154131054387870e-08
8.400000000000000355e+00 1.919816734415893408e-08
8.450000000000001066e+00 1.531884699421641992e-08
8.500000000000000000e+00 1.220394683314786102e-08
8.550000000000000711e+00 9.706954020738887752e-09
8.599999999999999645e+00 7.708583515538669851e-09
8.650000000000000355e+00 6.111891494645656314e-09
8.700000000000001066e+00 4.838231299137891842e-09
8.750000000000000000e+00 3.823913351974887627e-09
8.800000000000000711e+00 3.017451955446619918e-09
8.849999999999999645e+00 2.377300407271661813e-09
8.900000000000000355e+00 1.869991416124210694e-09
8.950000000000001066e+00 1.468613345715744360e-09
9.000000000000000000e+00 1.151564038043201802e-09
9.050000000000000711e+00 9.015336270132756225e-10
9.099999999999999645e+00 7.046759142863229306e-10
9.150000000000000355e+00 5.499345690641390956e-10
9.200000000000001066e+00 4.284963663527023195e-10
9.250000000000000000e+00 3.333482810763738711e-10
9.300000000000000711e+00 2.589194515472553996e-10
9.349999999999999645e+00 2.007922405687029170e-10
9.400000000000000355e+00 1.554695634026141045e-10
9.450000000000001066e+00 1.201878138906919260e-10
9.500000000000000000e+00 9.276678466343251823e-11
9.550000000000000711e+00 7.148945371939421377e-11
9.600000000000001421e+00 5.500589592169049013e-11
9.650000000000000355e+00 4.225661333017506195e-11
9.700000000000001066e+00 3.241146737687548898e-11
9.750000000000000000e+00 2.482113510576658684e-11
9.800000000000000711e+00 1.897858616879405890e-11
9.850000000000001421e+00 1.448857816279584247e-11
9.900000000000000355e+00 1.104352433537698831e-11
9.950000000000001066e+00 8.404464263000354962e-12
1.000000000000000000e+01 6.386062129037752073e-12
1.005000000000000071e+01 4.844816011208155999e-12
1.010000000000000142e+01 3.669803641137229126e-12
1.015000000000000036e+01 2.775428718023984108e-12
1.020000000000000107e+01 2.095750398920211494e-12
1.025000000000000000e+01 1.580052613255279524e-12
1.030000000000000071e+01 1.189395446886434174e-12
1.035000000000000142e+01 8.939296920757371987e-13
1.040000000000000036e+01 6.708188477633617906e-13
1.045000000000000107e+01 5.026078616111073860e-13
1.050000000000000000e+01 3.759913581784089002e-13
1.055000000000000071e+01 2.808349621349046343e-13
1.060000000000000142e+01 2.094353798651850223e-13
1.065000000000000036e+01 1.559464368073403366e-13
1.070000000000000107e+01 1.159364659864985397e-13
1.075000000000000000e+01 8.605794468932436019e-14
1.080000000000000071e+01 6.378140295101510825e-14
1.085000000000000142e+01 4.719759944421294647e-14
1.090000000000000036e+01 3.487115885906588478e-14
1.095000000000000107e+01 2.572505967560413337e-14
1.100000000000000000e+01 1.894833471896967580e-14
1.105000000000000071e+01 1.393395761661870960e-14
1.110000000000000142e+01 1.023158924650635633e-14
1.115000000000000036e+01 7.500143833254831151e-15
1.120000000000000107e+01 5.489776441539595854e-15
1.125000000000000000e+01 4.014095585827828557e-15
1.130000000000000071e+01 2.927353352174688669e-15
1.135000000000000142e+01 2.134646866242437643e-15
1.140000000000000036e+01 1.551725507674622342e-15
1.145000000000000107e+01 1.126784375645704484e-15
1.150000000000000000e+01 8.173083763730797141e-16
1.155000000000000071e+01 5.929357479071924505e-16
1.160000000000000142e+01 4.284010677233783155e-16
1.165000000000000036e+01 3.096151105621162812e-16
1.170000000000000107e+01 2.232098047732534875e-16
1.175000000000000000e+01 1.603765297814687546e-16
1.180000000000000071e+01 1.139852805735775015e-16
1.185000000000000142e+01 8.291067113588243501e-17
1.190000000000000036e+01 5.869276230482260480e-17
1.195000000000000107e+01 4.275956280049925228e-17
1.200000000000000000e+01 3.103221164329401057e-17
1.205000000000000071e+01 2.168692345242703574e-17
1.210000000000000142e+01 1.497623446590379059e-17
1.215000000000000036e+01 1.191837897771595278e-17
1.220000000000000107e+01 6.138212556911654595e-18
1.225000000000000000e+01 5.014962556230174517e-18
1.230000000000000071e+01 3.742282416009574769e-18
1.235000000000000142e+01 2.231606974049404579e-18
1.240000000000000036e+01 2.241273043200170057e-18
1.245000000000000107e+01 1.839304043215265521e-18
1.250000000000000000e+01 1.542654427528724859e-18
1.255000000000000071e+01 1.004328937038712577e-18
1.260000000000000142e+01 8.400230836899835141e-19
1.265000000000000036e+01 4.203797737546624655e-19
1.270000000000000107e+01 2.310101021360847941e-19
1.275000000000000000e+01 1.823380658592411348e-19
1.280000000000000071e+01 -4.909806847420809515e-19
1.285000000000000142e+01 3.036227037322369790e-19
1.290000000000000036e+01 7.805652576385941943e-19
1.295000000000000107e+01 3.165070170412375241e-19
1.300000000000000000e+01 1.137512895067741459e-18
1.305000000000000071e+01 1.843258226309874938e-18
1.310000000000000142e+01 3.064577158326119625e-19
1.315000000000000036e+01 -2.920988793615025428e-19
1.320000000000000107e+01 -4.133024183524501013e-19
1.325000000000000000e+01 1.364646506513901895e-19
1.330000000000000071e+01 -1.227175269897038432e-20
1.335000000000000142e+01 7.866192985964622530e-19
1.340000000000000036e+01 8.601767628583226321e-19
1.345000000000000107e+01 7.520642402145688847e-19
1.350000000000000000e+01 -1.637784419926126437e-19
1.355000000000000071e+01 -7.684715584303653760e-20
1.360000000000000142e+01 -5.328056751675662386e-19
1.365000000000000036e+01 -4.355555018592966943e-19
1.370000000000000107e+01 -1.245569283463154339e-19
1.375000000000000000e+01 -1.163618887661888903e-19
1.380000000000000071e+01 -5.074017129155798059e-19
1.385000000000000142e+01 -1.449700757791132824e-18
1.390000000000000036e+01 1.282542009556965531e-18
1.395000000000000107e+01 2.635860522304550979e-19
1.400000000000000000e+01 -8.973335505164899848e-19
1.405000000000000071e+01 -2.448037499753542483e-19
1.410000000000000142e+01 -4.483597742758157425e-20
1.415000000000000036e+01 5.972279310231511617e-19
1.420000000000000107e+01 1.018971947651054864e-18
1.425000000000000000e+01 -2.045412700992199419e-19
1.430000000000000071e+01 3.418671574488906560e-19
1.435000000000000142e+01 -4.833173216245050531e-19
1.440000000000000036e+01 1.038788113105410279e-18
1.445000000000000107e+01 2.658094446825122034e-20
1.450000000000000000e+01 9.565978821325720170e-19
1.455000000000000071e+01 4.325472260710806113e-19
1.460000000000000142e+01 5.677136955515048155e-19
1.465000000000000036e+01 6.912210544721989117e-20
1.470000000000000107e+01 1.415989654379724770e-19
1.475000000000000000e+01 7.130809515085165043e-19
1.480000000000000071e+01 -1.952063327807816588e-19
1.485000000000000142e+01 -4.325138095456625209e-19
1.490000000000000036e+01 2.955451752662824204e-19
1.495000000000000107e+01 -6.846960707322950070e-19
