0.000000000000000000e+00 1.741383308350359649e-02
5.000000000000000278e-02 1.896314777078857150e-02
1.000000000000000056e-01 1.867526296238919761e-02
1.500000000000000222e-01 1.814828034218612593e-02
2.000000000000000111e-01 1.743958099893620425e-02
2.500000000000000000e-01 1.653545992959942756e-02
3.000000000000000444e-01 1.546210946641648348e-02
3.500000000000000333e-01 1.423316842606806541e-02
4.000000000000000222e-01 1.285642445188825596e-02
4.500000000000000111e-01 1.134968293089534501e-02
5.000000000000000000e-01 9.738956846412164317e-03
5.500000000000000444e-01 8.042659745277954547e-03
6.000000000000000888e-01 6.282281967280586160e-03
6.500000000000000222e-01 4.476662149298170357e-03
7.000000000000000666e-01 2.656422358284707321e-03
7.500000000000000000e-01 8.236565880395542005e-04
8.000000000000000444e-01 -9.703893241193094037e-04
8.500000000000000888e-01 -2.742045635013195051e-03
9.000000000000000222e-01 -4.446819532378039515e-03
9.500000000000000666e-01 -6.076111683357036247e-03
1.000000000000000000e+00 -7.616345952087943266e-03
1.050000000000000044e+00 -9.049111236459760066e-03
1.100000000000000089e+00 -1.036746206740962392e-02
1.150000000000000133e+00 -1.155783394974597804e-02
1.200000000000000178e+00 -1.261242457945453178e-02
1.250000000000000000e+00 -1.352602745992766836e-02
1.300000000000000044e+00 -1.429660998365339837e-02
1.350000000000000089e+00 -1.492223848872827573e-02
1.400000000000000133e+00 -1.539990353290382821e-02
1.450000000000000178e+00 -1.573395997978485616e-02
1.500000000000000000e+00 -1.592631914681952310e-02
1.550000000000000044e+00 -1.598363164826314270e-02
1.600000000000000089e+00 -1.591264019485633119e-02
1.650000000000000133e+00 -1.571577571892847011e-02
1.700000000000000178e+00 -1.541241489382345550e-02
1.750000000000000000e+00 -1.500030545663279258e-02
1.800000000000000044e+00 -1.449327296053882358e-02
1.850000000000000089e+00 -1.390640758121456690e-02
1.900000000000000133e+00 -1.324146313493551434e-02
1.950000000000000178e+00 -1.251720114519473508e-02
2.000000000000000000e+00 -1.174081140006370295e-02
2.050000000000000266e+00 -1.092415432430588439e-02
2.100000000000000089e+00 -1.007503812810072764e-02
2.149999999999999911e+00 -9.212787535587338428e-03
2.200000000000000178e+00 -8.327527052577237202e-03
2.250000000000000000e+00 -7.451744289891919226e-03
2.300000000000000266e+00 -6.577405311335856111e-03
2.350000000000000089e+00 -5.717955473750211196e-03
2.400000000000000355e+00 -4.882181820392153711e-03
2.450000000000000178e+00 -4.070301806727756773e-03
2.500000000000000000e+00 -3.297833833951610474e-03
2.550000000000000266e+00 -2.557353993380282603e-03
2.600000000000000089e+00 -1.862541456387234104e-03
2.650000000000000355e+00 -1.211176334578006365e-03
2.700000000000000178e+00 -6.082757484162932670e-04
2.750000000000000000e+00 -5.462755414839805756e-05
2.800000000000000266e+00 4.484878290106680192e-04
2.850000000000000089e+00 9.021978651990922565e-04
2.900000000000000355e+00 1.302062970918636386e-03
2.950000000000000178e+00 1.656292041721470643e-03
3.000000000000000000e+00 1.959343076866749619e-03
3.050000000000000266e+00 2.216454658773038371e-03
3.100000000000000089e+00 2.428483597878911687e-03
3.150000000000000355e+00 2.598485451617047349e-03
3.200000000000000178e+00 2.728238589672900370e-03
3.250000000000000000e+00 2.822066873337760427e-03
3.300000000000000266e+00 2.881356335910561801e-03
3.350000000000000089e+00 2.910286615667055307e-03
3.400000000000000355e+00 2.911737685915358979e-03
3.450000000000000178e+00 2.887380837473597570e-03
3.500000000000000000e+00 2.844934408108164801e-03
3.550000000000000266e+00 2.780053026741194106e-03
3.600000000000000089e+00 2.702044992074369070e-03
3.650000000000000355e+00 2.610745871356168896e-03
3.700000000000000178e+00 2.508210501625245548e-03
3.750000000000000000e+00 2.399656800128811742e-03
3.800000000000000266e+00 2.283488220890325313e-03
3.850000000000000089e+00 2.164269980093978547e-03
3.900000000000000355e+00 2.042736105021748967e-03
3.950000000000000178e+00 1.920706957258494800e-03
4.000000000000000000e+00 1.799196718823767522e-03
4.049999999999999822e+00 1.680100051895940579e-03
4.100000000000000533e+00 1.562628645235855781e-03
4.150000000000000355e+00 1.450122546416149393e-03
4.200000000000000178e+00 1.341047370560133735e-03
4.250000000000000000e+00 1.236616377723828188e-03
4.299999999999999822e+00 1.137427394595647706e-03
4.350000000000000533e+00 1.043539630097733116e-03
4.400000000000000355e+00 9.539590101070167779e-04
4.450000000000000178e+00 8.735966677329083836e-04
4.500000000000000000e+00 7.919472059057277831e-04
4.549999999999999822e+00 7.219870876248373967e-04
4.600000000000000533e+00 6.533321031938051299e-04
4.650000000000000355e+00 5.929223071948377770e-04
4.700000000000000178e+00 5.343087604594384159e-04
4.750000000000000000e+00 4.818749297908938830e-04
4.800000000000000711e+00 4.337645896333481720e-04
4.850000000000000533e+00 3.897406685391700061e-04
4.900000000000000355e+00 3.495335690240546707e-04
4.950000000000000178e+00 3.130842066364331023e-04
5.000000000000000000e+00 2.800401582384963711e-04
5.050000000000000711e+00 2.501654484583747660e-04
5.100000000000000533e+00 2.232772867540154407e-04
5.150000000000000355e+00 1.989235927439023208e-04
5.200000000000000178e+00 1.776911173226699203e-04
5.250000000000000000e+00 1.574262481472590413e-04
5.300000000000000711e+00 1.403362870697208518e-04
5.350000000000000533e+00 1.250489856031682524e-04
5.400000000000000355e+00 1.109676297588729895e-04
5.450000000000000178e+00 9.876464273581168137e-05
5.500000000000000000e+00 8.727497531310559210e-05
5.550000000000000711e+00 7.847298510026773312e-05
5.600000000000000533e+00 6.923047055117873688e-05
5.650000000000000355e+00 6.165225047898877228e-05
5.700000000000000178e+00 5.506454487515095278e-05
5.750000000000000000e+00 4.805686721417188803e-05
5.800000000000000711e+00 4.448253830588252034e-05
5.850000000000000533e+00 3.839364411711309769e-05
5.900000000000000355e+00 3.458369326775788188e-05
5.950000000000000178e+00 3.068369457486825350e-05
6.000000000000000000e+00 2.918878937062157410e-05
6.050000000000000711e+00 2.594705622736796029e-05
6.100000000000000533e+00 2.306522703279246842e-05
6.150000000000000355e+00 2.050258988382670569e-05
6.200000000000000178e+00 1.822426938915717794e-05
6.250000000000000000e+00 1.619903924447383943e-05
6.300000000000000711e+00 1.439832716607431903e-05
6.350000000000000533e+00 1.279752662713524406e-05
6.400000000000000355e+00 1.137465149927731017e-05
6.450000000000000178e+00 1.010961721139941544e-05
6.500000000000000000e+00 8.985094324599312139e-06
6.550000000000000711e+00 7.985633117812854318e-06
