0.000000000000000000e+00 0.000000000000000000e+00
5.000000000000000278e-02 -1.379770567117584994e-05
1.000000000000000056e-01 -5.494130255315577500e-05
1.500000000000000222e-01 -1.226861545267053395e-04
2.000000000000000111e-01 -2.158042191943531480e-04
2.500000000000000000e-01 -3.326033547269668217e-04
3.000000000000000444e-01 -4.709539135119556168e-04
3.500000000000000333e-01 -6.283221954031403432e-04
4.000000000000000222e-01 -8.018102236231955046e-04
4.500000000000000111e-01 -9.882012055518918803e-04
5.000000000000000000e-01 -1.184009950406952547e-03
5.500000000000000444e-01 -1.385537437664912394e-03
6.000000000000000888e-01 -1.588928665244165612e-03
6.500000000000000222e-01 -1.790232856020333935e-03
7.000000000000000666e-01 -1.985465065959914673e-03
7.500000000000000000e-01 -2.170668217581215361e-03
8.000000000000000444e-01 -2.341974578859267950e-03
8.500000000000000888e-01 -2.495665720096869929e-03
9.000000000000000222e-01 -2.628230009437987780e-03
9.500000000000000666e-01 -2.736416751097363754e-03
1.000000000000000000e+00 -2.817286128269806678e-03
1.050000000000000044e+00 -2.868254184079860498e-03
1.100000000000000089e+00 -2.887132157636309107e-03
1.150000000000000133e+00 -2.872159586867713277e-03
1.200000000000000178e+00 -2.822030693760613305e-03
1.250000000000000000e+00 -2.735913679174806212e-03
1.300000000000000044e+00 -2.613462671717694911e-03
1.350000000000000089e+00 -2.454822196271072045e-03
1.400000000000000133e+00 -2.260624150657816658e-03
1.450000000000000178e+00 -2.031977401553032060e-03
1.500000000000000000e+00 -1.770450231016304629e-03
1.550000000000000044e+00 -1.478045980905816088e-03
1.600000000000000089e+00 -1.157172351946102185e-03
1.650000000000000133e+00 -8.106049154648415538e-04
1.700000000000000178e+00 -4.414454870210584095e-04
1.750000000000000000e+00 -5.307609070521773531e-05
1.800000000000000044e+00 3.508906906219640457e-04
1.850000000000000089e+00 7.666641316743848461e-04
1.900000000000000133e+00 1.190329663213560629e-03
1.950000000000000178e+00 1.617904147134997632e-03
2.000000000000000000e+00 2.045391217907288704e-03
2.050000000000000266e+00 2.468835791758909257e-03
2.100000000000000089e+00 2.884376872834991043e-03
2.149999999999999911e+00 3.288297828996625174e-03
2.200000000000000178e+00 3.677073368140930821e-03
2.250000000000000000e+00 4.047412517708636609e-03
2.300000000000000266e+00 4.396296993955097106e-03
2.350000000000000089e+00 4.721014441866132165e-03
2.400000000000000355e+00 5.019186129348814779e-03
2.450000000000000178e+00 5.288788788375217535e-03
2.500000000000000000e+00 5.528170408819459841e-03
2.550000000000000266e+00 5.736059905426454247e-03
2.600000000000000089e+00 5.911570692271649399e-03
2.650000000000000355e+00 6.054198309822528094e-03
2.700000000000000178e+00 6.163812354982842016e-03
2.750000000000000000e+00 6.240643062116866917e-03
2.800000000000000266e+00 6.285262971032950889e-03
2.850000000000000089e+00 6.298564194518422622e-03
2.900000000000000355e+00 6.281731861814634013e-03
2.950000000000000178e+00 6.236214364281603487e-03
3.000000000000000000e+00 6.163691064659857985e-03
3.050000000000000266e+00 6.066038151399002869e-03
3.100000000000000089e+00 5.945293324474004888e-03
3.150000000000000355e+00 5.803619989312931368e-03
3.200000000000000178e+00 5.643271611637058760e-03
3.250000000000000000e+00 5.466556849224765181e-03
3.300000000000000266e+00 5.275806028213932131e-03
3.350000000000000089e+00 5.073339473170158063e-03
3.400000000000000355e+00 4.861438133591222330e-03
3.450000000000000178e+00 4.642316876763205938e-03
3.500000000000000000e+00 4.418100739988701717e-03
3.550000000000000266e+00 4.190804356259445786e-03
3.600000000000000089e+00 3.962314688495316949e-03
3.650000000000000355e+00 3.734377130477799667e-03
3.700000000000000178e+00 3.508584959380393626e-03
3.750000000000000000e+00 3.286372056957542927e-03
3.800000000000000266e+00 3.069008755380562160e-03
3.850000000000000089e+00 2.857600610520591184e-03
3.900000000000000355e+00 2.653089861005527260e-03
3.950000000000000178e+00 2.456259296154515107e-03
4.000000000000000000e+00 2.267738230155394354e-03
4.049999999999999822e+00 2.088010263545626247e-03
4.100000000000000533e+00 1.917422505864185616e-03
4.150000000000000355e+00 1.756195934695466317e-03
4.200000000000000178e+00 1.604436575453206237e-03
4.250000000000000000e+00 1.462147202208344916e-03
4.299999999999999822e+00 1.329239281577289118e-03
4.350000000000000533e+00 1.205544908001418862e-03
4.400000000000000355e+00 1.090828508469727327e-03
4.450000000000000178e+00 9.847981266739632561e-04
4.500000000000000000e+00 8.871161295927489348e-04
4.549999999999999822e+00 7.974092125093363084e-04
4.600000000000000533e+00 7.152776105187081280e-04
4.650000000000000355e+00 6.403034548457322032e-04
4.700000000000000178e+00 5.720582400998068615e-04
4.750000000000000000e+00 5.101093934128753202e-04
4.800000000000000711e+00 4.540259578886053941e-04
4.850000000000000533e+00 4.033834207302242568e-04
4.900000000000000355e+00 3.577677307596035367e-04
4.950000000000000178e+00 3.167785608712011354e-04
5.000000000000000000e+00 2.800318784761261824e-04
5.050000000000000711e+00 2.471618914721903661e-04
5.100000000000000533e+00 2.178224390839816058e-04
5.150000000000000355e+00 1.916878964578790491e-04
5.200000000000000178e+00 1.684536595996743535e-04
5.250000000000000000e+00 1.478362735382361551e-04
5.300000000000000711e+00 1.295732619021260860e-04
5.350000000000000533e+00 1.134227107888871659e-04
5.400000000000000355e+00 9.916265422541395219e-05
5.450000000000000178e+00 8.659030294463003041e-05
5.500000000000000000e+00 7.552115286192626650e-05
5.550000000000000711e+00 6.578800468699345656e-05
5.600000000000000533e+00 5.723992165704254719e-05
5.650000000000000355e+00 4.974114847600319731e-05
5.700000000000000178e+00 4.317001119474783499e-05
5.750000000000000000e+00 3.741781493498565458e-05
5.800000000000000711e+00 3.238775398135673299e-05
5.850000000000000533e+00 2.799384676108625429e-05
5.900000000000000355e+00 2.415990650850607086e-05
5.950000000000000178e+00 2.081855688328088249e-05
6.000000000000000000e+00 1.791030039463524572e-05
6.050000000000000711e+00 1.538264611169084853e-05
6.100000000000000533e+00 1.318930176264771542e-05
6.150000000000000355e+00 1.128943391397248822e-05
6.200000000000000178e+00 9.646998466816603574e-06
6.250000000000000000e+00 8.230142223030313344e-06
6.300000000000000711e+00 7.010674785729587564e-06
6.350000000000000533e+00 5.963608610715906804e-06
6.400000000000000355e+00 5.066763664920019062e-06
6.450000000000000178e+00 4.300431929451203054e-06
6.500000000000000000e+00 3.647095959183744362e-06
6.550000000000000711e+00 3.091194923118685461e-06
6.600000000000000533e+00 2.618931034664035878e-06
6.650000000000000355e+00 2.218109059771129824e-06
6.700000000000000178e+00 1.878001669360035881e-06
6.750000000000000000e+00 1.589233770357812619e-06
6.800000000000000711e+00 1.343679580790371721e-06
6.850000000000000533e+00 1.134367068303131986e-06
6.900000000000000355e+00 9.553853960375120804e-07
6.950000000000000178e+00 8.017921541464848324e-07
7.000000000000000000e+00 6.695183339178946818e-07
7.050000000000000711e+00 5.552701582041524757e-07
7.100000000000000533e+00 4.564279537162721872e-07
7.150000000000000355e+00 3.709431817756736605e-07
7.200000000000000178e+00 2.972354886873685315e-07
7.250000000000000000e+00 2.340921620811044450e-07
7.300000000000000711e+00 1.805726668009761837e-07
7.350000000000000533e+00 1.359209798159783833e-07
7.400000000000000355e+00 9.948825953010397336e-08
7.450000000000000178e+00 7.066799584266357044e-08
7.500000000000000000e+00 4.884523011237961866e-08
7.550000000000000711e+00 3.336075447358273602e-08
7.600000000000000533e+00 2.349044940876123390e-08
7.650000000000000355e+00 1.843915107561247295e-08
7.700000000000000178e+00 1.734770873252408227e-08
7.750000000000000000e+00 1.931124635017849064e-08
7.800000000000000711e+00 2.340612274160261118e-08
7.850000000000000533e+00 2.872272311912010243e-08
7.900000000000000355e+00 3.440103253478607174e-08
7.950000000000000178e+00 3.966594650199623542e-08
