0.000000000000000000e+00 5.559522971422437010e-02
5.000000000000000278e-02 5.564729215369049187e-02
1.000000000000000056e-01 5.580314927329146912e-02
1.500000000000000222e-01 5.606181248370496750e-02
2.000000000000000111e-01 5.642164078821887419e-02
2.500000000000000000e-01 5.688035062573646577e-02
3.000000000000000444e-01 5.743502941429956543e-02
3.500000000000000333e-01 5.808215249564372545e-02
4.000000000000000222e-01 5.881760326604220518e-02
4.500000000000000111e-01 5.963669611384619235e-02
5.000000000000000000e-01 6.053420182746873518e-02
5.500000000000000444e-01 6.150437450520926386e-02
6.000000000000000888e-01 6.254098373055683169e-02
6.500000000000000222e-01 6.363733953094148632e-02
7.000000000000000666e-01 6.478633038798821409e-02
7.500000000000000000e-01 6.598057460064071789e-02
8.000000000000000444e-01 6.721184606372442027e-02
8.500000000000000888e-01 6.847232638665812221e-02
9.000000000000000222e-01 6.975342251071559030e-02
9.500000000000000666e-01 7.104641179913741278e-02
1.000000000000000000e+00 7.234235722804349678e-02
1.050000000000000044e+00 7.363214587400000732e-02
1.100000000000000089e+00 7.490652917310806902e-02
1.150000000000000133e+00 7.615616146256082297e-02
1.200000000000000178e+00 7.737162676307558773e-02
1.250000000000000000e+00 7.854357887515543701e-02
1.300000000000000044e+00 7.966265207502991330e-02
1.350000000000000089e+00 8.071954806248357595e-02
1.400000000000000133e+00 8.170518035645296662e-02
1.450000000000000178e+00 8.261064909784461563e-02
1.500000000000000000e+00 8.342732308958999976e-02
1.550000000000000044e+00 8.414690336617829114e-02
1.600000000000000089e+00 8.476148862889318347e-02
1.650000000000000133e+00 8.526364239134243128e-02
1.700000000000000178e+00 8.564646262511742270e-02
1.750000000000000000e+00 8.590364817020106070e-02
1.800000000000000044e+00 8.602956795801308676e-02
1.850000000000000089e+00 8.601932636421877332e-02
1.900000000000000133e+00 8.586878126176847315e-02
1.950000000000000178e+00 8.557478177529660723e-02
2.000000000000000000e+00 8.513494859649060886e-02
2.050000000000000266e+00 8.454790196730416207e-02
2.100000000000000089e+00 8.381325204607950607e-02
2.149999999999999911e+00 8.293166182040402623e-02
2.200000000000000178e+00 8.190471973893416469e-02
2.250000000000000000e+00 8.073516315334541837e-02
2.300000000000000266e+00 7.942672538934231197e-02
2.350000000000000089e+00 7.798414419965524202e-02
2.400000000000000355e+00 7.641314359120948696e-02
2.450000000000000178e+00 7.472037486447037635e-02
2.500000000000000000e+00 7.291336393444088071e-02
2.550000000000000266e+00 7.100043990297538743e-02
2.600000000000000089e+00 6.899065332724348132e-02
2.650000000000000355e+00 6.689369547053464204e-02
2.700000000000000178e+00 6.471973502084234220e-02
2.750000000000000000e+00 6.247946708009914640e-02
2.800000000000000266e+00 6.018382038948437429e-02
2.850000000000000089e+00 5.784392099368011048e-02
2.900000000000000355e+00 5.547100468077992980e-02
2.950000000000000178e+00 5.307626115698892144e-02
3.000000000000000000e+00 5.067073180456115739e-02
3.050000000000000266e+00 4.826520100725448931e-02
3.100000000000000089e+00 4.587009361476441366e-02
3.150000000000000355e+00 4.349538047682306730e-02
3.200000000000000178e+00 4.115049204764639063e-02
3.250000000000000000e+00 3.884424761553107591e-02
3.300000000000000266e+00 3.658478390017732423e-02
3.350000000000000089e+00 3.437951103462943969e-02
3.400000000000000355e+00 3.223506724733437440e-02
3.450000000000000178e+00 3.015729488353202994e-02
3.500000000000000000e+00 2.815122578440338794e-02
3.550000000000000266e+00 2.622107610569083050e-02
3.600000000000000089e+00 2.437025569994279162e-02
3.650000000000000355e+00 2.260138615936175405e-02
3.700000000000000178e+00 2.091632866844278515e-02
3.750000000000000000e+00 1.931621992084064585e-02
3.800000000000000266e+00 1.780151504412565144e-02
3.850000000000000089e+00 1.637203543109452472e-02
3.900000000000000355e+00 1.502702627280103238e-02
3.950000000000000178e+00 1.376520399377750836e-02
4.000000000000000000e+00 1.258482326012143500e-02
4.049999999999999822e+00 1.148373163336022414e-02
4.100000000000000533e+00 1.045942920513530904e-02
4.150000000000000355e+00 9.509125898286901676e-03
4.200000000000000178e+00 8.629798287214230854e-03
4.250000000000000000e+00 7.818255091204207030e-03
4.299999999999999822e+00 7.071123169865173481e-03
4.350000000000000533e+00 6.384993682390194963e-03
4.400000000000000355e+00 5.756395183492575389e-03
4.450000000000000178e+00 5.181847160661398957e-03
4.500000000000000000e+00 4.657878888917256488e-03
4.549999999999999822e+00 4.181127100410322178e-03
4.600000000000000533e+00 3.748252363358382539e-03
4.650000000000000355e+00 3.356032844833765124e-03
4.700000000000000178e+00 3.001364303232390875e-03
4.750000000000000000e+00 2.681272085029505307e-03
4.800000000000000711e+00 2.392922732916372142e-03
4.850000000000000533e+00 2.133630415060555445e-03
4.900000000000000355e+00 1.900862176343336542e-03
4.950000000000000178e+00 1.692239137488915982e-03
5.000000000000000000e+00 1.505541953723563229e-03
5.050000000000000711e+00 1.338701909331877458e-03
5.100000000000000533e+00 1.189803138694139418e-03
5.150000000000000355e+00 1.057077316433202140e-03
5.200000000000000178e+00 9.388985428079667283e-04
5.250000000000000000e+00 8.337773881401567980e-04
5.300000000000000711e+00 7.403542403950214143e-04
5.350000000000000533e+00 6.573924164703393589e-04
5.400000000000000355e+00 5.837702491866828469e-04
5.450000000000000178e+00 5.184739944755745698e-04
5.500000000000000000e+00 4.605897652930395695e-04
5.550000000000000711e+00 4.092933597064823460e-04
5.600000000000000533e+00 3.638527296660671088e-04
5.650000000000000355e+00 3.236062157344902677e-04
5.700000000000000178e+00 2.879647158415626039e-04
5.750000000000000000e+00 2.564028211135613972e-04
5.800000000000000711e+00 2.284524946280146001e-04
5.850000000000000533e+00 2.036973269538635580e-04
5.900000000000000355e+00 1.817670624878620490e-04
5.950000000000000178e+00 1.623327027550732404e-04
