0.000000000000000000e+00 -8.603451085884332439e-02
5.000000000000000278e-02 -8.603442853639835242e-02
1.000000000000000056e-01 -8.603306586908114617e-02
1.500000000000000222e-01 -8.602710854561179676e-02
2.000000000000000111e-01 -8.601114099883745701e-02
2.500000000000000000e-01 -8.597780533174384510e-02
3.000000000000000444e-01 -8.591801693753492453e-02
3.500000000000000333e-01 -8.582123022761863063e-02
4.000000000000000222e-01 -8.567574640100968086e-02
4.500000000000000111e-01 -8.546905398714034485e-02
5.000000000000000000e-01 -8.518819200981783690e-02
5.500000000000000444e-01 -8.482012507914366006e-02
6.000000000000000888e-01 -8.435211953342218461e-02
6.500000000000000222e-01 -8.377210992373007592e-02
7.000000000000000666e-01 -8.306904564599432161e-02
7.500000000000000000e-01 -8.223320835290623410e-02
8.000000000000000444e-01 -8.125649188359369834e-02
8.500000000000000888e-01 -8.013263778632821743e-02
9.000000000000000222e-01 -7.885742102525457320e-02
9.500000000000000666e-01 -7.742878209810022394e-02
1.000000000000000000e+00 -7.584690348771259971e-02
1.050000000000000044e+00 -7.411423006596835894e-02
1.100000000000000089e+00 -7.223543470654979204e-02
1.150000000000000133e+00 -7.021733189044042367e-02
1.200000000000000178e+00 -6.806874345844501906e-02
1.250000000000000000e+00 -6.580032184029786790e-02
1.300000000000000044e+00 -6.342433704076563816e-02
1.350000000000000089e+00 -6.095443437008777471e-02
1.400000000000000133e+00 -5.840537035951363226e-02
1.450000000000000178e+00 -5.579273450268328050e-02
1.500000000000000000e+00 -5.313266441928650441e-02
1.550000000000000044e+00 -5.044156176608944470e-02
1.600000000000000089e+00 -4.773581574620192752e-02
1.650000000000000133e+00 -4.503154042002897872e-02
1.700000000000000178e+00 -4.234433123433146984e-02
1.750000000000000000e+00 -3.968904529521469216e-02
1.800000000000000044e+00 -3.707960895351016667e-02
1.850000000000000089e+00 -3.452885528312301527e-02
1.900000000000000133e+00 -3.204839304875308631e-02
1.950000000000000178e+00 -2.964850781016127937e-02
2.000000000000000000e+00 -2.733809492315912582e-02
2.050000000000000266e+00 -2.512462339507198772e-02
2.100000000000000089e+00 -2.301412885283714641e-02
2.149999999999999911e+00 -2.101123329652451049e-02
2.200000000000000178e+00 -1.911918884811948660e-02
2.250000000000000000e+00 -1.733994236659146607e-02
2.300000000000000266e+00 -1.567421758369326110e-02
2.350000000000000089e+00 -1.412161131447248544e-02
2.400000000000000355e+00 -1.268070030274259970e-02
2.450000000000000178e+00 -1.134915536319943893e-02
2.500000000000000000e+00 -1.012385966374265180e-02
2.550000000000000266e+00 -9.001028240548731435e-03
2.600000000000000089e+00 -7.976326137647801739e-03
2.650000000000000355e+00 -7.044982898025464735e-03
2.700000000000000178e+00 -6.201901489608335760e-03
2.750000000000000000e+00 -5.441760113910620866e-03
2.800000000000000266e+00 -4.759105705056979399e-03
2.850000000000000089e+00 -4.148438273141584823e-03
2.900000000000000355e+00 -3.604285568444167212e-03
2.950000000000000178e+00 -3.121267837875695960e-03
3.000000000000000000e+00 -2.694152704210759589e-03
3.050000000000000266e+00 -2.317900422408651802e-03
3.100000000000000089e+00 -1.987699952274346073e-03
3.150000000000000355e+00 -1.698996433795606350e-03
3.200000000000000178e+00 -1.447510762182098194e-03
3.250000000000000000e+00 -1.229252034598836505e-03
3.300000000000000266e+00 -1.040523687245151641e-03
3.350000000000000089e+00 -8.779241556862658327e-04
3.400000000000000355e+00 -7.383428862737812653e-04
3.450000000000000178e+00 -6.189524984515262351e-04
3.500000000000000000e+00 -5.171978551038514983e-04
3.550000000000000266e+00 -4.307827430561017253e-04
3.600000000000000089e+00 -3.576548023814095801e-04
3.650000000000000355e+00 -2.959892738431789015e-04
3.700000000000000178e+00 -2.441720643873066497e-04
3.750000000000000000e+00 -2.007825556665790098e-04
3.800000000000000266e+00 -1.645765158482844620e-04
3.850000000000000089e+00 -1.344694055269630463e-04
3.900000000000000355e+00 -1.095203093415450909e-04
3.950000000000000178e+00 -8.891666885379675717e-05
4.000000000000000000e+00 -7.195994281978207810e-05
4.049999999999999822e+00 -5.805227764323105718e-05
4.100000000000000533e+00 -4.668423459276986771e-05
4.150000000000000355e+00 -3.742358659100704100e-05
4.200000000000000178e+00 -2.990517771205141324e-05
4.250000000000000000e+00 -2.382181149038412382e-05
4.299999999999999822e+00 -1.891612445857589816e-05
4.350000000000000533e+00 -1.497338742425595619e-05
4.400000000000000355e+00 -1.181517031710209603e-05
4.450000000000000178e+00 -9.293801927443811134e-06
4.500000000000000000e+00 -7.287553992553466872e-06
4.549999999999999822e+00 -5.696479274100014685e-06
4.600000000000000533e+00 -4.438835064848195814e-06
4.650000000000000355e+00 -3.448026568169584132e-06
4.700000000000000178e+00 -2.670008465910180903e-06
4.750000000000000000e+00 -2.061087434518220684e-06
4.800000000000000711e+00 -1.586073142172246403e-06
4.850000000000000533e+00 -1.216730161811390402e-06
4.900000000000000355e+00 -9.304881096211826088e-07
4.950000000000000178e+00 -7.093720457297958172e-07
5.000000000000000000e+00 -5.391196656110419732e-07
5.050000000000000711e+00 -4.084560070615954555e-07
5.100000000000000533e+00 -3.085002605154866557e-07
5.150000000000000355e+00 -2.322827814189189269e-07
5.200000000000000178e+00 -1.743535576306472455e-07
5.250000000000000000e+00 -1.304661893618164984e-07
5.300000000000000711e+00 -9.732390908092627483e-08
5.350000000000000533e+00 -7.237652145612545177e-08
5.400000000000000355e+00 -5.365743551076928955e-08
5.450000000000000178e+00 -3.965707473448556142e-08
5.500000000000000000e+00 -2.921929726265933893e-08
5.550000000000000711e+00 -2.146239169942452516e-08
5.600000000000000533e+00 -1.571616711479840202e-08
5.650000000000000355e+00 -1.147297970288318737e-08
5.700000000000000178e+00 -8.349640059407557099e-09
5.750000000000000000e+00 -6.057899758764875937e-09
5.800000000000000711e+00 -4.381570191170650421e-09
5.850000000000000533e+00 -3.159530019488577629e-09
5.900000000000000355e+00 -2.271277446726690447e-09
5.950000000000000178e+00 -1.627735919941918095e-09
