0.000000000000000000e+00 -1.322020424328645331e-05
5.000000000000000278e-02 1.732264459735670338e-04
1.000000000000000056e-01 3.450040270101855842e-04
1.500000000000000222e-01 5.134329700688053128e-04
2.000000000000000111e-01 6.771668792931344934e-04
2.500000000000000000e-01 8.346297539327166394e-04
3.000000000000000444e-01 9.844106126364882137e-04
3.500000000000000333e-01 1.125153405779007448e-03
4.000000000000000222e-01 1.255611207842008154e-03
4.500000000000000111e-01 1.374649063394427217e-03
5.000000000000000000e-01 1.481248155979063980e-03
5.500000000000000444e-01 1.574522657097514929e-03
6.000000000000000888e-01 1.653739668917699433e-03
6.500000000000000222e-01 1.718311700338471387e-03
7.000000000000000666e-01 1.767793121334071621e-03
7.500000000000000000e-01 1.801873691176633348e-03
8.000000000000000444e-01 1.820469674136370548e-03
8.500000000000000888e-01 1.823571339386344508e-03
9.000000000000000222e-01 1.811351288041010204e-03
9.500000000000000666e-01 1.784135245670220556e-03
1.000000000000000000e+00 1.742408693836041550e-03
1.050000000000000044e+00 1.686747948510302578e-03
1.100000000000000089e+00 1.617970785455273780e-03
1.150000000000000133e+00 1.536810051395946742e-03
1.200000000000000178e+00 1.444315429189281172e-03
1.250000000000000000e+00 1.341497134179883656e-03
1.300000000000000044e+00 1.229625573752486309e-03
1.350000000000000089e+00 1.109807708596127068e-03
1.400000000000000133e+00 9.833703886236860869e-04
1.450000000000000178e+00 8.517550965350249208e-04
1.500000000000000000e+00 7.161918323826832076e-04
1.550000000000000044e+00 5.780892027791761012e-04
1.600000000000000089e+00 4.389042476860116723e-04
1.650000000000000133e+00 2.999542186764474552e-04
1.700000000000000178e+00 1.627893980758748514e-04
1.750000000000000000e+00 2.848270627290158181e-05
1.800000000000000044e+00 -1.016325512386470869e-04
1.850000000000000089e+00 -2.263493225311601564e-04
1.900000000000000133e+00 -3.446261484125721117e-04
1.950000000000000178e+00 -4.553437828937765349e-04
2.000000000000000000e+00 -5.577836833003888819e-04
2.050000000000000266e+00 -6.510001187215567770e-04
2.100000000000000089e+00 -7.344833226961838693e-04
2.149999999999999911e+00 -8.077049706492857913e-04
2.200000000000000178e+00 -8.702534470429404033e-04
2.250000000000000000e+00 -9.219343546933703908e-04
2.300000000000000266e+00 -9.626630270586738732e-04
2.350000000000000089e+00 -9.924810210111642984e-04
2.400000000000000355e+00 -1.011606527699748662e-03
2.450000000000000178e+00 -1.020338601969148547e-03
2.500000000000000000e+00 -1.019082725611995767e-03
2.550000000000000266e+00 -1.008457493313395922e-03
2.600000000000000089e+00 -9.890733167477851542e-04
2.650000000000000355e+00 -9.616713746651259524e-04
2.700000000000000178e+00 -9.270419998540340703e-04
2.750000000000000000e+00 -8.860398925119177026e-04
2.800000000000000266e+00 -8.395513720383930524e-04
2.850000000000000089e+00 -7.884807254800983451e-04
2.900000000000000355e+00 -7.338166197039179377e-04
2.950000000000000178e+00 -6.763823806466510297e-04
3.000000000000000000e+00 -6.171446136727129321e-04
3.050000000000000266e+00 -5.568952208557487963e-04
3.100000000000000089e+00 -4.964302923070820382e-04
3.150000000000000355e+00 -4.365401788600569918e-04
3.200000000000000178e+00 -3.778901591167140289e-04
3.250000000000000000e+00 -3.210017789924095441e-04
3.300000000000000266e+00 -2.664893237017704284e-04
3.350000000000000089e+00 -2.147486854274933119e-04
3.400000000000000355e+00 -1.661416344538566871e-04
3.450000000000000178e+00 -1.209371960101529033e-04
3.500000000000000000e+00 -7.932518916422794586e-05
3.550000000000000266e+00 -4.143098237846810477e-05
3.600000000000000089e+00 -7.295368884599999871e-06
3.650000000000000355e+00 2.306245021467300736e-05
3.700000000000000178e+00 4.975392785128783632e-05
3.750000000000000000e+00 7.288330265494971313e-05
3.800000000000000266e+00 9.261693071906257899e-05
3.850000000000000089e+00 1.091264690770372617e-04
3.900000000000000355e+00 1.226335131548711107e-04
3.950000000000000178e+00 1.333779393558503818e-04
4.000000000000000000e+00 1.415962914085543145e-04
4.049999999999999822e+00 1.475663553611466128e-04
4.100000000000000533e+00 1.514755476147651751e-04
4.150000000000000355e+00 1.536130152109135372e-04
4.200000000000000178e+00 1.542030671495114836e-04
4.250000000000000000e+00 1.534430958559635080e-04
4.299999999999999822e+00 1.515537716033592134e-04
4.350000000000000533e+00 1.487289840611395850e-04
4.400000000000000355e+00 1.451237805797229692e-04
4.450000000000000178e+00 1.408957034746309090e-04
4.500000000000000000e+00 1.361861811827049884e-04
4.549999999999999822e+00 1.311048016923777634e-04
4.600000000000000533e+00 1.257671703917084371e-04
4.650000000000000355e+00 1.202592272179045681e-04
4.700000000000000178e+00 1.146561928696323960e-04
4.750000000000000000e+00 1.090281509106111969e-04
4.800000000000000711e+00 1.034322011941285181e-04
4.850000000000000533e+00 9.790543942690429320e-05
4.900000000000000355e+00 9.249762082788618920e-05
4.950000000000000178e+00 8.723858150153784722e-05
5.000000000000000000e+00 8.214954480845657026e-05
5.050000000000000711e+00 7.724780578873762882e-05
5.100000000000000533e+00 7.256045027901264011e-05
5.150000000000000355e+00 6.809160582501407922e-05
5.200000000000000178e+00 6.384571864716268930e-05
5.250000000000000000e+00 5.983373390602421095e-05
5.300000000000000711e+00 5.605274108885475738e-05
5.350000000000000533e+00 5.250046374671822749e-05
5.400000000000000355e+00 4.917320393267872567e-05
5.450000000000000178e+00 4.606397854206634900e-05
5.500000000000000000e+00 4.316371918847283361e-05
5.550000000000000711e+00 4.046426662355181357e-05
5.600000000000000533e+00 3.795114475268307578e-05
5.650000000000000355e+00 3.561292193271797682e-05
5.700000000000000178e+00 3.343888242345898387e-05
5.750000000000000000e+00 3.141273807269829226e-05
5.800000000000000711e+00 2.952521304627897530e-05
5.850000000000000533e+00 2.776330236589803429e-05
5.900000000000000355e+00 2.611525476109427665e-05
5.950000000000000178e+00 2.457176788740103032e-05
6.000000000000000000e+00 2.312251748732573300e-05
6.050000000000000711e+00 2.176074932627533682e-05
6.100000000000000533e+00 2.048089966687914918e-05
6.150000000000000355e+00 1.927534887117147489e-05
6.200000000000000178e+00 1.814046156211163334e-05
6.250000000000000000e+00 1.707426640686598155e-05
6.300000000000000711e+00 1.607177575641252680e-05
6.350000000000000533e+00 1.513184569566602620e-05
6.400000000000000355e+00 1.425308957575091752e-05
6.450000000000000178e+00 1.343218811160794824e-05
6.500000000000000000e+00 1.266799488937071167e-05
6.550000000000000711e+00 1.195937397380102014e-05
6.600000000000000533e+00 1.130238253071320040e-05
6.650000000000000355e+00 1.069473603308948227e-05
6.700000000000000178e+00 1.013347242728076991e-05
6.750000000000000000e+00 9.614204694445036700e-06
6.800000000000000711e+00 9.134274424621143998e-06
6.850000000000000533e+00 8.688519800747181049e-06
6.900000000000000355e+00 8.273125986643872589e-06
6.950000000000000178e+00 7.883614612270588339e-06
7.000000000000000000e+00 7.516741818381663978e-06
7.050000000000000711e+00 7.167760698985761439e-06
7.100000000000000533e+00 6.834598775866287772e-06
7.150000000000000355e+00 6.513978091499841822e-06
7.200000000000000178e+00 6.204215389183374646e-06
7.250000000000000000e+00 5.903191482020715770e-06
7.300000000000000711e+00 5.611186860990919214e-06
7.350000000000000533e+00 5.327585972147630189e-06
7.400000000000000355e+00 5.052422996326261093e-06
7.450000000000000178e+00 4.787106785325979598e-06
7.500000000000000000e+00 4.532279645540287125e-06
7.550000000000000711e+00 4.289299724128466111e-06
7.600000000000000533e+00 4.059650241402242063e-06
7.650000000000000355e+00 3.844387889395848561e-06
7.700000000000000178e+00 3.644926268598813784e-06
7.750000000000000000e+00 3.461242932548031466e-06
7.800000000000000711e+00 3.294101245112652106e-06
7.850000000000000533e+00 3.143272906920539540e-06
7.900000000000000355e+00 3.007932140925226525e-06
7.950000000000000178e+00 2.887426240637938610e-06
8.000000000000000000e+00 2.780071492183056311e-06
8.050000000000000711e+00 2.683911150151054184e-06
8.099999999999999645e+00 2.597179538032447276e-06
8.150000000000000355e+00 2.517886843281008989e-06
8.200000000000001066e+00 2.443631610688153166e-06
8.250000000000000000e+00 2.372752835565479277e-06
8.300000000000000711e+00 2.303058583147552953e-06
8.349999999999999645e+00 2.233077595188544022e-06
8.400000000000000355e+00 2.161890145385260377e-06
8.450000000000001066e+00 2.088495150303992054e-06
8.500000000000000000e+00 2.012718593107852087e-06
8.550000000000000711e+00 1.934579182298965943e-06
8.599999999999999645e+00 1.854575112984974517e-06
8.650000000000000355e+00 1.773425081174958324e-06
8.700000000000001066e+00 1.692238626140834060e-06
8.750000000000000000e+00 1.612390225696643541e-06
8.800000000000000711e+00 1.535100362257605554e-06
8.849999999999999645e+00 1.461512683321030206e-06
8.900000000000000355e+00 1.392990738608077659e-06
8.950000000000001066e+00 1.330403929702535440e-06
9.000000000000000000e+00 1.274404248031022351e-06
9.050000000000000711e+00 1.225569128369875355e-06
9.099999999999999645e+00 1.183904696603171204e-06
9.150000000000000355e+00 1.148937338651161709e-06
9.200000000000001066e+00 1.120272533201621677e-06
9.250000000000000000e+00 1.096960592365556365e-06
9.300000000000000711e+00 1.077857556761233453e-06
9.349999999999999645e+00 1.061792007961296694e-06
9.400000000000000355e+00 1.047362594047513853e-06
9.450000000000001066e+00 1.033251805121176216e-06
9.500000000000000000e+00 1.018268946312773335e-06
9.550000000000000711e+00 1.001345394685214050e-06
9.600000000000001421e+00 9.815530434735700578e-07
9.650000000000000355e+00 9.585252108426997213e-07
9.700000000000001066e+00 9.317517839396830237e-07
9.750000000000000000e+00 9.013866263669009403e-07
9.800000000000000711e+00 8.677467586849830145e-07
9.850000000000001421e+00 8.314070726625734421e-07
9.900000000000000355e+00 7.931826125064466222e-07
9.950000000000001066e+00 7.540478139979579263e-07
1.000000000000000000e+01 7.150526616475056065e-07
1.005000000000000071e+01 6.772706684407326997e-07
1.010000000000000142e+01 6.417629841781562502e-07
1.015000000000000036e+01 6.094145961103495977e-07
1.020000000000000107e+01 5.809680264991894241e-07
1.025000000000000000e+01 5.569145153943476717e-07
1.030000000000000071e+01 5.375699477411469286e-07
1.035000000000000142e+01 5.228377587911779621e-07
1.040000000000000036e+01 5.125579050324364409e-07
1.045000000000000107e+01 5.062240907534944134e-07
1.050000000000000000e+01 5.029976912402862860e-07
1.055000000000000071e+01 5.021594619716510235e-07
1.060000000000000142e+01 5.026696878072935662e-07
1.065000000000000036e+01 5.035375210271266289e-07
1.070000000000000107e+01 5.038130225954036653e-07
1.075000000000000000e+01 5.026228391022083012e-07
1.080000000000000071e+01 4.991556704776444668e-07
1.085000000000000142e+01 4.928959941439408086e-07
1.090000000000000036e+01 4.834813240435483170e-07
1.095000000000000107e+01 4.707979245151795672e-07
1.100000000000000000e+01 4.550129056371475522e-07
1.105000000000000071e+01 4.364295777217369735e-07
1.110000000000000142e+01 4.155695772208265276e-07
1.115000000000000036e+01 3.931876130455840433e-07
1.120000000000000107e+01 3.700461619035024687e-07
1.125000000000000000e+01 3.470056279671651957e-07
1.130000000000000071e+01 3.249530863745258672e-07
1.135000000000000142e+01 3.046369845629923846e-07
1.140000000000000036e+01 2.867547036408578326e-07
1.145000000000000107e+01 2.718800104843113699e-07
1.150000000000000000e+01 2.603287767400900707e-07
1.155000000000000071e+01 2.522703498442266383e-07
1.160000000000000142e+01 2.476389438501022670e-07
1.165000000000000036e+01 2.461736741397874089e-07
1.170000000000000107e+01 2.474069738425754838e-07
1.175000000000000000e+01 2.507866185675037085e-07
1.180000000000000071e+01 2.555777408703454352e-07
1.185000000000000142e+01 2.610209953240916936e-07
1.190000000000000036e+01 2.663106157865143635e-07
1.195000000000000107e+01 2.707075669285314185e-07
1.200000000000000000e+01 2.735324443218124995e-07
1.205000000000000071e+01 2.742608294283423496e-07
1.210000000000000142e+01 2.724811605591391949e-07
1.215000000000000036e+01 2.679745902514309414e-07
1.220000000000000107e+01 2.607353449450355482e-07
1.225000000000000000e+01 2.509105016753877348e-07
1.230000000000000071e+01 2.388381311316292738e-07
1.235000000000000142e+01 2.249885374089705011e-07
1.240000000000000036e+01 2.099692521994058296e-07
1.245000000000000107e+01 1.944406368125250801e-07
1.250000000000000000e+01 1.790884445755801342e-07
1.255000000000000071e+01 1.646181462163077027e-07
1.260000000000000142e+01 1.516371085032588465e-07
1.265000000000000036e+01 1.406963241143158730e-07
1.270000000000000107e+01 1.321541984577830429e-07
1.275000000000000000e+01 1.262836201639382431e-07
1.280000000000000071e+01 1.231341980894066565e-07
1.285000000000000142e+01 1.226388985426623426e-07
1.290000000000000036e+01 1.245320513243757598e-07
1.295000000000000107e+01 1.284211352577743826e-07
1.300000000000000000e+01 1.338037967282364170e-07
1.305000000000000071e+01 1.400650022418809894e-07
1.310000000000000142e+01 1.465916613428735979e-07
1.315000000000000036e+01 1.527620305152635666e-07
