0.000000000000000000e+00 0.000000000000000000e+00
5.000000000000000278e-02 3.851268894185079852e-04
1.000000000000000056e-01 7.717864872049003382e-04
1.500000000000000222e-01 1.158910599602489813e-03
2.000000000000000111e-01 1.547695989935761376e-03
2.500000000000000000e-01 1.938513168612461448e-03
3.000000000000000444e-01 2.331893202689909808e-03
3.500000000000000333e-01 2.728307205165148453e-03
4.000000000000000222e-01 3.128149268511176175e-03
4.500000000000000111e-01 3.531845174568453479e-03
5.000000000000000000e-01 3.939753781556546743e-03
5.500000000000000444e-01 4.352131762131047910e-03
6.000000000000000888e-01 4.769266060907564886e-03
6.500000000000000222e-01 5.191365416515236232e-03
7.000000000000000666e-01 5.618577461995001750e-03
7.500000000000000000e-01 6.050956275772766298e-03
8.000000000000000444e-01 6.488511981015411892e-03
8.500000000000000888e-01 6.931198869076850809e-03
9.000000000000000222e-01 7.378858821344915116e-03
9.500000000000000666e-01 7.831258648409791800e-03
1.000000000000000000e+00 8.288075481736177641e-03
1.050000000000000044e+00 8.748939336597604671e-03
1.100000000000000089e+00 9.213344883129789831e-03
1.150000000000000133e+00 9.680769317842617336e-03
1.200000000000000178e+00 1.015052633957555690e-02
1.250000000000000000e+00 1.062192664575480408e-02
1.300000000000000044e+00 1.109417314785270114e-02
1.350000000000000089e+00 1.156637062294686193e-02
1.400000000000000133e+00 1.203765994496213375e-02
1.450000000000000178e+00 1.250701299521466726e-02
1.500000000000000000e+00 1.297341195756391945e-02
1.550000000000000044e+00 1.343580164366694508e-02
1.600000000000000089e+00 1.389307846198646439e-02
1.650000000000000133e+00 1.434412143008861364e-02
1.700000000000000178e+00 1.478781931859306578e-02
1.750000000000000000e+00 1.522304155365102746e-02
1.800000000000000044e+00 1.564864949339516212e-02
1.850000000000000089e+00 1.606353979658975070e-02
1.900000000000000133e+00 1.646663933360424659e-02
1.950000000000000178e+00 1.685688425050777678e-02
2.000000000000000000e+00 1.723327801329229900e-02
2.050000000000000266e+00 1.759487173818208294e-02
2.100000000000000089e+00 1.794073587648553972e-02
2.149999999999999911e+00 1.827006340614245952e-02
2.200000000000000178e+00 1.858199944207994739e-02
2.250000000000000000e+00 1.887589459804965564e-02
2.300000000000000266e+00 1.915118983460445054e-02
2.350000000000000089e+00 1.940713699347726418e-02
2.400000000000000355e+00 1.964331291661479406e-02
2.450000000000000178e+00 1.985936673897116533e-02
2.500000000000000000e+00 2.005490395775467311e-02
2.550000000000000266e+00 2.022967947939401795e-02
2.600000000000000089e+00 2.038351141613314876e-02
2.650000000000000355e+00 2.051628445090498271e-02
2.700000000000000178e+00 2.062797698295794346e-02
2.750000000000000000e+00 2.071863066932179420e-02
2.800000000000000266e+00 2.078834714211125201e-02
2.850000000000000089e+00 2.083732310345160627e-02
2.900000000000000355e+00 2.086580142486998274e-02
2.950000000000000178e+00 2.087409907931104744e-02
3.000000000000000000e+00 2.086260057183344022e-02
3.050000000000000266e+00 2.083174709540601410e-02
3.100000000000000089e+00 2.078203842225671144e-02
3.150000000000000355e+00 2.071403056854084768e-02
3.200000000000000178e+00 2.062832862724147190e-02
3.250000000000000000e+00 2.052559023317439627e-02
3.300000000000000266e+00 2.040651761826651686e-02
3.350000000000000089e+00 2.027185264601834985e-02
3.400000000000000355e+00 2.012237427430463646e-02
3.450000000000000178e+00 1.995889302862363310e-02
3.500000000000000000e+00 1.978225119428550505e-02
3.550000000000000266e+00 1.959331543741845566e-02
3.600000000000000089e+00 1.939294210248074593e-02
3.650000000000000355e+00 1.918209085778626796e-02
3.700000000000000178e+00 1.896155165174990762e-02
3.750000000000000000e+00 1.873230010339179200e-02
3.800000000000000266e+00 1.849527493757971083e-02
3.850000000000000089e+00 1.825126339238922202e-02
3.900000000000000355e+00 1.800121570848512223e-02
3.950000000000000178e+00 1.774596863976922456e-02
4.000000000000000000e+00 1.748633233318318964e-02
4.049999999999999822e+00 1.722314815166081300e-02
4.100000000000000533e+00 1.695716890911454916e-02
4.150000000000000355e+00 1.668916296205352409e-02
4.200000000000000178e+00 1.641981203415912582e-02
4.250000000000000000e+00 1.614975080725302228e-02
4.299999999999999822e+00 1.587966665546492948e-02
4.350000000000000533e+00 1.561011578481578954e-02
4.400000000000000355e+00 1.534161753441505051e-02
4.450000000000000178e+00 1.507468255673289660e-02
4.500000000000000000e+00 1.480975641846604164e-02
4.549999999999999822e+00 1.454724865006583497e-02
4.600000000000000533e+00 1.428752525614384455e-02
4.650000000000000355e+00 1.403091196207212864e-02
4.700000000000000178e+00 1.377769587672546953e-02
4.750000000000000000e+00 1.352812573146454367e-02
4.800000000000000711e+00 1.328241976598031233e-02
4.850000000000000533e+00 1.304075264787611134e-02
4.900000000000000355e+00 1.280328063807945234e-02
4.950000000000000178e+00 1.257012798934736310e-02
5.000000000000000000e+00 1.234138161212578431e-02
5.050000000000000711e+00 1.211711867244022293e-02
5.100000000000000533e+00 1.189738850737362061e-02
5.150000000000000355e+00 1.168221579018742518e-02
5.200000000000000178e+00 1.147161064101667911e-02
5.250000000000000000e+00 1.126557086289585105e-02
5.300000000000000711e+00 1.106407370892409023e-02
5.350000000000000533e+00 1.086708613660278266e-02
5.400000000000000355e+00 1.067456299254489899e-02
5.450000000000000178e+00 1.048644929957548780e-02
5.500000000000000000e+00 1.030268243991516383e-02
5.550000000000000711e+00 1.012319111801174808e-02
5.600000000000000533e+00 9.947900428871848597e-03
5.650000000000000355e+00 9.776725036640553437e-03
5.700000000000000178e+00 9.609583523670786956e-03
5.750000000000000000e+00 9.446387467681734151e-03
5.800000000000000711e+00 9.287043078585268535e-03
5.850000000000000533e+00 9.131459432818537711e-03
5.900000000000000355e+00 8.979545223082875324e-03
5.950000000000000178e+00 8.831214220321393499e-03
