0.000000000000000000e+00 -4.017845582658168685e-02
5.000000000000000278e-02 -4.017546404886311595e-02
1.000000000000000056e-01 -4.016646195182463353e-02
1.500000000000000222e-01 -4.015144436243035103e-02
2.000000000000000111e-01 -4.013039565843274509e-02
2.500000000000000000e-01 -4.010329583699757949e-02
3.000000000000000444e-01 -4.007010596089808502e-02
3.500000000000000333e-01 -4.003079107046095958e-02
4.000000000000000222e-01 -3.998531778240620171e-02
4.500000000000000111e-01 -3.993363078577889802e-02
5.000000000000000000e-01 -3.987568745239852830e-02
5.500000000000000444e-01 -3.981142865011829540e-02
6.000000000000000888e-01 -3.974079689844259300e-02
6.500000000000000222e-01 -3.966372492507175967e-02
7.000000000000000666e-01 -3.958015813319142734e-02
7.500000000000000000e-01 -3.949003763310955650e-02
8.000000000000000444e-01 -3.939330003370022232e-02
8.500000000000000888e-01 -3.928988859048398313e-02
9.000000000000000222e-01 -3.917973768241249377e-02
9.500000000000000666e-01 -3.906279730866454858e-02
1.000000000000000000e+00 -3.893902468156589664e-02
1.050000000000000044e+00 -3.880837631274194899e-02
1.100000000000000089e+00 -3.867081183169338715e-02
1.150000000000000133e+00 -3.852630389185902199e-02
1.200000000000000178e+00 -3.837483425869162718e-02
1.250000000000000000e+00 -3.821639507149014042e-02
1.300000000000000044e+00 -3.805098923093411939e-02
1.350000000000000089e+00 -3.787861266525248405e-02
1.400000000000000133e+00 -3.769933314830982429e-02
1.450000000000000178e+00 -3.751314672440425602e-02
1.500000000000000000e+00 -3.732011907691983738e-02
1.550000000000000044e+00 -3.712032027715379823e-02
1.600000000000000089e+00 -3.691382577680360488e-02
1.650000000000000133e+00 -3.670073151057708094e-02
1.700000000000000178e+00 -3.648115000792161167e-02
1.750000000000000000e+00 -3.625520699132633168e-02
1.800000000000000044e+00 -3.602303718463052695e-02
1.850000000000000089e+00 -3.578479856353498911e-02
1.900000000000000133e+00 -3.554066421290921762e-02
1.950000000000000178e+00 -3.529081211314565036e-02
2.000000000000000000e+00 -3.503544168765836825e-02
2.050000000000000266e+00 -3.477476407738895603e-02
2.100000000000000089e+00 -3.450900203883303791e-02
2.149999999999999911e+00 -3.423838901061333068e-02
2.200000000000000178e+00 -3.396317318101114979e-02
2.250000000000000000e+00 -3.368360869336371743e-02
2.300000000000000266e+00 -3.339996326013497385e-02
2.350000000000000089e+00 -3.311250594466531166e-02
2.400000000000000355e+00 -3.282152145906538226e-02
2.450000000000000178e+00 -3.252729607982540044e-02
2.500000000000000000e+00 -3.223012199352946749e-02
2.550000000000000266e+00 -3.193029485575633875e-02
2.600000000000000089e+00 -3.162811542484485899e-02
2.650000000000000355e+00 -3.132388568746064667e-02
2.700000000000000178e+00 -3.101790786135655287e-02
2.750000000000000000e+00 -3.071047362649689458e-02
2.800000000000000266e+00 -3.040191475306306540e-02
2.850000000000000089e+00 -3.009250299542121782e-02
2.900000000000000355e+00 -2.978253759389581923e-02
2.950000000000000178e+00 -2.947232279311778197e-02
3.000000000000000000e+00 -2.916213483243351029e-02
3.050000000000000266e+00 -2.885225765284762586e-02
3.100000000000000089e+00 -2.854296691301620725e-02
3.150000000000000355e+00 -2.823452776885292809e-02
3.200000000000000178e+00 -2.792719941644936782e-02
3.250000000000000000e+00 -2.762123034068040064e-02
3.300000000000000266e+00 -2.731686094083372873e-02
3.350000000000000089e+00 -2.701431968507988710e-02
3.400000000000000355e+00 -2.671382262962897214e-02
3.450000000000000178e+00 -2.641558478303294294e-02
3.500000000000000000e+00 -2.611979328287419161e-02
3.550000000000000266e+00 -2.582663461781106035e-02
3.600000000000000089e+00 -2.553627941151334624e-02
3.650000000000000355e+00 -2.524888665642797958e-02
3.700000000000000178e+00 -2.496460193848066764e-02
3.750000000000000000e+00 -2.468355906685788803e-02
3.800000000000000266e+00 -2.440587851002672115e-02
3.850000000000000089e+00 -2.413166916900897838e-02
3.900000000000000355e+00 -2.386102654510726534e-02
3.950000000000000178e+00 -2.359403457693057260e-02
4.000000000000000000e+00 -2.333076545457498166e-02
4.049999999999999822e+00 -2.307127943887099172e-02
4.100000000000000533e+00 -2.281562615349944437e-02
4.150000000000000355e+00 -2.256384441863441490e-02
4.200000000000000178e+00 -2.231596266855865804e-02
4.250000000000000000e+00 -2.207199885399852707e-02
4.299999999999999822e+00 -2.183196577806199509e-02
4.350000000000000533e+00 -2.159586156309908564e-02
4.400000000000000355e+00 -2.136367958439594483e-02
4.450000000000000178e+00 -2.113540416862359078e-02
4.500000000000000000e+00 -2.091102274498694846e-02
4.549999999999999822e+00 -2.069049770652718265e-02
4.600000000000000533e+00 -2.047379960995134029e-02
4.650000000000000355e+00 -2.026089001827940939e-02
4.700000000000000178e+00 -2.005172339593810915e-02
4.750000000000000000e+00 -1.984626075472240014e-02
4.800000000000000711e+00 -1.964444345946439116e-02
4.850000000000000533e+00 -1.944622045660431356e-02
4.900000000000000355e+00 -1.925153543261033662e-02
4.950000000000000178e+00 -1.906033015651670270e-02
5.000000000000000000e+00 -1.887254380947190127e-02
5.050000000000000711e+00 -1.868811480191232000e-02
5.100000000000000533e+00 -1.850698014657054663e-02
5.150000000000000355e+00 -1.832907594108463406e-02
5.200000000000000178e+00 -1.815433728883994111e-02
5.250000000000000000e+00 -1.798270183242037246e-02
5.300000000000000711e+00 -1.781410273246313014e-02
5.350000000000000533e+00 -1.764847360144636279e-02
5.400000000000000355e+00 -1.748575841341097267e-02
5.450000000000000178e+00 -1.732588538649559862e-02
5.500000000000000000e+00 -1.716879463516862714e-02
5.550000000000000711e+00 -1.701442379149885331e-02
5.600000000000000533e+00 -1.686271076835588537e-02
5.650000000000000355e+00 -1.671359762335059701e-02
5.700000000000000178e+00 -1.656702280178037542e-02
5.750000000000000000e+00 -1.642296173393880537e-02
5.800000000000000711e+00 -1.628138447761174473e-02
5.850000000000000533e+00 -1.614222734532446552e-02
5.900000000000000355e+00 -1.600542880849968597e-02
5.950000000000000178e+00 -1.587092940674758590e-02
