0.000000000000000000e+00 -4.031322395512413476e-02
5.000000000000000278e-02 -4.031028604295102541e-02
1.000000000000000056e-01 -4.030145385841821248e-02
1.500000000000000222e-01 -4.028671342673346978e-02
2.000000000000000111e-01 -4.026604956828925413e-02
2.500000000000000000e-01 -4.023943663219399502e-02
3.000000000000000444e-01 -4.020684320019904390e-02
3.500000000000000333e-01 -4.016822272071647604e-02
4.000000000000000222e-01 -4.012353270374493380e-02
4.500000000000000111e-01 -4.007271346949605600e-02
5.000000000000000000e-01 -4.001571436255247499e-02
5.500000000000000444e-01 -3.995247244956393745e-02
6.000000000000000888e-01 -3.988291781290581595e-02
6.500000000000000222e-01 -3.980698225177266986e-02
7.000000000000000666e-01 -3.972459852756982102e-02
7.500000000000000000e-01 -3.963569251619285250e-02
8.000000000000000444e-01 -3.954019245345953559e-02
8.500000000000000888e-01 -3.943803224694848730e-02
9.000000000000000222e-01 -3.932914085843047108e-02
9.500000000000000666e-01 -3.921345441684256222e-02
1.000000000000000000e+00 -3.909091510496374294e-02
1.050000000000000044e+00 -3.896146582835258859e-02
1.100000000000000089e+00 -3.882506110451767328e-02
1.150000000000000133e+00 -3.868166597774588822e-02
1.200000000000000178e+00 -3.853124553029637495e-02
1.250000000000000000e+00 -3.837378088915893021e-02
1.300000000000000044e+00 -3.820926511000651005e-02
1.350000000000000089e+00 -3.803770135616012238e-02
1.400000000000000133e+00 -3.785910798926789972e-02
1.450000000000000178e+00 -3.767351309366732265e-02
1.500000000000000000e+00 -3.748096142024374966e-02
1.550000000000000044e+00 -3.728151500584316741e-02
1.600000000000000089e+00 -3.707524658835287951e-02
1.650000000000000133e+00 -3.686224721370611607e-02
1.700000000000000178e+00 -3.664262514842708124e-02
1.750000000000000000e+00 -3.641650040541760669e-02
1.800000000000000044e+00 -3.618401162069275617e-02
1.850000000000000089e+00 -3.594531593438492906e-02
1.900000000000000133e+00 -3.570058084882231364e-02
1.950000000000000178e+00 -3.544999047268955483e-02
2.000000000000000000e+00 -3.519374648239061848e-02
2.050000000000000266e+00 -3.493206175032399774e-02
2.100000000000000089e+00 -3.466516283064136061e-02
2.149999999999999911e+00 -3.439328960197306911e-02
2.200000000000000178e+00 -3.411669369815999858e-02
2.250000000000000000e+00 -3.383563638489257841e-02
2.300000000000000266e+00 -3.355038839719488852e-02
2.350000000000000089e+00 -3.326123297099186499e-02
2.400000000000000355e+00 -3.296845814398017410e-02
2.450000000000000178e+00 -3.267235734530032909e-02
2.500000000000000000e+00 -3.237323180718297555e-02
2.550000000000000266e+00 -3.207138672990378359e-02
2.600000000000000089e+00 -3.176712969957908028e-02
2.650000000000000355e+00 -3.146077133735858400e-02
2.700000000000000178e+00 -3.115262327971891898e-02
2.750000000000000000e+00 -3.084299536129214703e-02
2.800000000000000266e+00 -3.053219685656425805e-02
2.850000000000000089e+00 -3.022053669803948309e-02
2.900000000000000355e+00 -2.990831846614841819e-02
2.950000000000000178e+00 -2.959584067173092609e-02
3.000000000000000000e+00 -2.928339824849962580e-02
3.050000000000000266e+00 -2.897127954830190297e-02
3.100000000000000089e+00 -2.865976542475145300e-02
3.150000000000000355e+00 -2.834912905530961869e-02
3.200000000000000178e+00 -2.803963289395255271e-02
3.250000000000000000e+00 -2.773153269037538157e-02
3.300000000000000266e+00 -2.742507417380075918e-02
3.350000000000000089e+00 -2.712049042219730893e-02
3.400000000000000355e+00 -2.681800367036131505e-02
3.450000000000000178e+00 -2.651782483481970182e-02
3.500000000000000000e+00 -2.622015355875368520e-02
3.550000000000000266e+00 -2.592517662663516506e-02
3.600000000000000089e+00 -2.563306551417572632e-02
3.650000000000000355e+00 -2.534398255951263168e-02
3.700000000000000178e+00 -2.505807639449676022e-02
3.750000000000000000e+00 -2.477548095598406178e-02
3.800000000000000266e+00 -2.449631791140455261e-02
3.850000000000000089e+00 -2.422069601471307093e-02
3.900000000000000355e+00 -2.394871240636347806e-02
3.950000000000000178e+00 -2.368044893579337312e-02
4.000000000000000000e+00 -2.341597876712308429e-02
4.049999999999999822e+00 -2.315536143661576021e-02
4.100000000000000533e+00 -2.289864437921555751e-02
4.150000000000000355e+00 -2.264586584604732708e-02
4.200000000000000178e+00 -2.239705230790934448e-02
4.250000000000000000e+00 -2.215221861056437466e-02
4.299999999999999822e+00 -2.191137447790372783e-02
4.350000000000000533e+00 -2.167451822974463330e-02
4.400000000000000355e+00 -2.144163945232125529e-02
4.450000000000000178e+00 -2.121272285405127050e-02
4.500000000000000000e+00 -2.098774175891197566e-02
4.549999999999999822e+00 -2.076666785613728514e-02
4.600000000000000533e+00 -2.054946415664796883e-02
4.650000000000000355e+00 -2.033609019284482108e-02
4.700000000000000178e+00 -2.012649869027349769e-02
4.750000000000000000e+00 -1.992064137659720763e-02
4.800000000000000711e+00 -1.971846545534337858e-02
4.850000000000000533e+00 -1.951991285152822331e-02
4.900000000000000355e+00 -1.932492581154672887e-02
4.950000000000000178e+00 -1.913344368061258710e-02
5.000000000000000000e+00 -1.894540382010991009e-02
5.050000000000000711e+00 -1.876074241614870616e-02
5.100000000000000533e+00 -1.857939458823786374e-02
5.150000000000000355e+00 -1.840129544336647355e-02
5.200000000000000178e+00 -1.822637967298449888e-02
5.250000000000000000e+00 -1.805458041950544837e-02
5.300000000000000711e+00 -1.788583255001074263e-02
5.350000000000000533e+00 -1.772007016946981761e-02
5.400000000000000355e+00 -1.755722811666744071e-02
5.450000000000000178e+00 -1.739724249840987960e-02
5.500000000000000000e+00 -1.724004861509180822e-02
5.550000000000000711e+00 -1.708558501137890859e-02
5.600000000000000533e+00 -1.693378915773892726e-02
5.650000000000000355e+00 -1.678459939477250362e-02
5.700000000000000178e+00 -1.663795647039568310e-02
5.750000000000000000e+00 -1.649380150484320781e-02
5.800000000000000711e+00 -1.635207655793088910e-02
5.850000000000000533e+00 -1.621272516807154007e-02
5.900000000000000355e+00 -1.607569243263360162e-02
5.950000000000000178e+00 -1.594092456011878683e-02
6.000000000000000000e+00 -1.580836882622724607e-02
6.050000000000000711e+00 -1.567797381438471027e-02
6.100000000000000533e+00 -1.554968975293284303e-02
6.150000000000000355e+00 -1.542346735516038521e-02
6.200000000000000178e+00 -1.529925992486180254e-02
6.250000000000000000e+00 -1.517702044476718082e-02
6.300000000000000711e+00 -1.505670419435405950e-02
6.350000000000000533e+00 -1.493826788727562610e-02
6.400000000000000355e+00 -1.482166865892212658e-02
6.450000000000000178e+00 -1.470686489128968100e-02
6.500000000000000000e+00 -1.459381751012430763e-02
6.550000000000000711e+00 -1.448248694602829491e-02
6.600000000000000533e+00 -1.437283466845004978e-02
6.650000000000000355e+00 -1.426482399542680982e-02
6.700000000000000178e+00 -1.415841895633926893e-02
6.750000000000000000e+00 -1.405358492421814043e-02
6.800000000000000711e+00 -1.395028817633710630e-02
6.850000000000000533e+00 -1.384849542821120494e-02
6.900000000000000355e+00 -1.374817436532309312e-02
6.950000000000000178e+00 -1.364929390219165109e-02
7.000000000000000000e+00 -1.355182303039515965e-02
7.050000000000000711e+00 -1.345573299833574890e-02
7.100000000000000533e+00 -1.336099421753555484e-02
7.150000000000000355e+00 -1.326757829657823108e-02
7.200000000000000178e+00 -1.317545855423922323e-02
7.250000000000000000e+00 -1.308460799890820772e-02
7.300000000000000711e+00 -1.299500044212987052e-02
7.350000000000000533e+00 -1.290661091373268218e-02
7.400000000000000355e+00 -1.281941472841242012e-02
7.450000000000000178e+00 -1.273338763817188739e-02
7.500000000000000000e+00 -1.264850640834440029e-02
7.550000000000000711e+00 -1.256474832382396302e-02
7.600000000000000533e+00 -1.248209089195812492e-02
7.650000000000000355e+00 -1.240051305110786116e-02
7.700000000000000178e+00 -1.231999369612518831e-02
7.750000000000000000e+00 -1.224051238910244498e-02
7.800000000000000711e+00 -1.216204933396075431e-02
7.850000000000000533e+00 -1.208458505116919747e-02
7.900000000000000355e+00 -1.200810068223719107e-02
7.950000000000000178e+00 -1.193257789952465939e-02
8.000000000000000000e+00 -1.185799892325670873e-02
8.050000000000000711e+00 -1.178434592375229850e-02
8.099999999999999645e+00 -1.171160227138665945e-02
8.150000000000000355e+00 -1.163975116312074634e-02
8.200000000000001066e+00 -1.156877625287678311e-02
8.250000000000000000e+00 -1.149866154816896538e-02
8.300000000000000711e+00 -1.142939174699352835e-02
8.349999999999999645e+00 -1.136095186183092888e-02
8.400000000000000355e+00 -1.129332705647979017e-02
8.450000000000001066e+00 -1.122650277549462790e-02
8.500000000000000000e+00 -1.116046483547860832e-02
8.550000000000000711e+00 -1.109519941005079370e-02
8.599999999999999645e+00 -1.103069305578182301e-02
8.650000000000000355e+00 -1.096693261443922908e-02
8.700000000000001066e+00 -1.090390498203869067e-02
8.750000000000000000e+00 -1.084159742101081791e-02
8.800000000000000711e+00 -1.077999781887476610e-02
8.849999999999999645e+00 -1.071909420869026838e-02
8.900000000000000355e+00 -1.065887465272418420e-02
8.950000000000001066e+00 -1.059932754660265763e-02
9.000000000000000000e+00 -1.054044186845881463e-02
9.050000000000000711e+00 -1.048220669569564084e-02
9.099999999999999645e+00 -1.042461097015051109e-02
9.150000000000000355e+00 -1.036764437131920680e-02
9.200000000000001066e+00 -1.031129685493799991e-02
9.250000000000000000e+00 -1.025555829596263256e-02
9.300000000000000711e+00 -1.020041904481919746e-02
9.349999999999999645e+00 -1.014586949746493043e-02
9.400000000000000355e+00 -1.009190002024835768e-02
9.450000000000001066e+00 -1.003850165133946849e-02
9.500000000000000000e+00 -9.985665536563060815e-03
9.550000000000000711e+00 -9.933382935718061343e-03
9.600000000000001421e+00 -9.881644988530006307e-03
9.650000000000000355e+00 -9.830443318633483654e-03
9.700000000000001066e+00 -9.779769958630002424e-03
9.750000000000000000e+00 -9.729616577038564459e-03
9.800000000000000711e+00 -9.679975011689800554e-03
9.850000000000001421e+00 -9.630837805531691428e-03
9.900000000000000355e+00 -9.582196976678062500e-03
9.950000000000001066e+00 -9.534045217264485589e-03
1.000000000000000000e+01 -9.486375095012341760e-03
1.005000000000000071e+01 -9.439179381150620413e-03
1.010000000000000142e+01 -9.392450884469362438e-03
1.015000000000000036e+01 -9.346182657711102348e-03
1.020000000000000107e+01 -9.300367985277713939e-03
1.025000000000000000e+01 -9.255000205883798930e-03
1.030000000000000071e+01 -9.210072717802749234e-03
1.035000000000000142e+01 -9.165579034942738026e-03
1.040000000000000036e+01 -9.121512981258789524e-03
1.045000000000000107e+01 -9.077868472470636621e-03
1.050000000000000000e+01 -9.034639345129389168e-03
1.055000000000000071e+01 -8.991819794163913304e-03
1.060000000000000142e+01 -8.949404085997522684e-03
1.065000000000000036e+01 -8.907386498787257800e-03
1.070000000000000107e+01 -8.865761540554007586e-03
1.075000000000000000e+01 -8.824523742346986749e-03
1.080000000000000071e+01 -8.783667797350545176e-03
1.085000000000000142e+01 -8.743188474555605577e-03
1.090000000000000036e+01 -8.703080597139258370e-03
1.095000000000000107e+01 -8.663339133564502276e-03
1.100000000000000000e+01 -8.623959138800230476e-03
1.105000000000000071e+01 -8.584935693756944389e-03
1.110000000000000142e+01 -8.546264001588883136e-03
1.115000000000000036e+01 -8.507939319753991467e-03
1.120000000000000107e+01 -8.469957001878842748e-03
1.125000000000000000e+01 -8.432312458373272465e-03
1.130000000000000071e+01 -8.395001178255390509e-03
1.135000000000000142e+01 -8.358018724719308915e-03
1.140000000000000036e+01 -8.321360733636647827e-03
1.145000000000000107e+01 -8.285022913839106343e-03
1.150000000000000000e+01 -8.249001075083285672e-03
1.155000000000000071e+01 -8.213291113719288494e-03
1.160000000000000142e+01 -8.177888996849808773e-03
1.165000000000000036e+01 -8.142790760811825443e-03
1.170000000000000107e+01 -8.107992509697245845e-03
1.175000000000000000e+01 -8.073490413911300206e-03
1.180000000000000071e+01 -8.039280708767608183e-03
1.185000000000000142e+01 -8.005359693118798553e-03
1.190000000000000036e+01 -7.971723728021662056e-03
1.195000000000000107e+01 -7.938369235435796534e-03
