0.000000000000000000e+00 -4.010294097866686641e-02
5.000000000000000278e-02 -4.009989312557186297e-02
1.000000000000000056e-01 -4.009073125761882656e-02
1.500000000000000222e-01 -4.007545029491426519e-02
2.000000000000000111e-01 -4.005403703847096319e-02
2.500000000000000000e-01 -4.002646812077124971e-02
3.000000000000000444e-01 -3.999271662046979120e-02
3.500000000000000333e-01 -3.995275312193038997e-02
4.000000000000000222e-01 -3.990654090717225128e-02
4.500000000000000111e-01 -3.985403175862132358e-02
5.000000000000000000e-01 -3.979518799510639582e-02
5.500000000000000444e-01 -3.972996593947437927e-02
6.000000000000000888e-01 -3.965830373390773211e-02
6.500000000000000222e-01 -3.958015927327704353e-02
7.000000000000000666e-01 -3.949548152610346530e-02
7.500000000000000000e-01 -3.940421437710124597e-02
8.000000000000000444e-01 -3.930630320976782194e-02
8.500000000000000888e-01 -3.920170911583104739e-02
9.000000000000000222e-01 -3.909037965151775096e-02
9.500000000000000666e-01 -3.897227211751097542e-02
1.000000000000000000e+00 -3.884735405324024615e-02
1.050000000000000044e+00 -3.871558604319572106e-02
1.100000000000000089e+00 -3.857694924046527890e-02
1.150000000000000133e+00 -3.843142773997208772e-02
1.200000000000000178e+00 -3.827901260119184745e-02
1.250000000000000000e+00 -3.811970197159603169e-02
1.300000000000000044e+00 -3.795350638471247512e-02
1.350000000000000089e+00 -3.778043601695390413e-02
1.400000000000000133e+00 -3.760057206980793598e-02
1.450000000000000178e+00 -3.741391060172042510e-02
1.500000000000000000e+00 -3.722052952272329740e-02
1.550000000000000044e+00 -3.702049704331889651e-02
1.600000000000000089e+00 -3.681389959141063983e-02
1.650000000000000133e+00 -3.660084082693456503e-02
1.700000000000000178e+00 -3.638142887152866212e-02
1.750000000000000000e+00 -3.615579237881865610e-02
1.800000000000000044e+00 -3.592407066732120069e-02
1.850000000000000089e+00 -3.568642221605004133e-02
1.900000000000000133e+00 -3.544301401669244095e-02
1.950000000000000178e+00 -3.519402517653673346e-02
2.000000000000000000e+00 -3.493965183431515381e-02
2.050000000000000266e+00 -3.468010290412297525e-02
2.100000000000000089e+00 -3.441559388070818126e-02
2.149999999999999911e+00 -3.414635227361648151e-02
2.200000000000000178e+00 -3.387262316212214658e-02
2.250000000000000000e+00 -3.359465323847712209e-02
2.300000000000000266e+00 -3.331269893895008605e-02
2.350000000000000089e+00 -3.302702691697836229e-02
2.400000000000000355e+00 -3.273791253322379247e-02
2.450000000000000178e+00 -3.244563210750343873e-02
2.500000000000000000e+00 -3.215047088044339918e-02
2.550000000000000266e+00 -3.185271656920785760e-02
2.600000000000000089e+00 -3.155266116956458727e-02
2.650000000000000355e+00 -3.125059689686302683e-02
2.700000000000000178e+00 -3.094681867120169239e-02
2.750000000000000000e+00 -3.064161044746686879e-02
2.800000000000000266e+00 -3.033529571056125737e-02
2.850000000000000089e+00 -3.002813741275227322e-02
2.900000000000000355e+00 -2.972042835308694175e-02
2.950000000000000178e+00 -2.941246572709906026e-02
3.000000000000000000e+00 -2.910451813261213244e-02
3.050000000000000266e+00 -2.879686334040538684e-02
3.100000000000000089e+00 -2.848977110195947612e-02
3.150000000000000355e+00 -2.818350068544539164e-02
3.200000000000000178e+00 -2.787830579858662644e-02
3.250000000000000000e+00 -2.757443016984581149e-02
3.300000000000000266e+00 -2.727210970392670783e-02
3.350000000000000089e+00 -2.697156854745609567e-02
3.400000000000000355e+00 -2.667301917218607016e-02
3.450000000000000178e+00 -2.637667353411309729e-02
3.500000000000000000e+00 -2.608271568702536999e-02
3.550000000000000266e+00 -2.579132936961756398e-02
3.600000000000000089e+00 -2.550268376172643014e-02
3.650000000000000355e+00 -2.521693562334934371e-02
3.700000000000000178e+00 -2.493422985648712301e-02
3.750000000000000000e+00 -2.465469895742472550e-02
3.800000000000000266e+00 -2.437846313334859558e-02
3.850000000000000089e+00 -2.410563078418890073e-02
3.900000000000000355e+00 -2.383629778148956685e-02
3.950000000000000178e+00 -2.357054848420744170e-02
4.000000000000000000e+00 -2.330845571038650185e-02
4.049999999999999822e+00 -2.305008111619245501e-02
4.100000000000000533e+00 -2.279547545892018218e-02
4.150000000000000355e+00 -2.254467900709510031e-02
4.200000000000000178e+00 -2.229772199267170130e-02
4.250000000000000000e+00 -2.205462416108220150e-02
4.299999999999999822e+00 -2.181540062705621466e-02
4.350000000000000533e+00 -2.158005145092825247e-02
4.400000000000000355e+00 -2.134857230461455896e-02
4.450000000000000178e+00 -2.112094979311493134e-02
4.500000000000000000e+00 -2.089717443064199529e-02
4.549999999999999822e+00 -2.067721028158661656e-02
4.600000000000000533e+00 -2.046103062428742542e-02
4.650000000000000355e+00 -2.024859948491423978e-02
4.700000000000000178e+00 -2.003987351323045785e-02
4.750000000000000000e+00 -1.983481672391658804e-02
4.800000000000000711e+00 -1.963337221010743802e-02
4.850000000000000533e+00 -1.943549133119837000e-02
4.900000000000000355e+00 -1.924111997731885529e-02
4.950000000000000178e+00 -1.905020194881635112e-02
5.000000000000000000e+00 -1.886267835618492955e-02
5.050000000000000711e+00 -1.867848954281140991e-02
5.100000000000000533e+00 -1.849757434145515855e-02
5.150000000000000355e+00 -1.831987049628138603e-02
5.200000000000000178e+00 -1.814531457485958968e-02
5.250000000000000000e+00 -1.797384590151810541e-02
5.300000000000000711e+00 -1.780539882094872919e-02
5.350000000000000533e+00 -1.763990804781011973e-02
5.400000000000000355e+00 -1.747731934395439085e-02
5.450000000000000178e+00 -1.731756139338783834e-02
5.500000000000000000e+00 -1.716057552988564314e-02
5.550000000000000711e+00 -1.700630026969176395e-02
5.600000000000000533e+00 -1.685467431506671929e-02
5.650000000000000355e+00 -1.670564067758190455e-02
5.700000000000000178e+00 -1.655913830732935049e-02
5.750000000000000000e+00 -1.641514580030909581e-02
5.800000000000000711e+00 -1.627363592272022125e-02
5.850000000000000533e+00 -1.613454501739782637e-02
5.900000000000000355e+00 -1.599781158504699763e-02
5.950000000000000178e+00 -1.586337619357601481e-02
