0.000000000000000000e+00 -4.114707209413130673e-02
5.000000000000000278e-02 -4.114390419857521380e-02
1.000000000000000056e-01 -4.113438542361546463e-02
1.500000000000000222e-01 -4.111850172182932028e-02
2.000000000000000111e-01 -4.109623888752367976e-02
2.500000000000000000e-01 -4.106756768522711043e-02
3.000000000000000444e-01 -4.103245302932220784e-02
3.500000000000000333e-01 -4.099085519297534369e-02
4.000000000000000222e-01 -4.094272483107593008e-02
4.500000000000000111e-01 -4.088800797662970471e-02
5.000000000000000000e-01 -4.082664629381355798e-02
5.500000000000000444e-01 -4.075857659251584664e-02
6.000000000000000888e-01 -4.068372929322319753e-02
6.500000000000000222e-01 -4.060203715113854667e-02
7.000000000000000666e-01 -4.051342793585798602e-02
7.500000000000000000e-01 -4.041782998233450774e-02
8.000000000000000444e-01 -4.031516949235176145e-02
8.500000000000000888e-01 -4.020537922723140672e-02
9.000000000000000222e-01 -4.008838916993773954e-02
9.500000000000000666e-01 -3.996413751673974502e-02
1.000000000000000000e+00 -3.983256953541668144e-02
1.050000000000000044e+00 -3.969362994123560445e-02
1.100000000000000089e+00 -3.954727891191058692e-02
1.150000000000000133e+00 -3.939347710653975237e-02
1.200000000000000178e+00 -3.923221837222114206e-02
1.250000000000000000e+00 -3.906347505783500790e-02
1.300000000000000044e+00 -3.888725311754696184e-02
1.350000000000000089e+00 -3.870355973473333516e-02
1.400000000000000133e+00 -3.851245736609765213e-02
1.450000000000000178e+00 -3.831396003149141471e-02
1.500000000000000000e+00 -3.810813543290804406e-02
1.550000000000000044e+00 -3.789506566191546549e-02
1.600000000000000089e+00 -3.767485015451754737e-02
1.650000000000000133e+00 -3.744759757504876468e-02
1.700000000000000178e+00 -3.721343455684437973e-02
1.750000000000000000e+00 -3.697251409152509799e-02
1.800000000000000044e+00 -3.672500023376172595e-02
1.850000000000000089e+00 -3.647107181339304810e-02
1.900000000000000133e+00 -3.621092850281584091e-02
1.950000000000000178e+00 -3.594478035247599540e-02
2.000000000000000000e+00 -3.567285864371602666e-02
2.050000000000000266e+00 -3.539540478491542963e-02
2.100000000000000089e+00 -3.511267485592258625e-02
2.149999999999999911e+00 -3.482493460634963206e-02
2.200000000000000178e+00 -3.453246614863621222e-02
2.250000000000000000e+00 -3.423556146397234434e-02
2.300000000000000266e+00 -3.393451674385224853e-02
2.350000000000000089e+00 -3.362963682520419412e-02
2.400000000000000355e+00 -3.332124063542821202e-02
2.450000000000000178e+00 -3.300964959673142324e-02
2.500000000000000000e+00 -3.269518148060044510e-02
2.550000000000000266e+00 -3.237816872831045245e-02
2.600000000000000089e+00 -3.205894467840417206e-02
2.650000000000000355e+00 -3.173783592448091440e-02
2.700000000000000178e+00 -3.141517374308895605e-02
2.750000000000000000e+00 -3.109128626360768699e-02
2.800000000000000266e+00 -3.076651791772767874e-02
2.850000000000000089e+00 -3.044117469154045824e-02
2.900000000000000355e+00 -3.011558029471586920e-02
2.950000000000000178e+00 -2.979005821520368247e-02
3.000000000000000000e+00 -2.946490869061745704e-02
3.050000000000000266e+00 -2.914043416403597209e-02
3.100000000000000089e+00 -2.881692931075308800e-02
3.150000000000000355e+00 -2.849467639666910732e-02
3.200000000000000178e+00 -2.817394804359666868e-02
3.250000000000000000e+00 -2.785500898473979026e-02
3.300000000000000266e+00 -2.753810910949474472e-02
3.350000000000000089e+00 -2.722348737273689798e-02
3.400000000000000355e+00 -2.691136919116102547e-02
3.450000000000000178e+00 -2.660197185022397312e-02
3.500000000000000000e+00 -2.629549100194954539e-02
3.550000000000000266e+00 -2.599211273621238744e-02
3.600000000000000089e+00 -2.569200967941258004e-02
3.650000000000000355e+00 -2.539533809115413279e-02
3.700000000000000178e+00 -2.510224132668905858e-02
3.750000000000000000e+00 -2.481284740776912995e-02
3.800000000000000266e+00 -2.452727059521403463e-02
3.850000000000000089e+00 -2.424561100575242309e-02
3.900000000000000355e+00 -2.396795489698202997e-02
3.950000000000000178e+00 -2.369437474437427124e-02
4.000000000000000000e+00 -2.342493016294826258e-02
4.049999999999999822e+00 -2.315966864011299864e-02
4.100000000000000533e+00 -2.289862531263871931e-02
4.150000000000000355e+00 -2.264182385300774619e-02
4.200000000000000178e+00 -2.238927719800053173e-02
4.250000000000000000e+00 -2.214098745150269373e-02
4.299999999999999822e+00 -2.189695001470214064e-02
4.350000000000000533e+00 -2.165714725206023539e-02
4.400000000000000355e+00 -2.142155627637031337e-02
4.450000000000000178e+00 -2.119014485996856961e-02
4.500000000000000000e+00 -2.096288139693008520e-02
4.549999999999999822e+00 -2.073971575969901782e-02
4.600000000000000533e+00 -2.052060137094854214e-02
4.650000000000000355e+00 -2.030548471781317560e-02
4.700000000000000178e+00 -2.009430641972102805e-02
4.750000000000000000e+00 -1.988701084441389308e-02
4.800000000000000711e+00 -1.968352838817136533e-02
4.850000000000000533e+00 -1.948379432816556289e-02
4.900000000000000355e+00 -1.928774018603591350e-02
4.950000000000000178e+00 -1.909529606971771543e-02
5.000000000000000000e+00 -1.890639037903773731e-02
5.050000000000000711e+00 -1.872094801979921549e-02
5.100000000000000533e+00 -1.853890653234126218e-02
5.150000000000000355e+00 -1.836018320164470308e-02
5.200000000000000178e+00 -1.818470830178835901e-02
5.250000000000000000e+00 -1.801241106115391080e-02
5.300000000000000711e+00 -1.784321862853382318e-02
5.350000000000000533e+00 -1.767705845720543567e-02
5.400000000000000355e+00 -1.751386597847271950e-02
5.450000000000000178e+00 -1.735356654126495035e-02
5.500000000000000000e+00 -1.719609442379237824e-02
5.550000000000000711e+00 -1.704138268419338673e-02
5.600000000000000533e+00 -1.688936537205788097e-02
5.650000000000000355e+00 -1.673998005600628447e-02
5.700000000000000178e+00 -1.659316242576518510e-02
5.750000000000000000e+00 -1.644887405684548887e-02
5.800000000000000711e+00 -1.630707341842440455e-02
5.850000000000000533e+00 -1.616769672254043597e-02
5.900000000000000355e+00 -1.603068234353585350e-02
5.950000000000000178e+00 -1.589597072720362256e-02
