0.000000000000000000e+00 -4.086923936032112181e-02
5.000000000000000278e-02 -4.086592319830089498e-02
1.000000000000000056e-01 -4.085595475706817886e-02
1.500000000000000222e-01 -4.083932552531577970e-02
2.000000000000000111e-01 -4.081602827573150433e-02
2.500000000000000000e-01 -4.078604553337237398e-02
3.000000000000000444e-01 -4.074936017217194867e-02
3.500000000000000333e-01 -4.070594199135110780e-02
4.000000000000000222e-01 -4.065576521060881854e-02
4.500000000000000111e-01 -4.059879891277132224e-02
5.000000000000000000e-01 -4.053500121996121697e-02
5.500000000000000444e-01 -4.046434261691453371e-02
6.000000000000000888e-01 -4.038678116462850881e-02
6.500000000000000222e-01 -4.030227777344531220e-02
7.000000000000000666e-01 -4.021079294348495203e-02
7.500000000000000000e-01 -4.011228201396893622e-02
8.000000000000000444e-01 -4.000670801629533507e-02
8.500000000000000888e-01 -3.989404285371705994e-02
9.000000000000000222e-01 -3.977424226424985249e-02
9.500000000000000666e-01 -3.964728060723682335e-02
1.000000000000000000e+00 -3.951313302660864474e-02
1.050000000000000044e+00 -3.937177923921375555e-02
1.100000000000000089e+00 -3.922321090280484618e-02
1.150000000000000133e+00 -3.906742158511682106e-02
1.200000000000000178e+00 -3.890441595477776154e-02
1.250000000000000000e+00 -3.873420863345562043e-02
1.300000000000000044e+00 -3.855682431764134721e-02
1.350000000000000089e+00 -3.837230060804603521e-02
1.400000000000000133e+00 -3.818066627613029423e-02
1.450000000000000178e+00 -3.798203874203064101e-02
1.500000000000000000e+00 -3.777643768007085678e-02
1.550000000000000044e+00 -3.756396715489989518e-02
1.600000000000000089e+00 -3.734473598574425401e-02
1.650000000000000133e+00 -3.711885825105607634e-02
1.700000000000000178e+00 -3.688646750190435752e-02
1.750000000000000000e+00 -3.664770720311074509e-02
1.800000000000000044e+00 -3.640274300767395999e-02
1.850000000000000089e+00 -3.615175201151760165e-02
1.900000000000000133e+00 -3.589492422175858538e-02
1.950000000000000178e+00 -3.563246171004001012e-02
2.000000000000000000e+00 -3.536458509850583243e-02
2.050000000000000266e+00 -3.509152408819353475e-02
2.100000000000000089e+00 -3.481352248116698078e-02
2.149999999999999911e+00 -3.453083075444304123e-02
2.200000000000000178e+00 -3.424371585599435969e-02
2.250000000000000000e+00 -3.395245016464765869e-02
2.300000000000000266e+00 -3.365731611679714103e-02
2.350000000000000089e+00 -3.335859848871496058e-02
2.400000000000000355e+00 -3.305659740307758526e-02
2.450000000000000178e+00 -3.275161168716819032e-02
2.500000000000000000e+00 -3.244394423692716772e-02
2.550000000000000266e+00 -3.213390281697479228e-02
2.600000000000000089e+00 -3.182179729534549001e-02
2.650000000000000355e+00 -3.150793675018626755e-02
2.700000000000000178e+00 -3.119262889525709764e-02
2.750000000000000000e+00 -3.087617595067845139e-02
2.800000000000000266e+00 -3.055890738368121501e-02
2.850000000000000089e+00 -3.024109878146293007e-02
2.900000000000000355e+00 -2.992305577714007847e-02
2.950000000000000178e+00 -2.960507796662227922e-02
3.000000000000000000e+00 -2.928744187560799322e-02
3.050000000000000266e+00 -2.897043031016426073e-02
3.100000000000000089e+00 -2.865431593562616300e-02
3.150000000000000355e+00 -2.833935924308446028e-02
3.200000000000000178e+00 -2.802581571696536114e-02
3.250000000000000000e+00 -2.771392829433840660e-02
3.300000000000000266e+00 -2.740393166814406034e-02
3.350000000000000089e+00 -2.709604806291102119e-02
3.400000000000000355e+00 -2.679048500369917221e-02
3.450000000000000178e+00 -2.648745107606151686e-02
3.500000000000000000e+00 -2.618712685633258277e-02
3.550000000000000266e+00 -2.588968803588896292e-02
3.600000000000000089e+00 -2.559529960350854713e-02
3.650000000000000355e+00 -2.530411096008493635e-02
3.700000000000000178e+00 -2.501624311414672036e-02
3.750000000000000000e+00 -2.473187084270467989e-02
3.800000000000000266e+00 -2.445105521623457817e-02
3.850000000000000089e+00 -2.417391437945416374e-02
3.900000000000000355e+00 -2.390053398978581045e-02
3.950000000000000178e+00 -2.363099034372142040e-02
4.000000000000000000e+00 -2.336534615068612541e-02
4.049999999999999822e+00 -2.310365373522764790e-02
4.100000000000000533e+00 -2.284595394381102804e-02
4.150000000000000355e+00 -2.259227728539158625e-02
4.200000000000000178e+00 -2.234264404633584666e-02
4.250000000000000000e+00 -2.209706512885448171e-02
4.299999999999999822e+00 -2.185554229139699892e-02
4.350000000000000533e+00 -2.161806988396644882e-02
4.400000000000000355e+00 -2.138463247083300864e-02
4.450000000000000178e+00 -2.115520568142582186e-02
4.500000000000000000e+00 -2.092977035666835142e-02
4.549999999999999822e+00 -2.070828303041648624e-02
4.600000000000000533e+00 -2.049070737933750622e-02
4.650000000000000355e+00 -2.027699877529588052e-02
4.700000000000000178e+00 -2.006710602774533156e-02
4.750000000000000000e+00 -1.986098364257298313e-02
4.800000000000000711e+00 -1.965856853065127419e-02
4.850000000000000533e+00 -1.945980432379238942e-02
4.900000000000000355e+00 -1.926462999714220747e-02
4.950000000000000178e+00 -1.907298279913233890e-02
5.000000000000000000e+00 -1.888479774623713636e-02
5.050000000000000711e+00 -1.870000946657649279e-02
5.100000000000000533e+00 -1.851855136357096962e-02
5.150000000000000355e+00 -1.834035634387017055e-02
5.200000000000000178e+00 -1.816535639117342060e-02
5.250000000000000000e+00 -1.799348610543376886e-02
5.300000000000000711e+00 -1.782467629941443879e-02
5.350000000000000533e+00 -1.765885844514733863e-02
5.400000000000000355e+00 -1.749597343799113788e-02
5.450000000000000178e+00 -1.733594845245049407e-02
5.500000000000000000e+00 -1.717872146837244249e-02
5.550000000000000711e+00 -1.702422848328827981e-02
5.600000000000000533e+00 -1.687240605606916272e-02
5.650000000000000355e+00 -1.672319456329525791e-02
5.700000000000000178e+00 -1.657653162190905749e-02
5.750000000000000000e+00 -1.643238786867506560e-02
5.800000000000000711e+00 -1.629072935256579632e-02
5.850000000000000533e+00 -1.615149234955241125e-02
5.900000000000000355e+00 -1.601461529574264853e-02
5.950000000000000178e+00 -1.588003869661876177e-02
