0.000000000000000000e+00 -4.000664820685047307e-02
5.000000000000000278e-02 -4.000366710121926184e-02
1.000000000000000056e-01 -3.999470393384725597e-02
1.500000000000000222e-01 -3.997975172641029390e-02
2.000000000000000111e-01 -3.995880147937561078e-02
2.500000000000000000e-01 -3.993183505956374862e-02
3.000000000000000444e-01 -3.989883325523965740e-02
3.500000000000000333e-01 -3.985977267952820619e-02
4.000000000000000222e-01 -3.981461951140902178e-02
4.500000000000000111e-01 -3.976334114414656340e-02
5.000000000000000000e-01 -3.970589922695930835e-02
5.500000000000000444e-01 -3.964225286462088466e-02
6.000000000000000888e-01 -3.957235760693268017e-02
6.500000000000000222e-01 -3.949616568711300513e-02
7.000000000000000666e-01 -3.941363086353703166e-02
7.500000000000000000e-01 -3.932469919315881302e-02
8.000000000000000444e-01 -3.922932335886068766e-02
8.500000000000000888e-01 -3.912744707474297839e-02
9.000000000000000222e-01 -3.901902566489168916e-02
9.500000000000000666e-01 -3.890400823979710959e-02
1.000000000000000000e+00 -3.878234668585036488e-02
1.050000000000000044e+00 -3.865400118082686076e-02
1.100000000000000089e+00 -3.851893678746602656e-02
1.150000000000000133e+00 -3.837712257291715084e-02
1.200000000000000178e+00 -3.822853120566779145e-02
1.250000000000000000e+00 -3.807314772639266293e-02
1.300000000000000044e+00 -3.791097007848195227e-02
1.350000000000000089e+00 -3.774199855961970357e-02
1.400000000000000133e+00 -3.756624823277791153e-02
1.450000000000000178e+00 -3.738375075402515513e-02
1.500000000000000000e+00 -3.719454202067234289e-02
1.550000000000000044e+00 -3.699867689184280217e-02
1.600000000000000089e+00 -3.679622808765044273e-02
1.650000000000000133e+00 -3.658727856182008437e-02
1.700000000000000178e+00 -3.637192442076312565e-02
1.750000000000000000e+00 -3.615028004383184779e-02
1.800000000000000044e+00 -3.592247671945945214e-02
1.850000000000000089e+00 -3.568865927988607717e-02
1.900000000000000133e+00 -3.544898804134830050e-02
1.950000000000000178e+00 -3.520363774380974586e-02
2.000000000000000000e+00 -3.495279652396610093e-02
2.050000000000000266e+00 -3.469666908551227724e-02
2.100000000000000089e+00 -3.443547486939745744e-02
2.149999999999999911e+00 -3.416943916355735106e-02
2.200000000000000178e+00 -3.389880008489389029e-02
2.250000000000000000e+00 -3.362381087225727733e-02
2.300000000000000266e+00 -3.334473086611011716e-02
2.350000000000000089e+00 -3.306182821987612569e-02
2.400000000000000355e+00 -3.277537821078405772e-02
2.450000000000000178e+00 -3.248566042734827436e-02
2.500000000000000000e+00 -3.219296159969727705e-02
2.550000000000000266e+00 -3.189757808226697383e-02
2.600000000000000089e+00 -3.159979934174703825e-02
2.650000000000000355e+00 -3.129991806782192465e-02
2.700000000000000178e+00 -3.099823336315175870e-02
2.750000000000000000e+00 -3.069503938032448406e-02
2.800000000000000266e+00 -3.039063004342480029e-02
2.850000000000000089e+00 -3.008529889527081919e-02
2.900000000000000355e+00 -2.977933136935779351e-02
2.950000000000000178e+00 -2.947301579817207876e-02
3.000000000000000000e+00 -2.916663301657146379e-02
3.050000000000000266e+00 -2.886045416769607297e-02
3.100000000000000089e+00 -2.855474899708279266e-02
3.150000000000000355e+00 -2.824977754951148168e-02
3.200000000000000178e+00 -2.794579293000176018e-02
3.250000000000000000e+00 -2.764304075440231906e-02
3.300000000000000266e+00 -2.734175414951721395e-02
3.350000000000000089e+00 -2.704216517650043228e-02
3.400000000000000355e+00 -2.674448779475261176e-02
3.450000000000000178e+00 -2.644892603319103433e-02
3.500000000000000000e+00 -2.615567817798896202e-02
3.550000000000000266e+00 -2.586492712634642227e-02
3.600000000000000089e+00 -2.557684493927573841e-02
3.650000000000000355e+00 -2.529159246240345049e-02
3.700000000000000178e+00 -2.500932302084883652e-02
3.750000000000000000e+00 -2.473017131683924799e-02
3.800000000000000266e+00 -2.445426057055007790e-02
3.850000000000000089e+00 -2.418170687287557116e-02
3.900000000000000355e+00 -2.391261082137498967e-02
3.950000000000000178e+00 -2.364706071988089547e-02
4.000000000000000000e+00 -2.338513507330673702e-02
4.049999999999999822e+00 -2.312689946432059870e-02
4.100000000000000533e+00 -2.287241010422734477e-02
4.150000000000000355e+00 -2.262170939332418251e-02
4.200000000000000178e+00 -2.237483088279605334e-02
4.250000000000000000e+00 -2.213180343751792664e-02
4.299999999999999822e+00 -2.189263666454429116e-02
4.350000000000000533e+00 -2.165733768515245780e-02
4.400000000000000355e+00 -2.142590269523435634e-02
4.450000000000000178e+00 -2.119832313841277585e-02
4.500000000000000000e+00 -2.097458032044012197e-02
4.549999999999999822e+00 -2.075464931356368198e-02
4.600000000000000533e+00 -2.053850218270427547e-02
4.650000000000000355e+00 -2.032610289956817209e-02
4.700000000000000178e+00 -2.011740885442044394e-02
4.750000000000000000e+00 -1.991237652325393223e-02
4.800000000000000711e+00 -1.971095886700469091e-02
4.850000000000000533e+00 -1.951310202109101527e-02
4.900000000000000355e+00 -1.931875439577428882e-02
4.950000000000000178e+00 -1.912785751305147094e-02
5.000000000000000000e+00 -1.894035337097604507e-02
5.050000000000000711e+00 -1.875618076081633431e-02
5.100000000000000533e+00 -1.857528069093717510e-02
5.150000000000000355e+00 -1.839758980616608419e-02
5.200000000000000178e+00 -1.822304543585353750e-02
5.250000000000000000e+00 -1.805158504000168446e-02
5.300000000000000711e+00 -1.788314562569394417e-02
5.350000000000000533e+00 -1.771766422517220829e-02
5.400000000000000355e+00 -1.755507823627204186e-02
5.450000000000000178e+00 -1.739532534489290558e-02
5.500000000000000000e+00 -1.723834374970741046e-02
5.550000000000000711e+00 -1.708407171360190602e-02
5.600000000000000533e+00 -1.693245142181093801e-02
5.650000000000000355e+00 -1.678342073066965007e-02
5.700000000000000178e+00 -1.663692253462988740e-02
5.750000000000000000e+00 -1.649289854253674359e-02
5.800000000000000711e+00 -1.635129281741852514e-02
5.850000000000000533e+00 -1.621204922230153750e-02
5.900000000000000355e+00 -1.607511492588344429e-02
5.950000000000000178e+00 -1.594043577250158633e-02
6.000000000000000000e+00 -1.580796013432615721e-02
6.050000000000000711e+00 -1.567763744749438651e-02
6.100000000000000533e+00 -1.554941800690257635e-02
6.150000000000000355e+00 -1.542325432291041104e-02
6.200000000000000178e+00 -1.529909845460982777e-02
6.250000000000000000e+00 -1.517690518785353576e-02
6.300000000000000711e+00 -1.505663021611986126e-02
6.350000000000000533e+00 -1.493822995368228324e-02
6.400000000000000355e+00 -1.482166253404001641e-02
6.450000000000000178e+00 -1.470688750973121219e-02
6.500000000000000000e+00 -1.459386449650108483e-02
6.550000000000000711e+00 -1.448255484731858153e-02
6.600000000000000533e+00 -1.437292123233294659e-02
6.650000000000000355e+00 -1.426492745324569981e-02
6.700000000000000178e+00 -1.415853740247975667e-02
6.750000000000000000e+00 -1.405371651887271645e-02
6.800000000000000711e+00 -1.395043139755517726e-02
6.850000000000000533e+00 -1.384864902475308607e-02
6.900000000000000355e+00 -1.374833754193579595e-02
6.950000000000000178e+00 -1.364946561312489759e-02
7.000000000000000000e+00 -1.355200304152107127e-02
7.050000000000000711e+00 -1.345592050913418589e-02
7.100000000000000533e+00 -1.336118898816759937e-02
7.150000000000000355e+00 -1.326778021231680114e-02
7.200000000000000178e+00 -1.317566697713504036e-02
7.250000000000000000e+00 -1.308482249205456319e-02
7.300000000000000711e+00 -1.299522073190184299e-02
7.350000000000000533e+00 -1.290683627643150755e-02
7.400000000000000355e+00 -1.281964491036007361e-02
7.450000000000000178e+00 -1.273362220612329725e-02
7.500000000000000000e+00 -1.264874420773129046e-02
7.550000000000000711e+00 -1.256498913767234438e-02
7.600000000000000533e+00 -1.248233492381379747e-02
7.650000000000000355e+00 -1.240075918731819646e-02
7.700000000000000178e+00 -1.232024137606677235e-02
7.750000000000000000e+00 -1.224076098290867790e-02
7.800000000000000711e+00 -1.216229823092478124e-02
7.850000000000000533e+00 -1.208483410692838718e-02
7.900000000000000355e+00 -1.200834952061533359e-02
7.950000000000000178e+00 -1.193282620684515613e-02
8.000000000000000000e+00 -1.185824650595243730e-02
8.050000000000000711e+00 -1.178459276083102490e-02
8.099999999999999645e+00 -1.171184827172424246e-02
8.150000000000000355e+00 -1.163999636764007257e-02
8.200000000000001066e+00 -1.156902088750606968e-02
8.250000000000000000e+00 -1.149890600221211562e-02
8.300000000000000711e+00 -1.142963627464247019e-02
8.349999999999999645e+00 -1.136119655225154013e-02
8.400000000000000355e+00 -1.129357207899041662e-02
8.450000000000001066e+00 -1.122674837173434290e-02
8.500000000000000000e+00 -1.116071119641318284e-02
8.550000000000000711e+00 -1.109544662241917189e-02
8.599999999999999645e+00 -1.103094118637724247e-02
8.650000000000000355e+00 -1.096718164942199654e-02
8.700000000000001066e+00 -1.090415506769019591e-02
8.750000000000000000e+00 -1.084184874616004289e-02
8.800000000000000711e+00 -1.078025024580023597e-02
8.849999999999999645e+00 -1.071934749913445485e-02
8.900000000000000355e+00 -1.065912871292779007e-02
8.950000000000001066e+00 -1.059958225619139424e-02
9.000000000000000000e+00 -1.054069694730776913e-02
9.050000000000000711e+00 -1.048246182150217379e-02
9.099999999999999645e+00 -1.042486587135037744e-02
9.150000000000000355e+00 -1.036789887266264740e-02
9.200000000000001066e+00 -1.031155069603215124e-02
9.250000000000000000e+00 -1.025581135006612549e-02
9.300000000000000711e+00 -1.020067112316845777e-02
9.349999999999999645e+00 -1.014612051225374789e-02
9.400000000000000355e+00 -1.009215021145034100e-02
9.450000000000001066e+00 -1.003875106458301802e-02
9.500000000000000000e+00 -9.985913990222508932e-03
9.550000000000000711e+00 -9.933630502506524823e-03
9.600000000000001421e+00 -9.881892034448095177e-03
9.650000000000000355e+00 -9.830690170247768575e-03
9.700000000000001066e+00 -9.780016649641305043e-03
9.750000000000000000e+00 -9.729863110749935318e-03
9.800000000000000711e+00 -9.680221819301042946e-03
9.850000000000001421e+00 -9.631084989128183699e-03
9.900000000000000355e+00 -9.582444916802558207e-03
9.950000000000001066e+00 -9.534293757275488085e-03
1.000000000000000000e+01 -9.486624418335917047e-03
1.005000000000000071e+01 -9.439429562794804732e-03
1.010000000000000142e+01 -9.392701863162537801e-03
1.015000000000000036e+01 -9.346434586160039595e-03
1.020000000000000107e+01 -9.300620599302294317e-03
1.025000000000000000e+01 -9.255253402354451583e-03
1.030000000000000071e+01 -9.210326351089067123e-03
1.035000000000000142e+01 -9.165832990874851413e-03
1.040000000000000036e+01 -9.121767063760667996e-03
1.045000000000000107e+01 -9.078122440991381534e-03
1.050000000000000000e+01 -9.034893286510470300e-03
1.055000000000000071e+01 -8.992073887048335559e-03
1.060000000000000142e+01 -8.949658444184899891e-03
1.065000000000000036e+01 -8.907641268390604009e-03
1.070000000000000107e+01 -8.866016776482237016e-03
1.075000000000000000e+01 -8.824779489149761971e-03
1.080000000000000071e+01 -8.783924028551845162e-03
1.085000000000000142e+01 -8.743445115977873869e-03
1.090000000000000036e+01 -8.703337569574306348e-03
1.095000000000000107e+01 -8.663596302133327876e-03
