0.000000000000000000e+00 0.000000000000000000e+00
5.000000000000000278e-02 3.394341421015476001e-04
1.000000000000000056e-01 6.799783842424841039e-04
1.500000000000000222e-01 1.020865235987947423e-03
2.000000000000000111e-01 1.363156674992574554e-03
2.500000000000000000e-01 1.707141726309234237e-03
3.000000000000000444e-01 2.053090015460638882e-03
3.500000000000000333e-01 2.401479130436626110e-03
4.000000000000000222e-01 2.752608533336523087e-03
4.500000000000000111e-01 3.106805114606462585e-03
5.000000000000000000e-01 3.464324428594072088e-03
5.500000000000000444e-01 3.825425018875068094e-03
6.000000000000000888e-01 4.190324111489595812e-03
6.500000000000000222e-01 4.559111509745811773e-03
7.000000000000000666e-01 4.932055021229573080e-03
7.500000000000000000e-01 5.309060736038143623e-03
8.000000000000000444e-01 5.690135838657460129e-03
8.500000000000000888e-01 6.075384423780689873e-03
9.000000000000000222e-01 6.464612730742549593e-03
9.500000000000000666e-01 6.857667657154262013e-03
1.000000000000000000e+00 7.254385243197172817e-03
1.050000000000000044e+00 7.654423046649638622e-03
1.100000000000000089e+00 8.057395925259853292e-03
1.150000000000000133e+00 8.463087811999741097e-03
1.200000000000000178e+00 8.870949951065722205e-03
1.250000000000000000e+00 9.280431467711064766e-03
1.300000000000000044e+00 9.691020044117700655e-03
1.350000000000000089e+00 1.010207119616085558e-02
1.400000000000000133e+00 1.051295244005692568e-02
1.450000000000000178e+00 1.092294233362196484e-02
1.500000000000000000e+00 1.133127720477519057e-02
1.550000000000000044e+00 1.173718982070996904e-02
1.600000000000000089e+00 1.213986169736892828e-02
1.650000000000000133e+00 1.253845071724376398e-02
1.700000000000000178e+00 1.293210265389798351e-02
1.750000000000000000e+00 1.331994587211510553e-02
1.800000000000000044e+00 1.370111181246838963e-02
1.850000000000000089e+00 1.407471270988683472e-02
1.900000000000000133e+00 1.443985912102648331e-02
1.950000000000000178e+00 1.479574989045655264e-02
2.000000000000000000e+00 1.514153598016139066e-02
2.050000000000000266e+00 1.547636416744383250e-02
2.100000000000000089e+00 1.579947986718156436e-02
2.149999999999999911e+00 1.611011626765408364e-02
2.200000000000000178e+00 1.640757004248349568e-02
2.250000000000000000e+00 1.669117300810580781e-02
2.300000000000000266e+00 1.696030488846392292e-02
2.350000000000000089e+00 1.721440241030769425e-02
2.400000000000000355e+00 1.745292619221150421e-02
2.450000000000000178e+00 1.767543063933737710e-02
2.500000000000000000e+00 1.788150416605547438e-02
2.550000000000000266e+00 1.807081776722106042e-02
2.600000000000000089e+00 1.824304126940320611e-02
2.650000000000000355e+00 1.839800928317507703e-02
2.700000000000000178e+00 1.853553530395432580e-02
2.750000000000000000e+00 1.865547380646030359e-02
2.800000000000000266e+00 1.875783564774851503e-02
2.850000000000000089e+00 1.884260311825365630e-02
2.900000000000000355e+00 1.890985717317160072e-02
2.950000000000000178e+00 1.895972101682032868e-02
3.000000000000000000e+00 1.899238552090216567e-02
3.050000000000000266e+00 1.900808462947097335e-02
3.100000000000000089e+00 1.900710909469182502e-02
3.150000000000000355e+00 1.898979717257991487e-02
3.200000000000000178e+00 1.895653311795543472e-02
3.250000000000000000e+00 1.890775225267988038e-02
3.300000000000000266e+00 1.884392501486095717e-02
3.350000000000000089e+00 1.876556726936683128e-02
3.400000000000000355e+00 1.867322267068099312e-02
3.450000000000000178e+00 1.856747736425761602e-02
3.500000000000000000e+00 1.844894546120458625e-02
3.550000000000000266e+00 1.831825720913211886e-02
3.600000000000000089e+00 1.817607698692391693e-02
3.650000000000000355e+00 1.802309539606622435e-02
3.700000000000000178e+00 1.785997910978052647e-02
3.750000000000000000e+00 1.768745036723517669e-02
3.800000000000000266e+00 1.750621545540453211e-02
3.850000000000000089e+00 1.731699795380895607e-02
3.900000000000000355e+00 1.712052215654531057e-02
3.950000000000000178e+00 1.691746725395808226e-02
4.000000000000000000e+00 1.670855616085484274e-02
4.049999999999999822e+00 1.649447257362808561e-02
4.100000000000000533e+00 1.627589314287033670e-02
4.150000000000000355e+00 1.605347232157258025e-02
4.200000000000000178e+00 1.582784920554834024e-02
4.250000000000000000e+00 1.559963417308857063e-02
4.299999999999999822e+00 1.536941330898283255e-02
4.350000000000000533e+00 1.513774899287367338e-02
4.400000000000000355e+00 1.490517047752194964e-02
4.450000000000000178e+00 1.467218020235701650e-02
4.500000000000000000e+00 1.443924573613518912e-02
4.549999999999999822e+00 1.420680617955955537e-02
4.600000000000000533e+00 1.397526718581549969e-02
4.650000000000000355e+00 1.374500528458762368e-02
4.700000000000000178e+00 1.351636463096019154e-02
4.750000000000000000e+00 1.328965374374496342e-02
4.800000000000000711e+00 1.306515937166241419e-02
4.850000000000000533e+00 1.284313260033595645e-02
4.900000000000000355e+00 1.262380000674205929e-02
4.950000000000000178e+00 1.240736080758018944e-02
5.000000000000000000e+00 1.219398480984474134e-02
5.050000000000000711e+00 1.198382629220227577e-02
5.100000000000000533e+00 1.177700484457198764e-02
5.150000000000000355e+00 1.157362810892786920e-02
5.200000000000000178e+00 1.137378198258030479e-02
5.250000000000000000e+00 1.117753109409870549e-02
5.300000000000000711e+00 1.098492752428363584e-02
5.350000000000000533e+00 1.079600166448993308e-02
5.400000000000000355e+00 1.061077526916376183e-02
5.450000000000000178e+00 1.042925525611752835e-02
5.500000000000000000e+00 1.025143512618485048e-02
5.550000000000000711e+00 1.007730021851371491e-02
5.600000000000000533e+00 9.906826833558439807e-03
5.650000000000000355e+00 9.739980881449400094e-03
5.700000000000000178e+00 9.576722964915063835e-03
5.750000000000000000e+00 9.417005651588546133e-03
5.800000000000000711e+00 9.260778984046626194e-03
5.850000000000000533e+00 9.107985845184539409e-03
5.900000000000000355e+00 8.958565979928419590e-03
5.950000000000000178e+00 8.812457830570781525e-03
6.000000000000000000e+00 8.669595168432622442e-03
6.050000000000000711e+00 8.529911422325783116e-03
6.100000000000000533e+00 8.393338689281472365e-03
6.150000000000000355e+00 8.259806980921113179e-03
6.200000000000000178e+00 8.129249175268318806e-03
6.250000000000000000e+00 8.001590394122520475e-03
6.300000000000000711e+00 7.876768653135125114e-03
6.350000000000000533e+00 7.754713945604072359e-03
6.400000000000000355e+00 7.635350597642240333e-03
6.450000000000000178e+00 7.518619421074091216e-03
6.500000000000000000e+00 7.404451965443419048e-03
6.550000000000000711e+00 7.292781269456518646e-03
6.600000000000000533e+00 7.183544735304045990e-03
6.650000000000000355e+00 7.076679998051929078e-03
6.700000000000000178e+00 6.972124597524189532e-03
6.750000000000000000e+00 6.869818424179399696e-03
6.800000000000000711e+00 6.769703643771605647e-03
6.850000000000000533e+00 6.671722316064166748e-03
6.900000000000000355e+00 6.575817123745623417e-03
6.950000000000000178e+00 6.481932249773230889e-03
