0.000000000000000000e+00 -4.000624359640376354e-02
5.000000000000000278e-02 -4.000326184709171451e-02
1.000000000000000056e-01 -3.999429913235869050e-02
1.500000000000000222e-01 -3.997934385680398939e-02
2.000000000000000111e-01 -3.995839402842952387e-02
2.500000000000000000e-01 -3.993142763115092864e-02
3.000000000000000444e-01 -3.989843035484637312e-02
3.500000000000000333e-01 -3.985936534003436255e-02
4.000000000000000222e-01 -3.981421240104666276e-02
4.500000000000000111e-01 -3.976293559536678290e-02
5.000000000000000000e-01 -3.970549410597459805e-02
5.500000000000000444e-01 -3.964184668152714169e-02
6.000000000000000888e-01 -3.957195094505717992e-02
6.500000000000000222e-01 -3.949575919353842668e-02
7.000000000000000666e-01 -3.941322497328159091e-02
7.500000000000000000e-01 -3.932429503142349098e-02
8.000000000000000444e-01 -3.922891752983401897e-02
8.500000000000000888e-01 -3.912704382360956273e-02
9.000000000000000222e-01 -3.901862198506540758e-02
9.500000000000000666e-01 -3.890360156822729454e-02
1.000000000000000000e+00 -3.878194095427403565e-02
1.050000000000000044e+00 -3.865359474994722183e-02
1.100000000000000089e+00 -3.851853123794526240e-02
1.150000000000000133e+00 -3.837671629431951836e-02
1.200000000000000178e+00 -3.822812491364261517e-02
1.250000000000000000e+00 -3.807274339952199105e-02
1.300000000000000044e+00 -3.791056503264462335e-02
1.350000000000000089e+00 -3.774159354437330721e-02
1.400000000000000133e+00 -3.756584362268074184e-02
1.450000000000000178e+00 -3.738334274477811414e-02
1.500000000000000000e+00 -3.719413463647046336e-02
1.550000000000000044e+00 -3.699827193616536669e-02
1.600000000000000089e+00 -3.679582378112548208e-02
1.650000000000000133e+00 -3.658687302910552247e-02
1.700000000000000178e+00 -3.637151934590147906e-02
1.750000000000000000e+00 -3.614987523480660964e-02
1.800000000000000044e+00 -3.592207211621400303e-02
1.850000000000000089e+00 -3.568825416743518636e-02
1.900000000000000133e+00 -3.544858175227957181e-02
1.950000000000000178e+00 -3.520323112863058684e-02
2.000000000000000000e+00 -3.495239195100043050e-02
2.050000000000000266e+00 -3.469626553046652878e-02
2.100000000000000089e+00 -3.443506846520094644e-02
2.149999999999999911e+00 -3.416903243353635461e-02
2.200000000000000178e+00 -3.389839536335203379e-02
2.250000000000000000e+00 -3.362340628137022031e-02
2.300000000000000266e+00 -3.334432645796243933e-02
2.350000000000000089e+00 -3.306142287427645682e-02
2.400000000000000355e+00 -3.277497110481966680e-02
2.450000000000000178e+00 -3.248525505685756487e-02
2.500000000000000000e+00 -3.219255937288362235e-02
2.550000000000000266e+00 -3.189717344039953023e-02
2.600000000000000089e+00 -3.159939196290751512e-02
2.650000000000000355e+00 -3.129951298505477542e-02
2.700000000000000178e+00 -3.099782787336058387e-02
2.750000000000000000e+00 -3.069463394754034027e-02
2.800000000000000266e+00 -3.039022513832633984e-02
2.850000000000000089e+00 -3.008489244139711527e-02
2.900000000000000355e+00 -2.977892675027940181e-02
2.950000000000000178e+00 -2.947261244691599252e-02
3.000000000000000000e+00 -2.916622744421017502e-02
3.050000000000000266e+00 -2.886004747378704063e-02
3.100000000000000089e+00 -2.855434376809447977e-02
3.150000000000000355e+00 -2.824937208382052867e-02
3.200000000000000178e+00 -2.794538750880431674e-02
3.250000000000000000e+00 -2.764263538007640311e-02
3.300000000000000266e+00 -2.734135023132128542e-02
3.350000000000000089e+00 -2.704176035641132209e-02
3.400000000000000355e+00 -2.674408074284871650e-02
3.450000000000000178e+00 -2.644851916321485155e-02
3.500000000000000000e+00 -2.615527296807008267e-02
3.550000000000000266e+00 -2.586452145572006034e-02
3.600000000000000089e+00 -2.557643949957493640e-02
3.650000000000000355e+00 -2.529118867383794295e-02
3.700000000000000178e+00 -2.500891878422236564e-02
3.750000000000000000e+00 -2.472976433159829873e-02
3.800000000000000266e+00 -2.445385258760671143e-02
3.850000000000000089e+00 -2.418130187093779984e-02
3.900000000000000355e+00 -2.391220576149901550e-02
3.950000000000000178e+00 -2.364665534557621254e-02
4.000000000000000000e+00 -2.338472970537191706e-02
4.049999999999999822e+00 -2.312649342531877469e-02
4.100000000000000533e+00 -2.287200282615830041e-02
4.150000000000000355e+00 -2.262130347493197108e-02
4.200000000000000178e+00 -2.237442642558767555e-02
4.250000000000000000e+00 -2.213139836084850737e-02
4.299999999999999822e+00 -2.189223098531777392e-02
4.350000000000000533e+00 -2.165693085742892432e-02
4.400000000000000355e+00 -2.142549678914575095e-02
4.450000000000000178e+00 -2.119791741086838460e-02
4.500000000000000000e+00 -2.097417489817823139e-02
4.549999999999999822e+00 -2.075424323596158221e-02
4.600000000000000533e+00 -2.053809733961188891e-02
4.650000000000000355e+00 -2.032569722918532718e-02
4.700000000000000178e+00 -2.011700263895156715e-02
4.750000000000000000e+00 -1.991197189298790290e-02
4.800000000000000711e+00 -1.971055349086359848e-02
4.850000000000000533e+00 -1.951269675784808241e-02
4.900000000000000355e+00 -1.931834837561926393e-02
4.950000000000000178e+00 -1.912745248818999849e-02
5.000000000000000000e+00 -1.893994777451021502e-02
5.050000000000000711e+00 -1.875577576540738908e-02
5.100000000000000533e+00 -1.857487559045614342e-02
5.150000000000000355e+00 -1.839718386168733705e-02
5.200000000000000178e+00 -1.822263919482243130e-02
5.250000000000000000e+00 -1.805117992122569695e-02
5.300000000000000711e+00 -1.788274039721914413e-02
5.350000000000000533e+00 -1.771725893643341654e-02
5.400000000000000355e+00 -1.755467249900887969e-02
5.450000000000000178e+00 -1.739491933710332269e-02
5.500000000000000000e+00 -1.723793817153080471e-02
5.550000000000000711e+00 -1.708366680519655609e-02
5.600000000000000533e+00 -1.693204549926633634e-02
5.650000000000000355e+00 -1.678301522050939035e-02
5.700000000000000178e+00 -1.663651609326350159e-02
5.750000000000000000e+00 -1.649249220422966539e-02
5.800000000000000711e+00 -1.635088713538404223e-02
5.850000000000000533e+00 -1.621164397586395689e-02
5.900000000000000355e+00 -1.607470909390180253e-02
5.950000000000000178e+00 -1.594002956645176883e-02
6.000000000000000000e+00 -1.580755462721008739e-02
6.050000000000000711e+00 -1.567723123059451204e-02
6.100000000000000533e+00 -1.554901199705468334e-02
6.150000000000000355e+00 -1.542284827289353705e-02
6.200000000000000178e+00 -1.529869257729825349e-02
6.250000000000000000e+00 -1.517649934182765774e-02
6.300000000000000711e+00 -1.505622438751554396e-02
6.350000000000000533e+00 -1.493782437233980541e-02
6.400000000000000355e+00 -1.482125723406025469e-02
6.450000000000000178e+00 -1.470648209358313245e-02
6.500000000000000000e+00 -1.459345896556428490e-02
6.550000000000000711e+00 -1.448214952069571716e-02
6.600000000000000533e+00 -1.437251604470532115e-02
6.650000000000000355e+00 -1.426452198456817574e-02
6.700000000000000178e+00 -1.415813211863423474e-02
6.750000000000000000e+00 -1.405331143049020313e-02
6.800000000000000711e+00 -1.395002616041756544e-02
6.850000000000000533e+00 -1.384824372650991786e-02
6.900000000000000355e+00 -1.374793225728966964e-02
6.950000000000000178e+00 -1.364906048973699507e-02
7.000000000000000000e+00 -1.355159808714120895e-02
7.050000000000000711e+00 -1.345551510269957056e-02
7.100000000000000533e+00 -1.336078345981300992e-02
7.150000000000000355e+00 -1.326737496710191436e-02
7.200000000000000178e+00 -1.317526162439102040e-02
7.250000000000000000e+00 -1.308441705822269673e-02
7.300000000000000711e+00 -1.299481528490044162e-02
7.350000000000000533e+00 -1.290643089407328241e-02
7.400000000000000355e+00 -1.281923912277706940e-02
7.450000000000000178e+00 -1.273321629599415659e-02
7.500000000000000000e+00 -1.264833882914422752e-02
7.550000000000000711e+00 -1.256458376583440700e-02
7.600000000000000533e+00 -1.248192920372774746e-02
7.650000000000000355e+00 -1.240035332992968017e-02
7.700000000000000178e+00 -1.231983551942072465e-02
7.750000000000000000e+00 -1.224035541487072075e-02
7.800000000000000711e+00 -1.216189283570037402e-02
7.850000000000000533e+00 -1.208442855686499284e-02
7.900000000000000355e+00 -1.200794403085373406e-02
7.950000000000000178e+00 -1.193242087610033898e-02
8.000000000000000000e+00 -1.185784099388995094e-02
8.050000000000000711e+00 -1.178418737973850258e-02
8.099999999999999645e+00 -1.171144285243118886e-02
8.150000000000000355e+00 -1.163959098574788090e-02
8.200000000000001066e+00 -1.156861543056460218e-02
8.250000000000000000e+00 -1.149850046455152923e-02
8.300000000000000711e+00 -1.142923071966672234e-02
8.349999999999999645e+00 -1.136079096047064307e-02
8.400000000000000355e+00 -1.129316640009919888e-02
8.450000000000001066e+00 -1.122634264222351595e-02
8.500000000000000000e+00 -1.116030547043574649e-02
8.550000000000000711e+00 -1.109504096257902563e-02
8.599999999999999645e+00 -1.103053563849689007e-02
8.650000000000000355e+00 -1.096677618707648551e-02
8.700000000000001066e+00 -1.090374965836955062e-02
8.750000000000000000e+00 -1.084144334494810923e-02
8.800000000000000711e+00 -1.077984484114767258e-02
8.849999999999999645e+00 -1.071894207158710123e-02
8.900000000000000355e+00 -1.065872323707701963e-02
8.950000000000001066e+00 -1.059917671627364638e-02
9.000000000000000000e+00 -1.054029131510425023e-02
9.050000000000000711e+00 -1.048205607300746814e-02
9.099999999999999645e+00 -1.042446020015986435e-02
9.150000000000000355e+00 -1.036749332677651403e-02
9.200000000000001066e+00 -1.031114518215463412e-02
9.250000000000000000e+00 -1.025540584028357405e-02
9.300000000000000711e+00 -1.020026563808825067e-02
9.349999999999999645e+00 -1.014571499162203114e-02
9.400000000000000355e+00 -1.009174461992369716e-02
9.450000000000001066e+00 -1.003834543398809606e-02
9.500000000000000000e+00 -9.985508487060335350e-03
9.550000000000000711e+00 -9.933225047269067520e-03
9.600000000000001421e+00 -9.881486572037414054e-03
9.650000000000000355e+00 -9.830284639800001070e-03
9.700000000000001066e+00 -9.779610998533113178e-03
9.750000000000000000e+00 -9.729457544428336130e-03
9.800000000000000711e+00 -9.679816296426372105e-03
9.850000000000001421e+00 -9.630679435418069284e-03
9.900000000000000355e+00 -9.582039283267748328e-03
9.950000000000001066e+00 -9.533888264365790455e-03
1.000000000000000000e+01 -9.486218920537633353e-03
1.005000000000000071e+01 -9.439023980838897460e-03
1.010000000000000142e+01 -9.392296347161708733e-03
1.015000000000000036e+01 -9.346029005018402849e-03
1.020000000000000107e+01 -9.300215067943637393e-03
1.025000000000000000e+01 -9.254847855873942972e-03
1.030000000000000071e+01 -9.209920778377768402e-03
1.035000000000000142e+01 -9.165427440050440827e-03
1.040000000000000036e+01 -9.121361534207101870e-03
1.045000000000000107e+01 -9.077716910183790747e-03
1.050000000000000000e+01 -9.034487560194606748e-03
1.055000000000000071e+01 -8.991667626450455808e-03
1.060000000000000142e+01 -8.949251380933245098e-03
1.065000000000000036e+01 -8.907233196463925501e-03
1.070000000000000107e+01 -8.865607545880931778e-03
1.075000000000000000e+01 -8.824369041096888355e-03
1.080000000000000071e+01 -8.783512393256575138e-03
1.085000000000000142e+01 -8.743032429614083431e-03
1.090000000000000036e+01 -8.702924002427076672e-03
1.095000000000000107e+01 -8.663182098073946708e-03
1.100000000000000000e+01 -8.623801792244764966e-03
1.105000000000000071e+01 -8.584778184473474197e-03
1.110000000000000142e+01 -8.546106491935948068e-03
1.115000000000000036e+01 -8.507781962841243217e-03
1.120000000000000107e+01 -8.469799948414662855e-03
1.125000000000000000e+01 -8.432155836704641541e-03
1.130000000000000071e+01 -8.394845096463781145e-03
1.135000000000000142e+01 -8.357863261845130745e-03
1.140000000000000036e+01 -8.321205937375959760e-03
1.145000000000000107e+01 -8.284868793544623161e-03
1.150000000000000000e+01 -8.248847624877039125e-03
1.155000000000000071e+01 -8.213138327799648572e-03
1.160000000000000142e+01 -8.177736869490167051e-03
1.165000000000000036e+01 -8.142639286359307921e-03
1.170000000000000107e+01 -8.107841682571446593e-03
1.175000000000000000e+01 -8.073340228603058388e-03
1.180000000000000071e+01 -8.039131159837792015e-03
1.185000000000000142e+01 -8.005210775197123957e-03
1.190000000000000036e+01 -7.971575435805540802e-03
1.195000000000000107e+01 -7.938221563689199997e-03
