0.000000000000000000e+00 -4.020147606138699953e-02
5.000000000000000278e-02 -4.019843755713572997e-02
1.000000000000000056e-01 -4.018930752846455040e-02
1.500000000000000222e-01 -4.017407233106865677e-02
2.000000000000000111e-01 -4.015272306609717762e-02
2.500000000000000000e-01 -4.012523782390671478e-02
3.000000000000000444e-01 -4.009158866909253577e-02
3.500000000000000333e-01 -4.005173956029052518e-02
4.000000000000000222e-01 -4.000565291408122309e-02
4.500000000000000111e-01 -3.995329429796472959e-02
5.000000000000000000e-01 -3.989461017969110623e-02
5.500000000000000444e-01 -3.982955558259072826e-02
6.000000000000000888e-01 -3.975807079491514712e-02
6.500000000000000222e-01 -3.968010487735856850e-02
7.000000000000000666e-01 -3.959560881247276010e-02
7.500000000000000000e-01 -3.950451943045361902e-02
8.000000000000000444e-01 -3.940678377565653284e-02
8.500000000000000888e-01 -3.930234691689717119e-02
9.000000000000000222e-01 -3.919115752834514271e-02
9.500000000000000666e-01 -3.907317235879424755e-02
1.000000000000000000e+00 -3.894834268038156744e-02
1.050000000000000044e+00 -3.881663224378113092e-02
1.100000000000000089e+00 -3.867800839979501637e-02
1.150000000000000133e+00 -3.853245436585093359e-02
1.200000000000000178e+00 -3.837994818494541022e-02
1.250000000000000000e+00 -3.822048572538038619e-02
1.300000000000000044e+00 -3.805407474606388452e-02
1.350000000000000089e+00 -3.788072901559877415e-02
1.400000000000000133e+00 -3.770047748012787109e-02
1.450000000000000178e+00 -3.751336095739634530e-02
1.500000000000000000e+00 -3.731943471282885699e-02
1.550000000000000044e+00 -3.711876637093645265e-02
1.600000000000000089e+00 -3.691143898885555080e-02
1.650000000000000133e+00 -3.669754935349993363e-02
1.700000000000000178e+00 -3.647720868758269619e-02
1.750000000000000000e+00 -3.625054579721771059e-02
1.800000000000000044e+00 -3.601769989262366967e-02
1.850000000000000089e+00 -3.577882738113378341e-02
1.900000000000000133e+00 -3.553410019525105046e-02
1.950000000000000178e+00 -3.528370291213121096e-02
2.000000000000000000e+00 -3.502783347176365719e-02
2.050000000000000266e+00 -3.476670177000830420e-02
2.100000000000000089e+00 -3.450053240489057288e-02
2.149999999999999911e+00 -3.422956136639891678e-02
2.200000000000000178e+00 -3.395403359765104823e-02
2.250000000000000000e+00 -3.367420395727018650e-02
2.300000000000000266e+00 -3.339034038551212669e-02
2.350000000000000089e+00 -3.310271218501489171e-02
2.400000000000000355e+00 -3.281160259550473107e-02
2.450000000000000178e+00 -3.251729564798445243e-02
2.500000000000000000e+00 -3.222008390208487560e-02
2.550000000000000266e+00 -3.192026253675624148e-02
2.600000000000000089e+00 -3.161812819735418389e-02
2.650000000000000355e+00 -3.131398099471589119e-02
2.700000000000000178e+00 -3.100812292514965735e-02
2.750000000000000000e+00 -3.070085234128005353e-02
2.800000000000000266e+00 -3.039246778401146973e-02
2.850000000000000089e+00 -3.008326956819701303e-02
2.900000000000000355e+00 -2.977354355153470633e-02
2.950000000000000178e+00 -2.946359103141238736e-02
3.000000000000000000e+00 -2.915368590221398618e-02
3.050000000000000266e+00 -2.884410850459914050e-02
3.100000000000000089e+00 -2.853513195747629447e-02
3.150000000000000355e+00 -2.822701898590906228e-02
3.200000000000000178e+00 -2.792002491658789748e-02
3.250000000000000000e+00 -2.761439671116049099e-02
3.300000000000000266e+00 -2.731037136755043795e-02
3.350000000000000089e+00 -2.700817530003998129e-02
3.400000000000000355e+00 -2.670802216809214924e-02
3.450000000000000178e+00 -2.641012477992420171e-02
3.500000000000000000e+00 -2.611466884779679865e-02
3.550000000000000266e+00 -2.582183842718308031e-02
3.600000000000000089e+00 -2.553180313233984963e-02
3.650000000000000355e+00 -2.524472015971871222e-02
3.700000000000000178e+00 -2.496073465120953946e-02
3.750000000000000000e+00 -2.467997901752355325e-02
3.800000000000000266e+00 -2.440257311873161861e-02
3.850000000000000089e+00 -2.412862503880393653e-02
3.900000000000000355e+00 -2.385823003720626348e-02
3.950000000000000178e+00 -2.359147174847695330e-02
4.000000000000000000e+00 -2.332842211220925027e-02
4.049999999999999822e+00 -2.306914168180835070e-02
4.100000000000000533e+00 -2.281368009547314613e-02
4.150000000000000355e+00 -2.256207627351722658e-02
4.200000000000000178e+00 -2.231435908544931318e-02
4.250000000000000000e+00 -2.207054679926756871e-02
4.299999999999999822e+00 -2.183065272828715181e-02
4.350000000000000533e+00 -2.159467547834414275e-02
4.400000000000000355e+00 -2.136260898136069231e-02
4.450000000000000178e+00 -2.113443814408634894e-02
4.500000000000000000e+00 -2.091015107788905814e-02
4.549999999999999822e+00 -2.068971074327947968e-02
4.600000000000000533e+00 -2.047308840972467472e-02
4.650000000000000355e+00 -2.026024619196753127e-02
4.700000000000000178e+00 -2.005113912900453182e-02
4.750000000000000000e+00 -1.984572913491712554e-02
4.800000000000000711e+00 -1.964395811996516236e-02
4.850000000000000533e+00 -1.944577561887485956e-02
4.900000000000000355e+00 -1.925112578407497943e-02
4.950000000000000178e+00 -1.905995089966872405e-02
5.000000000000000000e+00 -1.887219077193477354e-02
5.050000000000000711e+00 -1.868778420971385287e-02
5.100000000000000533e+00 -1.850666874610064350e-02
5.150000000000000355e+00 -1.832878088554081367e-02
5.200000000000000178e+00 -1.815405602322582232e-02
5.250000000000000000e+00 -1.798243219223210829e-02
5.300000000000000711e+00 -1.781384287143998602e-02
5.350000000000000533e+00 -1.764822189896355503e-02
5.400000000000000355e+00 -1.748551352813096371e-02
5.450000000000000178e+00 -1.732564616109812453e-02
5.500000000000000000e+00 -1.716856009585535775e-02
5.550000000000000711e+00 -1.701419312172691017e-02
5.600000000000000533e+00 -1.686248328135538446e-02
5.650000000000000355e+00 -1.671337275962293811e-02
5.700000000000000178e+00 -1.656680009301003328e-02
5.750000000000000000e+00 -1.642274096176646672e-02
5.800000000000000711e+00 -1.628116560864778864e-02
5.850000000000000533e+00 -1.614201034703541607e-02
5.900000000000000355e+00 -1.600521364917917994e-02
5.950000000000000178e+00 -1.587071605548859982e-02
