0.000000000000000000e+00 0.000000000000000000e+00
5.000000000000000278e-02 3.889074162846424673e-04
1.000000000000000056e-01 7.793320215514590614e-04
1.500000000000000222e-01 1.170150712716561342e-03
2.000000000000000111e-01 1.562563360732461366e-03
2.500000000000000000e-01 1.956901368261750127e-03
3.000000000000000444e-01 2.353621701326065550e-03
3.500000000000000333e-01 2.753188932795810374e-03
4.000000000000000222e-01 3.156000582305972923e-03
4.500000000000000111e-01 3.562380878222771823e-03
5.000000000000000000e-01 3.972684264802385512e-03
5.500000000000000444e-01 4.387157328811474612e-03
6.000000000000000888e-01 4.805998203607056256e-03
6.500000000000000222e-01 5.229383440047185964e-03
7.000000000000000666e-01 5.657439772078127344e-03
7.500000000000000000e-01 6.090193568413085519e-03
8.000000000000000444e-01 6.527585849238209080e-03
8.500000000000000888e-01 6.969540570229177008e-03
9.000000000000000222e-01 7.415870439468826535e-03
9.500000000000000666e-01 7.866321176748196711e-03
1.000000000000000000e+00 8.320549610721313799e-03
1.050000000000000044e+00 8.778149273501970051e-03
1.100000000000000089e+00 9.238659104380014808e-03
1.150000000000000133e+00 9.701495138972693680e-03
1.200000000000000178e+00 1.016602434635483637e-02
1.250000000000000000e+00 1.063154614970002361e-02
1.300000000000000044e+00 1.109728973091903166e-02
1.350000000000000089e+00 1.156241183707348852e-02
1.400000000000000133e+00 1.202603097469290803e-02
1.450000000000000178e+00 1.248721151950239056e-02
1.500000000000000000e+00 1.294498279779995875e-02
1.550000000000000044e+00 1.339834042287148773e-02
1.600000000000000089e+00 1.384623344472983575e-02
1.650000000000000133e+00 1.428760699821531206e-02
1.700000000000000178e+00 1.472140972914846163e-02
1.750000000000000000e+00 1.514657755444031619e-02
1.800000000000000044e+00 1.556204048816992903e-02
1.850000000000000089e+00 1.596676674463127013e-02
1.900000000000000133e+00 1.635973381886820024e-02
1.950000000000000178e+00 1.673996181427012120e-02
2.000000000000000000e+00 1.710650640382635479e-02
2.050000000000000266e+00 1.745845285794795157e-02
2.100000000000000089e+00 1.779497103155602486e-02
2.149999999999999911e+00 1.811523872082148809e-02
2.200000000000000178e+00 1.841852619663830043e-02
2.250000000000000000e+00 1.870415479918435472e-02
2.300000000000000266e+00 1.897152223938805213e-02
2.350000000000000089e+00 1.922009224927564985e-02
2.400000000000000355e+00 1.944938765132537412e-02
2.450000000000000178e+00 1.965901557021711502e-02
2.500000000000000000e+00 1.984866471677074196e-02
2.550000000000000266e+00 2.001808545268107115e-02
2.600000000000000089e+00 2.016710096962411047e-02
2.650000000000000355e+00 2.029561581411535101e-02
2.700000000000000178e+00 2.040360665819324765e-02
2.750000000000000000e+00 2.049111376952652760e-02
2.800000000000000266e+00 2.055825441300803899e-02
2.850000000000000089e+00 2.060521625641883320e-02
2.900000000000000355e+00 2.063224641786549560e-02
2.950000000000000178e+00 2.063966023902574082e-02
3.000000000000000000e+00 2.062783836110125557e-02
3.050000000000000266e+00 2.059721751380066274e-02
3.100000000000000089e+00 2.054829223722953388e-02
3.150000000000000355e+00 2.048160363233580972e-02
3.200000000000000178e+00 2.039776121434902847e-02
3.250000000000000000e+00 2.029739769919194914e-02
3.300000000000000266e+00 2.018120534076507655e-02
3.350000000000000089e+00 2.004990899244538452e-02
3.400000000000000355e+00 1.990426683491874904e-02
3.450000000000000178e+00 1.974506826558831626e-02
3.500000000000000000e+00 1.957312839343448158e-02
3.550000000000000266e+00 1.938928173793401377e-02
3.600000000000000089e+00 1.919437829246615004e-02
3.650000000000000355e+00 1.898927690181673525e-02
3.700000000000000178e+00 1.877484184696345121e-02
3.750000000000000000e+00 1.855193887579683829e-02
3.800000000000000266e+00 1.832142890173734523e-02
3.850000000000000089e+00 1.808413825918047876e-02
3.900000000000000355e+00 1.784097352197079253e-02
3.950000000000000178e+00 1.759268283876292555e-02
4.000000000000000000e+00 1.734008361115151400e-02
4.049999999999999822e+00 1.708394591485075734e-02
4.100000000000000533e+00 1.682500898021594901e-02
4.150000000000000355e+00 1.656397796712739956e-02
4.200000000000000178e+00 1.630152598885668477e-02
4.250000000000000000e+00 1.603828783773398117e-02
4.299999999999999822e+00 1.577485866040274215e-02
4.350000000000000533e+00 1.551179586223985600e-02
4.400000000000000355e+00 1.524961567915577264e-02
4.450000000000000178e+00 1.498879354541973047e-02
4.500000000000000000e+00 1.472976519611030391e-02
4.549999999999999822e+00 1.447292562945044422e-02
4.600000000000000533e+00 1.421863140161391294e-02
4.650000000000000355e+00 1.396720123277010034e-02
4.700000000000000178e+00 1.371891692971495200e-02
4.750000000000000000e+00 1.347402470351165976e-02
4.800000000000000711e+00 1.323274047219269271e-02
4.850000000000000533e+00 1.299524927625189674e-02
4.900000000000000355e+00 1.276169441162440521e-02
4.950000000000000178e+00 1.253221101372998213e-02
5.000000000000000000e+00 1.230689679510456325e-02
5.050000000000000711e+00 1.208582894974430388e-02
5.100000000000000533e+00 1.186905410231680648e-02
5.150000000000000355e+00 1.165663617706801103e-02
5.200000000000000178e+00 1.144856646460716727e-02
5.250000000000000000e+00 1.124485708113845579e-02
5.300000000000000711e+00 1.104549689775806941e-02
5.350000000000000533e+00 1.085046217560756317e-02
5.400000000000000355e+00 1.065971804049569392e-02
5.450000000000000178e+00 1.047321992898309594e-02
5.500000000000000000e+00 1.029091536849235239e-02
5.550000000000000711e+00 1.011274295116208234e-02
5.600000000000000533e+00 9.938634862538164166e-03
5.650000000000000355e+00 9.768530383413373194e-03
5.700000000000000178e+00 9.602342398348966482e-03
5.750000000000000000e+00 9.439994603252774286e-03
5.800000000000000711e+00 9.281407635674058729e-03
5.850000000000000533e+00 9.126497761960550986e-03
5.900000000000000355e+00 8.975180350121174377e-03
5.950000000000000178e+00 8.827374084489121239e-03
6.000000000000000000e+00 8.682982673696448134e-03
6.050000000000000711e+00 8.541931729150539429e-03
6.100000000000000533e+00 8.404133131366130910e-03
6.150000000000000355e+00 8.269502947890958189e-03
6.200000000000000178e+00 8.137958655520064269e-03
6.250000000000000000e+00 8.009418802819833968e-03
6.300000000000000711e+00 7.883802376454794938e-03
6.350000000000000533e+00 7.761034440630162554e-03
6.400000000000000355e+00 7.641035048131014813e-03
6.450000000000000178e+00 7.523730288731420891e-03
6.500000000000000000e+00 7.409047169055626471e-03
6.550000000000000711e+00 7.296914133363267309e-03
6.600000000000000533e+00 7.187261959381217175e-03
6.650000000000000355e+00 7.080025058303904446e-03
6.700000000000000178e+00 6.975130290532549800e-03
6.750000000000000000e+00 6.872520634651005378e-03
6.800000000000000711e+00 6.772131283658316264e-03
6.850000000000000533e+00 6.673901459006177997e-03
6.900000000000000355e+00 6.577771826984684343e-03
6.950000000000000178e+00 6.483685452514312796e-03
7.000000000000000000e+00 6.391586338560324189e-03
7.050000000000000711e+00 6.301420250443368586e-03
7.100000000000000533e+00 6.213135054395949389e-03
7.150000000000000355e+00 6.126679670844552110e-03
7.200000000000000178e+00 6.042004693433829579e-03
7.250000000000000000e+00 5.959062780159248181e-03
7.300000000000000711e+00 5.877807407579641562e-03
7.350000000000000533e+00 5.798193891297802154e-03
7.400000000000000355e+00 5.720179015147084690e-03
7.450000000000000178e+00 5.643720643555834998e-03
7.500000000000000000e+00 5.568779151814407663e-03
7.550000000000000711e+00 5.495314462164870885e-03
7.600000000000000533e+00 5.423289462190904013e-03
7.650000000000000355e+00 5.352665949571394979e-03
7.700000000000000178e+00 5.283403940047729647e-03
7.750000000000000000e+00 5.215486119025189958e-03
7.800000000000000711e+00 5.148861379229620165e-03
7.850000000000000533e+00 5.083503165678152254e-03
7.900000000000000355e+00 5.019379975261378628e-03
7.950000000000000178e+00 4.956461158651896855e-03
8.000000000000000000e+00 4.894717057134744670e-03
8.050000000000000711e+00 4.834118712664854309e-03
8.099999999999999645e+00 4.774638045267413401e-03
8.150000000000000355e+00 4.716247776481179502e-03
8.200000000000001066e+00 4.658921374286084660e-03
8.250000000000000000e+00 4.602633091514899896e-03
8.300000000000000711e+00 4.547357908547005993e-03
8.349999999999999645e+00 4.493071533172066784e-03
8.400000000000000355e+00 4.439750451804070838e-03
8.450000000000001066e+00 4.387371824992494611e-03
8.500000000000000000e+00 4.335913491392464313e-03
8.550000000000000711e+00 4.285354016189900882e-03
8.599999999999999645e+00 4.235672622714920649e-03
8.650000000000000355e+00 4.186849433230312167e-03
8.700000000000001066e+00 4.138863990627328869e-03
8.750000000000000000e+00 4.091698372554433000e-03
8.800000000000000711e+00 4.045333758144144601e-03
8.849999999999999645e+00 3.999752356785331829e-03
8.900000000000000355e+00 3.954936783773556515e-03
8.950000000000001066e+00 3.910870239652676494e-03
9.000000000000000000e+00 3.867536238197435711e-03
9.050000000000000711e+00 3.824918782628819458e-03
9.099999999999999645e+00 3.783002288364119628e-03
9.150000000000000355e+00 3.741771531311215149e-03
9.200000000000001066e+00 3.701211670959211192e-03
9.250000000000000000e+00 3.661308204451487261e-03
9.300000000000000711e+00 3.622047007829575730e-03
9.349999999999999645e+00 3.583414225048685460e-03
9.400000000000000355e+00 3.545396560415811117e-03
9.450000000000001066e+00 3.507980739291544602e-03
9.500000000000000000e+00 3.471154073237673471e-03
9.550000000000000711e+00 3.434904032417800557e-03
9.600000000000001421e+00 3.399218417635819448e-03
9.650000000000000355e+00 3.364086042154519965e-03
9.700000000000001066e+00 3.329495503519132663e-03
9.750000000000000000e+00 3.295434551287993417e-03
9.800000000000000711e+00 3.261892457474001566e-03
9.850000000000001421e+00 3.228860094164926354e-03
9.900000000000000355e+00 3.196326539312436925e-03
9.950000000000001066e+00 3.164281920291158075e-03
1.000000000000000000e+01 3.132716567592596420e-03
1.005000000000000071e+01 3.101621121356266334e-03
1.010000000000000142e+01 3.070986389584115777e-03
1.015000000000000036e+01 3.040803534451635634e-03
1.020000000000000107e+01 3.011061421893912373e-03
1.025000000000000000e+01 2.981758381793638956e-03
1.030000000000000071e+01 2.952879265468327710e-03
1.035000000000000142e+01 2.924418062338912921e-03
1.040000000000000036e+01 2.896366815777483804e-03
1.045000000000000107e+01 2.868717625809267917e-03
1.050000000000000000e+01 2.841462792814481060e-03
1.055000000000000071e+01 2.814594804940531454e-03
1.060000000000000142e+01 2.788106225902987120e-03
1.065000000000000036e+01 2.761989884173031949e-03
1.070000000000000107e+01 2.736238687056401133e-03
1.075000000000000000e+01 2.710845776924227131e-03
1.080000000000000071e+01 2.685804471451745234e-03
1.085000000000000142e+01 2.661108198721118256e-03
1.090000000000000036e+01 2.636750609666361003e-03
1.095000000000000107e+01 2.612725616503071020e-03
1.100000000000000000e+01 2.589027037228452347e-03
1.105000000000000071e+01 2.565649108339142486e-03
1.110000000000000142e+01 2.542585941727604736e-03
1.115000000000000036e+01 2.519832575890631251e-03
1.120000000000000107e+01 2.497382856772949276e-03
1.125000000000000000e+01 2.475231889645176583e-03
1.130000000000000071e+01 2.453374400258251809e-03
1.135000000000000142e+01 2.431805304006613710e-03
1.140000000000000036e+01 2.410519815666721955e-03
1.145000000000000107e+01 2.389512545725299471e-03
1.150000000000000000e+01 2.368779181541044894e-03
1.155000000000000071e+01 2.348314846258148410e-03
1.160000000000000142e+01 2.328114883350499136e-03
1.165000000000000036e+01 2.308174729287802533e-03
1.170000000000000107e+01 2.288489880756254709e-03
1.175000000000000000e+01 2.269055951800583084e-03
1.180000000000000071e+01 2.249868620046272059e-03
1.185000000000000142e+01 2.230923609758064027e-03
1.190000000000000036e+01 2.212217677001819885e-03
1.195000000000000107e+01 2.193744142602600811e-03
1.200000000000000000e+01 2.175501644851170549e-03
1.205000000000000071e+01 2.157485462753123365e-03
1.210000000000000142e+01 2.139691897360212602e-03
1.215000000000000036e+01 2.122117227100656610e-03
1.220000000000000107e+01 2.104757906277673202e-03
1.225000000000000000e+01 2.087610464157736278e-03
1.230000000000000071e+01 2.070671525438899045e-03
1.235000000000000142e+01 2.053937648117093451e-03
1.240000000000000036e+01 2.037406017565258562e-03
1.245000000000000107e+01 2.021073047113330131e-03
1.250000000000000000e+01 2.004935796071300250e-03
1.255000000000000071e+01 1.988991204495181488e-03
1.260000000000000142e+01 1.973235990388496307e-03
1.265000000000000036e+01 1.957668059995000369e-03
1.270000000000000107e+01 1.942283628545821671e-03
1.275000000000000000e+01 1.927080115789894235e-03
1.280000000000000071e+01 1.912054678884000068e-03
1.285000000000000142e+01 1.897204504074863005e-03
1.290000000000000036e+01 1.882526823694982265e-03
1.295000000000000107e+01 1.868018937074179256e-03
1.300000000000000000e+01 1.853678156560330552e-03
1.305000000000000071e+01 1.839501842977547255e-03
1.310000000000000142e+01 1.825487424479483017e-03
1.315000000000000036e+01 1.811632435199484392e-03
1.320000000000000107e+01 1.797934362666184140e-03
1.325000000000000000e+01 1.784390782138439800e-03
1.330000000000000071e+01 1.771000113991959540e-03
1.335000000000000142e+01 1.757758130428494284e-03
1.340000000000000036e+01 1.744664468409253813e-03
1.345000000000000107e+01 1.731716536840283063e-03
1.350000000000000000e+01 1.718911746511625352e-03
1.355000000000000071e+01 1.706248536235672672e-03
1.360000000000000142e+01 1.693724718202723606e-03
1.365000000000000036e+01 1.681338328096635250e-03
1.370000000000000107e+01 1.669087426301772833e-03
1.375000000000000000e+01 1.656970051876975603e-03
1.380000000000000071e+01 1.644984347308151582e-03
1.385000000000000142e+01 1.633128657481542484e-03
1.390000000000000036e+01 1.621400518514865214e-03
1.395000000000000107e+01 1.609798666211139382e-03
1.400000000000000000e+01 1.598321095792821795e-03
1.405000000000000071e+01 1.586966005630633747e-03
1.410000000000000142e+01 1.575731593994319796e-03
1.415000000000000036e+01 1.564616160130294234e-03
1.420000000000000107e+01 1.553617919105035111e-03
1.425000000000000000e+01 1.542735196960700076e-03
1.430000000000000071e+01 1.531966322553863667e-03
1.435000000000000142e+01 1.521309670550115420e-03
1.440000000000000036e+01 1.510763640530273172e-03
1.445000000000000107e+01 1.500326700082206142e-03
1.450000000000000000e+01 1.489997334371498654e-03
1.455000000000000071e+01 1.479774086197488490e-03
1.460000000000000142e+01 1.469655511258065881e-03
1.465000000000000036e+01 1.459640218750868010e-03
1.470000000000000107e+01 1.449726864718972998e-03
1.475000000000000000e+01 1.439914106382314670e-03
1.480000000000000071e+01 1.430200649668192684e-03
1.485000000000000142e+01 1.420584891884718983e-03
1.490000000000000036e+01 1.411066502152145919e-03
1.495000000000000107e+01 1.401642983439879914e-03
