0.000000000000000000e+00 0.000000000000000000e+00
5.000000000000000278e-02 4.029891019088171870e-04
1.000000000000000056e-01 8.070849881529962907e-04
1.500000000000000222e-01 1.211567416861780320e-03
2.000000000000000111e-01 1.617317583710955499e-03
2.500000000000000000e-01 2.024673060361554568e-03
3.000000000000000444e-01 2.433840976799388819e-03
3.500000000000000333e-01 2.845403961508469019e-03
4.000000000000000222e-01 3.259603799265270094e-03
4.500000000000000111e-01 3.676519905436726951e-03
5.000000000000000000e-01 4.096540059046168206e-03
5.500000000000000444e-01 4.519745514686195932e-03
6.000000000000000888e-01 4.946304226168511328e-03
6.500000000000000222e-01 5.376278107638348715e-03
7.000000000000000666e-01 5.809706255615074665e-03
7.500000000000000000e-01 6.246523253691490044e-03
8.000000000000000444e-01 6.686659098501400791e-03
8.500000000000000888e-01 7.129994168083567639e-03
9.000000000000000222e-01 7.576200686386340942e-03
9.500000000000000666e-01 8.025033524190209461e-03
1.000000000000000000e+00 8.476182981567636707e-03
1.050000000000000044e+00 8.929133728111616694e-03
1.100000000000000089e+00 9.383486776853064426e-03
1.150000000000000133e+00 9.838727164270422154e-03
1.200000000000000178e+00 1.029417213761600440e-02
1.250000000000000000e+00 1.074922172374926863e-02
1.300000000000000044e+00 1.120318734131063587e-02
1.350000000000000089e+00 1.165529350215863125e-02
1.400000000000000133e+00 1.210476066186433330e-02
1.450000000000000178e+00 1.255076064980614747e-02
1.500000000000000000e+00 1.299245484031711154e-02
1.550000000000000044e+00 1.342895777303813008e-02
1.600000000000000089e+00 1.385935413889578284e-02
1.650000000000000133e+00 1.428273530362133940e-02
1.700000000000000178e+00 1.469818595228870352e-02
1.750000000000000000e+00 1.510478694082157541e-02
1.800000000000000044e+00 1.550160844851974917e-02
1.850000000000000089e+00 1.588775355152726235e-02
1.900000000000000133e+00 1.626237683719199134e-02
1.950000000000000178e+00 1.662451191424781441e-02
2.000000000000000000e+00 1.697344005171589829e-02
2.050000000000000266e+00 1.730832644751987073e-02
2.100000000000000089e+00 1.762841897034560582e-02
2.149999999999999911e+00 1.793301426300117699e-02
2.200000000000000178e+00 1.822144805951561586e-02
2.250000000000000000e+00 1.849311399260772718e-02
2.300000000000000266e+00 1.874746991842615729e-02
2.350000000000000089e+00 1.898402279944115187e-02
2.400000000000000355e+00 1.920233510833047746e-02
2.450000000000000178e+00 1.940203993462206664e-02
2.500000000000000000e+00 1.958284130348159763e-02
2.550000000000000266e+00 1.974450312525612497e-02
2.600000000000000089e+00 1.988685307335825297e-02
2.650000000000000355e+00 2.000979380115582365e-02
2.700000000000000178e+00 2.011324963003900332e-02
2.750000000000000000e+00 2.019732852734214962e-02
2.800000000000000266e+00 2.026207880821390486e-02
2.850000000000000089e+00 2.030762429172063704e-02
2.900000000000000355e+00 2.033424797951296006e-02
2.950000000000000178e+00 2.034219122221532852e-02
3.000000000000000000e+00 2.033181627863245647e-02
3.050000000000000266e+00 2.030350953977784131e-02
3.100000000000000089e+00 2.025772606959953814e-02
3.150000000000000355e+00 2.019496622970080868e-02
3.200000000000000178e+00 2.011577982125951555e-02
3.250000000000000000e+00 2.002075732654198803e-02
3.300000000000000266e+00 1.991053854093009431e-02
3.350000000000000089e+00 1.978578733893542746e-02
3.400000000000000355e+00 1.964721564662808700e-02
3.450000000000000178e+00 1.949556013893793613e-02
3.500000000000000000e+00 1.933156190114976997e-02
3.550000000000000266e+00 1.915600662259789658e-02
3.600000000000000089e+00 1.896968570047673219e-02
3.650000000000000355e+00 1.877339928276185871e-02
3.700000000000000178e+00 1.856795609331345423e-02
3.750000000000000000e+00 1.835416458801689479e-02
3.800000000000000266e+00 1.813283099639595095e-02
3.850000000000000089e+00 1.790475440658386916e-02
3.900000000000000355e+00 1.767071909502631114e-02
3.950000000000000178e+00 1.743149995718743309e-02
4.000000000000000000e+00 1.718784580988442362e-02
4.049999999999999822e+00 1.694048561361790814e-02
4.100000000000000533e+00 1.669012613665215791e-02
4.150000000000000355e+00 1.643743894000189790e-02
4.200000000000000178e+00 1.618306952718647634e-02
4.250000000000000000e+00 1.592762926626629591e-02
4.299999999999999822e+00 1.567169338862127795e-02
4.350000000000000533e+00 1.541580683901739267e-02
4.400000000000000355e+00 1.516047163206293499e-02
4.450000000000000178e+00 1.490615482764246630e-02
4.500000000000000000e+00 1.465329078301103385e-02
4.549999999999999822e+00 1.440227282091593314e-02
4.600000000000000533e+00 1.415345949609705424e-02
4.650000000000000355e+00 1.390717400375269391e-02
4.700000000000000178e+00 1.366370719830287128e-02
4.750000000000000000e+00 1.342331071554896983e-02
4.800000000000000711e+00 1.318621216086634899e-02
4.850000000000000533e+00 1.295260882381780478e-02
4.900000000000000355e+00 1.272265894206773239e-02
4.950000000000000178e+00 1.249650903606888165e-02
5.000000000000000000e+00 1.227427302407461604e-02
5.050000000000000711e+00 1.205603839887801898e-02
5.100000000000000533e+00 1.184187813658986281e-02
5.150000000000000355e+00 1.163184387207368518e-02
5.200000000000000178e+00 1.142596628456834899e-02
5.250000000000000000e+00 1.122426204888963067e-02
5.300000000000000711e+00 1.102673611006575738e-02
5.350000000000000533e+00 1.083337492955980218e-02
5.400000000000000355e+00 1.064415829463376782e-02
5.450000000000000178e+00 1.045905084582605081e-02
5.500000000000000000e+00 1.027801332957758648e-02
5.550000000000000711e+00 1.010099473924434312e-02
5.600000000000000533e+00 9.927937477498080532e-03
5.650000000000000355e+00 9.758780834006211199e-03
5.700000000000000178e+00 9.593460237030271981e-03
5.750000000000000000e+00 9.431900911627702153e-03
5.800000000000000711e+00 9.274031072978599147e-03
5.850000000000000533e+00 9.119717759225060699e-03
5.900000000000000355e+00 8.969049773110420939e-03
5.950000000000000178e+00 8.821780403178922092e-03
6.000000000000000000e+00 8.677885555013529692e-03
6.050000000000000711e+00 8.537285246433368863e-03
6.100000000000000533e+00 8.399897072634660358e-03
6.150000000000000355e+00 8.265642413839556502e-03
6.200000000000000178e+00 8.134441400105201642e-03
6.250000000000000000e+00 8.006215379554600109e-03
6.300000000000000711e+00 7.880887899973933533e-03
6.350000000000000533e+00 7.758382168411581854e-03
6.400000000000000355e+00 7.638622913024343923e-03
6.450000000000000178e+00 7.521538735612028244e-03
6.500000000000000000e+00 7.407056839871511283e-03
6.550000000000000711e+00 7.295108145848160607e-03
6.600000000000000533e+00 7.185624994222592973e-03
6.650000000000000355e+00 7.078539105428445499e-03
6.700000000000000178e+00 6.973787391398250136e-03
6.750000000000000000e+00 6.871304641766075999e-03
6.800000000000000711e+00 6.771034598399320974e-03
6.850000000000000533e+00 6.672904811192422597e-03
6.900000000000000355e+00 6.576864824703886753e-03
6.950000000000000178e+00 6.482888846513687291e-03
