0.000000000000000000e+00 0.000000000000000000e+00
5.000000000000000278e-02 3.455585673321935267e-04
1.000000000000000056e-01 6.923572916839666920e-04
1.500000000000000222e-01 1.039501975777902456e-03
2.000000000000000111e-01 1.387932288656807366e-03
2.500000000000000000e-01 1.737953150364319067e-03
3.000000000000000444e-01 2.089958151657250827e-03
3.500000000000000333e-01 2.444344015932999915e-03
4.000000000000000222e-01 2.801433719818465992e-03
4.500000000000000111e-01 3.161525104218780406e-03
5.000000000000000000e-01 3.524867147458085777e-03
5.500000000000000444e-01 3.891799094241257632e-03
6.000000000000000888e-01 4.262355680735433958e-03
6.500000000000000222e-01 4.636807284259334555e-03
7.000000000000000666e-01 5.015374385178632440e-03
7.500000000000000000e-01 5.397951520226734745e-03
8.000000000000000444e-01 5.784642272010239415e-03
8.500000000000000888e-01 6.175401307230522774e-03
9.000000000000000222e-01 6.570163011333774589e-03
9.500000000000000666e-01 6.968758372220195882e-03
1.000000000000000000e+00 7.370977212432289552e-03
1.050000000000000044e+00 7.776552577436411130e-03
1.100000000000000089e+00 8.185204856046271807e-03
1.150000000000000133e+00 8.596413991185937811e-03
1.200000000000000178e+00 9.009924438976572858e-03
1.250000000000000000e+00 9.425149285111881006e-03
1.300000000000000044e+00 9.841371989940684781e-03
1.350000000000000089e+00 1.025816198158567213e-02
1.400000000000000133e+00 1.067474516670152869e-02
1.450000000000000178e+00 1.109050064186354115e-02
1.500000000000000000e+00 1.150457619724978495e-02
1.550000000000000044e+00 1.191618512386388544e-02
1.600000000000000089e+00 1.232452040147594130e-02
1.650000000000000133e+00 1.272869168075079806e-02
1.700000000000000178e+00 1.312780608058553358e-02
1.750000000000000000e+00 1.352101096397411058e-02
1.800000000000000044e+00 1.390735960823944947e-02
1.850000000000000089e+00 1.428595245660763645e-02
1.900000000000000133e+00 1.465589947278995303e-02
1.950000000000000178e+00 1.501631970142299280e-02
2.000000000000000000e+00 1.536633202579940592e-02
2.050000000000000266e+00 1.570509349956370274e-02
2.100000000000000089e+00 1.603180004669716927e-02
2.149999999999999911e+00 1.634566884000800482e-02
2.200000000000000178e+00 1.664596391987178611e-02
2.250000000000000000e+00 1.693200140233738771e-02
2.300000000000000266e+00 1.720315100915465259e-02
2.350000000000000089e+00 1.745882989825500373e-02
2.400000000000000355e+00 1.769850812912937207e-02
2.450000000000000178e+00 1.792171836797407450e-02
2.500000000000000000e+00 1.812805612659668109e-02
2.550000000000000266e+00 1.831717951573129041e-02
2.600000000000000089e+00 1.848879977066315849e-02
2.650000000000000355e+00 1.864271796500763592e-02
2.700000000000000178e+00 1.877876197337248476e-02
2.750000000000000000e+00 1.889683531654176227e-02
2.800000000000000266e+00 1.899691325316475027e-02
2.850000000000000089e+00 1.907904853584315580e-02
2.900000000000000355e+00 1.914330524840753001e-02
2.950000000000000178e+00 1.918982850132486609e-02
3.000000000000000000e+00 1.921883191685519465e-02
3.050000000000000266e+00 1.923056584725718263e-02
3.100000000000000089e+00 1.922534418419343319e-02
3.150000000000000355e+00 1.920352829710245124e-02
3.200000000000000178e+00 1.916551051583705381e-02
3.250000000000000000e+00 1.911174772985780104e-02
3.300000000000000266e+00 1.904273692973638271e-02
3.350000000000000089e+00 1.895900032599824592e-02
3.400000000000000355e+00 1.886111202596319272e-02
3.450000000000000178e+00 1.874966528798876347e-02
3.500000000000000000e+00 1.862529328326251871e-02
3.550000000000000266e+00 1.848865476427916099e-02
3.600000000000000089e+00 1.834042310742946269e-02
3.650000000000000355e+00 1.818129898698525593e-02
3.700000000000000178e+00 1.801199350463691604e-02
3.750000000000000000e+00 1.783323178067559509e-02
3.800000000000000266e+00 1.764574709472331929e-02
3.850000000000000089e+00 1.745027086546580009e-02
3.900000000000000355e+00 1.724753962822294512e-02
3.950000000000000178e+00 1.703828286378128790e-02
4.000000000000000000e+00 1.682322034999167437e-02
4.049999999999999822e+00 1.660306460587171462e-02
4.100000000000000533e+00 1.637850757432646187e-02
4.150000000000000355e+00 1.615022393979264823e-02
4.200000000000000178e+00 1.591886741409943504e-02
4.250000000000000000e+00 1.568507133646520821e-02
4.299999999999999822e+00 1.544942927311272231e-02
4.350000000000000533e+00 1.521252886381023982e-02
4.400000000000000355e+00 1.497488445290076284e-02
4.450000000000000178e+00 1.473703930552836515e-02
4.500000000000000000e+00 1.449947424246703781e-02
4.549999999999999822e+00 1.426260007727828301e-02
4.600000000000000533e+00 1.402685437222318289e-02
4.650000000000000355e+00 1.379260523443536293e-02
4.700000000000000178e+00 1.356020067204935509e-02
4.750000000000000000e+00 1.332995144090383735e-02
4.800000000000000711e+00 1.310213761469275484e-02
4.850000000000000533e+00 1.287700928337457036e-02
4.900000000000000355e+00 1.265478644069641112e-02
4.950000000000000178e+00 1.243566089031176297e-02
5.000000000000000000e+00 1.221979828221845393e-02
5.050000000000000711e+00 1.200733981121334705e-02
5.100000000000000533e+00 1.179840050389351427e-02
5.150000000000000355e+00 1.159307827645585445e-02
5.200000000000000178e+00 1.139144824205969887e-02
5.250000000000000000e+00 1.119356469916169688e-02
5.300000000000000711e+00 1.099946927312359969e-02
5.350000000000000533e+00 1.080918529329167634e-02
5.400000000000000355e+00 1.062272315343603876e-02
5.450000000000000178e+00 1.044007970908766327e-02
5.500000000000000000e+00 1.026124046078891010e-02
5.550000000000000711e+00 1.008618488520286217e-02
5.600000000000000533e+00 9.914879539288001115e-03
5.650000000000000355e+00 9.747279694055484278e-03
5.700000000000000178e+00 9.583340856512634343e-03
5.750000000000000000e+00 9.423010708658257836e-03
5.800000000000000711e+00 9.266230357637454673e-03
5.850000000000000533e+00 9.112938495689060225e-03
5.900000000000000355e+00 8.963069327695211835e-03
5.950000000000000178e+00 8.816555558103343279e-03
6.000000000000000000e+00 8.673327508429277619e-03
6.050000000000000711e+00 8.533313494950206524e-03
6.100000000000000533e+00 8.396442910509600496e-03
6.150000000000000355e+00 8.262641700592328331e-03
6.200000000000000178e+00 8.131837970743878777e-03
6.250000000000000000e+00 8.003959690912302791e-03
6.300000000000000711e+00 7.878935110452341822e-03
6.350000000000000533e+00 7.756694131090246039e-03
6.400000000000000355e+00 7.637164854335212923e-03
6.450000000000000178e+00 7.520280164869705408e-03
6.500000000000000000e+00 7.405971273481928852e-03
6.550000000000000711e+00 7.294171751340824961e-03
6.600000000000000533e+00 7.184817243635401376e-03
6.650000000000000355e+00 7.077842920775775926e-03
6.700000000000000178e+00 6.973187859906779945e-03
6.750000000000000000e+00 6.870788055663946611e-03
6.800000000000000711e+00 6.770587111694666323e-03
6.850000000000000533e+00 6.672527116888381932e-03
6.900000000000000355e+00 6.576548302664467910e-03
6.950000000000000178e+00 6.482596995772671108e-03
