0.000000000000000000e+00 0.000000000000000000e+00
5.000000000000000278e-02 4.384636707209523497e-04
1.000000000000000056e-01 8.783713811462589465e-04
1.500000000000000222e-01 1.318273945176907458e-03
2.000000000000000111e-01 1.759187333184793070e-03
2.500000000000000000e-01 2.201317503431383330e-03
3.000000000000000444e-01 2.644967762235549222e-03
3.500000000000000333e-01 3.090411391996473415e-03
4.000000000000000222e-01 3.537874117171433894e-03
4.500000000000000111e-01 3.987555860421139117e-03
5.000000000000000000e-01 4.439613861412347942e-03
5.500000000000000444e-01 4.894178877898713691e-03
6.000000000000000888e-01 5.351376540003163415e-03
6.500000000000000222e-01 5.811219421602641100e-03
7.000000000000000666e-01 6.273728797026705169e-03
7.500000000000000000e-01 6.738850849450894395e-03
8.000000000000000444e-01 7.206455456481994197e-03
8.500000000000000888e-01 7.676400180302843726e-03
9.000000000000000222e-01 8.148458343104299229e-03
9.500000000000000666e-01 8.622309200640748683e-03
1.000000000000000000e+00 9.097586832167714466e-03
1.050000000000000044e+00 9.573894141410660419e-03
1.100000000000000089e+00 1.005074813562661581e-02
1.150000000000000133e+00 1.052757401636301819e-02
1.200000000000000178e+00 1.100380056992876845e-02
1.250000000000000000e+00 1.147874265847118394e-02
1.300000000000000044e+00 1.195163760023901407e-02
1.350000000000000089e+00 1.242175591750369415e-02
1.400000000000000133e+00 1.288824426181361775e-02
1.450000000000000178e+00 1.335023481610712361e-02
1.500000000000000000e+00 1.380684505549432256e-02
1.550000000000000044e+00 1.425712835891725441e-02
1.600000000000000089e+00 1.470012817948526326e-02
1.650000000000000133e+00 1.513486085966024054e-02
1.700000000000000178e+00 1.556036551348281838e-02
1.750000000000000000e+00 1.597566692047900153e-02
1.800000000000000044e+00 1.637978516906822210e-02
1.850000000000000089e+00 1.677180531658067561e-02
1.900000000000000133e+00 1.715067940063246671e-02
1.950000000000000178e+00 1.751565773239412496e-02
2.000000000000000000e+00 1.786581694065303080e-02
2.050000000000000266e+00 1.820032128973100849e-02
2.100000000000000089e+00 1.851845062041893725e-02
2.149999999999999911e+00 1.881948210539190203e-02
2.200000000000000178e+00 1.910274688065044524e-02
2.250000000000000000e+00 1.936768126969414319e-02
2.300000000000000266e+00 1.961377392387965435e-02
2.350000000000000089e+00 1.984057157483781753e-02
2.400000000000000355e+00 2.004769185993195493e-02
2.450000000000000178e+00 2.023483688419389429e-02
2.500000000000000000e+00 2.040177949685082967e-02
2.550000000000000266e+00 2.054836649776849850e-02
2.600000000000000089e+00 2.067451265828792323e-02
2.650000000000000355e+00 2.078020946906133232e-02
2.700000000000000178e+00 2.086551143287735180e-02
2.750000000000000000e+00 2.093055137895611859e-02
2.800000000000000266e+00 2.097552237894528132e-02
2.850000000000000089e+00 2.100066738544697359e-02
2.900000000000000355e+00 2.100633729376212219e-02
2.950000000000000178e+00 2.099290034275200570e-02
3.000000000000000000e+00 2.096077652733015217e-02
3.050000000000000266e+00 2.091047105243292598e-02
3.100000000000000089e+00 2.084251699375953143e-02
3.150000000000000355e+00 2.075749745899950136e-02
3.200000000000000178e+00 2.065603536206268506e-02
3.250000000000000000e+00 2.053879964006719017e-02
3.300000000000000266e+00 2.040646902201817547e-02
3.350000000000000089e+00 2.025984722341986344e-02
3.400000000000000355e+00 2.009962408497729947e-02
3.450000000000000178e+00 1.992660641517248615e-02
3.500000000000000000e+00 1.974160211562766762e-02
3.550000000000000266e+00 1.954542617009513705e-02
3.600000000000000089e+00 1.933891322717032693e-02
3.650000000000000355e+00 1.912289493479473607e-02
3.700000000000000178e+00 1.889822903911632379e-02
3.750000000000000000e+00 1.866572635156549254e-02
3.800000000000000266e+00 1.842624856533835523e-02
3.850000000000000089e+00 1.818058773223516292e-02
3.900000000000000355e+00 1.792956748410040255e-02
3.950000000000000178e+00 1.767397018652886592e-02
4.000000000000000000e+00 1.741457225550184160e-02
4.049999999999999822e+00 1.715212227555729108e-02
4.100000000000000533e+00 1.688730262882094657e-02
4.150000000000000355e+00 1.662081679439850884e-02
4.200000000000000178e+00 1.635330424372069200e-02
4.250000000000000000e+00 1.608537883944389027e-02
4.299999999999999822e+00 1.581761273984537766e-02
4.350000000000000533e+00 1.555044234240888883e-02
4.400000000000000355e+00 1.528466835906890260e-02
4.450000000000000178e+00 1.502044341595811482e-02
4.500000000000000000e+00 1.475828510368052369e-02
4.549999999999999822e+00 1.449857428354323248e-02
4.600000000000000533e+00 1.424165068199833607e-02
4.650000000000000355e+00 1.398781588365599800e-02
4.700000000000000178e+00 1.373733932352805970e-02
4.750000000000000000e+00 1.349045269970715680e-02
4.800000000000000711e+00 1.324735688630202142e-02
4.850000000000000533e+00 1.300822112387477712e-02
4.900000000000000355e+00 1.277318604747808284e-02
4.950000000000000178e+00 1.254236657444001736e-02
5.000000000000000000e+00 1.231584862653026767e-02
5.050000000000000711e+00 1.209370596066542021e-02
5.100000000000000533e+00 1.187597294037435157e-02
5.150000000000000355e+00 1.166268273761242487e-02
5.200000000000000178e+00 1.145384590791054084e-02
5.250000000000000000e+00 1.124945679772533860e-02
5.300000000000000711e+00 1.104949333878669539e-02
5.350000000000000533e+00 1.085392507505623938e-02
5.400000000000000355e+00 1.066271461721140894e-02
5.450000000000000178e+00 1.047580160827256239e-02
5.500000000000000000e+00 1.029313865249161138e-02
5.550000000000000711e+00 1.011465095498059567e-02
5.600000000000000533e+00 9.940278421163201844e-03
5.650000000000000355e+00 9.769933399951332212e-03
5.700000000000000178e+00 9.603537011038965412e-03
5.750000000000000000e+00 9.441017843185420255e-03
5.800000000000000711e+00 9.282281349755863026e-03
5.850000000000000533e+00 9.127245223325374662e-03
5.900000000000000355e+00 8.975820285884348118e-03
5.950000000000000178e+00 8.827919576320845257e-03
6.000000000000000000e+00 8.683455090994385284e-03
6.050000000000000711e+00 8.542339356102664205e-03
6.100000000000000533e+00 8.404487794592786082e-03
6.150000000000000355e+00 8.269806843300229332e-03
6.200000000000000178e+00 8.138222539991343818e-03
6.250000000000000000e+00 8.009652011025087878e-03
6.300000000000000711e+00 7.884005215444047504e-03
6.350000000000000533e+00 7.761208026177426021e-03
6.400000000000000355e+00 7.641187029339211421e-03
6.450000000000000178e+00 7.523860401396500509e-03
6.500000000000000000e+00 7.409153727969214343e-03
6.550000000000000711e+00 7.297003707011795286e-03
6.600000000000000533e+00 7.187328668190910361e-03
6.650000000000000355e+00 7.080079568063058805e-03
6.700000000000000178e+00 6.975173340881558534e-03
6.750000000000000000e+00 6.872551367005974403e-03
6.800000000000000711e+00 6.772151296176643666e-03
6.850000000000000533e+00 6.673912189181002187e-03
6.900000000000000355e+00 6.577775377744802567e-03
6.950000000000000178e+00 6.483682668864773624e-03
