0.000000000000000000e+00 -3.896002641848184123e-02
5.000000000000000278e-02 -3.895719600435334357e-02
1.000000000000000056e-01 -3.894869392390721413e-02
1.500000000000000222e-01 -3.893450375243569239e-02
2.000000000000000111e-01 -3.891464102706005540e-02
2.500000000000000000e-01 -3.888908114836046176e-02
3.000000000000000444e-01 -3.885779617087740945e-02
3.500000000000000333e-01 -3.882077017663310148e-02
4.000000000000000222e-01 -3.877797960406055566e-02
4.500000000000000111e-01 -3.872939412102346241e-02
5.000000000000000000e-01 -3.867498457743423490e-02
5.500000000000000444e-01 -3.861472180541711263e-02
6.000000000000000888e-01 -3.854856503649229521e-02
6.500000000000000222e-01 -3.847647797637828576e-02
7.000000000000000666e-01 -3.839842582420563422e-02
7.500000000000000000e-01 -3.831437295432094797e-02
8.000000000000000444e-01 -3.822427832427181815e-02
8.500000000000000888e-01 -3.812811162383367841e-02
9.000000000000000222e-01 -3.802583491810962446e-02
9.500000000000000666e-01 -3.791741330419377137e-02
1.000000000000000000e+00 -3.780282414243365391e-02
1.050000000000000044e+00 -3.768203930847664057e-02
1.100000000000000089e+00 -3.755503993885237618e-02
1.150000000000000133e+00 -3.742181146156245419e-02
1.200000000000000178e+00 -3.728234403335556335e-02
1.250000000000000000e+00 -3.713663516514209562e-02
1.300000000000000044e+00 -3.698469353012583116e-02
1.350000000000000089e+00 -3.682653291229473491e-02
1.400000000000000133e+00 -3.666217739024991290e-02
1.450000000000000178e+00 -3.649165479067226214e-02
1.500000000000000000e+00 -3.631500904335005497e-02
1.550000000000000044e+00 -3.613229728042514216e-02
1.600000000000000089e+00 -3.594358486994742030e-02
1.650000000000000133e+00 -3.574894182482481891e-02
1.700000000000000178e+00 -3.554845478358091559e-02
1.750000000000000000e+00 -3.534222546493932804e-02
1.800000000000000044e+00 -3.513036568893960349e-02
1.850000000000000089e+00 -3.491299467621148539e-02
1.900000000000000133e+00 -3.469024662056964525e-02
1.950000000000000178e+00 -3.446226790273242135e-02
2.000000000000000000e+00 -3.422921562531935913e-02
2.050000000000000266e+00 -3.399125660954428058e-02
2.100000000000000089e+00 -3.374857082062859143e-02
2.149999999999999911e+00 -3.350134582764043717e-02
2.200000000000000178e+00 -3.324977936782569365e-02
2.250000000000000000e+00 -3.299408019273649545e-02
2.300000000000000266e+00 -3.273446311749091814e-02
2.350000000000000089e+00 -3.247115234075132612e-02
2.400000000000000355e+00 -3.220437715332717665e-02
2.450000000000000178e+00 -3.193437378737657567e-02
2.500000000000000000e+00 -3.166138378450787660e-02
2.550000000000000266e+00 -3.138565763948424764e-02
2.600000000000000089e+00 -3.110744481651251531e-02
2.650000000000000355e+00 -3.082699292722610590e-02
2.700000000000000178e+00 -3.054456429120566696e-02
2.750000000000000000e+00 -3.026041516144968926e-02
2.800000000000000266e+00 -2.997480499589797245e-02
2.850000000000000089e+00 -2.968799324455639183e-02
2.900000000000000355e+00 -2.940022544523008402e-02
2.950000000000000178e+00 -2.911176263392545316e-02
3.000000000000000000e+00 -2.882285896131795214e-02
3.050000000000000266e+00 -2.853376054531676573e-02
3.100000000000000089e+00 -2.824471022367185113e-02
3.150000000000000355e+00 -2.795594977987168536e-02
3.200000000000000178e+00 -2.766771291594167029e-02
3.250000000000000000e+00 -2.738022986808889489e-02
3.300000000000000266e+00 -2.709372043473634931e-02
3.350000000000000089e+00 -2.680839717643615505e-02
3.400000000000000355e+00 -2.652446918667065653e-02
3.450000000000000178e+00 -2.624213277794257629e-02
3.500000000000000000e+00 -2.596157715940612676e-02
3.550000000000000266e+00 -2.568298402910817665e-02
3.600000000000000089e+00 -2.540652268153499593e-02
3.650000000000000355e+00 -2.513235510464098890e-02
3.700000000000000178e+00 -2.486063275453264873e-02
3.750000000000000000e+00 -2.459149546402040337e-02
3.800000000000000266e+00 -2.432507504161135481e-02
3.850000000000000089e+00 -2.406149153487317782e-02
3.900000000000000355e+00 -2.380085456204942412e-02
3.950000000000000178e+00 -2.354326375137386768e-02
4.000000000000000000e+00 -2.328880943012251806e-02
4.049999999999999822e+00 -2.303757071617587582e-02
4.100000000000000533e+00 -2.278961647697447593e-02
4.150000000000000355e+00 -2.254500559486321762e-02
4.200000000000000178e+00 -2.230379226583630373e-02
4.250000000000000000e+00 -2.206601103535922939e-02
4.299999999999999822e+00 -2.183170133944965438e-02
4.350000000000000533e+00 -2.160088818836864918e-02
4.400000000000000355e+00 -2.137358107111008917e-02
4.450000000000000178e+00 -2.114979317525970265e-02
4.500000000000000000e+00 -2.092952493695127841e-02
4.549999999999999822e+00 -2.071277193251101767e-02
4.600000000000000533e+00 -2.049952318243713698e-02
4.650000000000000355e+00 -2.028976161499890241e-02
4.700000000000000178e+00 -2.008346518647581569e-02
4.750000000000000000e+00 -1.988060679733730934e-02
4.800000000000000711e+00 -1.968115620087333706e-02
4.850000000000000533e+00 -1.948507866316006795e-02
4.900000000000000355e+00 -1.929233341549193778e-02
4.950000000000000178e+00 -1.910287935946427748e-02
5.000000000000000000e+00 -1.891667243881441432e-02
5.050000000000000711e+00 -1.873366514128856422e-02
5.100000000000000533e+00 -1.855380639893761813e-02
5.150000000000000355e+00 -1.837705136208365661e-02
5.200000000000000178e+00 -1.820334143759815351e-02
5.250000000000000000e+00 -1.803262700502288041e-02
5.300000000000000711e+00 -1.786485177532529112e-02
5.350000000000000533e+00 -1.769996157549955443e-02
5.400000000000000355e+00 -1.753790077319580115e-02
5.450000000000000178e+00 -1.737861405717698246e-02
5.500000000000000000e+00 -1.722204513121783354e-02
5.550000000000000711e+00 -1.706814005450751556e-02
5.600000000000000533e+00 -1.691684192150304938e-02
5.650000000000000355e+00 -1.676809650973890356e-02
5.700000000000000178e+00 -1.662184898221620230e-02
5.750000000000000000e+00 -1.647804688983841789e-02
5.800000000000000711e+00 -1.633663602183608315e-02
5.850000000000000533e+00 -1.619756411708942953e-02
5.900000000000000355e+00 -1.606077980442756348e-02
5.950000000000000178e+00 -1.592623469098600891e-02
6.000000000000000000e+00 -1.579387649835527901e-02
6.050000000000000711e+00 -1.566365770779252695e-02
6.100000000000000533e+00 -1.553553002447219215e-02
6.150000000000000355e+00 -1.540944904249394801e-02
6.200000000000000178e+00 -1.528536710960312801e-02
6.250000000000000000e+00 -1.516324000298095720e-02
6.300000000000000711e+00 -1.504302585012624698e-02
6.350000000000000533e+00 -1.492468028114128306e-02
6.400000000000000355e+00 -1.480816370144703853e-02
6.450000000000000178e+00 -1.469343447583933322e-02
6.500000000000000000e+00 -1.458045367082527050e-02
6.550000000000000711e+00 -1.446918312777525570e-02
6.600000000000000533e+00 -1.435958532778501898e-02
6.650000000000000355e+00 -1.425162400144518171e-02
6.700000000000000178e+00 -1.414526859844932212e-02
6.750000000000000000e+00 -1.404048883105340172e-02
6.800000000000000711e+00 -1.393724994258977237e-02
6.850000000000000533e+00 -1.383551819118400764e-02
6.900000000000000355e+00 -1.373526081298702232e-02
6.950000000000000178e+00 -1.363644598699431144e-02
