0.000000000000000000e+00 -3.858867947204303039e-02
5.000000000000000278e-02 -3.858624089570553833e-02
1.000000000000000056e-01 -3.857890828314457232e-02
1.500000000000000222e-01 -3.856666932802696457e-02
2.000000000000000111e-01 -3.854950975767319071e-02
2.500000000000000000e-01 -3.852740282279362716e-02
3.000000000000000444e-01 -3.850031928321346469e-02
3.500000000000000333e-01 -3.846821344905560630e-02
4.000000000000000222e-01 -3.843104628384817062e-02
4.500000000000000111e-01 -3.838876250804292706e-02
5.000000000000000000e-01 -3.834130366971940512e-02
5.500000000000000444e-01 -3.828861045912593242e-02
6.000000000000000888e-01 -3.823061681913478976e-02
6.500000000000000222e-01 -3.816724943450967161e-02
7.000000000000000666e-01 -3.809843809635374279e-02
7.500000000000000000e-01 -3.802410753628435169e-02
8.000000000000000444e-01 -3.794417977403618386e-02
8.500000000000000888e-01 -3.785857732917102814e-02
9.000000000000000222e-01 -3.776722548503013560e-02
9.500000000000000666e-01 -3.767004682074239635e-02
1.000000000000000000e+00 -3.756697042415724913e-02
1.050000000000000044e+00 -3.745792467737765752e-02
1.100000000000000089e+00 -3.734284463890254202e-02
1.150000000000000133e+00 -3.722166788969707985e-02
1.200000000000000178e+00 -3.709434453589150610e-02
1.250000000000000000e+00 -3.696082669117156660e-02
1.300000000000000044e+00 -3.682107477932240053e-02
1.350000000000000089e+00 -3.667506111218219594e-02
1.400000000000000133e+00 -3.652276554495881289e-02
1.450000000000000178e+00 -3.636418216658903607e-02
1.500000000000000000e+00 -3.619931337745262157e-02
1.550000000000000044e+00 -3.602817366593220882e-02
1.600000000000000089e+00 -3.585079568217666018e-02
1.650000000000000133e+00 -3.566721752680010460e-02
1.700000000000000178e+00 -3.547750039781383258e-02
1.750000000000000000e+00 -3.528170944165318068e-02
1.800000000000000044e+00 -3.507993115806284923e-02
1.850000000000000089e+00 -3.487226409215253564e-02
1.900000000000000133e+00 -3.465882249587713682e-02
1.950000000000000178e+00 -3.443973180868010325e-02
2.000000000000000000e+00 -3.421513447641446465e-02
2.050000000000000266e+00 -3.398518655256120569e-02
2.100000000000000089e+00 -3.375005566618483749e-02
2.149999999999999911e+00 -3.350992413477790061e-02
2.200000000000000178e+00 -3.326498170407978655e-02
2.250000000000000000e+00 -3.301543561652641595e-02
2.300000000000000266e+00 -3.276150307728047106e-02
2.350000000000000089e+00 -3.250340678138018136e-02
2.400000000000000355e+00 -3.224138333527518802e-02
2.450000000000000178e+00 -3.197567394677036656e-02
2.500000000000000000e+00 -3.170653024195765196e-02
2.550000000000000266e+00 -3.143420898521857854e-02
2.600000000000000089e+00 -3.115897337554398086e-02
2.650000000000000355e+00 -3.088108488982722194e-02
2.700000000000000178e+00 -3.060082069362701079e-02
2.750000000000000000e+00 -3.031845007921273386e-02
2.800000000000000266e+00 -3.003425509117488637e-02
2.850000000000000089e+00 -2.974849887873399698e-02
2.900000000000000355e+00 -2.946146103172467973e-02
2.950000000000000178e+00 -2.917341794103602351e-02
3.000000000000000000e+00 -2.888463804222511644e-02
3.050000000000000266e+00 -2.859539007887917580e-02
3.100000000000000089e+00 -2.830594102778439050e-02
3.150000000000000355e+00 -2.801654597451141634e-02
3.200000000000000178e+00 -2.772746448399004970e-02
3.250000000000000000e+00 -2.743894578232080814e-02
3.300000000000000266e+00 -2.715122501788709564e-02
3.350000000000000089e+00 -2.686453917527889881e-02
3.400000000000000355e+00 -2.657911388388370377e-02
3.450000000000000178e+00 -2.629516623932397212e-02
3.500000000000000000e+00 -2.601290189624821253e-02
3.550000000000000266e+00 -2.573251907951029649e-02
3.600000000000000089e+00 -2.545420483375491691e-02
3.650000000000000355e+00 -2.517813627593279077e-02
3.700000000000000178e+00 -2.490447895436809916e-02
3.750000000000000000e+00 -2.463338729549534659e-02
3.800000000000000266e+00 -2.436500559616859227e-02
3.850000000000000089e+00 -2.409946576718622821e-02
3.900000000000000355e+00 -2.383688822476220937e-02
3.950000000000000178e+00 -2.357738232135709808e-02
4.000000000000000000e+00 -2.332104750511638722e-02
4.049999999999999822e+00 -2.306797050053990827e-02
4.100000000000000533e+00 -2.281822667927265944e-02
4.150000000000000355e+00 -2.257188125187261848e-02
4.200000000000000178e+00 -2.232899194305618118e-02
4.250000000000000000e+00 -2.208960129321917848e-02
4.299999999999999822e+00 -2.185374812640503844e-02
4.350000000000000533e+00 -2.162146038075495047e-02
4.400000000000000355e+00 -2.139275045452571078e-02
4.450000000000000178e+00 -2.116763194632342859e-02
4.500000000000000000e+00 -2.094610545896905332e-02
4.549999999999999822e+00 -2.072816646691512041e-02
4.600000000000000533e+00 -2.051380358401416054e-02
4.650000000000000355e+00 -2.030299799483426676e-02
4.700000000000000178e+00 -2.009572666652472209e-02
4.750000000000000000e+00 -1.989196013750439695e-02
4.800000000000000711e+00 -1.969166694731786654e-02
4.850000000000000533e+00 -1.949480707196305299e-02
4.900000000000000355e+00 -1.930133998318692493e-02
4.950000000000000178e+00 -1.911122093350905646e-02
5.000000000000000000e+00 -1.892440260725503781e-02
5.050000000000000711e+00 -1.874083329505555479e-02
5.100000000000000533e+00 -1.856046362763718108e-02
5.150000000000000355e+00 -1.838324092280162886e-02
5.200000000000000178e+00 -1.820910532031124601e-02
5.250000000000000000e+00 -1.803800399963452830e-02
5.300000000000000711e+00 -1.786987808921086315e-02
5.350000000000000533e+00 -1.770467062616365786e-02
5.400000000000000355e+00 -1.754232341841666099e-02
5.450000000000000178e+00 -1.738277840125269924e-02
5.500000000000000000e+00 -1.722597705898157999e-02
5.550000000000000711e+00 -1.707186301518880817e-02
5.600000000000000533e+00 -1.692037604783269006e-02
5.650000000000000355e+00 -1.677146403099304475e-02
5.700000000000000178e+00 -1.662506618874819500e-02
5.750000000000000000e+00 -1.648112955794238735e-02
5.800000000000000711e+00 -1.633959852492790701e-02
5.850000000000000533e+00 -1.620041940913050441e-02
5.900000000000000355e+00 -1.606354038775238344e-02
5.950000000000000178e+00 -1.592890888687201537e-02
6.000000000000000000e+00 -1.579647462519808906e-02
6.050000000000000711e+00 -1.566618800721029242e-02
6.100000000000000533e+00 -1.553800008878477093e-02
6.150000000000000355e+00 -1.541186519998529771e-02
6.200000000000000178e+00 -1.528773550518307094e-02
6.250000000000000000e+00 -1.516556597007579117e-02
6.300000000000000711e+00 -1.504531374170431021e-02
6.350000000000000533e+00 -1.492693442027997336e-02
6.400000000000000355e+00 -1.481038768928055922e-02
6.450000000000000178e+00 -1.469563167931858122e-02
6.500000000000000000e+00 -1.458262703904046262e-02
6.550000000000000711e+00 -1.447133525106750369e-02
6.600000000000000533e+00 -1.436171852316788823e-02
6.650000000000000355e+00 -1.425374032483017403e-02
6.700000000000000178e+00 -1.414736912837621756e-02
6.750000000000000000e+00 -1.404257380149935737e-02
6.800000000000000711e+00 -1.393931958237068329e-02
6.850000000000000533e+00 -1.383757272410520399e-02
6.900000000000000355e+00 -1.373730045798850045e-02
6.950000000000000178e+00 -1.363847095829074166e-02
