0.000000000000000000e+00 -4.034556185024587571e-02
5.000000000000000278e-02 -4.034264571858575676e-02
1.000000000000000056e-01 -4.033387664720337884e-02
1.500000000000000222e-01 -4.031924101462877608e-02
2.000000000000000111e-01 -4.029873399731975780e-02
2.500000000000000000e-01 -4.027230865754799494e-02
3.000000000000000444e-01 -4.023994287969995948e-02
3.500000000000000333e-01 -4.020159102652458294e-02
4.000000000000000222e-01 -4.015720307070954481e-02
4.500000000000000111e-01 -4.010671976583855131e-02
5.000000000000000000e-01 -4.005008959609749480e-02
5.500000000000000444e-01 -3.998724056511419184e-02
6.000000000000000888e-01 -3.991810468621494884e-02
6.500000000000000222e-01 -3.984261442397151604e-02
7.000000000000000666e-01 -3.976068684733768954e-02
7.500000000000000000e-01 -3.967225114592284885e-02
8.000000000000000444e-01 -3.957722980273246233e-02
8.500000000000000888e-01 -3.947554967868401737e-02
9.000000000000000222e-01 -3.936713989900409577e-02
9.500000000000000666e-01 -3.925192824715929840e-02
1.000000000000000000e+00 -3.912984563132982513e-02
1.050000000000000044e+00 -3.900084002920416876e-02
1.100000000000000089e+00 -3.886485433953284357e-02
1.150000000000000133e+00 -3.872185176479350094e-02
1.200000000000000178e+00 -3.857178991782263949e-02
1.250000000000000000e+00 -3.841464587449346796e-02
1.300000000000000044e+00 -3.825040975335949889e-02
1.350000000000000089e+00 -3.807908039481560508e-02
1.400000000000000133e+00 -3.790066778556466093e-02
1.450000000000000178e+00 -3.771520409166718990e-02
1.500000000000000000e+00 -3.752272703566120887e-02
1.550000000000000044e+00 -3.732329390933099289e-02
1.600000000000000089e+00 -3.711697910401981493e-02
1.650000000000000133e+00 -3.690387012368295111e-02
1.700000000000000178e+00 -3.668407841773069222e-02
1.750000000000000000e+00 -3.645771949350136432e-02
1.800000000000000044e+00 -3.622493224383811078e-02
1.850000000000000089e+00 -3.598587326970425354e-02
1.900000000000000133e+00 -3.574071227218975771e-02
1.950000000000000178e+00 -3.548963747301787930e-02
2.000000000000000000e+00 -3.523284939576210723e-02
2.050000000000000266e+00 -3.497056057284780167e-02
2.100000000000000089e+00 -3.470300135568602645e-02
2.149999999999999911e+00 -3.443041554320440401e-02
2.200000000000000178e+00 -3.415305676559759335e-02
2.250000000000000000e+00 -3.387118843447410599e-02
2.300000000000000266e+00 -3.358508391672487131e-02
2.350000000000000089e+00 -3.329502886249251226e-02
2.400000000000000355e+00 -3.300131556833862251e-02
2.450000000000000178e+00 -3.270424116105778017e-02
2.500000000000000000e+00 -3.240410763600863608e-02
2.550000000000000266e+00 -3.210122435248780048e-02
2.600000000000000089e+00 -3.179590408920792560e-02
2.650000000000000355e+00 -3.148845837321169461e-02
2.700000000000000178e+00 -3.117920250023838852e-02
2.750000000000000000e+00 -3.086845200816390467e-02
2.800000000000000266e+00 -3.055651859305500220e-02
2.850000000000000089e+00 -3.024371538699247366e-02
2.900000000000000355e+00 -2.993034656681106340e-02
2.950000000000000178e+00 -2.961671621533670112e-02
3.000000000000000000e+00 -2.930312211026730312e-02
3.050000000000000266e+00 -2.898985639783022844e-02
3.100000000000000089e+00 -2.867720254374101982e-02
3.150000000000000355e+00 -2.836543828172212456e-02
3.200000000000000178e+00 -2.805482946573837830e-02
3.250000000000000000e+00 -2.774563482005434206e-02
3.300000000000000266e+00 -2.743810320387971013e-02
3.350000000000000089e+00 -2.713246783507057905e-02
3.400000000000000355e+00 -2.682895526805866016e-02
3.450000000000000178e+00 -2.652778059116167597e-02
3.500000000000000000e+00 -2.622914230036146183e-02
3.550000000000000266e+00 -2.593322882878557056e-02
3.600000000000000089e+00 -2.564021665178507770e-02
3.650000000000000355e+00 -2.535026635828692768e-02
3.700000000000000178e+00 -2.506352694287183880e-02
3.750000000000000000e+00 -2.478013445352603844e-02
3.800000000000000266e+00 -2.450021008674135164e-02
3.850000000000000089e+00 -2.422386352528468900e-02
3.900000000000000355e+00 -2.395118989667330278e-02
3.950000000000000178e+00 -2.368227335164951181e-02
4.000000000000000000e+00 -2.341718447060097200e-02
4.049999999999999822e+00 -2.315598263612824587e-02
4.100000000000000533e+00 -2.289871361590840523e-02
4.150000000000000355e+00 -2.264541519790277610e-02
4.200000000000000178e+00 -2.239611211674630981e-02
4.250000000000000000e+00 -2.215082127134815337e-02
4.299999999999999822e+00 -2.190954853939013416e-02
4.350000000000000533e+00 -2.167229125747514862e-02
4.400000000000000355e+00 -2.143904020833055715e-02
4.450000000000000178e+00 -2.120977441967962507e-02
4.500000000000000000e+00 -2.098447015582305744e-02
4.549999999999999822e+00 -2.076309574845180278e-02
4.600000000000000533e+00 -2.054561419444934575e-02
4.650000000000000355e+00 -2.033198317150207088e-02
4.700000000000000178e+00 -2.012215591101057868e-02
4.750000000000000000e+00 -1.991608142280737459e-02
4.800000000000000711e+00 -1.971370600143378810e-02
4.850000000000000533e+00 -1.951497272203072536e-02
4.900000000000000355e+00 -1.931982064967183166e-02
4.950000000000000178e+00 -1.912818855736895390e-02
5.000000000000000000e+00 -1.894001317616629196e-02
5.050000000000000711e+00 -1.875522854544132284e-02
5.100000000000000533e+00 -1.857377079667890674e-02
5.150000000000000355e+00 -1.839557360728573399e-02
5.200000000000000178e+00 -1.822056858083435926e-02
5.250000000000000000e+00 -1.804869015204723509e-02
5.300000000000000711e+00 -1.787987074077435762e-02
5.350000000000000533e+00 -1.771404441011157141e-02
5.400000000000000355e+00 -1.755114509711631909e-02
5.450000000000000178e+00 -1.739110745438892519e-02
5.500000000000000000e+00 -1.723386735231051403e-02
5.550000000000000711e+00 -1.707936070446250051e-02
5.600000000000000533e+00 -1.692752557513546585e-02
5.650000000000000355e+00 -1.677830114157794622e-02
5.700000000000000178e+00 -1.663162505940878749e-02
5.750000000000000000e+00 -1.648743973410780536e-02
5.800000000000000711e+00 -1.634568660855206801e-02
5.850000000000000533e+00 -1.620630907224627354e-02
5.900000000000000355e+00 -1.606925183922378389e-02
5.950000000000000178e+00 -1.593446202129380693e-02
6.000000000000000000e+00 -1.580188554184974031e-02
6.050000000000000711e+00 -1.567147148982484667e-02
6.100000000000000533e+00 -1.554316950444045373e-02
6.150000000000000355e+00 -1.541693193684026165e-02
6.200000000000000178e+00 -1.529271015500611140e-02
6.250000000000000000e+00 -1.517045805058701152e-02
6.300000000000000711e+00 -1.505013145886223078e-02
6.350000000000000533e+00 -1.493168552579385994e-02
6.400000000000000355e+00 -1.481507865482707686e-02
6.450000000000000178e+00 -1.470026866307612076e-02
6.500000000000000000e+00 -1.458721546674018876e-02
6.550000000000000711e+00 -1.447588008358593505e-02
6.600000000000000533e+00 -1.436622389904945035e-02
6.650000000000000355e+00 -1.425821024221503655e-02
6.700000000000000178e+00 -1.415180568816865568e-02
6.750000000000000000e+00 -1.404697749788592562e-02
6.800000000000000711e+00 -1.394369089863676386e-02
6.850000000000000533e+00 -1.384191213295328342e-02
6.900000000000000355e+00 -1.374160842184492769e-02
6.950000000000000178e+00 -1.364274792960143944e-02
