0.000000000000000000e+00 -3.989491290327197570e-02
5.000000000000000278e-02 -3.989193588616177927e-02
1.000000000000000056e-01 -3.988298730271215564e-02
1.500000000000000222e-01 -3.986805570561752221e-02
2.000000000000000111e-01 -3.984714178041671301e-02
2.500000000000000000e-01 -3.982021790030756264e-02
3.000000000000000444e-01 -3.978726193693850333e-02
3.500000000000000333e-01 -3.974822677474162957e-02
4.000000000000000222e-01 -3.970309755224486759e-02
4.500000000000000111e-01 -3.965182748516208472e-02
5.000000000000000000e-01 -3.959437865762189396e-02
5.500000000000000444e-01 -3.953070113550683634e-02
6.000000000000000888e-01 -3.946074869496753873e-02
6.500000000000000222e-01 -3.938447146369229712e-02
7.000000000000000666e-01 -3.930181880269236622e-02
7.500000000000000000e-01 -3.921273994683655006e-02
8.000000000000000444e-01 -3.911718458652285735e-02
8.500000000000000888e-01 -3.901510396092416899e-02
9.000000000000000222e-01 -3.890645237043584281e-02
9.500000000000000666e-01 -3.879118766849331407e-02
1.000000000000000000e+00 -3.866926733982700010e-02
1.050000000000000044e+00 -3.854066094958828043e-02
1.100000000000000089e+00 -3.840534221809390608e-02
1.150000000000000133e+00 -3.826329000740014141e-02
1.200000000000000178e+00 -3.811449040187946113e-02
1.250000000000000000e+00 -3.795893893253476925e-02
1.300000000000000044e+00 -3.779664477185099014e-02
1.350000000000000089e+00 -3.762762387806065090e-02
1.400000000000000133e+00 -3.745190430200244502e-02
1.450000000000000178e+00 -3.726952466193263896e-02
1.500000000000000000e+00 -3.708053109230374789e-02
1.550000000000000044e+00 -3.688499642668675860e-02
1.600000000000000089e+00 -3.668299701261482082e-02
1.650000000000000133e+00 -3.647462113297465086e-02
1.700000000000000178e+00 -3.625997493193269111e-02
1.750000000000000000e+00 -3.603917561275228609e-02
1.800000000000000044e+00 -3.581235800695821425e-02
1.850000000000000089e+00 -3.557966471359081534e-02
1.900000000000000133e+00 -3.534125694026297310e-02
1.950000000000000178e+00 -3.509730936181394700e-02
2.000000000000000000e+00 -3.484800486550443388e-02
2.050000000000000266e+00 -3.459354098592477139e-02
2.100000000000000089e+00 -3.433412948061598940e-02
2.149999999999999911e+00 -3.406999034937239351e-02
2.200000000000000178e+00 -3.380135372371370628e-02
2.250000000000000000e+00 -3.352846114893502649e-02
2.300000000000000266e+00 -3.325156302251189994e-02
2.350000000000000089e+00 -3.297091643995201521e-02
2.400000000000000355e+00 -3.268678635409297956e-02
2.450000000000000178e+00 -3.239944417852695657e-02
2.500000000000000000e+00 -3.210916546449278652e-02
2.550000000000000266e+00 -3.181623151499560903e-02
2.600000000000000089e+00 -3.152092643547120543e-02
2.650000000000000355e+00 -3.122353372108022454e-02
2.700000000000000178e+00 -3.092434518260136003e-02
2.750000000000000000e+00 -3.062364619824616691e-02
2.800000000000000266e+00 -3.032172483124079276e-02
2.850000000000000089e+00 -3.001887043672686953e-02
2.900000000000000355e+00 -2.971535768814712736e-02
2.950000000000000178e+00 -2.941147017616447049e-02
3.000000000000000000e+00 -2.910748364663657758e-02
3.050000000000000266e+00 -2.880366851743059939e-02
3.100000000000000089e+00 -2.850028834216474308e-02
3.150000000000000355e+00 -2.819759931724635446e-02
3.200000000000000178e+00 -2.789585454068157708e-02
3.250000000000000000e+00 -2.759529507524986075e-02
3.300000000000000266e+00 -2.729615498664463361e-02
3.350000000000000089e+00 -2.699865480864309733e-02
3.400000000000000355e+00 -2.670301149883423306e-02
3.450000000000000178e+00 -2.640942856765317315e-02
3.500000000000000000e+00 -2.611809746801099091e-02
3.550000000000000266e+00 -2.582920112103204505e-02
3.600000000000000089e+00 -2.554291009297331855e-02
3.650000000000000355e+00 -2.525938332534884839e-02
3.700000000000000178e+00 -2.497876768889173427e-02
3.750000000000000000e+00 -2.470119880971063595e-02
3.800000000000000266e+00 -2.442680060282362980e-02
3.850000000000000089e+00 -2.415568453242575644e-02
3.900000000000000355e+00 -2.388795053489136191e-02
3.950000000000000178e+00 -2.362368722877267527e-02
4.000000000000000000e+00 -2.336297242585961415e-02
4.049999999999999822e+00 -2.310587229982592750e-02
4.100000000000000533e+00 -2.285244179212295168e-02
4.150000000000000355e+00 -2.260272514097243918e-02
4.200000000000000178e+00 -2.235676002073325175e-02
4.250000000000000000e+00 -2.211456989365797460e-02
4.299999999999999822e+00 -2.187617360773928474e-02
4.350000000000000533e+00 -2.164158088189086643e-02
4.400000000000000355e+00 -2.141078737170758889e-02
4.450000000000000178e+00 -2.118378838405126849e-02
4.500000000000000000e+00 -2.096056913758811285e-02
4.549999999999999822e+00 -2.074110937127170151e-02
4.600000000000000533e+00 -2.052538270341961596e-02
4.650000000000000355e+00 -2.031335723852232752e-02
4.700000000000000178e+00 -2.010499634820403850e-02
4.750000000000000000e+00 -1.990025890924672011e-02
4.800000000000000711e+00 -1.969910099863733319e-02
4.850000000000000533e+00 -1.950147472391013104e-02
4.900000000000000355e+00 -1.930732753408029301e-02
4.950000000000000178e+00 -1.911660639298970107e-02
5.000000000000000000e+00 -1.892925603516605257e-02
5.050000000000000711e+00 -1.874521862388880619e-02
5.100000000000000533e+00 -1.856443380179834124e-02
5.150000000000000355e+00 -1.838684590680162920e-02
5.200000000000000178e+00 -1.821238951390422370e-02
5.250000000000000000e+00 -1.804100609231501506e-02
5.300000000000000711e+00 -1.787263244641108112e-02
5.350000000000000533e+00 -1.770720743854856810e-02
5.400000000000000355e+00 -1.754466924306623959e-02
5.450000000000000178e+00 -1.738495674882776371e-02
5.500000000000000000e+00 -1.722800855264658426e-02
5.550000000000000711e+00 -1.707376558348649986e-02
5.600000000000000533e+00 -1.692216581108697479e-02
5.650000000000000355e+00 -1.677315428251237306e-02
5.700000000000000178e+00 -1.662666942916883606e-02
5.750000000000000000e+00 -1.648265632665918759e-02
5.800000000000000711e+00 -1.634105817572147762e-02
5.850000000000000533e+00 -1.620182011321040852e-02
5.900000000000000355e+00 -1.606488843668339370e-02
5.950000000000000178e+00 -1.593021213758063007e-02
6.000000000000000000e+00 -1.579773776413908454e-02
6.050000000000000711e+00 -1.566741582200606789e-02
6.100000000000000533e+00 -1.553919682472299640e-02
6.150000000000000355e+00 -1.541303446774612736e-02
6.200000000000000178e+00 -1.528888045348768786e-02
6.250000000000000000e+00 -1.516668946933600291e-02
6.300000000000000711e+00 -1.504641830381130661e-02
6.350000000000000533e+00 -1.492802222204500651e-02
6.400000000000000355e+00 -1.481146060149986232e-02
6.450000000000000178e+00 -1.469669144851501463e-02
6.500000000000000000e+00 -1.458367515547687350e-02
6.550000000000000711e+00 -1.447237300973730316e-02
6.600000000000000533e+00 -1.436274708469041303e-02
6.650000000000000355e+00 -1.425476072941971907e-02
6.700000000000000178e+00 -1.414838191800613793e-02
6.750000000000000000e+00 -1.404357908898387110e-02
6.800000000000000711e+00 -1.394031747803545912e-02
6.850000000000000533e+00 -1.383856333586001679e-02
6.900000000000000355e+00 -1.373828389139726373e-02
6.950000000000000178e+00 -1.363944731663901087e-02
