0.000000000000000000e+00 0.000000000000000000e+00
5.000000000000000278e-02 3.935620520438311829e-04
1.000000000000000056e-01 7.883765807442390770e-04
1.500000000000000222e-01 1.183425202009651296e-03
2.000000000000000111e-01 1.579694032853149431e-03
2.500000000000000000e-01 1.977425305522210065e-03
3.000000000000000444e-01 2.376975494984076218e-03
3.500000000000000333e-01 2.778708832019933812e-03
4.000000000000000222e-01 3.182870697649101219e-03
4.500000000000000111e-01 3.589691703008732280e-03
5.000000000000000000e-01 3.999453155421696382e-03
5.500000000000000444e-01 4.412291300812607939e-03
6.000000000000000888e-01 4.828342411426553640e-03
6.500000000000000222e-01 5.247737703326297090e-03
7.000000000000000666e-01 5.670471041116505011e-03
7.500000000000000000e-01 6.096570190682886088e-03
8.000000000000000444e-01 6.525934678236648863e-03
8.500000000000000888e-01 6.958438699229270788e-03
9.000000000000000222e-01 7.393919357518909108e-03
9.500000000000000666e-01 7.832055894743563187e-03
1.000000000000000000e+00 8.272715600520508250e-03
1.050000000000000044e+00 8.715317923824527496e-03
1.100000000000000089e+00 9.159323535549263387e-03
1.150000000000000133e+00 9.604623380405442890e-03
1.200000000000000178e+00 1.005046211130662150e-02
1.250000000000000000e+00 1.049615366122713493e-02
1.300000000000000044e+00 1.094114526325590427e-02
1.350000000000000089e+00 1.138466183794541349e-02
1.400000000000000133e+00 1.182598267385084369e-02
1.450000000000000178e+00 1.226430460129404772e-02
1.500000000000000000e+00 1.269879522224642669e-02
1.550000000000000044e+00 1.312859919826553541e-02
1.600000000000000089e+00 1.355282997454416820e-02
1.650000000000000133e+00 1.397059082228185520e-02
1.700000000000000178e+00 1.438098192894779817e-02
1.750000000000000000e+00 1.478309292094661352e-02
1.800000000000000044e+00 1.517599653563805190e-02
1.850000000000000089e+00 1.555880877360027621e-02
1.900000000000000133e+00 1.593065389027535639e-02
1.950000000000000178e+00 1.629066210200441622e-02
2.000000000000000000e+00 1.663800670533671644e-02
2.050000000000000266e+00 1.697189266470578578e-02
2.100000000000000089e+00 1.729156106149342537e-02
2.149999999999999911e+00 1.759629257278983935e-02
2.200000000000000178e+00 1.788543969356383781e-02
2.250000000000000000e+00 1.815836243714599035e-02
2.300000000000000266e+00 1.841449466854695391e-02
2.350000000000000089e+00 1.865338746327836750e-02
2.400000000000000355e+00 1.887457162941066913e-02
2.450000000000000178e+00 1.907764614674016881e-02
2.500000000000000000e+00 1.926232903895794962e-02
2.550000000000000266e+00 1.942836777682156735e-02
2.600000000000000089e+00 1.957556044894755501e-02
2.650000000000000355e+00 1.970380120946907052e-02
2.700000000000000178e+00 1.981303741783122657e-02
2.750000000000000000e+00 1.990327091126162934e-02
2.800000000000000266e+00 1.997458245928715806e-02
2.850000000000000089e+00 2.002710842370248809e-02
2.900000000000000355e+00 2.006103855119056867e-02
2.950000000000000178e+00 2.007663090187118346e-02
3.000000000000000000e+00 2.007419983879190489e-02
3.050000000000000266e+00 2.005410828966851244e-02
3.100000000000000089e+00 2.001677931759268322e-02
3.150000000000000355e+00 1.996267879990881733e-02
3.200000000000000178e+00 1.989231821401261577e-02
3.250000000000000000e+00 1.980626008773699043e-02
3.300000000000000266e+00 1.970509995622054047e-02
3.350000000000000089e+00 1.958947214831615463e-02
3.400000000000000355e+00 1.946004562170752447e-02
3.450000000000000178e+00 1.931751471215159555e-02
3.500000000000000000e+00 1.916260084676396983e-02
3.550000000000000266e+00 1.899604596625955807e-02
3.600000000000000089e+00 1.881860874471827025e-02
3.650000000000000355e+00 1.863105702856517748e-02
3.700000000000000178e+00 1.843416945931462478e-02
3.750000000000000000e+00 1.822873001087620820e-02
3.800000000000000266e+00 1.801552004402091206e-02
3.850000000000000089e+00 1.779531233349171751e-02
3.900000000000000355e+00 1.756887683269332812e-02
3.950000000000000178e+00 1.733696569971353296e-02
4.000000000000000000e+00 1.710032019982371185e-02
4.049999999999999822e+00 1.685966219719708947e-02
4.100000000000000533e+00 1.661567681705493349e-02
4.150000000000000355e+00 1.636903991947663561e-02
4.200000000000000178e+00 1.612039390735016745e-02
4.250000000000000000e+00 1.587034626662490316e-02
4.299999999999999822e+00 1.561947840631342822e-02
4.350000000000000533e+00 1.536833614832299952e-02
4.400000000000000355e+00 1.511742823710759791e-02
4.450000000000000178e+00 1.486723305122643682e-02
4.500000000000000000e+00 1.461819097605223522e-02
4.549999999999999822e+00 1.437070408930145662e-02
4.600000000000000533e+00 1.412514701603071951e-02
4.650000000000000355e+00 1.388185078676754981e-02
4.700000000000000178e+00 1.364111998046276496e-02
4.750000000000000000e+00 1.340322562801917264e-02
4.800000000000000711e+00 1.316840193501164595e-02
4.850000000000000533e+00 1.293685983211632397e-02
4.900000000000000355e+00 1.270877896810875506e-02
4.950000000000000178e+00 1.248431222004005824e-02
5.000000000000000000e+00 1.226358711423255858e-02
5.050000000000000711e+00 1.204670887389725116e-02
5.100000000000000533e+00 1.183376002975079257e-02
5.150000000000000355e+00 1.162480376342409603e-02
5.200000000000000178e+00 1.141988394494132704e-02
5.250000000000000000e+00 1.121902954703187134e-02
5.300000000000000711e+00 1.102225145199756812e-02
5.350000000000000533e+00 1.082954909072659545e-02
5.400000000000000355e+00 1.064090916081721072e-02
5.450000000000000178e+00 1.045630705432210560e-02
5.500000000000000000e+00 1.027570954302109429e-02
5.550000000000000711e+00 1.009907284294580578e-02
5.600000000000000533e+00 9.926351838085711865e-03
5.650000000000000355e+00 9.757476752151623273e-03
5.700000000000000178e+00 9.592401448454296667e-03
5.750000000000000000e+00 9.431052793119322486e-03
5.800000000000000711e+00 9.273360660326232519e-03
5.850000000000000533e+00 9.119255942936657297e-03
5.900000000000000355e+00 8.968659778739122151e-03
5.950000000000000178e+00 8.821497873347738938e-03
6.000000000000000000e+00 8.677692008808744403e-03
6.050000000000000711e+00 8.537165706277034458e-03
6.100000000000000533e+00 8.399836247024509289e-03
6.150000000000000355e+00 8.265628960269165090e-03
6.200000000000000178e+00 8.134468520917320297e-03
6.250000000000000000e+00 8.006269504869404849e-03
6.300000000000000711e+00 7.880968032110182916e-03
6.350000000000000533e+00 7.758479149027950120e-03
6.400000000000000355e+00 7.638728747808764576e-03
6.450000000000000178e+00 7.521652869174822592e-03
6.500000000000000000e+00 7.407174132618043159e-03
6.550000000000000711e+00 7.295228374438295429e-03
6.600000000000000533e+00 7.185743056499480086e-03
6.650000000000000355e+00 7.078654081964573345e-03
6.700000000000000178e+00 6.973897843115561476e-03
6.750000000000000000e+00 6.871412577536831212e-03
6.800000000000000711e+00 6.771134751802698054e-03
6.850000000000000533e+00 6.673003456574489421e-03
6.900000000000000355e+00 6.576966042582090693e-03
6.950000000000000178e+00 6.482964276102279842e-03
