0.000000000000000000e+00 0.000000000000000000e+00
5.000000000000000278e-02 3.740854939917162060e-04
1.000000000000000056e-01 7.490076379185114106e-04
1.500000000000000222e-01 1.124138711293900519e-03
2.000000000000000111e-01 1.500129401943366397e-03
2.500000000000000000e-01 1.877187325318988107e-03
3.000000000000000444e-01 2.255554773532077693e-03
3.500000000000000333e-01 2.635465587632079311e-03
4.000000000000000222e-01 3.017144000339796583e-03
4.500000000000000111e-01 3.400762033334836076e-03
5.000000000000000000e-01 3.786472388539584982e-03
5.500000000000000444e-01 4.174431051867747225e-03
6.000000000000000888e-01 4.564749172313726545e-03
6.500000000000000222e-01 4.957508695206470743e-03
7.000000000000000666e-01 5.352729443390000577e-03
7.500000000000000000e-01 5.750393131773660904e-03
8.000000000000000444e-01 6.150470154683239203e-03
8.500000000000000888e-01 6.552866175765843793e-03
9.000000000000000222e-01 6.957463048658170911e-03
9.500000000000000666e-01 7.364066287050756270e-03
1.000000000000000000e+00 7.772436816113211487e-03
1.050000000000000044e+00 8.182299567875670615e-03
1.100000000000000089e+00 8.593323778208613803e-03
1.150000000000000133e+00 9.005113652535621377e-03
1.200000000000000178e+00 9.417243441654172056e-03
1.250000000000000000e+00 9.829260997204374017e-03
1.300000000000000044e+00 1.024060988107303519e-02
1.350000000000000089e+00 1.065074182653577388e-02
1.400000000000000133e+00 1.105903467852010179e-02
1.450000000000000178e+00 1.146484200574791716e-02
1.500000000000000000e+00 1.186749510491809725e-02
1.550000000000000044e+00 1.226628129007590814e-02
1.600000000000000089e+00 1.266045199826793324e-02
1.650000000000000133e+00 1.304925359904584269e-02
1.700000000000000178e+00 1.343194684908094808e-02
1.750000000000000000e+00 1.380772896026840647e-02
1.800000000000000044e+00 1.417581698615837105e-02
1.850000000000000089e+00 1.453545153035641462e-02
1.900000000000000133e+00 1.488585290549836182e-02
1.950000000000000178e+00 1.522626925951873177e-02
2.000000000000000000e+00 1.555595793589895602e-02
2.050000000000000266e+00 1.587420229172818026e-02
2.100000000000000089e+00 1.618031940972616475e-02
2.149999999999999911e+00 1.647365464601060342e-02
2.200000000000000178e+00 1.675358950429056692e-02
2.250000000000000000e+00 1.701954673170595969e-02
2.300000000000000266e+00 1.727099619356918525e-02
2.350000000000000089e+00 1.750745983556920016e-02
2.400000000000000355e+00 1.772851303181426433e-02
2.450000000000000178e+00 1.793370610477794044e-02
2.500000000000000000e+00 1.812276634351279309e-02
2.550000000000000266e+00 1.829539273737377375e-02
2.600000000000000089e+00 1.845135489546432042e-02
2.650000000000000355e+00 1.859048684131740445e-02
2.700000000000000178e+00 1.871266568889600607e-02
2.750000000000000000e+00 1.881782735278003660e-02
2.800000000000000266e+00 1.890596863451998733e-02
2.850000000000000089e+00 1.897713150873528432e-02
2.900000000000000355e+00 1.903141096927150194e-02
2.950000000000000178e+00 1.906895541386014956e-02
3.000000000000000000e+00 1.908996486066544263e-02
3.050000000000000266e+00 1.909468426371506433e-02
3.100000000000000089e+00 1.908342901318219736e-02
3.150000000000000355e+00 1.905648135249864497e-02
3.200000000000000178e+00 1.901427563115335589e-02
3.250000000000000000e+00 1.895721898513349352e-02
3.300000000000000266e+00 1.888577275042876633e-02
3.350000000000000089e+00 1.880044238843454549e-02
3.400000000000000355e+00 1.870173997414631764e-02
3.450000000000000178e+00 1.859024223344507218e-02
3.500000000000000000e+00 1.846653083702354259e-02
3.550000000000000266e+00 1.833122561551813259e-02
3.600000000000000089e+00 1.818495392117276330e-02
3.650000000000000355e+00 1.802836868519799504e-02
3.700000000000000178e+00 1.786213566319624912e-02
3.750000000000000000e+00 1.768692794258393264e-02
3.800000000000000266e+00 1.750342916737897964e-02
3.850000000000000089e+00 1.731232364654599482e-02
3.900000000000000355e+00 1.711429468256440989e-02
3.950000000000000178e+00 1.691001514197125813e-02
4.000000000000000000e+00 1.670018023201174512e-02
4.049999999999999822e+00 1.648542750342779292e-02
4.100000000000000533e+00 1.626637767502449317e-02
4.150000000000000355e+00 1.604372352827358045e-02
4.200000000000000178e+00 1.581804883109177301e-02
4.250000000000000000e+00 1.558991967736099091e-02
4.299999999999999822e+00 1.535992276666886536e-02
4.350000000000000533e+00 1.512858696705320430e-02
4.400000000000000355e+00 1.489642621739255268e-02
4.450000000000000178e+00 1.466392207753131928e-02
4.500000000000000000e+00 1.443152622433638288e-02
4.549999999999999822e+00 1.419965974466082248e-02
4.600000000000000533e+00 1.396872121662501645e-02
4.650000000000000355e+00 1.373907213940271654e-02
4.700000000000000178e+00 1.351103937183231914e-02
4.750000000000000000e+00 1.328493348981538494e-02
4.800000000000000711e+00 1.306102547413899584e-02
4.850000000000000533e+00 1.283956112549077856e-02
4.900000000000000355e+00 1.262076434391352746e-02
4.950000000000000178e+00 1.240482866169087019e-02
5.000000000000000000e+00 1.219192416717164787e-02
5.050000000000000711e+00 1.198219657431177920e-02
5.100000000000000533e+00 1.177577164758675070e-02
5.150000000000000355e+00 1.157275331283523154e-02
5.200000000000000178e+00 1.137322683570687019e-02
5.250000000000000000e+00 1.117725925270683651e-02
5.300000000000000711e+00 1.098490196455795091e-02
5.350000000000000533e+00 1.079618938649219359e-02
5.400000000000000355e+00 1.061114404430666194e-02
5.450000000000000178e+00 1.042977375604007585e-02
5.500000000000000000e+00 1.025207709791677718e-02
5.550000000000000711e+00 1.007804095409681362e-02
5.600000000000000533e+00 9.907642091396828832e-03
5.650000000000000355e+00 9.740850886248529975e-03
5.700000000000000178e+00 9.577629452861325526e-03
5.750000000000000000e+00 9.417933134806100171e-03
5.800000000000000711e+00 9.261714617438422323e-03
5.850000000000000533e+00 9.108917564069018286e-03
5.900000000000000355e+00 8.959486344998303375e-03
5.950000000000000178e+00 8.813355605481767302e-03
