0.000000000000000000e+00 0.000000000000000000e+00
5.000000000000000278e-02 3.380953692979352847e-04
1.000000000000000056e-01 6.777516878641648077e-04
1.500000000000000222e-01 1.017884995944864923e-03
2.000000000000000111e-01 1.359732848647247959e-03
2.500000000000000000e-01 1.703683243420415225e-03
3.000000000000000444e-01 2.050271189371266276e-03
3.500000000000000333e-01 2.399973884094702518e-03
4.000000000000000222e-01 2.753227994617745821e-03
4.500000000000000111e-01 3.110442596250182195e-03
5.000000000000000000e-01 3.471986062114531656e-03
5.500000000000000444e-01 3.838173870776470740e-03
6.000000000000000888e-01 4.209286687712907038e-03
6.500000000000000222e-01 4.585547628583913800e-03
7.000000000000000666e-01 4.967124812574552628e-03
7.500000000000000000e-01 5.354142564662817474e-03
8.000000000000000444e-01 5.746635472939294435e-03
8.500000000000000888e-01 6.144552501453532517e-03
9.000000000000000222e-01 6.547826695517577206e-03
9.500000000000000666e-01 6.956261405454868506e-03
1.000000000000000000e+00 7.369618603139674144e-03
1.050000000000000044e+00 7.787644683254047774e-03
1.100000000000000089e+00 8.209848452711835526e-03
1.150000000000000133e+00 8.635861714378681095e-03
1.200000000000000178e+00 9.065130651038762200e-03
1.250000000000000000e+00 9.496990232849325184e-03
1.300000000000000044e+00 9.930837561550057840e-03
1.350000000000000089e+00 1.036591371044374293e-02
1.400000000000000133e+00 1.080143679320198780e-02
1.450000000000000178e+00 1.123655147919666239e-02
1.500000000000000000e+00 1.167038274036978109e-02
1.550000000000000044e+00 1.210199624550726931e-02
1.600000000000000089e+00 1.253042477181768102e-02
1.650000000000000133e+00 1.295467193948807161e-02
1.700000000000000178e+00 1.337373710332546636e-02
1.750000000000000000e+00 1.378658755789720879e-02
1.800000000000000044e+00 1.419219862006603633e-02
1.850000000000000089e+00 1.458955756678075553e-02
1.900000000000000133e+00 1.497764196371625424e-02
1.950000000000000178e+00 1.535547082724466814e-02
2.000000000000000000e+00 1.572208744438260627e-02
2.050000000000000266e+00 1.607654468102853729e-02
2.100000000000000089e+00 1.641797209376719482e-02
2.149999999999999911e+00 1.674550400248296655e-02
2.200000000000000178e+00 1.705832066171053193e-02
2.250000000000000000e+00 1.735573704774765955e-02
2.300000000000000266e+00 1.763705121045915439e-02
2.350000000000000089e+00 1.790163104859794629e-02
2.400000000000000355e+00 1.814893884857707654e-02
2.450000000000000178e+00 1.837847106273706940e-02
2.500000000000000000e+00 1.858982500886968009e-02
2.550000000000000266e+00 1.878264757369349156e-02
2.600000000000000089e+00 1.895665897845210876e-02
2.650000000000000355e+00 1.911163507269094536e-02
2.700000000000000178e+00 1.924747326752564505e-02
2.750000000000000000e+00 1.936409968789268646e-02
2.800000000000000266e+00 1.946150201754512366e-02
2.850000000000000089e+00 1.953975514757334830e-02
2.900000000000000355e+00 1.959898451593080834e-02
2.950000000000000178e+00 1.963940491278243564e-02
3.000000000000000000e+00 1.966126459490795397e-02
3.050000000000000266e+00 1.966488729933770982e-02
3.100000000000000089e+00 1.965064543238405348e-02
3.150000000000000355e+00 1.961896525336017522e-02
3.200000000000000178e+00 1.957032267430803760e-02
3.250000000000000000e+00 1.950524836452485755e-02
3.300000000000000266e+00 1.942431109676025919e-02
3.350000000000000089e+00 1.932812324486019723e-02
3.400000000000000355e+00 1.921733126165574290e-02
3.450000000000000178e+00 1.909261412604181321e-02
3.500000000000000000e+00 1.895468524163708077e-02
3.550000000000000266e+00 1.880427737710739164e-02
3.600000000000000089e+00 1.864214728395297699e-02
3.650000000000000355e+00 1.846906622991963121e-02
3.700000000000000178e+00 1.828582062851616397e-02
3.750000000000000000e+00 1.809319388920549790e-02
3.800000000000000266e+00 1.789199440089810772e-02
3.850000000000000089e+00 1.768300642808664710e-02
3.900000000000000355e+00 1.746702046557130697e-02
3.950000000000000178e+00 1.724481326385068208e-02
4.000000000000000000e+00 1.701713952711624359e-02
4.049999999999999822e+00 1.678476402749816063e-02
4.100000000000000533e+00 1.654840025186635200e-02
4.150000000000000355e+00 1.630875062793901709e-02
4.200000000000000178e+00 1.606649164153678075e-02
4.250000000000000000e+00 1.582226707945575891e-02
4.299999999999999822e+00 1.557668825398116422e-02
4.350000000000000533e+00 1.533033722110124786e-02
4.400000000000000355e+00 1.508375760720502556e-02
4.450000000000000178e+00 1.483745734134012118e-02
4.500000000000000000e+00 1.459191315877024150e-02
4.549999999999999822e+00 1.434755800925406090e-02
4.600000000000000533e+00 1.410479738636542281e-02
4.650000000000000355e+00 1.386398446900267110e-02
4.700000000000000178e+00 1.362547701659699330e-02
4.750000000000000000e+00 1.338953736164313207e-02
4.800000000000000711e+00 1.315642816569929756e-02
4.850000000000000533e+00 1.292641356833839142e-02
4.900000000000000355e+00 1.269966867647033017e-02
4.950000000000000178e+00 1.247637354199375957e-02
5.000000000000000000e+00 1.225667916066963681e-02
5.050000000000000711e+00 1.204068690037849061e-02
5.100000000000000533e+00 1.182851940868713016e-02
5.150000000000000355e+00 1.162025583423870363e-02
5.200000000000000178e+00 1.141592286221799167e-02
5.250000000000000000e+00 1.121558269806418456e-02
5.300000000000000711e+00 1.101925135194543361e-02
5.350000000000000533e+00 1.082693760114323937e-02
5.400000000000000355e+00 1.063863544798048476e-02
5.450000000000000178e+00 1.045432682140002602e-02
5.500000000000000000e+00 1.027398441149539668e-02
5.550000000000000711e+00 1.009757015357638961e-02
5.600000000000000533e+00 9.925040011944793669e-03
5.650000000000000355e+00 9.756338250025788084e-03
5.700000000000000178e+00 9.591411384642511626e-03
5.750000000000000000e+00 9.430194220245831371e-03
5.800000000000000711e+00 9.272616101302266073e-03
5.850000000000000533e+00 9.118611068249746557e-03
5.900000000000000355e+00 8.968140195527536315e-03
5.950000000000000178e+00 8.821018809472143743e-03
