0.000000000000000000e+00 0.000000000000000000e+00
5.000000000000000278e-02 3.691425302689885332e-04
1.000000000000000056e-01 7.391910853048793079e-04
1.500000000000000222e-01 1.109432073649810465e-03
2.000000000000000111e-01 1.480553012948334149e-03
2.500000000000000000e-01 1.852721409953702594e-03
3.000000000000000444e-01 2.226233020149834697e-03
3.500000000000000333e-01 2.601345664348869019e-03
4.000000000000000222e-01 2.978256743262736820e-03
4.500000000000000111e-01 3.357185780919182995e-03
5.000000000000000000e-01 3.738282696776978019e-03
5.500000000000000444e-01 4.121695593390752206e-03
6.000000000000000888e-01 4.507584375688343525e-03
6.500000000000000222e-01 4.895986519488052142e-03
7.000000000000000666e-01 5.286981413166341043e-03
7.500000000000000000e-01 5.680589495842172654e-03
8.000000000000000444e-01 6.076794773243005161e-03
8.500000000000000888e-01 6.475493658905923447e-03
9.000000000000000222e-01 6.876612081972289896e-03
9.500000000000000666e-01 7.279974798028512883e-03
1.000000000000000000e+00 7.685329887228869658e-03
1.050000000000000044e+00 8.092457583268557533e-03
1.100000000000000089e+00 8.501068859627539803e-03
1.150000000000000133e+00 8.910690565979284897e-03
1.200000000000000178e+00 9.321147853803828098e-03
1.250000000000000000e+00 9.731708218942923191e-03
1.300000000000000044e+00 1.014191623128427554e-02
1.350000000000000089e+00 1.055142253263134829e-02
1.400000000000000133e+00 1.095936698568453216e-02
1.450000000000000178e+00 1.136526402801119225e-02
1.500000000000000000e+00 1.176837457009559385e-02
1.550000000000000044e+00 1.216800500514302052e-02
1.600000000000000089e+00 1.256340908085180202e-02
1.650000000000000133e+00 1.295382727676621173e-02
1.700000000000000178e+00 1.333848680731783247e-02
1.750000000000000000e+00 1.371659280925137912e-02
1.800000000000000044e+00 1.408733456632354705e-02
1.850000000000000089e+00 1.444991829121033793e-02
1.900000000000000133e+00 1.480356765194930369e-02
1.950000000000000178e+00 1.514749075144307400e-02
2.000000000000000000e+00 1.548091786160517118e-02
2.050000000000000266e+00 1.580311324054059496e-02
2.100000000000000089e+00 1.611335674982876734e-02
2.149999999999999911e+00 1.641097074630169794e-02
2.200000000000000178e+00 1.669531492080997270e-02
2.250000000000000000e+00 1.696578076992637241e-02
2.300000000000000266e+00 1.722180922793847824e-02
2.350000000000000089e+00 1.746289683385725267e-02
2.400000000000000355e+00 1.768857568127264399e-02
2.450000000000000178e+00 1.789843333957426980e-02
2.500000000000000000e+00 1.809212023364254601e-02
2.550000000000000266e+00 1.826933534883309895e-02
2.600000000000000089e+00 1.842982380575479764e-02
2.650000000000000355e+00 1.857341720666020810e-02
2.700000000000000178e+00 1.869984539452537731e-02
2.750000000000000000e+00 1.880939738227178915e-02
2.800000000000000266e+00 1.890169782908975374e-02
2.850000000000000089e+00 1.897689692301882114e-02
2.900000000000000355e+00 1.903509544959120989e-02
2.950000000000000178e+00 1.907640575580203321e-02
3.000000000000000000e+00 1.910103690837601856e-02
3.050000000000000266e+00 1.910921185652716611e-02
3.100000000000000089e+00 1.910123993991831928e-02
3.150000000000000355e+00 1.907745874886648818e-02
3.200000000000000178e+00 1.903821109516619023e-02
3.250000000000000000e+00 1.898393724449563141e-02
3.300000000000000266e+00 1.891508423978156828e-02
3.350000000000000089e+00 1.883214918730913290e-02
3.400000000000000355e+00 1.873565873072509380e-02
3.450000000000000178e+00 1.862615956696032915e-02
3.500000000000000000e+00 1.850424727523139121e-02
3.550000000000000266e+00 1.837054617112661783e-02
3.600000000000000089e+00 1.822564793113102058e-02
3.650000000000000355e+00 1.807023025440031641e-02
3.700000000000000178e+00 1.790496344203929002e-02
3.750000000000000000e+00 1.773050252653312481e-02
3.800000000000000266e+00 1.754754760993280233e-02
3.850000000000000089e+00 1.735677882073114950e-02
3.900000000000000355e+00 1.715888955264868038e-02
3.950000000000000178e+00 1.695456556981009277e-02
4.000000000000000000e+00 1.674448170136522487e-02
4.049999999999999822e+00 1.652931164340103176e-02
4.100000000000000533e+00 1.630971403567495551e-02
4.150000000000000355e+00 1.608632410707138208e-02
4.200000000000000178e+00 1.585976860138284955e-02
4.250000000000000000e+00 1.563064863175901362e-02
4.299999999999999822e+00 1.539953700541987422e-02
4.350000000000000533e+00 1.516698955144867023e-02
4.400000000000000355e+00 1.493352977651032573e-02
4.450000000000000178e+00 1.469965302777126795e-02
4.500000000000000000e+00 1.446582746679117223e-02
4.549999999999999822e+00 1.423248857314905400e-02
4.600000000000000533e+00 1.400004254675800419e-02
4.650000000000000355e+00 1.376886704059965098e-02
4.700000000000000178e+00 1.353930040108499051e-02
4.750000000000000000e+00 1.331166388380655881e-02
4.800000000000000711e+00 1.308624202695392660e-02
4.850000000000000533e+00 1.286328521292823789e-02
4.900000000000000355e+00 1.264302770692770674e-02
4.950000000000000178e+00 1.242566747483493834e-02
5.000000000000000000e+00 1.221138102578185961e-02
5.050000000000000711e+00 1.200032256399438148e-02
5.100000000000000533e+00 1.179261859779302118e-02
5.150000000000000355e+00 1.158837715133541335e-02
5.200000000000000178e+00 1.138768775667658821e-02
5.250000000000000000e+00 1.119061326838679746e-02
5.300000000000000711e+00 1.099722060930434855e-02
5.350000000000000533e+00 1.080752437033517463e-02
5.400000000000000355e+00 1.062151783889925087e-02
5.450000000000000178e+00 1.043932019617965605e-02
5.500000000000000000e+00 1.026081780463660581e-02
5.550000000000000711e+00 1.008603420323822900e-02
5.600000000000000533e+00 9.914941519964746638e-03
5.650000000000000355e+00 9.747510287760252287e-03
5.700000000000000178e+00 9.583693918132414613e-03
5.750000000000000000e+00 9.423454300083979746e-03
5.800000000000000711e+00 9.266738406734096115e-03
5.850000000000000533e+00 9.113481555541900342e-03
5.900000000000000355e+00 8.963630327080706478e-03
5.950000000000000178e+00 8.817119644954470037e-03
6.000000000000000000e+00 8.673877491445955087e-03
6.050000000000000711e+00 8.533844553212918682e-03
6.100000000000000533e+00 8.396950700957181435e-03
6.150000000000000355e+00 8.263117909853066531e-03
6.200000000000000178e+00 8.132282326744042639e-03
6.250000000000000000e+00 8.004370047896470011e-03
6.300000000000000711e+00 7.879311628949057719e-03
6.350000000000000533e+00 7.757036459198993206e-03
6.400000000000000355e+00 7.637476333845277625e-03
6.450000000000000178e+00 7.520561383830049601e-03
6.500000000000000000e+00 7.406224056088598490e-03
6.550000000000000711e+00 7.294399664554865152e-03
6.600000000000000533e+00 7.185021453347014211e-03
6.650000000000000355e+00 7.078026410943656990e-03
6.700000000000000178e+00 6.973351746906088222e-03
6.750000000000000000e+00 6.870936372838241414e-03
6.800000000000000711e+00 6.770720397828182760e-03
6.850000000000000533e+00 6.672645090262612107e-03
6.900000000000000355e+00 6.576654345892592700e-03
6.950000000000000178e+00 6.482691742138325247e-03
