0.000000000000000000e+00 -4.026323822264241126e-02
5.000000000000000278e-02 -4.026020306992492137e-02
1.000000000000000056e-01 -4.025107209810364212e-02
1.500000000000000222e-01 -4.023582788972503155e-02
2.000000000000000111e-01 -4.021448520152504785e-02
2.500000000000000000e-01 -4.018699496828003620e-02
3.000000000000000444e-01 -4.015334659941623141e-02
3.500000000000000333e-01 -4.011349972150439480e-02
4.000000000000000222e-01 -4.006741735580853642e-02
4.500000000000000111e-01 -4.001505672647175799e-02
5.000000000000000000e-01 -3.995637317769278052e-02
5.500000000000000444e-01 -3.989131652518598803e-02
6.000000000000000888e-01 -3.981983131547769256e-02
6.500000000000000222e-01 -3.974186829006381289e-02
7.000000000000000666e-01 -3.965737090683536803e-02
7.500000000000000000e-01 -3.956628195950099430e-02
8.000000000000000444e-01 -3.946854843574965771e-02
8.500000000000000888e-01 -3.936411222466378035e-02
9.000000000000000222e-01 -3.925292119295806931e-02
9.500000000000000666e-01 -3.913493435055584446e-02
1.000000000000000000e+00 -3.901010437537850289e-02
1.050000000000000044e+00 -3.887839465338067957e-02
1.100000000000000089e+00 -3.873977441718409048e-02
1.150000000000000133e+00 -3.859421675149422165e-02
1.200000000000000178e+00 -3.844170984897637283e-02
1.250000000000000000e+00 -3.828224855007983374e-02
1.300000000000000044e+00 -3.811583551385436253e-02
1.350000000000000089e+00 -3.794249090316723777e-02
1.400000000000000133e+00 -3.776223991520044621e-02
1.450000000000000178e+00 -3.757512414341763335e-02
1.500000000000000000e+00 -3.738119146907552953e-02
1.550000000000000044e+00 -3.718052202695049102e-02
1.600000000000000089e+00 -3.697319483484547836e-02
1.650000000000000133e+00 -3.675930568242304075e-02
1.700000000000000178e+00 -3.653896981371314995e-02
1.750000000000000000e+00 -3.631230705192103198e-02
1.800000000000000044e+00 -3.607946120213689073e-02
1.850000000000000089e+00 -3.584058881532187213e-02
1.900000000000000133e+00 -3.559586222725703158e-02
1.950000000000000178e+00 -3.534546532235290778e-02
2.000000000000000000e+00 -3.508959543013481786e-02
2.050000000000000266e+00 -3.482846391911173511e-02
2.100000000000000089e+00 -3.456229427785197095e-02
2.149999999999999911e+00 -3.429132305723216895e-02
2.200000000000000178e+00 -3.401579562876039936e-02
2.250000000000000000e+00 -3.373596666065228206e-02
2.300000000000000266e+00 -3.345210800475572482e-02
2.350000000000000089e+00 -3.316448104970327881e-02
2.400000000000000355e+00 -3.287336395522565125e-02
2.450000000000000178e+00 -3.257905820274367009e-02
2.500000000000000000e+00 -3.228184627506932441e-02
2.550000000000000266e+00 -3.198202368774017562e-02
2.600000000000000089e+00 -3.167989001279850059e-02
2.650000000000000355e+00 -3.137574264266028423e-02
2.700000000000000178e+00 -3.106988471432412316e-02
2.750000000000000000e+00 -3.076261366228514801e-02
2.800000000000000266e+00 -3.045423102729218762e-02
2.850000000000000089e+00 -3.014503139399679274e-02
2.900000000000000355e+00 -2.983530386289912420e-02
2.950000000000000178e+00 -2.952535329875984396e-02
3.000000000000000000e+00 -2.921544794390600400e-02
3.050000000000000266e+00 -2.890587098704142099e-02
3.100000000000000089e+00 -2.859689417898735042e-02
3.150000000000000355e+00 -2.828878103950208459e-02
3.200000000000000178e+00 -2.798178695688574233e-02
3.250000000000000000e+00 -2.767615873551735814e-02
3.300000000000000266e+00 -2.737213253995105650e-02
3.350000000000000089e+00 -2.706993767700721643e-02
3.400000000000000355e+00 -2.676978689923460719e-02
3.450000000000000178e+00 -2.647188649887851145e-02
3.500000000000000000e+00 -2.617643327796542393e-02
3.550000000000000266e+00 -2.588360322057939311e-02
3.600000000000000089e+00 -2.559356500113895566e-02
3.650000000000000355e+00 -2.530648186121171525e-02
3.700000000000000178e+00 -2.502249689217236547e-02
3.750000000000000000e+00 -2.474174123113775242e-02
3.800000000000000266e+00 -2.446433497338338162e-02
3.850000000000000089e+00 -2.419038706055518656e-02
3.900000000000000355e+00 -2.391999230106895899e-02
3.950000000000000178e+00 -2.365323343104056009e-02
4.000000000000000000e+00 -2.339018411418438206e-02
4.049999999999999822e+00 -2.313090393417437454e-02
4.100000000000000533e+00 -2.287544197220496914e-02
4.150000000000000355e+00 -2.262383848630301550e-02
4.200000000000000178e+00 -2.237612173896707385e-02
4.250000000000000000e+00 -2.213230487628618445e-02
4.299999999999999822e+00 -2.189240888132501506e-02
4.350000000000000533e+00 -2.165643130934687480e-02
4.400000000000000355e+00 -2.142437131935584146e-02
4.450000000000000178e+00 -2.119620367094593102e-02
4.500000000000000000e+00 -2.097191298004574822e-02
4.549999999999999822e+00 -2.075147276666552271e-02
4.600000000000000533e+00 -2.053485034723794012e-02
4.650000000000000355e+00 -2.032200813663082722e-02
4.700000000000000178e+00 -2.011290355404126914e-02
4.750000000000000000e+00 -1.990749094231693619e-02
4.800000000000000711e+00 -1.970572008675206335e-02
4.850000000000000533e+00 -1.950753760075206802e-02
4.900000000000000355e+00 -1.931288785660810470e-02
4.950000000000000178e+00 -1.912171269937657306e-02
5.000000000000000000e+00 -1.893395274816988411e-02
5.050000000000000711e+00 -1.874954624324556493e-02
5.100000000000000533e+00 -1.856843063672961383e-02
5.150000000000000355e+00 -1.839054236400702869e-02
5.200000000000000178e+00 -1.821581872954933928e-02
5.250000000000000000e+00 -1.804419674457409875e-02
5.300000000000000711e+00 -1.787560478115093540e-02
5.350000000000000533e+00 -1.770998657204718094e-02
5.400000000000000355e+00 -1.754727560982162829e-02
5.450000000000000178e+00 -1.738740822944787739e-02
5.500000000000000000e+00 -1.723032214974013279e-02
5.550000000000000711e+00 -1.707595503413113572e-02
5.600000000000000533e+00 -1.692424663373194929e-02
5.650000000000000355e+00 -1.677513463474675226e-02
5.700000000000000178e+00 -1.662856176617515808e-02
5.750000000000000000e+00 -1.648446994084968448e-02
5.800000000000000711e+00 -1.634280147041141176e-02
5.850000000000000533e+00 -1.620350065910901999e-02
5.900000000000000355e+00 -1.606651368733872168e-02
5.950000000000000178e+00 -1.593178652166512069e-02
6.000000000000000000e+00 -1.579926740414143091e-02
6.050000000000000711e+00 -1.566890553260927646e-02
6.100000000000000533e+00 -1.554065142965336925e-02
6.150000000000000355e+00 -1.541445663529492603e-02
6.200000000000000178e+00 -1.529027436043507542e-02
6.250000000000000000e+00 -1.516805831614942424e-02
6.300000000000000711e+00 -1.504776470072361795e-02
6.350000000000000533e+00 -1.492934787013482784e-02
6.400000000000000355e+00 -1.481276819930122529e-02
6.450000000000000178e+00 -1.469798326076040933e-02
6.500000000000000000e+00 -1.458495149885027237e-02
6.550000000000000711e+00 -1.447363548291234238e-02
6.600000000000000533e+00 -1.436399857307128942e-02
6.650000000000000355e+00 -1.425600224657565078e-02
6.700000000000000178e+00 -1.414961417010866980e-02
6.750000000000000000e+00 -1.404480221329305195e-02
6.800000000000000711e+00 -1.394153160878354100e-02
6.850000000000000533e+00 -1.383976860433986690e-02
6.900000000000000355e+00 -1.373948042604754803e-02
6.950000000000000178e+00 -1.364063524312634362e-02
