0.000000000000000000e+00 -4.031382444364655510e-02
5.000000000000000278e-02 -4.031088346885588342e-02
1.000000000000000056e-01 -4.030204048856868976e-02
1.500000000000000222e-01 -4.028728365185156590e-02
2.000000000000000111e-01 -4.026659596783122019e-02
2.500000000000000000e-01 -4.023995516537780259e-02
3.000000000000000444e-01 -4.020732554136892400e-02
3.500000000000000333e-01 -4.016866889819722952e-02
4.000000000000000222e-01 -4.012393534792577793e-02
4.500000000000000111e-01 -4.007307918145581321e-02
5.000000000000000000e-01 -4.001604006855256912e-02
5.500000000000000444e-01 -3.995275694221869789e-02
6.000000000000000888e-01 -3.988316592028177954e-02
6.500000000000000222e-01 -3.980719567920744384e-02
7.000000000000000666e-01 -3.972478458038972149e-02
7.500000000000000000e-01 -3.963585408013796385e-02
8.000000000000000444e-01 -3.954033503578665426e-02
8.500000000000000888e-01 -3.943816106645261360e-02
9.000000000000000222e-01 -3.932926009795837535e-02
9.500000000000000666e-01 -3.921357209795968413e-02
1.000000000000000000e+00 -3.909103314325413497e-02
1.050000000000000044e+00 -3.896158926155529612e-02
1.100000000000000089e+00 -3.882519515494961548e-02
1.150000000000000133e+00 -3.868180974440064979e-02
1.200000000000000178e+00 -3.853140510310700678e-02
1.250000000000000000e+00 -3.837395658475097060e-02
1.300000000000000044e+00 -3.820945610679426369e-02
1.350000000000000089e+00 -3.803790968018531254e-02
1.400000000000000133e+00 -3.785932848623912300e-02
1.450000000000000178e+00 -3.767374547394375384e-02
1.500000000000000000e+00 -3.748120498952586116e-02
1.550000000000000044e+00 -3.728176559690661585e-02
1.600000000000000089e+00 -3.707550242417850112e-02
1.650000000000000133e+00 -3.686250456686651633e-02
1.700000000000000178e+00 -3.664287994157816586e-02
1.750000000000000000e+00 -3.641675097785990883e-02
1.800000000000000044e+00 -3.618425697052909257e-02
1.850000000000000089e+00 -3.594555191656510773e-02
1.900000000000000133e+00 -3.570080741046229716e-02
1.950000000000000178e+00 -3.545020678221288274e-02
2.000000000000000000e+00 -3.519395252219633535e-02
2.050000000000000266e+00 -3.493225901928410926e-02
2.100000000000000089e+00 -3.466535029961085451e-02
2.149999999999999911e+00 -3.439346951684268960e-02
2.200000000000000178e+00 -3.411686679480959578e-02
2.250000000000000000e+00 -3.383580280933662365e-02
2.300000000000000266e+00 -3.355055531777303285e-02
2.350000000000000089e+00 -3.326140080510097546e-02
2.400000000000000355e+00 -3.296862516935764736e-02
2.450000000000000178e+00 -3.267252584029763790e-02
2.500000000000000000e+00 -3.237340746414121145e-02
2.550000000000000266e+00 -3.207157014778480586e-02
2.600000000000000089e+00 -3.176731971199168308e-02
2.650000000000000355e+00 -3.146096941944561548e-02
2.700000000000000178e+00 -3.115282769223486070e-02
2.750000000000000000e+00 -3.084320539695805177e-02
2.800000000000000266e+00 -3.053241402944898569e-02
2.850000000000000089e+00 -3.022075869447829119e-02
2.900000000000000355e+00 -2.990854272248984549e-02
2.950000000000000178e+00 -2.959606723182897289e-02
3.000000000000000000e+00 -2.928362396331267437e-02
3.050000000000000266e+00 -2.897150452802676676e-02
3.100000000000000089e+00 -2.865998826505844824e-02
3.150000000000000355e+00 -2.834934806199289337e-02
3.200000000000000178e+00 -2.803984528289991257e-02
3.250000000000000000e+00 -2.773174151146759123e-02
3.300000000000000266e+00 -2.742527709739527378e-02
3.350000000000000089e+00 -2.712068619488457177e-02
3.400000000000000355e+00 -2.681819347696074579e-02
3.450000000000000178e+00 -2.651800719514743263e-02
3.500000000000000000e+00 -2.622033286246541056e-02
3.550000000000000266e+00 -2.592535169960744762e-02
3.600000000000000089e+00 -2.563323786950017641e-02
3.650000000000000355e+00 -2.534415357158051330e-02
3.700000000000000178e+00 -2.505824882551171279e-02
3.750000000000000000e+00 -2.477565242203427429e-02
3.800000000000000266e+00 -2.449649234630610697e-02
3.850000000000000089e+00 -2.422087360269518583e-02
3.900000000000000355e+00 -2.394889402116401680e-02
3.950000000000000178e+00 -2.368063662270637401e-02
4.000000000000000000e+00 -2.341617151635503810e-02
4.049999999999999822e+00 -2.315555807494536558e-02
4.100000000000000533e+00 -2.289884571996303464e-02
4.150000000000000355e+00 -2.264607033965185257e-02
4.200000000000000178e+00 -2.239725785326830698e-02
4.250000000000000000e+00 -2.215242708542777481e-02
4.299999999999999822e+00 -2.191158525938190216e-02
4.350000000000000533e+00 -2.167472871559538578e-02
4.400000000000000355e+00 -2.144184902416919683e-02
4.450000000000000178e+00 -2.121292950489596374e-02
4.500000000000000000e+00 -2.098794604319676946e-02
4.549999999999999822e+00 -2.076686831539419076e-02
4.600000000000000533e+00 -2.054966126300002485e-02
4.650000000000000355e+00 -2.033628271529752674e-02
4.700000000000000178e+00 -2.012668735785989871e-02
4.750000000000000000e+00 -1.992082549799497129e-02
4.800000000000000711e+00 -1.971864552106959018e-02
4.850000000000000533e+00 -1.952009125123184766e-02
4.900000000000000355e+00 -1.932510109039123347e-02
4.950000000000000178e+00 -1.913361734002476736e-02
5.000000000000000000e+00 -1.894557704246638968e-02
5.050000000000000711e+00 -1.876091555961415316e-02
5.100000000000000533e+00 -1.857956972370766041e-02
5.150000000000000355e+00 -1.840147323749618050e-02
5.200000000000000178e+00 -1.822655913561770091e-02
5.250000000000000000e+00 -1.805476208947327105e-02
5.300000000000000711e+00 -1.788601764877986375e-02
5.350000000000000533e+00 -1.772025860642533618e-02
5.400000000000000355e+00 -1.755741984411286066e-02
5.450000000000000178e+00 -1.739743778173163599e-02
5.500000000000000000e+00 -1.724024694271164213e-02
5.550000000000000711e+00 -1.708578492271678115e-02
5.600000000000000533e+00 -1.693399042497507542e-02
5.650000000000000355e+00 -1.678480133687123080e-02
5.700000000000000178e+00 -1.663815702964168905e-02
5.750000000000000000e+00 -1.649400087840053458e-02
5.800000000000000711e+00 -1.635227481559860946e-02
5.850000000000000533e+00 -1.621292132768508906e-02
5.900000000000000355e+00 -1.607588632877631971e-02
5.950000000000000178e+00 -1.594111538790769431e-02
6.000000000000000000e+00 -1.580855633648287420e-02
6.050000000000000711e+00 -1.567815857008549377e-02
6.100000000000000533e+00 -1.554987120456291852e-02
6.150000000000000355e+00 -1.542364634898996112e-02
6.200000000000000178e+00 -1.529943727619996995e-02
6.250000000000000000e+00 -1.517719627274909285e-02
6.300000000000000711e+00 -1.505687940339543208e-02
6.350000000000000533e+00 -1.493844299229781653e-02
6.400000000000000355e+00 -1.482184426303413335e-02
6.450000000000000178e+00 -1.470704171579126189e-02
6.500000000000000000e+00 -1.459399524873919440e-02
6.550000000000000711e+00 -1.448266652900135482e-02
6.600000000000000533e+00 -1.437301648090509761e-02
6.650000000000000355e+00 -1.426500815061594769e-02
6.700000000000000178e+00 -1.415860579310992788e-02
6.750000000000000000e+00 -1.405377420298046555e-02
6.800000000000000711e+00 -1.395047909618040566e-02
6.850000000000000533e+00 -1.384868829630334260e-02
6.900000000000000355e+00 -1.374836850458073002e-02
6.950000000000000178e+00 -1.364948860042250640e-02
7.000000000000000000e+00 -1.355201820839644147e-02
7.050000000000000711e+00 -1.345592711984827834e-02
7.100000000000000533e+00 -1.336118743514714581e-02
7.150000000000000355e+00 -1.326777068987838697e-02
7.200000000000000178e+00 -1.317564932152473674e-02
7.250000000000000000e+00 -1.308479681045342062e-02
7.300000000000000711e+00 -1.299518718325692011e-02
7.350000000000000533e+00 -1.290679547897313761e-02
7.400000000000000355e+00 -1.281959678582676385e-02
7.450000000000000178e+00 -1.273356754221716299e-02
7.500000000000000000e+00 -1.264868477755789339e-02
7.550000000000000711e+00 -1.256492524107769362e-02
7.600000000000000533e+00 -1.248226740357882142e-02
7.650000000000000355e+00 -1.240068917396925166e-02
7.700000000000000178e+00 -1.232016986689527666e-02
7.750000000000000000e+00 -1.224068912462020556e-02
7.800000000000000711e+00 -1.216222690973115667e-02
7.850000000000000533e+00 -1.208476377129973252e-02
7.900000000000000355e+00 -1.200828079136617536e-02
7.950000000000000178e+00 -1.193275977612086140e-02
8.000000000000000000e+00 -1.185818250376103472e-02
8.050000000000000711e+00 -1.178453119574845477e-02
8.099999999999999645e+00 -1.171178893871127093e-02
8.150000000000000355e+00 -1.163993902803419495e-02
8.200000000000001066e+00 -1.156896524565016564e-02
8.250000000000000000e+00 -1.149885135226753202e-02
8.300000000000000711e+00 -1.142958189428662508e-02
8.349999999999999645e+00 -1.136114221836468340e-02
8.400000000000000355e+00 -1.129351718308504310e-02
8.450000000000001066e+00 -1.122669211095273477e-02
8.500000000000000000e+00 -1.116065315433783893e-02
8.550000000000000711e+00 -1.109538651983654582e-02
8.599999999999999645e+00 -1.103087871019560462e-02
8.650000000000000355e+00 -1.096711664926266691e-02
8.700000000000001066e+00 -1.090408749517120073e-02
8.750000000000000000e+00 -1.084177869612645319e-02
8.800000000000000711e+00 -1.078017778719427174e-02
8.849999999999999645e+00 -1.071927274861316816e-02
8.900000000000000355e+00 -1.065905242445938997e-02
8.950000000000001066e+00 -1.059950496270246033e-02
9.000000000000000000e+00 -1.054061905469274793e-02
9.050000000000000711e+00 -1.048238387503077837e-02
9.099999999999999645e+00 -1.042478854817546763e-02
9.150000000000000355e+00 -1.036782260600702631e-02
9.200000000000001066e+00 -1.031147595347418032e-02
9.250000000000000000e+00 -1.025573828135099494e-02
9.300000000000000711e+00 -1.020060000156985079e-02
9.349999999999999645e+00 -1.014605167468121856e-02
9.400000000000000355e+00 -1.009208337936594660e-02
9.450000000000001066e+00 -1.003868616485744346e-02
9.500000000000000000e+00 -9.985851021006283967e-03
9.550000000000000711e+00 -9.933569110040488606e-03
9.600000000000001421e+00 -9.881831609961547191e-03
9.650000000000000355e+00 -9.830630421351647941e-03
9.700000000000001066e+00 -9.779956975113728718e-03
9.750000000000000000e+00 -9.729803234055554861e-03
9.800000000000000711e+00 -9.680161328853832681e-03
9.850000000000001421e+00 -9.631023242961014863e-03
9.900000000000000355e+00 -9.582381747683268655e-03
9.950000000000001066e+00 -9.534229072918573925e-03
1.000000000000000000e+01 -9.486557820978401209e-03
1.005000000000000071e+01 -9.439361041686435833e-03
1.010000000000000142e+01 -9.392631638126149388e-03
1.015000000000000036e+01 -9.346362563974560181e-03
1.020000000000000107e+01 -9.300547246449344593e-03
1.025000000000000000e+01 -9.255178787456182915e-03
1.030000000000000071e+01 -9.210250757069830124e-03
1.035000000000000142e+01 -9.165756858844468363e-03
1.040000000000000036e+01 -9.121690821845105865e-03
1.045000000000000107e+01 -9.078046444860625105e-03
1.050000000000000000e+01 -9.034817722985080332e-03
1.055000000000000071e+01 -8.991998722578428693e-03
1.060000000000000142e+01 -8.949583634491791242e-03
1.065000000000000036e+01 -8.907566870304769666e-03
1.070000000000000107e+01 -8.865942707278523863e-03
1.075000000000000000e+01 -8.824705623565416712e-03
1.080000000000000071e+01 -8.783850399430874825e-03
1.085000000000000142e+01 -8.743371753728695558e-03
1.090000000000000036e+01 -8.703264488073113661e-03
1.095000000000000107e+01 -8.663523503071529977e-03
1.100000000000000000e+01 -8.624143838336689044e-03
1.105000000000000071e+01 -8.585120480015244471e-03
1.110000000000000142e+01 -8.546448621147320970e-03
1.115000000000000036e+01 -8.508123688475352497e-03
1.120000000000000107e+01 -8.470140968583426272e-03
1.125000000000000000e+01 -8.432495897132413418e-03
1.130000000000000071e+01 -8.395184035277902107e-03
1.135000000000000142e+01 -8.358200882723517203e-03
1.140000000000000036e+01 -8.321542146314123492e-03
1.145000000000000107e+01 -8.285203575764735900e-03
1.150000000000000000e+01 -8.249181057621577176e-03
1.155000000000000071e+01 -8.213470410689151582e-03
1.160000000000000142e+01 -8.178067553807847473e-03
1.165000000000000036e+01 -8.142968608347501275e-03
1.170000000000000107e+01 -8.108169620236738845e-03
1.175000000000000000e+01 -8.073666775039171906e-03
1.180000000000000071e+01 -8.039456339699727061e-03
1.185000000000000142e+01 -8.005534556820993741e-03
1.190000000000000036e+01 -7.971897807317020884e-03
1.195000000000000107e+01 -7.938542525237967523e-03
1.200000000000000000e+01 -7.905465239700364133e-03
1.205000000000000071e+01 -7.872662429371603265e-03
1.210000000000000142e+01 -7.840130672896378217e-03
1.215000000000000036e+01 -7.807866664010606160e-03
1.220000000000000107e+01 -7.775867178197300340e-03
1.225000000000000000e+01 -7.744128906401172296e-03
1.230000000000000071e+01 -7.712648675842581451e-03
1.235000000000000142e+01 -7.681423394677122304e-03
1.240000000000000036e+01 -7.650449893391054849e-03
1.245000000000000107e+01 -7.619725178117143366e-03
1.250000000000000000e+01 -7.589246300798645553e-03
1.255000000000000071e+01 -7.559010306331041817e-03
1.260000000000000142e+01 -7.529014323194429224e-03
1.265000000000000036e+01 -7.499255447011617635e-03
1.270000000000000107e+01 -7.469730860554650922e-03
1.275000000000000000e+01 -7.440437856679292875e-03
1.280000000000000071e+01 -7.411373733833290754e-03
1.285000000000000142e+01 -7.382535756672497194e-03
1.290000000000000036e+01 -7.353921284641485104e-03
1.295000000000000107e+01 -7.325527813267745762e-03
1.300000000000000000e+01 -7.297352724307177609e-03
1.305000000000000071e+01 -7.269393496004450048e-03
1.310000000000000142e+01 -7.241647705686434129e-03
1.315000000000000036e+01 -7.214112897088342802e-03
1.320000000000000107e+01 -7.186786686893406433e-03
1.325000000000000000e+01 -7.159666700502216423e-03
1.330000000000000071e+01 -7.132750603875611176e-03
1.335000000000000142e+01 -7.106036140647010134e-03
1.340000000000000036e+01 -7.079521054545864431e-03
1.345000000000000107e+01 -7.053203106388190868e-03
1.350000000000000000e+01 -7.027080128658849852e-03
1.355000000000000071e+01 -7.001149944465780671e-03
1.360000000000000142e+01 -6.975410437643021246e-03
1.365000000000000036e+01 -6.949859519014970829e-03
1.370000000000000107e+01 -6.924495115508042496e-03
1.375000000000000000e+01 -6.899315184470648440e-03
1.380000000000000071e+01 -6.874317729395687526e-03
1.385000000000000142e+01 -6.849500765532443546e-03
1.390000000000000036e+01 -6.824862337482242788e-03
1.395000000000000107e+01 -6.800400533356581838e-03
1.400000000000000000e+01 -6.776113446077727982e-03
1.405000000000000071e+01 -6.751999215708714627e-03
1.410000000000000142e+01 -6.728055996972252296e-03
1.415000000000000036e+01 -6.704281976533936482e-03
1.420000000000000107e+01 -6.680675366935221425e-03
1.425000000000000000e+01 -6.657234406091766706e-03
1.430000000000000071e+01 -6.633957362713823608e-03
1.435000000000000142e+01 -6.610842528697399682e-03
1.440000000000000036e+01 -6.587888214361643964e-03
1.445000000000000107e+01 -6.565092753412295895e-03
1.450000000000000000e+01 -6.542454502538460129e-03
1.455000000000000071e+01 -6.519971841017709741e-03
1.460000000000000142e+01 -6.497643170329293200e-03
1.465000000000000036e+01 -6.475466913775268160e-03
1.470000000000000107e+01 -6.453441516109365179e-03
1.475000000000000000e+01 -6.431565443173402688e-03
1.480000000000000071e+01 -6.409837181541059789e-03
1.485000000000000142e+01 -6.388255238168867242e-03
1.490000000000000036e+01 -6.366818140054206730e-03
1.495000000000000107e+01 -6.345524433900179631e-03
