0.000000000000000000e+00 0.000000000000000000e+00
5.000000000000000278e-02 4.295056626735237497e-04
1.000000000000000056e-01 8.603792395240332947e-04
1.500000000000000222e-01 1.291555965494964363e-03
2.000000000000000111e-01 1.724048799457203506e-03
2.500000000000000000e-01 2.158084696132790518e-03
3.000000000000000444e-01 2.594117111575509633e-03
3.500000000000000333e-01 3.032488974688285661e-03
4.000000000000000222e-01 3.473471911515180720e-03
4.500000000000000111e-01 3.917332449497743646e-03
5.000000000000000000e-01 4.364279850605846597e-03
5.500000000000000444e-01 4.814459984911416413e-03
6.000000000000000888e-01 5.268005578118996335e-03
6.500000000000000222e-01 5.724956475491603351e-03
7.000000000000000666e-01 6.185348387379959942e-03
7.500000000000000000e-01 6.649106968309131775e-03
8.000000000000000444e-01 7.116064125605999630e-03
8.500000000000000888e-01 7.586044602187071162e-03
9.000000000000000222e-01 8.058778420160157482e-03
9.500000000000000666e-01 8.533924396792031547e-03
1.000000000000000000e+00 9.011084466629059112e-03
1.050000000000000044e+00 9.489761801866206450e-03
1.100000000000000089e+00 9.969415439927463082e-03
1.150000000000000133e+00 1.044944745699790192e-02
1.200000000000000178e+00 1.092918757167643876e-02
1.250000000000000000e+00 1.140792454103679507e-02
1.300000000000000044e+00 1.188486585236794846e-02
1.350000000000000089e+00 1.235916927490922010e-02
1.400000000000000133e+00 1.282997481952604518e-02
1.450000000000000178e+00 1.329637481326601846e-02
1.500000000000000000e+00 1.375742699837839526e-02
1.550000000000000044e+00 1.421215946112656774e-02
1.600000000000000089e+00 1.465957604412061223e-02
1.650000000000000133e+00 1.509872250706837012e-02
1.700000000000000178e+00 1.552853122657857528e-02
1.750000000000000000e+00 1.594811561453468932e-02
1.800000000000000044e+00 1.635648239618261654e-02
1.850000000000000089e+00 1.675258482457532214e-02
1.900000000000000133e+00 1.713555528409313466e-02
1.950000000000000178e+00 1.750451598950112861e-02
2.000000000000000000e+00 1.785855294018898892e-02
2.050000000000000266e+00 1.819684748705437116e-02
2.100000000000000089e+00 1.851869560946425852e-02
2.149999999999999911e+00 1.882332460540578692e-02
2.200000000000000178e+00 1.911011821656898382e-02
2.250000000000000000e+00 1.937845267452356288e-02
2.300000000000000266e+00 1.962779422176121405e-02
2.350000000000000089e+00 1.985773541283759533e-02
2.400000000000000355e+00 2.006786698456429485e-02
2.450000000000000178e+00 2.025781869266154653e-02
2.500000000000000000e+00 2.042742457157105049e-02
2.550000000000000266e+00 2.057646853507772919e-02
2.600000000000000089e+00 2.070481895830100436e-02
2.650000000000000355e+00 2.081251066679017450e-02
2.700000000000000178e+00 2.089955247401763250e-02
2.750000000000000000e+00 2.096606918663003472e-02
2.800000000000000266e+00 2.101223831646589421e-02
2.850000000000000089e+00 2.103831370547448731e-02
2.900000000000000355e+00 2.104460730814415939e-02
2.950000000000000178e+00 2.103149734177573241e-02
3.000000000000000000e+00 2.099942091567400318e-02
3.050000000000000266e+00 2.094887413956143460e-02
3.100000000000000089e+00 2.088040433563289125e-02
3.150000000000000355e+00 2.079460893061747806e-02
3.200000000000000178e+00 2.069213134800041570e-02
3.250000000000000000e+00 2.057365833771163111e-02
3.300000000000000266e+00 2.043991895468576583e-02
3.350000000000000089e+00 2.029167019754943985e-02
3.400000000000000355e+00 2.012969982013416287e-02
3.450000000000000178e+00 1.995482066024494711e-02
3.500000000000000000e+00 1.976786884427261110e-02
3.550000000000000266e+00 1.956968935368051665e-02
3.600000000000000089e+00 1.936114702245964395e-02
3.650000000000000355e+00 1.914310123993189297e-02
3.700000000000000178e+00 1.891641477838407193e-02
3.750000000000000000e+00 1.868195402576068240e-02
3.800000000000000266e+00 1.844057117138211965e-02
3.850000000000000089e+00 1.819309672536436814e-02
3.900000000000000355e+00 1.794035950161150528e-02
3.950000000000000178e+00 1.768316512254632794e-02
4.000000000000000000e+00 1.742227064858348565e-02
4.049999999999999822e+00 1.715843162696372576e-02
4.100000000000000533e+00 1.689236720507519482e-02
4.150000000000000355e+00 1.662475256414528563e-02
4.200000000000000178e+00 1.635623594779819084e-02
4.250000000000000000e+00 1.608742561405375124e-02
4.299999999999999822e+00 1.581888513254647854e-02
4.350000000000000533e+00 1.555115047738567756e-02
4.400000000000000355e+00 1.528471098658322827e-02
4.450000000000000178e+00 1.502000909571782165e-02
4.500000000000000000e+00 1.475746197750938543e-02
4.549999999999999822e+00 1.449743381479186646e-02
4.600000000000000533e+00 1.424025848589179598e-02
4.650000000000000355e+00 1.398623366417263078e-02
4.700000000000000178e+00 1.373561528766394611e-02
4.750000000000000000e+00 1.348863267003034237e-02
4.800000000000000711e+00 1.324547802353188454e-02
4.850000000000000533e+00 1.300631338252454701e-02
4.900000000000000355e+00 1.277127637573059575e-02
4.950000000000000178e+00 1.254047608997830437e-02
5.000000000000000000e+00 1.231399584867343827e-02
5.050000000000000711e+00 1.209189888385166396e-02
5.100000000000000533e+00 1.187422800845429685e-02
5.150000000000000355e+00 1.166100536241599685e-02
5.200000000000000178e+00 1.145224168722866476e-02
5.250000000000000000e+00 1.124792230364186560e-02
5.300000000000000711e+00 1.104804324745306890e-02
5.350000000000000533e+00 1.085255009373416353e-02
5.400000000000000355e+00 1.066140129536267793e-02
5.450000000000000178e+00 1.047456682423023380e-02
5.500000000000000000e+00 1.029196790204652857e-02
5.550000000000000711e+00 1.011354928498326561e-02
5.600000000000000533e+00 9.939227003863147780e-03
5.650000000000000355e+00 9.768938433221609208e-03
5.700000000000000178e+00 9.602602782325777089e-03
5.750000000000000000e+00 9.440126228133612768e-03
5.800000000000000711e+00 9.281434560514544366e-03
5.850000000000000533e+00 9.126437251566090272e-03
5.900000000000000355e+00 8.975050410902558548e-03
5.950000000000000178e+00 8.827181038125795839e-03
