0.000000000000000000e+00 -4.073251450011951269e-02
5.000000000000000278e-02 -4.072919641296684351e-02
1.000000000000000056e-01 -4.071923895867014115e-02
1.500000000000000222e-01 -4.070262084529126939e-02
2.000000000000000111e-01 -4.067934265080059425e-02
2.500000000000000000e-01 -4.064938394547101819e-02
3.000000000000000444e-01 -4.061271847067412372e-02
3.500000000000000333e-01 -4.056932931566011730e-02
4.000000000000000222e-01 -4.051917597817269318e-02
4.500000000000000111e-01 -4.046222039558281663e-02
5.000000000000000000e-01 -4.039843918096797104e-02
5.500000000000000444e-01 -4.032779075153768850e-02
6.000000000000000888e-01 -4.025023567705536542e-02
6.500000000000000222e-01 -4.016572574331445794e-02
7.000000000000000666e-01 -4.007423085517905492e-02
7.500000000000000000e-01 -3.997571130571526965e-02
8.000000000000000444e-01 -3.987012575044676654e-02
8.500000000000000888e-01 -3.975745097427288433e-02
9.000000000000000222e-01 -3.963764739682443250e-02
9.500000000000000666e-01 -3.951069877416405612e-02
1.000000000000000000e+00 -3.937657598037060808e-02
1.050000000000000044e+00 -3.923527705330336762e-02
1.100000000000000089e+00 -3.908679522594745576e-02
1.150000000000000133e+00 -3.893113055181669779e-02
1.200000000000000178e+00 -3.876829974820780039e-02
1.250000000000000000e+00 -3.859832618466367549e-02
1.300000000000000044e+00 -3.842124442778260124e-02
1.350000000000000089e+00 -3.823708165307403845e-02
1.400000000000000133e+00 -3.804594052092256928e-02
1.450000000000000178e+00 -3.784784934886337854e-02
1.500000000000000000e+00 -3.764290054569753574e-02
1.550000000000000044e+00 -3.743119334804256154e-02
1.600000000000000089e+00 -3.721283769278210113e-02
1.650000000000000133e+00 -3.698795085718002001e-02
1.700000000000000178e+00 -3.675667511508968338e-02
1.750000000000000000e+00 -3.651915642241669591e-02
1.800000000000000044e+00 -3.627556063811777226e-02
1.850000000000000089e+00 -3.602606275594903706e-02
1.900000000000000133e+00 -3.577085410232147544e-02
1.950000000000000178e+00 -3.551013547251001545e-02
2.000000000000000000e+00 -3.524411923901954458e-02
2.050000000000000266e+00 -3.497303336980177313e-02
2.100000000000000089e+00 -3.469711501161405753e-02
2.149999999999999911e+00 -3.441660666541193625e-02
2.200000000000000178e+00 -3.413176908563408940e-02
2.250000000000000000e+00 -3.384286553092112626e-02
2.300000000000000266e+00 -3.355017056028288674e-02
2.350000000000000089e+00 -3.325395792212912371e-02
2.400000000000000355e+00 -3.295451930035185606e-02
2.450000000000000178e+00 -3.265214371984708625e-02
2.500000000000000000e+00 -3.234712324988706783e-02
2.550000000000000266e+00 -3.203975835362873892e-02
2.600000000000000089e+00 -3.173034862030083697e-02
2.650000000000000355e+00 -3.141919613796882033e-02
2.700000000000000178e+00 -3.110659644222242559e-02
2.750000000000000000e+00 -3.079284534197415657e-02
2.800000000000000266e+00 -3.047826789939602973e-02
2.850000000000000089e+00 -3.016313371070701924e-02
2.900000000000000355e+00 -2.984773362042384554e-02
2.950000000000000178e+00 -2.953237051087258952e-02
3.000000000000000000e+00 -2.921731510328399312e-02
3.050000000000000266e+00 -2.890283971873808255e-02
3.100000000000000089e+00 -2.858921854292903464e-02
3.150000000000000355e+00 -2.827670893582822850e-02
3.200000000000000178e+00 -2.796555837694194441e-02
3.250000000000000000e+00 -2.765601154304954748e-02
3.300000000000000266e+00 -2.734829878483225132e-02
3.350000000000000089e+00 -2.704264007748952842e-02
3.400000000000000355e+00 -2.673924280339549930e-02
3.450000000000000178e+00 -2.643831267170948518e-02
3.500000000000000000e+00 -2.614002795947813901e-02
3.550000000000000266e+00 -2.584456533723947583e-02
3.600000000000000089e+00 -2.555208675996789580e-02
3.650000000000000355e+00 -2.526274126383733915e-02
3.700000000000000178e+00 -2.497666585702624717e-02
3.750000000000000000e+00 -2.469398449340319199e-02
3.800000000000000266e+00 -2.441480973465448914e-02
3.850000000000000089e+00 -2.413924034655245965e-02
3.900000000000000355e+00 -2.386736251005893567e-02
3.950000000000000178e+00 -2.359925262082318217e-02
4.000000000000000000e+00 -2.333497430099303049e-02
4.049999999999999822e+00 -2.307458020807533552e-02
4.100000000000000533e+00 -2.281811218384531201e-02
4.150000000000000355e+00 -2.256560162960527527e-02
4.200000000000000178e+00 -2.231707011131773069e-02
4.250000000000000000e+00 -2.207252894398326754e-02
4.299999999999999822e+00 -2.183198466414809635e-02
4.350000000000000533e+00 -2.159542955178230667e-02
4.400000000000000355e+00 -2.136285146820431774e-02
4.450000000000000178e+00 -2.113422961018385574e-02
4.500000000000000000e+00 -2.090954652343328737e-02
4.549999999999999822e+00 -2.068876029870780897e-02
4.600000000000000533e+00 -2.047183734067910613e-02
4.650000000000000355e+00 -2.025873542112594308e-02
4.700000000000000178e+00 -2.004940554623315524e-02
4.750000000000000000e+00 -1.984380550467509247e-02
4.800000000000000711e+00 -1.964187380552464071e-02
4.850000000000000533e+00 -1.944355681340348418e-02
4.900000000000000355e+00 -1.924879571146251647e-02
4.950000000000000178e+00 -1.905752992581666999e-02
5.000000000000000000e+00 -1.886969702497096751e-02
5.050000000000000711e+00 -1.868523351806476371e-02
5.100000000000000533e+00 -1.850407479963242854e-02
5.150000000000000355e+00 -1.832615562437294593e-02
5.200000000000000178e+00 -1.815140965530543868e-02
5.250000000000000000e+00 -1.797977343051663027e-02
5.300000000000000711e+00 -1.781117913601427266e-02
5.350000000000000533e+00 -1.764555944673747157e-02
5.400000000000000355e+00 -1.748285750544826406e-02
5.450000000000000178e+00 -1.732300095677226023e-02
5.500000000000000000e+00 -1.716592910835000249e-02
5.550000000000000711e+00 -1.701157909406317975e-02
5.600000000000000533e+00 -1.685988841058411875e-02
5.650000000000000355e+00 -1.671079863812030900e-02
5.700000000000000178e+00 -1.656424791052884052e-02
5.750000000000000000e+00 -1.642021097217641681e-02
5.800000000000000711e+00 -1.627865742931282333e-02
5.850000000000000533e+00 -1.613952360513066370e-02
5.900000000000000355e+00 -1.600274798135837076e-02
5.950000000000000178e+00 -1.586827110756544243e-02
