1.510000000000000000e+02 6.111942570047449452e-01 2.829810000000000159e+01 2.180800000000000072e+00 1.414905000000000079e+00
1.510000000000000000e+02 6.509321934700400547e-01 1.982049999999999912e+01 1.388419999999999987e+00 9.910250000000000448e-01
1.510000000000000000e+02 6.907328805542249928e-01 1.152139999999999986e+01 8.529569999999999652e-01 5.760699999999999710e-01
1.510000000000000000e+02 7.305981824385000545e-01 7.308290000000000397e+00 6.105249999999999844e-01 3.654145000000000310e-01
1.510000000000000000e+02 7.705357016559060135e-01 4.625829999999999664e+00 4.423270000000000257e-01 2.312914999999999832e-01
1.510000000000000000e+02 8.105490657532830046e-01 2.730160000000000142e+00 3.279889999999999750e-01 1.365080000000000182e-01
1.510000000000000000e+02 8.506463825489499753e-01 1.654490000000000016e+00 2.562400000000000233e-01 8.272450000000000636e-02
1.510000000000000000e+02 8.908317691430039931e-01 9.972349999999999826e-01 1.982949999999999990e-01 4.986175000000000329e-02
1.510000000000000000e+02 9.311139550422919964e-01 6.426880000000000370e-01 1.733480000000000021e-01 3.213440000000000046e-02
1.510000000000000000e+02 9.714976658666439890e-01 3.688960000000000017e-01 1.311890000000000001e-01 1.844480000000000078e-02
1.510000000000000000e+02 1.011992396088839952e+00 2.604210000000000136e-01 1.240740000000000037e-01 1.302105000000000103e-02
1.510000000000000000e+02 1.052603628797819990e+00 1.688850000000000073e-01 1.197180000000000050e-01 8.444250000000000367e-03
2.010000000000000000e+02 5.936812133074620412e-01 6.016779999999999795e+00 3.712389999999999857e-01 3.008390000000000231e-01
2.010000000000000000e+02 6.322029293177450215e-01 3.214069999999999983e+00 1.954230000000000134e-01 1.607034999999999991e-01
2.010000000000000000e+02 6.707682436649620161e-01 1.672679999999999945e+00 1.099119999999999958e-01 8.363400000000000001e-02
2.010000000000000000e+02 7.093799407119040223e-01 8.866579999999999462e-01 6.989670000000000605e-02 4.433290000000000147e-02
2.010000000000000000e+02 7.480429982830040236e-01 4.856329999999999814e-01 4.696229999999999849e-02 2.428165000000000184e-02
2.010000000000000000e+02 7.867604265113840034e-01 3.065030000000000254e-01 3.668830000000000008e-02 1.532515000000000266e-02
2.010000000000000000e+02 8.255374859870410198e-01 1.591519999999999879e-01 2.873430000000000081e-02 7.957600000000000437e-03
2.010000000000000000e+02 8.643763858761309704e-01 1.415389999999999981e-01 2.596160000000000134e-02 7.076950000000000254e-03
2.010000000000000000e+02 9.032827035254009651e-01 1.129069999999999935e-01 2.301629999999999995e-02 5.645350000000000368e-03
2.010000000000000000e+02 9.422622448389610383e-01 1.126769999999999994e-01 2.054519999999999957e-02 5.633850000000000142e-03
2.010000000000000000e+02 9.813188450109180394e-01 5.794219999999999926e-02 2.001350000000000004e-02 2.897110000000000050e-03
2.010000000000000000e+02 1.020458778519099940e+00 5.446709999999999746e-02 1.835919999999999913e-02 2.723355000000000220e-03
2.010000000000000000e+02 1.059690904666060085e+00 4.533639999999999892e-02 1.714440000000000061e-02 2.266820000000000120e-03
3.010000000000000000e+02 5.761570019971760104e-01 3.939449999999999896e-01 6.114080000000000209e-02 1.969724999999999948e-02
3.010000000000000000e+02 6.134682295294120458e-01 2.592570000000000152e-01 3.431220000000000103e-02 1.296285000000000145e-02
3.010000000000000000e+02 6.508068479458299915e-01 1.701259999999999994e-01 2.471500000000000086e-02 8.506299999999999625e-03
3.010000000000000000e+02 6.881774497774140187e-01 1.264079999999999926e-01 1.865680000000000116e-02 6.320400000000000323e-03
3.010000000000000000e+02 7.255756142829220545e-01 7.199270000000000669e-02 1.337370000000000052e-02 3.599635000000000334e-03
3.010000000000000000e+02 7.630080724778509627e-01 4.746829999999999800e-02 9.899089999999999279e-03 2.373415000000000247e-03
3.010000000000000000e+02 8.004817288287400245e-01 2.476719999999999963e-02 7.735279999999999760e-03 1.238359999999999982e-03
3.010000000000000000e+02 8.379965109583930039e-01 9.555640000000000661e-03 5.363099999999999985e-03 4.777820000000000547e-04
3.010000000000000000e+02 8.755450888762560391e-01 3.805339999999999938e-03 4.577409999999999639e-03 1.902670000000000132e-04
3.010000000000000000e+02 9.131490594722300180e-01 2.864279999999999864e-03 2.030419999999999794e-03 1.432139999999999878e-04
3.010000000000000000e+02 9.884944123610890365e-01 1.792060000000000050e-03 1.794299999999999975e-03 8.960300000000000252e-05
3.010000000000000000e+02 1.026250743822469946e+00 2.855760000000000156e-03 2.859340000000000145e-03 1.427880000000000024e-04
